Nx=160: X={           581552.36,           590653.64}
Ny=144: Y={          1844486.64,          1853073.36}
Pileheight=
0 0 0 0 0 0 0 0 0 0 0 0 0 0 0 0 0 0 0 0 0 0 0 0 0 0 0 0 0 0 0 0 0 0 0 0 0 0 0 0 0 0 0 0 0 0 0 0 0 0 0 0 0 0 0 0 0 0 0 0 0 0 0 0 0 0 0 0 0 0 0 0 0 0 0 0 0 0 0 0 0 0 0 0 3.08908e-05 3.08908e-05 0 0 0 0 0 0 0 0 0 0 0 0 0 0 0 0 0 0 0 0 0 0 0 0 0 0 0 0 0 0 0 0 0 0 0 0 0 0 0 0 0 0 0 0 0 0 0 0 0 0 0 0 0 0 0 0 0 0 0 0 0 0 0 0 0 0 0 0 0 0 0 0 0 0
0 0 0 0 0 0 0 0 0 0 0 0 0 0 0 0 0 0 0 0 0 0 0 0 0 0 0 0 0 0 0 0 0 0 0 0 0 0 0 0 0 0 0 0 0 0 0 0 0 0 0 0 0 0 0 0 0 0 0 0 0 0 0 0 0 0 0 0 0 0 0 0 0 0 0 0 0 0 0 0 0 0 0 0.00393329 0.00229332 0.000248516 0 0 0 0 0.000623169 0.00472919 0.00473256 0.00884171 0.0148713 0.0109888 0.00473399 0.00472626 0.000173324 0 0 0 0 0 0 0 0 0 0 0 0 0 0 0 0 0 0 0 0 0 0 0 0 0 0 0 0 0 0 0 0 0 0 0 0 0 0 0 0 0 0 0 0 0 0 0 0 0 0 0 0 0 0 0 0 0 0 0 0 0
0 0 0 0 0 0 0 0 0 0 0 0 0 0 0 0 0 0 0 0 0 0 0 0 0 0 0 0 0 0 0 0 0 0 0 0 0 0 0 0 0 0 0 0 0 0 0 0 0 0 0 0 0 0 0 0 0 0 0 0 0 0 0 0 0 0 0 0 0 0 0 0 0 0 0 0 0 0 0 0 0 0 0.00268531 0.00597947 0.00506012 0.00472927 0.000178542 0 0 0 0.0046749 0.00473366 0.00926109 0.0177327 0.030351 0.0048126 0.00444592 0.000147323 0 0 0 0 0 0 0 0 0 0 0 0 0 0 0 0 0 0 0 0 0 0 0 0 0 0 0 0 0 0 0 0 0 0 0 0 0 0 0 0 0 0 0 0 0 0 0 0 0 0 0 0 0 0 0 0 0 0 0 0 0 0
0 0 0 0 0 0 0 0 0 0 0 0 0 0 0 0 0 0 0 0 0 0 0 0 0 0 0 0 0 0 0 0 0 0 0 0 0 0 0 0 0 0 0 0 0 0 0 0 0 0 0 0 0 0 0 0 0 0 0 0 0 0 0 0 0 0 0 0 0 0 0 0 0 0 0 0 0 0 0 0 0 0 0 0.00476641 0.0113549 0.00473459 0.000875409 0 0 0.0009953 0.00472978 0.00554369 0.0122881 0.0222426 0.0337095 0.00481679 0.000526892 0 0 0 0 0 0 0 0 0 0 0 0 0 0 0 0 0 0 0 0 0 0 0 0 0 0 0 0 0 0 0 0 0 0 0 0 0 0 0 0 0 0 0 0 0 0 0 0 0 0 0 0 0 0 0 0 0 0 0 0 0 0 0
0 0 0 0 0 0 0 0 0 0 0 0 0 0 0 0 0 0 0 0 0 0 0 0 0 0 0 0 0 0 0 0 0 0 0 0 0 0 0 0 0 0 0 0 0 0 0 0 0 0 0 0 0 0 0 0 0 0 0 0 0 0 0 0 0 0 0 0 0 0 0 0 0 0 0 0 0 0 0 0 0 0 0.0028081 0.00478934 0.00480972 0.000968578 0 0 0 0.00168328 0.00473212 0.00569027 0.0118543 0.0222216 0.0351922 0.0403446 0.00881544 0.00284712 0 0 0 0 0 0 0 0 0 0 0 0 0 0 0 0 0 0 0 0 0 0 0 0 0 0 0 0 0 0 0 0 0 0 0 0 0 0 0 0 0 0 0 0 0 0 0 0 0 0 0 0 0 0 0 0 0 0 0 0 0 0
0 0 0 0 0 0 0 0 0 0 0 0 0 0 0 0 0 0 0 0 0 0 0 0 0 0 0 0 0 0 0 0 0 0 0 0 0 0 0 0 0 0 0 0 0 0 0 0 0 0 0 0 0 0 0 0 0 0 0 0 0 0 0 0 0 0 0 0 0 0 0 0 0 0 0 0 0 0 0 0.00141444 0.000765733 0.00245693 0.00473037 0.0119117 0.0257408 0.00554047 2.19354e-05 0 0 0.00221165 0.00473028 0.00546767 0.0112647 0.0217317 0.0430516 0.0586756 0.0496124 0.00709047 2.72219e-06 0 0 0 0 0 0 0 0 0 0 0 0 0 0 0 0 0 0 0 0 0 0 0 0 0 0 0 0 0 0 0 0 0 0 0 0 0 0 0 0 0 0 0 0 0 0 0 0 0 0 0 0 0 0 0 0 0 0 0 0 0
0 0 0 0 0 0 0 0 0 0 0 0 0 0 0 0 0 0 0 0 0 0 0 0 0 0 0 0 0 0 0 0 0 0 0 0 0 0 0 0 0 0 0 0 0 0 0 0 0 0 0 0 0 0 0 0 0 0 0 0 0 0 0 0 0 0 0 0 0 0 0 0 0 0 0 0 0 0 0.000502231 0.00481729 0.00477357 0.00472799 0.00737584 0.0173159 0.0323637 0.0455713 0.00490316 0.000229489 0 0.00449434 0.00473067 0.00535785 0.00746203 0.0106545 0.0544123 0.0908318 0.0629066 0.0626215 0.0159736 0.000270969 0.0015303 0 0 0 0 0 0 0 0 0 0 0 0 0 0 0 0 0 0 0 0 0 0 0 0 0 0 0 0 0 0 0 0 0 0 0 0 0 0 0 0 0 0 0 0 0 0 0 0 0 0 0 0 0 0 0 0 0 0 0
0 0 0 0 0 0 0 0 0 0 0 0 0 0 0 0 0 0 0 0 0 0 0 0 0 0 0 0 0 0 0 0 0 0 0 0 0 0 0 0 0 0 0 0 0 0 0 0 0 0 0 0 0 0 0 0 0 0 0 0 0 0 0 0 0 0 0 0 0 0 0 0 0 0 0 0 0 0 0 0.000638454 0.00477966 0.00476933 0.00866409 0.0181696 0.0355053 0.0547116 0.0518389 0.00480112 0.00115385 0.00472864 0.00473288 0.00741169 0.0110447 0.0136894 0.0249699 0.0126145 0.00737863 0.00483452 0.0302182 0.0144547 0.00484082 6.27361e-05 0 0 0 0 0 0 0 0 0 0 0 0 0 0 0 0 0 0 0 0 0 0 0 0 0 0 0 0 0 0 0 0 0 0 0 0 0 0 0 0 0 0 0 0 0 0 0 0 0 0 0 0 0 0 0 0 0 0
0 0 0 0 0 0 0 0 0 0 0 0 0 0 0 0 0 0 0 0 0 0 0 0 0 0 0 0 0 0 0 0 0 0 0 0 0 0 0 0 0 0 0 0 0 0 0 0 0 0 0 0 0 0 0 0 0 0 0 0 0 0 0 0 0 0 0 0 0 0 0 0 0 0 0 0 0 0 0 0 3.21622e-05 0.00476601 0.011537 0.0216568 0.0448265 0.0762178 0.0919336 0.0112717 0.00307382 0.00472856 0.0049565 0.0118382 0.0148358 0.0132372 0.00481731 0.0224343 0.00478494 0.00480839 0.00473464 0.00959401 0.00475988 0.00324517 0 0 0 0 0 0 0 0 0 0 0 0 0 0 0 0 0 0 0 0 0 0 0 0 0 0 0 0 0 0 0 0 0 0 0 0 0 0 0 0 0 0 0 0 0 0 0 0 0 0 0 0 0 0 0 0 0 0
0 0 0 0 0 0 0 0 0 0 0 0 0 0 0 0 0 0 0 0 0 0 0 0 0 0 0 0 0 0 0 0 0 0 0 0 0 0 0 0 0 0 0 0 0 0 0 0 0 0 0 0 0 0 0 0 0 0 0 0 0 0 0 0 0 0 0 0 0 0 0 0 0 0 0 0 0 0 0 0 4.96885e-05 0.0047365 0.00530631 0.00475912 0.00479035 0.0142877 0.0638531 0.0123769 0.00476085 0.00472965 0.00664682 0.015926 0.0220535 0.00477122 0.00474208 0.00570024 0.0226286 0.00475164 0.00479107 0.000900941 0 0 0 0 0 0 0 0 0 0 0 0 0 0 0 0 0 0 0 0 0 0 0 0 0 0 0 0 0 0 0 0 0 0 0 0 0 0 0 0 0 0 0 0 0 0 0 0 0 0 0 0 0 0 0 0 0 0 0 0
0 0 0 0 0 0 0 0 0 0 0 0 0 0 0 0 0 0 0 0 0 0 0 0 0 0 0 0 0 0 0 0 0 0 0 0 0 0 0 0 0 0 0 0 0 0 0 0 0 0 0 0 0 0 0 0 0 0 0 0 0 0 0 0 0 0 0 0 0 0 0 0 0 0 0 0 0 0 0 0 0 0.00173524 0.00476121 0.00472841 0.00702996 0.0175463 0.0353376 0.00519194 0.0305556 0.00480654 0.00683852 0.0180213 0.027515 0.00476972 0.00475798 0.0259561 0.00482844 0.00160183 0 0 0 0 0 0 0 0 0 0 0 0 0 0 0 0 0 0 0 0 0 0 0 0 0 0 0 0 0 0 0 0 0 0 0 0 0 0 0 0 0 0 0 0 0 0 0 0 0 0 0 0 0 0 0 0 0 0 0 0 0 0
0 0 0 0 0 0 0 0 0 0 0 0 0 0 0 0 0 0 0 0 0 0 0 0 0 0 0 0 0 0 0 0 0 0 0 0 0 0 0 0 0 0 0 0 0 0 0 0 0 0 0 0 0 0 0 0 0 0 0 0 0 0 0 0 0 0 0 0 0 0 0 0 0 0 0 0 0 0 0 0 0 0.0043292 0.00474109 0.00472914 0.00845842 0.0251815 0.0500795 0.0521611 0.0492401 0.0353584 0.00638049 0.0206155 0.0118013 0.00473704 0.00579725 0.00496974 0.00486154 0.00477789 0 0 0 0 0 0 0 0 0 0 0 0 0 0 0 0 0 0 0 0 0 0 0 0 0 0 0 0 0 0 0 0 0 0 0 0 0 0 0 0 0 0 0 0 0 0 0 0 0 0 0 0 0 0 0 0 0 0 0 0 0 0
0 0 0 0 0 0 0 0 0 0 0 0 0 0 0 0 0 0 0 0 0 0 0 0 0 0 0 0 0 0 0 0 0 0 0 0 0 0 0 0 0 0 0 0 0 0 0 0 0 0 0 0 0 0 0 0 0 0 0 0 0 0 0 0 0 0 0 0 0 0 0 0 0 0 0 0 0 0 0 0 0 0 0.000200056 0.00472675 0.00473154 0.00527859 0.0122455 0.0928297 0.031691 0.0303371 0.0371213 0.0224384 0.00476607 0.0179374 0.0203011 0.00486551 0.00486999 0.00475655 0.00200179 0 0 0 0 0 0 0 0 0 0 0 0 0 0 0 0 0 0 0 0 0 0 0 0 0 0 0 0 0 0 0 0 0 0 0 0 0 0 0 0 0 0 0 0 0 0 0 0 0 0 0 0 0 0 0 0 0 0 0 0 0
0 0 0 0 0 0 0 0 0 0 0 0 0 0 0 0 0 0 0 0 0 0 0 0 0 0 0 0 0 0 0 0 0 0 0 0 0 0 0 0 0 0 0 0 0 0 0 0 0 0 0 0 0 0 0 0 0 0 0 0 0 0 0 0 0 0 0 0 0 0 0 0 0 0 0 0 0 0 0 0 0 0 0 0.00063972 0.00475973 0.00472699 0.010063 0.0787392 0.0384387 0.0350722 0.0320194 0.00484258 0.0202692 0.0395717 0.0458542 0.0361599 0.00486988 0.00482516 0.00474148 0 0 0 0 0 0 0 0 0 0 0 0 0 0 0 0 0 0 0 0 0 0 0 0 0 0 0 0 0 0 0 0 0 0 0 0 0 0 0 0 0 0 0 0 0 0 0 0 0 0 0 0 0 0 0 0 0 0 0 0 0
0 0 0 0 0 0 0 0 0 0 0 0 0 0 0 0 0 0 0 0 0 0 0 0 0 0 0 0 0 0 0 0 0 0 0 0 0 0 0 0 0 0 0 0 0 0 0 0 0 0 0 0 0 0 0 0 0 0 0 0 0 0 0 0 0 0 0 0 0 0 0 0 0 0 0 0 0 0 0 0 0 0 0 0 0.000394053 3.93926e-05 0.00711725 0.0572987 0.0106265 0.00912144 0.0287528 0.0345502 0.0360828 0.0530717 0.0682339 0.0734015 0.022378 0.00492571 0.00475986 0 0 0 0 0 0 0 0 0 0 0 0 0 0 0 0 0 0 0 0 0 0 0 0 0 0 0 0 0 0 0 0 0 0 0 0 0 0 0 0 0 0 0 0 0 0 0 0 0 0 0 0 0 0 0 0 0 0 0 0 0
0 0 0 0 0 0 0 0 0 0 0 0 0 0 0 0 0 0 0 0 0 0 0 0 0 0 0 0 0 0 0 0 0 0 0 0 0 0 0 0 0 0 0 0 0 0 0 0 0 0 0 0 0 0 0 0 0 0 0 0 0 0 0 0 0 0 0 0 0 0 0 0 0 0 0 0 0 0 0 0 0 0 0 0 0 4.69131e-05 0.00478991 0.0326969 0.00481922 0.00662661 0.0398676 0.0576799 0.0405733 0.0671424 0.0845311 0.0172695 0.0047604 0.00487732 0.00480859 0 0 0 0 0 0 0 0 0 0 0 0 0 0 0 0 0 0 0 0 0 0 0 0 0 0 0 0 0 0 0 0 0 0 0 0 0 0 0 0 0 0 0 0 0 0 0 0 0 0 0 0 0 0 0 0 0 0 0 0 0
0 0 0 0 0 0 0 0 0 0 0 0 0 0 0 0 0 0 0 0 0 0 0 0 0 0 0 0 0 0 0 0 0 0 0 0 0 0 0 0 0 0 0 0 0 0 0 0 0 0 0 0 0 0 0 0 0 0 0 0 0 0 0 0 0 0 0 0 0.00283257 0.00283257 0.00283257 0.00283257 0.00218586 0.00218586 0.00218586 0.00218586 0 0 0 0 0 0 0 0 0 0 0.00480305 0.041398 0.0320013 0.0381178 0.0616493 0.0870613 0.0269237 0.0848764 0.08147 0.0240853 0.000105633 0.00473562 0.00479686 0 0 0 0 0 0 0 0 0 0 0 0 0 0 0 0 0 0 0 0 0 0 0 0 0 0 0 0 0 0 0 0 0 0 0 0 0 0 0 0 0 0 0 0 0 0 0 0 0 0 0 0 0 0 0 0 0 0 0 0 0
0 0 0 0 0 0 0 0 0 0 0 0 0 0 0 0 0 0 0 0 0 0 0 0 0 0 0 0 0 0 0 0 0 0 0 0 0 0 0 0 0 0 0 0 0 0 0 0 0 0 0 0 0 0 0 0 0 0 0 0 0 0 0 0 0 0 0 0 0.00283257 0.00283257 0.00283257 0.00283257 0.00218586 0.00218586 0.00218586 0.00218586 0 0 0 0 0 0 0 0 0 0 0.00507819 0.0475928 0.0480247 0.0550244 0.0627251 0.0735352 0.0796748 0.0265582 0.0673388 0.0972761 0.0290097 0.00719391 0.00473425 0 0 0 0 0 0 0 0 0 0 0 0 0 0 0 0 0 0 0 0 0 0 0 0 0 0 0 0 0 0 0 0 0 0 0 0 0 0 0 0 0 0 0 0 0 0 0 0 0 0 0 0 0 0 0 0 0 0 0 0 0
0 0 0 0 0 0 0 0 0 0 0 0 0 0 0 0 0 0 0 0 0 0 0 0 0 0 0 0 0 0 0 0 0 0 0 0 0 0 0 0 0 0 0 0 0 0 0 0 0 0 0 0 0 0 0 0 0 0 0 0 0 0 0 0 0 0 0 0 0.00283257 0.00283257 0.0033726 0.00453783 0.00264284 0.00264284 0.00218586 0.00218586 0 0 0 0 0 0 0 0 0 0 0.0048273 0.0503127 0.0578228 0.064328 0.0637819 0.0657535 0.0648148 0.050121 0.0684941 0.0880319 0.114496 0.0994875 0.00984602 0.000174212 0 0 0 0 0 0 0 0 0 0 0 0 0 0 0 0 0 0 0 0 0 0 0 0 0 0 0 0 0 0 0 0 0 0 0 0 0 0 0 0 0 0 0 0 0 0 0 0 0 0 0 0 0 0 0 0 0 0 0 0
0 0 0 0 0 0 0 0 0 0 0 0 0 0 0 0 0 0 0 0 0 0 0 0 0 0 0 0 0 0 0 0 0 0 0 0 0 0 0 0 0 0 0 0 0 0 0 0 0 0 0 0 0 0 0 0 0 0 0 0 0 0 0 0 0 0 0 0 0.00283257 0.00283257 0.0033726 0.00516837 0.00689971 0.00264284 0.00218586 0.00218586 0 0 0 0 0 0 0 0 0 0 0.00485158 0.0506409 0.0638166 0.0755653 0.0715616 0.0650212 0.0614484 0.0592429 0.0644294 0.0583117 0.0600187 0.152076 0.0366437 0.00476673 0 0 0 0 0 0 0 0 0 0 0 0 0 0 0 0 0 0 0 0 0 0 0 0 0 0 0 0 0 0 0 0 0 0 0 0 0 0 0 0 0 0 0 0 0 0 0 0 0 0 0 0 0 0 0 0 0 0 0 0
0 0 0 0 0 0 0 0 0 0 0 0 0 0 0 0 0 0 0 0 0 0 0 0 0 0 0 0 0 0 0 0 0 0 0 0 0 0 0 0 0 0 0 0 0 0 0 0 0 0 0 0 0 0 0 0 0 0 0 0 0 0 0 0 0 0 0 0 0.000218413 0.000481975 0.00480001 0.0180915 0.0222265 0.00481605 0.00364331 0.00319292 0 0 0 0 0 0 0 0 0 2.56501e-06 0.00477581 0.0374286 0.0673013 0.100243 0.0883713 0.0686632 0.059886 0.0601497 0.0673272 0.0660685 0.0462243 0.0364509 0.119131 0.0104093 0.000115394 0 0 0 0.000395872 0 0 0 0 0 0 0 0 0 0 0 0 0 0 0 0 0 0 0 0 0 0 0 0 0 0 0 0 0 0 0 0 0 0 0 0 0 0 0 0 0 0 0 0 0 0 0 0 0 0 0 0 0 0 0
0 0 0 0 0 0 0 0 0 0 0 0 0 0 0 0 0 0 0 0 0 0 0 0 0 0 0 0 0 0 0 0 0 0 0 0 0 0 0 0 0 0 0 0 0 0 0 0 0 0 0 0 0 0 0 0 0 0 0 0 0 0 0 0 0 0 0 0 0.000218413 0.000248757 0.00476635 0.00489465 0.0229419 0.00952993 0.0047625 0.00390784 0 0 0 0 0 0 0 0 0 0 3.3879e-06 0.00477269 0.00493257 0.020516 0.11113 0.0152243 0.00596422 0.0607884 0.0817466 0.0922782 0.102079 0.0984098 0.130106 0.0149816 0.00476394 0.0027263 0.00348481 0.00414218 0.00479636 0.00401471 0.00216992 0.000329178 0 0 0 0 0 0 0 0 0 0 0 0 0 0 0 0 0 0 0 0 0 0 0 0 0 0 0 0 0 0 0 0 0 0 0 0 0 0 0 0 0 0 0 0 0 0 0 0 0 0 0 0
0 0 0 0 0 0 0 0 0 0 0 0 0 0 0 0 0 0 0 0 0 0 0 0 0 0 0 0 0 0 0 0 0 0 0 0 0 0 0 0 0 0 0 0 0 0 0 0 0 0 0 0 0 0 0 0 0 0 0 0 0 0 0 0 3.03948e-06 0 0 0 0 0 0 0 0.00106539 0.00819642 0.00929711 0.0047668 0.0026886 0.0026886 0 0 0 0 0 0 0 0 0 8.3129e-07 0 3.17161e-06 0.0139307 0.0117672 0.00054693 0.00930797 0.0995081 0.118546 0.14843 0.168258 0.181897 0.0333772 0.0297442 0.0173681 0.0153291 0.0128092 0.0156329 0.00808789 0.00488348 0.00475244 0 0 0 0 0 0 0 0 0 0 0 0 0 0 0 0 0 0 0 0 0 0 0 0 0 0 0 0 0 0 0 0 0 0 0 0 0 0 0 0 0 0 0 0 0 0 0 0 0 0 0 0
0 0 0 0 0 0 0 0 0 0 0 0 0 0 0 0 0 0 0 0 0 0 0 0 0 0 0 0 0 0 0 0 0 0 0 0 0 0 0 0 0 0 0 0 0 0 0 0 0 0 0 0 0 0 0 0 0 0 0 0 0 0 0.00123264 0.00476696 0.00473165 0.000399573 0 0 0 0 0 0 0.00456757 0.00575627 0.00923497 0.00489336 0.00284021 0.0026886 0 0 0 0 0 0 0 0 0 0 0 0 0.000200195 0.0048741 0.0048689 0.000378839 0.0164827 0.144146 0.198826 0.211802 0.141068 0.11361 0.0242464 0.0652373 0.0303245 0.0317464 0.0299185 0.0268511 0.0114882 0.0124026 0.00428284 0.00318529 0.00367467 0 0 0 0 0 0 0 0 0 0 0 0 0 0 0 0 0 0 0 0 0 0 0 0 0 0 0 0 0 0 0 0 0 0 0 0 0 0 0 0 0 0 0 0 0 0 0 0 0
0 0 0 0 0 0 0 0 0 0 0 0 0 0 0 0 0 0 0 0 0 0 0 0 0 0 0 0 0 0 0 0 0 0 0 0 0 0 0 0 0 0 0 0 0 0 0 0 0 0 0 0 0 0 0 0 0 0 0 0 0 0 0.00354105 0.00482475 0.0106737 0.00475223 4.52812e-06 0 0 9.90888e-07 5.74887e-06 0.00473597 0.00485858 0.00476648 0.0047486 0.00475922 0.0047751 0.00436389 0 0 0 0 0 0 0 0 0 0 0 0 0.00202131 0.00474268 0.00473596 0 3.07306e-05 0.0443871 0.2749 0.306113 0.13239 0.0788903 0.0874167 0.078726 0.0222178 0.0811051 0.0306415 0.0301941 0.0226347 0.0190667 0.0149614 0.00494628 0.0048991 0 0 0 0 0 0 0 0 0 0 0 0 0 0 0 0 0 0 0 0 0 0 0 0 0 0 0 0 0 0 0 0 0 0 0 0 0 0 0 0 0 0 0 0 0 0 0 0 0
0 0 0 0 0 0 0 0 0 0 0 0 0 0 0 0 0 0 0 0 0 0 0 0 0 0 0 0 0 0 0 0 0 0 0 0 0 0 0 0 0 0 0 0 0 0 0 0 0 0 0 0 0 0 0 0 0 0 0 0 0 0 0 0.00338469 0.0048258 0.0142327 0.00474446 9.17352e-06 6.5488e-06 0.00473046 0.00477636 0.0141646 0.0281874 0.0279548 0.0163464 0.00926425 0.00467767 0.00276758 0 0 0 0 0 0 0 0 0 0 0 0 0 0 2.81167e-05 0 0 1.66331e-05 0.0521305 0.223855 0.119871 0.087811 0.0928431 0.0823087 0.0716834 0.0877832 0.11215 0.158477 0.151261 0.141254 0.144236 0.0289085 0.00495607 0.00115901 0 0 0 0 0 0 0 0 0 0 0 0 0 0 0 0 0 0 0 0 0 0 0 0 0 0 0 0 0 0 0 0 0 0 0 0 0 0 0 0 0 0 0 0 0 0 0 0
0 0 0 0 0 0 0 0 0 0 0 0 0 0 0 0 0 0 0 0 0 0 0 0 0 0 0 0 0 0 0 0 0 0 0 0 0 0 0 0 0 0 0 0 0 0 0 0 0 0 0 0 0 0 0 0 0 0 0 0 0 0 0 1.84507e-05 0.0047293 0.00474502 0.0121215 0.00474637 0.00474252 0.00898282 0.0227123 0.0140756 0.00477064 0.00481964 0.0226899 0.0236099 0.0047962 2.83756e-06 0 0 0 0 0 0 0 0 0 0 0 0 0 0 0 0 0 0 0.00028853 0.0375064 0.153154 0.114273 0.104691 0.0861407 0.096724 0.0982464 0.111587 0.124589 0.132533 0.164064 0.152012 0.0845149 0.00985771 0.00482915 0 0 0 0 0 0 0 0 0 0 0 0 0 0 0 0 0 0 0 0 0 0 0 0 0 0 0 0 0 0 0 0 0 0 0 0 0 0 0 0 0 0 0 0 0 0 0 0
0 0 0 0 0 0 0 0 0 0 0 0 0 0 0 0 0 0 0 0 0 0 0 0 0 0 0 0 0 0 0 0 0 0 0 0 0 0 0 0 0 0 0 0 0 0 0 0 0 0 0 0 0 0 0 0 0 0 0 0 0 0 0 0 0 4.22453e-06 0.00474357 0.0135732 0.0135458 0.00474901 0.00482317 0.00473688 7.4572e-05 0.00475035 0.00497838 0.0242393 0.0143958 0.00473761 1.34838e-06 0 0 0 0 0 0 0 0 0 0 0 0 0 0 0 0 0 0 0.00365269 0.0520822 0.102813 0.0575116 0.0579574 0.0725275 0.0962506 0.113486 0.117656 0.0731165 0.05363 0.0596839 0.0802037 0.014229 0.00488822 0.000137615 0 0 0 0 0 0 0 0 0 0 0 0 0 0 0 0 0 0 0 0 0 0 0 0 0 0 0 0 0 0 0 0 0 0 0 0 0 0 0 0 0 0 0 0 0 0 0
0 0 0 0 0 0 0 0 0 0 0 0 0 0 0 0 0 0 0 0 0 0 0 0 0 0 0 0 0 0 0 0 0 0 0 0 0 0 0 0 0 0 0 0 0 0 0 0 0 0 0 0 0 0 0 0 0 0 0 0 0 0 0 0 0 0 0.000862445 0.00486364 0.00490162 0.0047355 3.59644e-07 7.88943e-06 0.000109955 0.00480125 0.0178171 0.035514 0.00494942 0.00476008 0 0 0 0 0 0 0 0 0 0 0 0 0 0 0 0 0 0 0 0.00451752 0.0169452 0.00951684 0.0234968 0.0538954 0.0771154 0.104258 0.125743 0.151567 0.0886339 0.0485719 0.0621508 0.0686296 0.069197 0.0325825 0.00477952 0.00035205 0 0 0 2.71221e-05 0.00374673 0.00374673 0.000280137 0.000280137 0 0 0 0 0 0 0 0 0 0 0 0 0 0 0 0 0 0 0 0 0 0 0 0 0 0 0 0 0 0 0 0 0 0 0 0 0 0
0 0 0 0 0 0 0 0 0 0 0 0 0 0 0 0 0 0 0 0 0 0 0 0 0 0 0 0 0 0 0 0 0 0 0 0 0 0 0 0 0 0 0 0 0 0 0 0 0 0 0 0 0 0 0 0 0 0 0 0 0 0 0 0 0 0 0 1.24668e-05 0.000358793 2.66055e-05 0 0 1.63476e-06 0.00473196 0.00900651 0.0155153 0.00479629 0.00141785 0 0 0 0 0 0 0 0 0 0 0 0 0 0 0 0 0 0 0 0.000160713 0.00479188 0.0500905 0.0753039 0.0712653 0.102425 0.111255 0.133464 0.161837 0.190335 0.166669 0.121704 0.0752159 0.0359085 0.0256787 0.00528302 0.00474684 0 0 8.3667e-05 0.00473088 0.00474223 0.00473872 0.00105357 0.000280137 0 0 0 0 0 0 0 0 0 0 0 0 0 0 0 0 0 0 0 0 0 0 0 0 0 0 0 0 0 0 0 0 0 0 0 0 0 0
0 0 0 0 0 0 0 0 0 0 0 0 0 0 0 0 0 0 0 0 0 0 0 0 0 0 0 0 0 0 0 0 0 0 0 0 0 0 0 0 0 0 0 0 0 0 0 0 0 0 0 0 0.000272572 0.000272572 0 0 0 0 0 0 0 0 0 0 0 0 0 0 0 0 0 0 0 5.69383e-06 0.00474706 0.0159574 0.00480693 0.00475625 2.97197e-06 9.96519e-07 0.003876 0 0 0 0 0 0 0 0 0 0 0 0 0 0 0 0 0 0.00111135 0.0114718 0.0663038 0.0400073 0.0330746 0.112108 0.136365 0.165652 0.190568 0.184886 0.16693 0.0993301 0.00548937 0.0212077 0.0279416 0.00475775 0.00151153 0.00151085 0.00473371 0.00939325 0.00853229 0.00474817 0.00481542 0.00474828 0.0047475 0.00473566 0.00034008 0 0 0 0 0 0 0 0 0 0 0 0 0 0 0 0 0 0 0 0 0 0 0 0 0 0 0 0 0 0 0 0 0 0 0
0 0 0 0 0 0 0 0 0 0 0 0 0 0 0 0 0 0 0 0 0 0 0 0 0 0 0 0 0 0 0 0 0 0 0 0 0 0 0 0 0 0 0 0 0 0 0 0 0 0 0.00040922 0 0.000349204 0.000691352 0 0 0 0 0 0 0 0 0 0 0 0 0 0 0 0 0 0 0 0 0.00473645 0.00490241 0.0182557 0.0280145 0.00735381 0.00488055 0.00475665 9.01186e-07 3.92038e-06 9.19041e-05 0 0 0 0 0 0 0 0 0 0 0 0 0 0 0.000659638 0.00497494 0.00503351 0.00816393 0.0502732 0.102205 0.136929 0.17054 0.217355 0.119049 0.0808233 0.02546 0.00692089 0.0298991 0.0519362 0.006225 0.00151092 0.00493005 0.00484277 0.00937402 0.0115751 0.0078718 0.0163004 0.00935485 0.00541364 0.0092966 0.00474537 0.00236573 0.00120518 2.17329e-05 0 0 0 0 0 0 0 0 0 0 0 0 0 0 0 0 0 0 0 0 0 0 0 0 0 0 0 0 0 0 0 0
0 0 0 0 0 0 0 0 0 0 0 0 0 0 0 0 0 0 0 0 0 0 0 0 0 0 0 0 0 0 0 0 0 0 0 0 0 0 0 0 0 0 0 0 0 0 0 0.000478387 0 0.000396595 0.00478726 0.0022614 0.00480116 0.00478094 0.00191201 0 0 0 0 0 0 0 0 0 0 0 0 0 0 0 0 0 0 0 4.42877e-05 1.01359e-05 0.00477001 0.0275003 0.0512607 0.0410979 0.0303181 0.00485793 0.00480262 0.00523676 0.00425697 0.00415954 0 0 0 0 0 0 0 0 0 0 0 0 0.00171743 0.00477838 0.00514785 0.00865024 0.0583418 0.106804 0.136749 0.156972 0.161331 0.0558024 0.0931994 0.0524774 0.00862967 0.0294481 0.042393 0.00916737 0.00447781 0.005019 0.00945832 0.00982151 0.0330088 0.0516827 0.0142831 0.024023 0.00605138 0.00759744 0.0489506 0.0263085 0.00484585 0.00480217 0.00481405 0.00477429 0.00477516 0.000852139 0 0 0 0 0 0 0 0 0 0 0 0 0 0 0 0 0 0 0 0 0 0 0 0 0 0 0 0
0 0 0 0 0 0 0 0 0 0 0 0 0 0 0 0 0 0 0 0 0 0 0 0 0 0 0 0 0 0 0 0 0 0 0 0 0 0 0 0 0 0 0 0 0 0 0.00160111 0.00472965 0.000361619 0.00235484 0.00475241 0.00362247 0.00476787 0.00474013 0.00472609 0.00162001 0 0 0 0 0 0 0 0 0 0 0 0 0 0 0 0 0 0 0 0 1.36607e-05 0.00475873 0.00485061 0.00495504 0.038614 0.0461164 0.0522751 0.0813934 0.00802714 0.00474263 0.00141004 4.13027e-06 0 0 0 0 0 0 0 0 0 0 0 0.000370214 0.00493752 0.0133047 0.0623767 0.124635 0.143064 0.158799 0.158133 0.125861 0.183036 0.0426148 0.0104184 0.0181231 0.0680324 0.00489947 0.0049223 0.0049815 0.00524771 0.0404584 0.0558965 0.00705665 0.00504253 0.00498902 0.00494559 0.00504152 0.0191385 0.0137117 0.00482095 0.0561265 0.0154758 0.00488004 0.000981844 0.000727932 0 0 0 0 0 0 0 0 0 0 0 0 0 0 0 0 0 0 0 0 0 0 0 0 0 0 0 0
0 0 0 0 0 0 0 0 0 0 0 0 0 0 0 0 0 0 0 0 0 0 0 0 0 0 0 0 0 0 0 0 0 0 0 0 0 0 0 0 0 0 0 0 0 0.00115157 0.00473088 0.00802268 0.00478801 0.00474389 0.0105432 0.00473271 0.00473412 0.0097818 0.00473583 0.00472868 0.00140118 0 0 0 0 0 0 0 0 0 0 0 0 0 0 0 0 0 0 0 0 0 0.00071958 0.00475582 0.00479097 0.00480138 0.00480295 0.0179895 0.00980548 0.017717 0.00484489 0.00474958 0 1.255e-06 0.000165464 0.000207732 2.71409e-05 0 0 0 0 0 0 5.55986e-05 0.00478636 0.032197 0.0651994 0.0997443 0.151753 0.173316 0.186766 0.148535 0.159545 0.0302594 0.0103323 0.0699984 0.128146 0.0111622 0.00494521 0.00499793 0.00513752 0.00504775 0.00503958 0.00511963 0.0051026 0.00505063 0.00507164 0.00506752 0.00498767 0.00482917 0.0452746 0.0462653 0.0123594 0.00487625 0.000631691 0 0 0 0 0 0 0 0 0 0 0 0 0 0 0 0 0 0 0 0 0 0 0 0 0 0 0 0 0
0 0 0 0 0 0 0 0 0 0 0 0 0 0 0 0 0 0 0 0 0 0 0 0 0 0 0 0 0 0 0 0 0 0 0 0 0 0 0 0 0 0 0 0 0 0.000943096 0.00473291 0.00911125 0.0135788 0.0163228 0.0287802 0.00771598 0.00650851 0.0254466 0.00928105 0.00473148 0.0035919 0 0 0 0 0 0 0 0 0 0 0 0 0 0 0 0 0 0 0 0 0 0 0 0 0 0 0.00153336 0.0047942 0.00530318 0.037539 0.0243945 0.00479648 0.00482576 0.00489542 0.00483322 0.00473721 0.000443972 0.000174649 0 0.000354083 0.000847617 0 2.11952e-05 0.00472507 0.0173308 0.0557669 0.0191964 0.0862153 0.0840692 0.11824 0.139647 0.0422725 0.0882176 0.0131223 0.0936564 0.0488357 0.00615311 0.00489613 0.00492377 0.00498837 0.00496823 0.00501326 0.00502723 0.00504722 0.00504816 0.00508272 0.00506847 0.00499822 0.00409495 0.00480916 0.00475353 0.0246596 0.0112292 0.00479316 0.00328017 0 0 0 0 0 0 0 0 0 0 0 0 0 0 0 0 0 0 0 0 0 0 0 0 0 0 0 0
0 0 0 0 0 0 0 0 0 0 0 0 0 0 0 0 0 0 0 0 0 0 0 0 0 0 0 0 0 0 0 0 0 0 0 0 0 0 0 0 0 0 0 0 0 0 0.000778545 0.00473539 0.00902366 0.0223092 0.0438643 0.064578 0.0550658 0.0592523 0.0099693 0.00476768 3.14334e-06 0 0 0 0 0 0 0 0 0 0 0 0 0 0 0 0 0 0 0 0 0 0 0 0 0 0 0 0.000428338 0.00486887 0.00574641 0.00627602 0.0210615 0.0188217 0.0312612 0.0210578 0.0172031 0.00490899 0.00477413 0.00355145 0.00482916 0.00476753 0.000512021 0 0.000633855 0.0177371 0.0990567 0.0906308 0.0938111 0.0895423 0.106687 0.0551976 0.0108193 0.0591905 0.0286102 0.148878 0.126268 0.018495 0.00493534 0.00494843 0.00499344 0.00493725 0.00503041 0.00498087 0.00504043 0.00498001 0.00503342 0.00494015 0.00489584 0.00193556 1.52391e-05 0 0.000981015 0.00714229 0.00537132 0.00476361 0.000873944 0.000793281 0.000244832 0.000244832 0.00154588 0.00154588 0.000364479 0.000364479 0 0 0 0 0 0 0 0 0 0 0 0 0 0 0 0 0 0 0 0
0 0 0 0 0 0 0 0 0 0 0 0 0 0 0 0 0 0 0 0 0 0 0 0 0 0 0 0 0 0 0 0 0 0 0 0 0 0 0 0 0 0 0 0 0 0 0 2.20669e-06 0.0047294 0.00484676 0.00484017 0.00676656 0.033871 0.0622529 0.0652858 0.0447126 0.00485811 3.26358e-06 0 1.34652e-06 0 0 0 0 0 0 0 0 0 0 0 0 0 0 0 0 0 0 0 0 0 0 0 0 0.0016018 0.00479309 0.00488556 0.00490536 0.0057907 0.00944365 0.0369032 0.0342251 0.0130926 0.00949654 0.00722065 0.00499771 0.00512554 0.00492732 0.00475109 0.00173848 0.00168049 0.0274863 0.107623 0.0908543 0.107072 0.103269 0.027696 0.0125459 0.0125931 0.0103627 0.00854794 0.0690506 0.13572 0.11903 0.0166591 0.00652736 0.00495413 0.00493109 0.00498991 0.00492321 0.00602579 0.00522729 0.00485803 0.00485463 0.00476615 0.00127813 0 0 0.000355788 0.00100118 0.00473259 0.00473259 0.00106483 0.00281373 0.00263474 0.00441403 0.00267534 0.00206202 0.00141295 0.000364479 0 0 0 0 0 0 0 0 0 0 0 0 0 0 0 0 0 0 0 0
0 0 0 0 0 0 0 0 0 0 0 0 0 0 0 0 0 0 0 0 0 0 0 0 0 0 0 0 0 0 0 0 0 0 0 0 0 0 0 0 0 0 0 0 0 0 0 0 1.75514e-06 0.000991342 0.00472742 0.0170854 0.00479381 0.00656689 0.060392 0.0639288 0.0608819 0.00666717 0.00560685 0.00639678 4.94036e-06 0 0 1.39179e-06 0 0 0 0 0 0 0 0 0 0 0 0 0.00157062 0.00157062 0 0 0 0 0 0 0 0 0.00473329 0.0048122 0.0048566 0.00485904 0.00491817 0.00979516 0.0189017 0.00957325 0.0184803 0.0111145 0.0185079 0.00914938 0.00486115 0.00476189 0.00398787 0.022665 0.0983831 0.104599 0.0369855 0.0256721 0.0117195 0.0129614 0.0128209 0.0118391 0.00971425 0.0260068 0.0466853 0.0334571 0.0147461 0.0395356 0.0221547 0.0286607 0.00942794 0.00515033 0.00718428 0.00503268 0.00218468 0.000869041 0 0 0 0 0 0 0.000735002 0.000735002 0.00479161 0.0048795 0.00490936 0.00491197 0.00500073 0.00504192 0.00496383 0.00360897 0 0 0 0 0 0 0 0 0 0 0 0 0 0 0 0 0 0 0 0
0 0 0 0 0 0 0 0 0 0 0 0 0 0 0 0 0 0 0 0 0 0 0 0 0 0 0 0 0 0 0 0 0 0 0 0 0 0 0 0 0 0 0 0 0 0 0 0 0 0 0.00058059 0.000739161 0.00476164 0.00476787 0.00763663 0.0632327 0.10513 0.0817529 0.063418 0.0842467 0.0300263 0.011058 0.00851448 0.00972707 2.37691e-05 0 0 0 1.00277e-06 0 0 0 0 0 0 0.00359169 0.00293528 0.0016535 0 0 0 0 0 0 0 0 0.00473329 0.00475164 0.00476429 0.00476275 0.00481138 0.00577046 0.0187648 0.013775 0.0183277 0.00700949 0.0183032 0.00501699 0.00494628 0.00482152 0.00489641 0.0189231 0.109732 0.035243 0.0143207 0.0107367 0.0117195 0.0140546 0.0134839 0.0136783 0.011798 0.0127657 0.0216214 0.0319219 0.0156547 0.110027 0.0186568 0.0231874 0.00942449 0.00511264 0.0055195 0.00502289 0.000869041 0.000869041 0 0 0 0 0.000174118 0.000651399 0.00125419 0.00181505 0.00481066 0.00490749 0.00892556 0.00925357 0.00503254 0.00494218 0.00449582 0.00360897 0 0 0 0 0 0 0 0 0 0 0 0 0 0 0 0 0 0 0 0
0 0 0 0 0 0 0 0 0 0 0 0 0 0 0 0 0 0 0 0 0 0 0 0 0 0 0 0 0 0 0 0 0 0 0 0 0 0 0 0 0 0 0 0 0 0 0 0 0 0 0 0 0.00256508 0.00476912 0.00472826 0.00483156 0.0185205 0.0924233 0.0659874 0.0817689 0.134733 0.110104 0.117366 0.113206 0.0189286 0.0130498 0.0188699 0.0156536 0.0072183 2.60238e-06 0.000581323 0.00032011 9.38374e-05 0.00224608 0.00435101 0.00473067 0.00943398 0.00472836 0.00274465 0 0 0 0 0 0 0 0 0 0.000294147 0.000294147 0.00117659 0.001974 0.00490514 0.00870975 0.0183865 0.00898871 0.0185794 0.00920953 0.00918597 0.00485723 0.00503561 0.0150997 0.0695649 0.0312047 0.0444677 0.0122291 0.0123039 0.0134962 0.018384 0.0167352 0.0143026 0.0154421 0.0205111 0.0331979 0.0120819 0.0194902 0.006519 0.00531144 0.00555879 0.00505142 0.00695641 0.00528471 0.00322723 0.00322723 0 0 0 0 0.00478128 0.00478128 0.00487346 0.00491574 0.00498122 0.00934213 0.00849507 0.00498177 0.00485427 0.00478776 0.00400389 0.00400389 0 0 0 0 0 0 0 0 0 0 0 0 0 0 0 0 0 0 0 0
0 0 0 0 0 0 0 0 0 0 0 0 0 0 0 0 0 0 0 0 0 0 0 0 0 0 0 0 0 0 0 0 0 0 0 0 0 0 0 0 0 0 0 0 0 0 0 0 0 0 0 0 3.17105e-05 0.00472702 0.00473844 0.0110188 0.0277216 0.0109846 0.00483708 0.00491043 0.0270459 0.116064 0.135887 0.150591 0.143635 0.147107 0.155221 0.158416 0.111902 0.0318447 0.0101448 0.0226479 0.0240891 0.0218638 0.00483951 0.00555655 0.0188511 0.00473274 0.00472913 0.00147994 0 0 0 0 0 0 0 0 0.000294147 0.000294147 0.00117659 0.00117659 0.00478587 0.00551068 0.0180377 0.00486576 0.0182672 0.00558758 0.00924365 0.0091223 0.00490741 0.00922528 0.0247352 0.0325524 0.0680114 0.015963 0.0138826 0.0143368 0.0173841 0.0187184 0.0171932 0.0165996 0.025241 0.0299819 0.00988345 0.00715105 0.00935431 0.00565122 0.00513669 0.00498656 0.00545886 0.00524525 0.00410194 0.00322723 0 0 0 0 0.00476143 0.00476143 0.00489026 0.00492901 0.00509508 0.00963396 0.00641145 0.00496248 0.00479019 0.00441901 0.00400389 0.00400389 0 0 0 0 0 0 0 0 0 0 0 0 0 0 0 0 0 0 0 0
0 0 0 0 0 0 0 0 0 0 0 0 0 0 0 0 0 0 0 0 0 0 0 0 0 0 0 0 0 0 0 0 0 0 0 0 0 0 0 0 0 0 0 0 0 0 0 0 0 0 0 0 0.00148731 0.00472622 0.00473026 0.00473765 0.00650529 0.00472924 0.00410215 1.97292e-06 0.00408168 0.0109733 0.0150313 0.0209879 0.11322 0.169214 0.142637 0.17116 0.141897 0.155806 0.13695 0.19063 0.193025 0.028951 0.00478639 0.00472976 0.00946723 0.00946693 0.00473226 0.00465383 0 0 0 0 0 0 0 0 0.000294147 0.000294147 0.000294147 0.000294147 0.00308874 0.00308874 0.00308874 0.00308874 0.00918312 0.00914663 0.0162156 0.00927902 0.0048964 0.00545909 0.0203956 0.0407065 0.0875555 0.0261112 0.0172182 0.0169456 0.0182952 0.0189156 0.020496 0.021865 0.0301136 0.026718 0.0109911 0.00576068 0.0185238 0.00699792 0.00509568 0.00504335 0.00518865 0.00509492 0.00494485 0.00322723 0 0 0.000272775 0.000272775 0.00479768 0.00496561 0.00496987 0.005028 0.00927509 0.0179852 0.00535225 0.00491019 0.00446675 0.00405517 0.00400389 0.00400389 0 0 0 0 0 0 0 0 0 0 0 0 0 0 0 0 0 0 0 0
0 0 0 0 0 0 0 0 0 0 0 0 0 0 0 0 0 0 0 0 0 0 0 0 0 0 0 0 0 0 0 0 0 0 0 0 0 0 0 0 0 0 0 0 0 0 0 0 0 0 0 0 0.00148731 0.00162085 0.00472873 0.00473039 0.00473144 0.00472798 0.00166556 0.00286587 0.00472875 0.00477052 0.0047283 0.00472598 0.00885808 0.0553862 0.0192697 0.0226239 0.122346 0.104104 0.125951 0.158391 0.137798 0.0147784 0.00476064 0.00476551 0.0221177 0.0094619 0.00477646 0.00472671 0.000273396 0.000608953 0 0 0 0 0 0 0.000294147 0.000294147 0.000294147 0.000294147 0.00308874 0.00308874 0.00308874 0.00308874 0.00473877 0.00475418 0.0092834 0.00958045 0.00578281 0.00632015 0.0663122 0.160265 0.119634 0.142434 0.0416621 0.0190311 0.0231477 0.0235779 0.0251082 0.0294985 0.0360138 0.0337463 0.0130935 0.00857549 0.0179138 0.00894695 0.00681297 0.00511308 0.00509437 0.00503328 0.00491977 0.00322723 0 0 0.000272775 0.000277637 0.00475008 0.0048945 0.008856 0.00928529 0.00905412 0.00912561 0.00496966 0.00496047 0.00415299 0.00405517 0.00400389 0.00400389 0 0 0 0 0 0 0 0 0 0 0 0 0 0 0 0 0 0 0 0
0 0 0 0 0 0 0 0 0 0 0 0 0 0 0 0 0 0 0 0 0 0 0 0 0 0 0 0 0 0 0 0 0 0 0 0 0 0 0 0 0 0 0 0 0 0 0 0 0 0 0 0 0 0 0.000897266 0.00375257 0.00472606 0.00306182 0.00472851 0.00472894 0.00473066 0.00473087 0.0047308 0.00472999 0.0047293 0.00483991 0.00487563 0.0196149 0.15015 0.0223613 0.0417134 0.177875 0.149214 0.0320085 0.00590353 0.00477585 0.00480214 0.00511319 0.00472679 0.00148794 0.00474934 0.00478984 0 0 0.00216195 0.00216195 0 0 0 0 0 0 0 0 0 0 2.04984e-06 4.11241e-06 0.00474699 0.00495925 0.00576671 0.0329282 0.105546 0.211031 0.220361 0.195524 0.180673 0.0385115 0.0256759 0.0268393 0.0280135 0.0313459 0.0437551 0.0360105 0.0184684 0.0105767 0.00898233 0.0180998 0.0242453 0.00865453 0.00567585 0.00734329 0.00489408 0.00473178 0.00437431 0.00437431 0.00475744 0.00475744 0.00491498 0.00919763 0.00926042 0.00543708 0.00505574 0.00505954 0.00492548 0.00492541 0.000299333 0.000228323 0.000193467 0.000193467 0 0 0 0 0 0 0 0 0 0 0 0 0 0 0 0 0 0 0 0
0 0 0 0 0 0 0 0 0 0 0 0 0 0 0 0 0 0 0 0 0 0 0 0 0 0 0 0 0 0 0 0 0 0 0 0 0 0 0 0 0 0 0 0 0 0 0 0 0 0 0 0 0 0 0 0 0.00251098 0.00347095 0.00473046 0.00512111 0.00473401 0.00473374 0.00473351 0.00474066 0.00477691 0.00529901 0.00482077 0.00474102 0.0229628 0.00481383 0.0136949 0.126078 0.117512 0.078333 0.0829533 0.0118123 0.0457085 0.00952018 0.00315022 0.00485228 0.00485502 0.00476757 0 0.000844021 0.00216468 0.0021625 0 0 0 0 0 0 0 0 0 0 2.04984e-06 2.45709e-06 0.00474699 0.00474699 0.00797199 0.00507713 0.00845553 0.0340081 0.215761 0.291681 0.247295 0.0448306 0.0237345 0.0269741 0.028637 0.029525 0.0335984 0.0307433 0.0178019 0.00692353 0.00519257 0.00724142 0.0489053 0.0823243 0.0230942 0.0297638 0.00718177 0.00481402 0.00437431 0.00437431 0.0089933 0.00937077 0.00928173 0.00960451 0.00887544 0.00934776 0.00499484 0.00494373 0.00491882 0.00491874 0.000259291 0.000228323 0.000193467 0.000193467 0 0 0 0 0 0 0 0 0 0 0 0 0 0 0 0 0 0 0 0
0 0 0 0 0 0 0 0 0 0 0 0 0 0 0 0 0 0 0 0 0 0 0 0 0 0 0 0 0 0 0 0 0 0 0 0 0 0 0 0 0 0 0 0 0 0 0 0 0 0 0 0 0 0 0 0 0.00291119 0.00472903 0.00516745 0.0188463 0.00556633 0.00525179 0.00543592 0.00543592 0.00473514 0.00473276 0.00472987 0.00474171 0.00481559 0.00483841 0.0100463 0.118155 0.123857 0.0957859 0.107186 0.10634 0.100357 0.00533389 0.00495816 0.00574932 0.00504282 0.00479302 0.0011316 0.00476198 0.00473247 0.00473242 0.0046316 0.0046316 0 0 0 0 0 0 0 0 0 0 0.00248793 0.00419478 0.00506733 0.00510537 0.00499739 0.0148426 0.0393527 0.0812951 0.033305 0.0226665 0.0271562 0.0328853 0.0357334 0.0364897 0.041742 0.0354434 0.014563 0.00743075 0.0086804 0.00886056 0.00902971 0.0223637 0.11392 0.0387401 0.0330973 0.013457 0.00486399 0.00445912 0.00480114 0.0178835 0.0116412 0.0182163 0.00893314 0.00901193 0.00482094 0.00489661 0.00489837 0.00489837 0.000251239 0.000193467 0.000193467 0.000193467 0 0 0 0 0 0 0 0 0 0 0 0 0 0 0 0 0 0 0 0
0 0 0 0 0 0 0 0 0 0 0 0 0 0 0 0 0 0 0 0 0 0 0 0 0 0 0 0 0 0 0 0 0 0 0 0 0 0 0 0 0 0 0 0 0 0 0 0 0 0 0 0 0 0 0 0 0.00291119 0.00472897 0.00507698 0.0188613 0.00580744 0.00525179 0.00590605 0.0063798 0.00532851 0.0047345 0.00473703 0.00473162 0.00476274 0.00503854 0.004927 0.0127457 0.0170968 0.0697789 0.0791258 0.123554 0.096179 0.0347084 0.0153738 0.0391497 0.0307522 0.00480361 0.00298779 0.00472884 0.00943825 0.0094334 0.004729 0.0046316 0 0 0 0 0 0 0 0 0 0 0.00248793 0.00290197 0.00573438 0.00545516 0.00577506 0.0149987 0.0313304 0.0275093 0.0221481 0.0257267 0.0315068 0.0418585 0.0470894 0.0477636 0.0536172 0.0432121 0.0182983 0.00794016 0.00525874 0.00513023 0.00517038 0.0052304 0.044956 0.100138 0.0386882 0.0212786 0.00504184 0.00521621 0.0053086 0.0178857 0.0184357 0.00520264 0.00489516 0.00480343 0.00473272 0.00472805 0.00472545 0.00472543 0.000193467 0.000193467 0.000193467 0.000193467 0 0 0 0 0 0 0 0 0 0 0 0 0 0 0 0 0 0 0 0
0 0 0 0 0 0 0 0 0 0 0 0 0 0 0 0 0 0 0 0 0 0 0 0 0 0 0 0 0 0 0 0 0 0 0 0 0 0 0 0 0 0 0 0 0 0 0 0 0 0 0 0 0 0 0 0 6.56564e-05 0.00473145 0.00473176 0.00495328 0.00473162 0.00580507 0.010178 0.010178 0.00665083 0.00653626 0.0056473 0.00564649 0.0105159 0.0168095 0.0123807 0.0123807 0.0109914 0.0117942 0.0668567 0.104605 0.117733 0.0670424 0.0359833 0.0268689 0.0198297 0.016466 0.00495984 0.00828994 0.00484026 0.00667498 0.00472885 0 0 0 0 0 0 0 0 0 5.30681e-05 5.30681e-05 0.00020035 0.000591768 0.00898004 0.00894588 0.00886758 0.0116799 0.0246165 0.029852 0.0259934 0.0305281 0.0370524 0.0580348 0.0683677 0.0696198 0.074477 0.0585676 0.0246116 0.00847968 0.00884798 0.00900522 0.00512329 0.00519251 0.00895569 0.020148 0.0290518 0.0636859 0.00927695 0.0051993 0.00943229 0.0052414 0.00514064 0.0049456 0.0047395 0.00473949 0.000364782 0.000357703 0.000355736 0.000355736 0 0 0 0 0 0 0 0 0 0 0 0 0 0 0 0 0 0 0 0 0 0 0 0
0 0 0 0 0 0 0 0 0 0 0 0 0 0 0 0 0 0 0 0 0 0 0 0 0 0 0 0 0 0 0 0 0 0 0 0 0 0 0 0 0 0 0 0 0 0 0 0 0 0 0 0 0 0 0 0 0 0.00392054 0.00475689 0.00479593 0.00474828 0.00517167 0.010178 0.0135658 0.0093203 0.00653626 0.00868525 0.00878437 0.0112069 0.0150127 0.0170347 0.0256087 0.0179264 0.0239204 0.0244896 0.119209 0.160212 0.056004 0.0162389 0.0105991 0.021614 0.00789986 0.0125343 0.0298293 0.0219496 0.0230662 0.00481775 0.00200846 0 0 0 0 0 0 0 0 5.30681e-05 5.30681e-05 0.00020035 0.00020035 0.00473764 0.00494811 0.00501948 0.0299731 0.0178166 0.0226323 0.0326866 0.0405681 0.0464806 0.119048 0.155301 0.157618 0.157087 0.119978 0.0406269 0.0127184 0.00944942 0.00677577 0.00512732 0.00511426 0.0088809 0.0092717 0.0189697 0.0186058 0.022912 0.0105659 0.041352 0.00943566 0.00925218 0.00926257 0.00479323 0.00480739 0.000383889 0.000357703 0.000355736 0.000355736 0 0 0 0 0 0 0 0 0 0 0 0 0 0 0 0 0 0 0 0 0 0 0 0
0 0 0 0 0 0 0 0 0 0 0 0 0 0 0 0 0 0 0 0 0 0 0 0 0 0 0 0 0 0 0 0 0 0 0 0 0 0 0 0 0 0 0 0 0 0 0 0 0 0 0 0 0 0 0 0 0.0024377 0.00472778 0.00484799 0.00475471 0.00482375 0.00483649 0.0047403 0.00476037 0.0113835 0.004918 0.0128919 0.00488675 0.0119491 0.015552 0.0237215 0.0268745 0.0168985 0.0186547 0.012604 0.012604 0.0173863 0.0170704 0.0587263 0.0170606 0.0221571 0.0111994 0.0187758 0.0369082 0.0278904 0.0217667 0.00503776 0.00481 0.000247654 0 0 0 0 0 0 0 5.30681e-05 5.30681e-05 5.30681e-05 5.30681e-05 0.00432558 0.00490931 0.00506054 0.0113161 0.0163741 0.0209038 0.0327122 0.0708363 0.379883 0.569864 0.608076 0.608167 0.608059 0.569842 0.379682 0.160986 0.0212927 0.0102777 0.00673034 0.00512139 0.00510164 0.0173988 0.00635022 0.00522537 0.011076 0.0181672 0.0188719 0.00893168 0.00921835 0.00522465 0.00488904 0.00480264 0.00101436 0.00101436 0.000355736 0.000355736 0 0 0 0 0 0 0 0 0 0 0 0 0 0 0 0 0 0 0 0 0 0 0 0
0 0 0 0 0 0 0 0 0 0 0 0 0 0 0 0 0 0 0 0 0 0 0 0 0 0 0 0 0 0 0 0 0 0 0 0 0 0 0 0 0 0 0 0 0 0 0 0 0 0 0 0 0 0 0 0 0.00281872 0.00472853 0.00473156 0.00473216 0.00666488 0.0126843 0.00649104 0.00473666 0.00540605 0.00486065 0.00489823 0.0100705 0.0119491 0.0165752 0.0237215 0.0274661 0.0196279 0.0188315 0.0183275 0.0233013 0.0351235 0.0566144 0.0150621 0.0296558 0.0179291 0.0149274 0.0205922 0.0318731 0.0290818 0.0188036 0.00512526 0.00499494 0.00475683 0.00181254 0 0 0 0 0 0 5.30681e-05 5.30681e-05 5.30681e-05 5.30681e-05 0.00451602 0.00481444 0.0124226 0.00627253 0.0114905 0.0255407 0.0733143 0.418274 0.608232 0.609113 0.609199 0.609199 0.609199 0.609485 0.608215 0.418234 0.179076 0.0204384 0.00912933 0.00525039 0.00503996 0.00867822 0.00511781 0.00517036 0.00517379 0.00949906 0.0205982 0.0113216 0.00941943 0.00512398 0.00504721 0.00495329 0.00396707 0.00101436 0.000355736 0.000355736 0 0 0 0 0 0 0 0 0 0 0 0 0 0 0 0 0 0 0 0 1.68009e-06 0.00337011 0.000912148 0
0 0 0 0 0 0 0 0 0 0 0 0 0 0 0 0 0 0 0 0 0 0 0 0 0 0 0 0 0 0 0 0 0 0 0 0 0 0 0 0 0 0 0 0 0 0 0 0 0 0 0 0 0 0 0 6.61284e-05 0.00472801 0.00473005 0.0047321 0.0052089 0.00619524 0.0077822 0.00519589 0.00491846 0.00476957 0.00487759 0.00521921 0.00697451 0.00663958 0.00984711 0.0162047 0.0203702 0.0226593 0.01249 0.0252979 0.0414172 0.0614931 0.0822805 0.0566465 0.0456698 0.0229105 0.0185084 0.0302445 0.0349755 0.0220458 0.022201 0.00766233 0.00516968 0.00497461 0.00487014 0.00478443 0.00479207 0.00489361 0.00488633 0.00485563 0.00482751 0.00485189 0.0048222 0.00489787 0.00492467 0.00563003 0.0134865 0.0429668 0.0193698 0.0200612 0.0348657 0.379742 0.608212 0.609675 0.609536 0.609199 0.609199 0.609221 0.609725 0.609478 0.608211 0.379463 0.142803 0.012508 0.00558557 0.00495607 0.00500745 0.00873392 0.0174261 0.00729463 0.00878584 0.00904308 0.0180285 0.0112915 0.0181557 0.00900306 0.0176713 0.00524036 0.00484914 0.0048383 0.00483963 0.00480506 0.00481832 0.00475724 0.00475723 0.00154572 0.00154572 0.00154572 0.00154572 0 0 0 0 0 0 5.14609e-05 5.14609e-05 0 0 0.00130026 0.00214966 0.00472895 0.00482258 0.00472894 0
0 0 0 0 0 0 0 0 0 0 0 0 0 0 0 0 0 0 0 0 0 0 0 0 0 0 0 0 0 0 0 0 0 0 0 0 0 0 0 0 0 0 0 0 0 0 0 0 0 0 0 0 0 0 0 6.2964e-05 0.00472795 0.00473006 0.00473139 0.00473309 0.00619524 0.00619524 0.00504957 0.00491846 0.0047331 0.00475919 0.00518852 0.00621522 0.00676276 0.0107015 0.0162047 0.0162047 0.018567 0.0196682 0.0309736 0.0463187 0.0721435 0.0705789 0.0602785 0.0496063 0.0467404 0.0390253 0.0225394 0.0283343 0.0248651 0.0222075 0.0124891 0.00544147 0.00508151 0.0049967 0.00498351 0.0049846 0.00502287 0.00503315 0.00507776 0.00508208 0.00506951 0.00505106 0.00524554 0.00997647 0.0172584 0.0324506 0.0475123 0.0547344 0.0816177 0.129277 0.569818 0.609107 0.609536 0.609536 0.609222 0.609199 0.609221 0.609787 0.609709 0.608924 0.494283 0.224386 0.087652 0.00573123 0.00489219 0.00496585 0.00503038 0.00852787 0.00530086 0.00877054 0.00890782 0.00939737 0.00939308 0.0184128 0.0181705 0.0182469 0.00883204 0.00893398 0.00500574 0.0050414 0.00497729 0.0049928 0.0049293 0.00492926 0.00158044 0.00154572 0.00154572 0.00154572 0 0 0 0 0 0 5.26332e-05 0.000103548 0 0 0.00130026 0.00472693 0.00481758 0.00473393 0.00473077 2.37306e-06
0 0 0 0 0 0 0 0 0 0 0 0 0 0 0 0 0 0 0 0 0 0 0 0 0 0 0 0 0 0 0 0 0 0 0 0 0 0 0 0 0 0 0 0 0 0 0 0 0 0 0 0 0 0 0 0 0.00162456 0.00473025 0.00473179 0.00473199 0.00474555 0.00513814 0.00479796 0.00474682 0.00526688 0.00538004 0.00736043 0.00560242 0.00813117 0.00994311 0.0138309 0.0149141 0.0209355 0.0238066 0.0311674 0.0432101 0.0554887 0.0683198 0.0661532 0.058717 0.0550332 0.0383202 0.0256075 0.0354831 0.0330135 0.034192 0.0303353 0.0237521 0.0147407 0.0117021 0.012528 0.0140358 0.0161251 0.0175587 0.0205901 0.0225466 0.0268106 0.0334228 0.0420996 0.0593725 0.0716394 0.073355 0.0602299 0.0662996 0.0961612 0.163613 0.608012 0.609354 0.609252 0.609244 0.609203 0.609199 0.609199 0.609412 0.609634 0.609588 0.607835 0.254423 0.114691 0.00830745 0.00911186 0.00492444 0.00498215 0.0177549 0.0086626 0.0175059 0.00912445 0.0175102 0.00942381 0.0176426 0.00945027 0.0180701 0.00924929 0.00589914 0.00514224 0.00510743 0.0050151 0.00502538 0.0086022 0.00493544 0.00392311 0.00392311 0.00154572 0.00154572 0 0 0 0 0 0 0.00476792 0.00476792 0.00139647 0.00136454 0 0.00474769 0.00513382 0.00473734 0.00473063 0
0 0 0 0 0 0 0 0 0 0 0 0 0 0 0 0 0 0 0 0 0 0 0 0 0 0 0 0 0 0 0 0 0 0 0 0 0 0 0 0 0 0 0 0 0 0 0 0 0 0 0 0 0 0 0 0 0.000234289 0.00472923 0.00473006 0.00473208 0.00473355 0.0047327 0.00473895 0.00473968 0.00526726 0.00532183 0.00577184 0.00560242 0.00813117 0.00995169 0.0138309 0.0152251 0.0209603 0.0247362 0.0343888 0.0615985 0.067231 0.0893846 0.0695329 0.069145 0.0576546 0.0250462 0.0239291 0.0322506 0.0356389 0.0396156 0.0457185 0.0484212 0.0538449 0.0520622 0.0452467 0.0440079 0.0447258 0.0440073 0.0467029 0.0444663 0.0423661 0.0468243 0.0448331 0.0517941 0.0453055 0.0346512 0.0348792 0.0437888 0.0682712 0.161464 0.608103 0.609878 0.609412 0.609277 0.609199 0.609199 0.609315 0.609414 0.609634 0.609588 0.607835 0.259066 0.117767 0.00906966 0.0090171 0.00496027 0.00500094 0.0177024 0.00839246 0.0087067 0.00564734 0.00875463 0.00596498 0.0178248 0.00871389 0.0183117 0.0112657 0.0104426 0.0175216 0.005128 0.0171965 0.00899315 0.00904846 0.00895085 0.00488467 0.00392311 0.00154572 0.00154572 0 0 0 0 0 0 0.00475376 0.00475376 0.00139656 0.00194302 0.000800449 0.00475482 0.00930257 0.00805742 0.00473687 3.16582e-06
0 0 0 0 0 0 0 0 0 0 0 0 0 0 0 0 0 0 0 0 0 0 0 0 0 0 0 0 0 0 0 0 0 0 0 0 0 0 0 0 0 0 0 0 0 0 0 0 0 0 0 0 0 0 0 0 0 0.00170122 0.0047299 0.00473221 0.0047317 0.00473122 0.00473106 0.00473166 0.00490914 0.00490864 0.00698351 0.00698495 0.0104753 0.0107297 0.014042 0.0158283 0.0179416 0.0252282 0.0308572 0.0439055 0.052403 0.056837 0.0488716 0.0559565 0.036899 0.0268612 0.0107942 0.0136046 0.0182787 0.0180823 0.0232363 0.0302152 0.0368724 0.0380589 0.0412609 0.0390258 0.0362729 0.0355916 0.0317404 0.0287036 0.0254257 0.0285489 0.0289275 0.0350662 0.0308605 0.0282521 0.0341731 0.0467689 0.0669305 0.167236 0.607847 0.609599 0.609551 0.609551 0.609199 0.609199 0.60965 0.60965 0.609482 0.608924 0.494283 0.239781 0.106147 0.00740268 0.00490143 0.0049201 0.00498006 0.00503214 0.00507455 0.00875159 0.00524661 0.0172559 0.00763794 0.00834299 0.00569997 0.00532367 0.00927987 0.015883 0.0179176 0.0181301 0.00671469 0.0175061 0.00514837 0.00500527 0.00484821 0.00481133 0.00339177 0.00339177 0 0 0 0 0 0 0.00476556 0.00485745 0.00482052 0.00928259 0.00484145 0.00486577 0.0157422 0.013494 0.00715853 0
0 0 0 0 0 0 0 0 0 0 0 0 0 0 0 0 0 0 0 0 0 0 0 0 0 0 0 0 0 0 0 0 0 0 0 0 0 0 0 0 0 0 0 0 0 0 0 0 0 0 0 0 0 0 0 0 0 0.000365581 0.00472877 0.00473063 0.00473154 0.00473876 0.00473264 0.00473147 0.00490864 0.00491331 0.00699019 0.0074084 0.0104753 0.0117119 0.0165779 0.0125827 0.0160086 0.0220382 0.0251002 0.0278988 0.0327269 0.0337266 0.0370956 0.0406264 0.0102871 0.0161975 0.00678772 0.00734972 0.0180261 0.00764233 0.0174442 0.0170397 0.0221694 0.027177 0.0330559 0.0343225 0.0321652 0.0268114 0.0185566 0.017898 0.0179472 0.0194119 0.021515 0.0321464 0.0309475 0.0371778 0.0346864 0.0431409 0.0536058 0.0949293 0.493909 0.608842 0.609551 0.609551 0.609199 0.609199 0.60965 0.60976 0.609526 0.608386 0.379463 0.198059 0.0807567 0.00506005 0.00487879 0.00495029 0.0088016 0.00919995 0.00573032 0.00883953 0.00560151 0.00857449 0.00593362 0.00845235 0.00578662 0.00529663 0.10511 0.0610037 0.0186306 0.00914242 0.0175404 0.0181317 0.00871144 0.00889815 0.0173746 0.00513396 0.00486654 0.00339177 0 0 0 0 0 0 0.00475531 0.00492798 0.00486141 0.00918822 0.00496431 0.00485172 0.0301164 0.0217339 0.0101589 4.10801e-06
0 0 0 0 0 0 0 0 0 0 0 0 0 0 0 0 0 0 0 0 0 0 0 0 0 0 0 0 0 0 0 0 0 0 0 0 0 0 0 0 0 0 0 0 0 0 0 0 0 0 0 0 0 0 0 0 0 0 0.00464898 0.00473006 0.00473198 0.00478912 0.00633702 0.00635225 0.00962718 0.00974689 0.0097648 0.0097648 0.0104753 0.0104753 0.0117559 0.0117559 0.0137933 0.016083 0.0179074 0.0206246 0.0222908 0.0248466 0.0345725 0.0480947 0.0162341 0.00697631 0.00625631 0.00654082 0.00633307 0.00909875 0.0179629 0.00879444 0.0184546 0.00975606 0.0183609 0.0218575 0.0231421 0.0228364 0.0230363 0.0218143 0.0239704 0.0229581 0.0223457 0.0282028 0.0262992 0.0244584 0.0183536 0.0234162 0.0381617 0.0797365 0.194044 0.569594 0.609023 0.609199 0.609199 0.609199 0.609682 0.609453 0.608486 0.493731 0.245984 0.111391 0.0101654 0.00496239 0.00494368 0.00500748 0.00505258 0.0170402 0.00699588 0.016962 0.00796635 0.0168481 0.0076243 0.0082917 0.0054409 0.00531953 0.0107404 0.0113929 0.0182513 0.0177533 0.00674195 0.0177191 0.00762183 0.00655295 0.00650533 0.004985 0.00485504 0.00483618 0.00109379 0.00109379 0 0 0 0 0.00478463 0.00492122 0.00515527 0.00843861 0.0380487 0.0245771 0.0238905 0.0193545 0.00996261 3.31582e-06
0 0 0 0 0 0 0 0 0 0 0 0 0 0 0 0 0 0 0 0 0 0 0 0 0 0 0 0 0 0 0 0 0 0 0 0 0 0 0 0 0 0 0 0 0 0 0 0 0 0 0 0 0 0 0 0 0 0 0.00333204 0.00473004 0.00473178 0.00473162 0.00633196 0.00643704 0.00963122 0.00962718 0.0097648 0.0097648 0.0104753 0.0104753 0.0117559 0.0117559 0.0119777 0.0127219 0.01425 0.0153676 0.0148543 0.0163644 0.0228315 0.0288002 0.0234403 0.0077534 0.00577859 0.00567065 0.00536253 0.00723207 0.0176379 0.00699436 0.0182665 0.00591875 0.0180516 0.00656489 0.0178468 0.0131357 0.0179645 0.0169905 0.0188032 0.0188032 0.0185982 0.0205843 0.0185552 0.0195492 0.0233873 0.0393704 0.0549625 0.0719345 0.0857316 0.195141 0.569428 0.608248 0.608849 0.608849 0.608849 0.607865 0.418386 0.24888 0.123803 0.0141845 0.00691158 0.00500298 0.00502428 0.00507717 0.00512393 0.017448 0.00856472 0.0173315 0.00843598 0.0085229 0.00583613 0.00851695 0.00579495 0.00531551 0.00603607 0.00754779 0.0187052 0.0182092 0.0176129 0.018313 0.00681725 0.00567463 0.00500394 0.00498007 0.00495513 0.00497077 0.00138442 0.00109379 9.03024e-06 3.50354e-06 2.87217e-06 1.59022e-06 0.00473517 0.00482925 0.0048434 0.00484838 0.00480345 0.0231661 0.0220703 0.0177082 0.00930077 0
0 0 0 0 0 0 0 0 0 0 0 0 0 0 0 0 0 0 0 0 0 0 0 0 0 0 0 0 0 0 0 0 0 0 0 0 0 0 0 0 0 0 0 0 0 0 0 0 0 0 0 0 0 0 0 0 0 0 0.00221562 0.00472998 0.00473544 0.00473177 0.00532313 0.00579963 0.00811356 0.00811433 0.0102949 0.0102949 0.0132052 0.0132052 0.015327 0.015327 0.0119545 0.0119545 0.0123035 0.00874181 0.00658369 0.0167498 0.0167888 0.0159876 0.0102648 0.00473379 0.00111468 0.000226671 0 0 0 0 0.000109016 0.000143871 0.00474784 0.0047904 0.00938329 0.0185955 0.00936748 0.0185693 0.00944965 0.0124432 0.0146052 0.0164638 0.0192946 0.023822 0.029589 0.0430969 0.0555158 0.0577921 0.053181 0.068896 0.118412 0.245108 0.454953 0.45543 0.454953 0.259882 0.174503 0.101119 0.0126035 0.00691889 0.00504169 0.00871749 0.00509209 0.00514476 0.00519071 0.0169998 0.0063315 0.00820516 0.0168157 0.0165105 0.00669406 0.0155652 0.00736044 0.0054074 0.00913552 0.00968378 0.00680222 0.00877855 0.00740689 0.00886962 0.0100233 0.00946802 0.0085367 0.00532098 0.00490886 0.00494449 0.00482739 0.00481682 0.00478792 0.00480278 0.00483865 0.00477181 0.00868844 0.00472973 0.00472891 0.00480282 0.00488646 0.0315172 0.0232787 0.016075 0.00764914 2.55071e-06
0 0 0 0 0 0 0 0 0 0 0 0 0 0 0 0 0 0 0 0 0 0 0 0 0 0 0 0 0 0 0 0 0 0 0 0 0 0 0 0 0 0 0 0 0 0 0 0 0 0 0 0 0 0 0 0 0 0 0.00141521 0.00472919 0.00473245 0.00584196 0.00532313 0.00559058 0.00811048 0.00811326 0.0102949 0.0102949 0.0132052 0.0132052 0.015327 0.0153579 0.0131156 0.0133885 0.0102802 0.0047608 0.00475025 0.00478321 0.00476996 0.00476494 0.0047315 9.28334e-06 0 0 0 0 0 0 0.000109016 0.000109016 0.00347652 0.00347652 0.00477227 0.00922487 0.0126003 0.0217179 0.00867444 0.0106585 0.0135575 0.0171357 0.0231088 0.0277972 0.0330235 0.0413439 0.0478536 0.0478536 0.0360413 0.0383642 0.037695 0.0316917 0.0417548 0.0464173 0.040226 0.0255164 0.0134922 0.00705213 0.0057821 0.00502714 0.00504404 0.00900878 0.00866433 0.00902417 0.00830542 0.0175914 0.00815025 0.00869725 0.0170581 0.0171978 0.00831677 0.0163827 0.00901614 0.0067827 0.00555635 0.00867551 0.00664135 0.00896156 0.0091729 0.0383709 0.0470695 0.0393925 0.0805567 0.0206981 0.0235286 0.0194666 0.00478498 0.00478727 0.00484206 0.00854653 0.0379836 0.0291013 0.022527 0.005424 0.00494772 0.00482027 0.0346326 0.0292458 0.0242005 0.0176984 0.00917058 0
0 0 0 0 0 0 0 0 0 0 0 0 0 0 0 0 0 0 0 0 0 0 0 0 0 0 0 0 0 0 0 0 0 0 0 0 0 0 0 0 0 0 0 0 0 0 0 0 0 0 0 0 0 0 0 0 0 0 0 0.00330669 0.0047287 0.00473282 0.00473266 0.00523687 0.00658556 0.0065961 0.00789922 0.00789922 0.0132052 0.0132052 0.0162458 0.0163147 0.0228159 0.0228308 0.0227519 0.0150856 0.00483332 0.0048886 0.00479525 1.26143e-05 1.85077e-06 0 0 0 0 0 0 0 0 0 0 0 0.0012676 0.00348587 0.00515336 0.0139339 0.0169553 0.0417812 0.013197 0.0155737 0.0199193 0.026962 0.0309642 0.035548 0.0344185 0.0325839 0.0263782 0.0231904 0.0197408 0.0187631 0.0234945 0.0252294 0.0231803 0.0155006 0.00747604 0.0049837 0.00499666 0.00504167 0.00511563 0.00863105 0.00522085 0.0168967 0.00826103 0.0160403 0.016812 0.0159926 0.0171867 0.00821226 0.00556904 0.0163146 0.00803128 0.0156783 0.00711944 0.0169851 0.00801901 0.00603803 0.00612108 0.0105489 0.0450625 0.0307586 0.110186 0.125757 0.0634259 0.18946 0.0267969 0.00482723 0.011432 0.0461954 0.008988 0.0247371 0.05884 0.0255227 0.00778222 0.0047671 0.0292361 0.0264461 0.0252741 0.0181672 0.0110481 4.43504e-06
0 0 0 0 0 0 0 0 0 0 0 0 0 0 0 0 0 0 0 0 0 0 0 0 0 0 0 0 0 0 0 0 0 0 0 0 0 0 0 0 0 0 0 0 0 0 0 0 0 0 0 0 0 0 0 0 0 0 0 0 0.00355521 0.00472899 0.00473194 0.00473382 0.00657559 0.00658315 0.00789922 0.00789922 0.0132052 0.0132052 0.0162458 0.0163124 0.0228159 0.0233603 0.0148541 0.0231161 0.00483626 0.00473839 0.00117018 0 0 0 0 0 0 0 0 0 0 0 0 0 0.0012676 0.00158453 0.00575402 0.0174084 0.129544 0.20495 0.121497 0.0173483 0.0181956 0.0196392 0.0219071 0.0246367 0.0244616 0.0225427 0.0194363 0.0166829 0.0137245 0.0138739 0.0167073 0.017551 0.0171063 0.0119488 0.00523863 0.00501578 0.00505225 0.00511121 0.00865576 0.00899391 0.00526472 0.0176863 0.00878704 0.0171639 0.0177876 0.0170555 0.0174877 0.00856298 0.00586114 0.0170491 0.00835509 0.00798696 0.00594634 0.00856853 0.00594982 0.00656676 0.00930428 0.0105395 0.0703667 0.0919817 0.0851231 0.0859108 0.0745587 0.128563 0.131806 0.0248129 0.0163455 0.0245162 0.0585835 0.0506765 0.0400232 0.0047624 0.00477167 0.00490394 0.0389217 0.0289084 0.0282947 0.0221474 0.0117201 0
0 0 0 0 0 0 0 0 0 0 0 0 0 0 0 0 0 0 0 0 0 0 0 0 0 0 0 0 0 0 0 0 0 0 0 0 0 0 0 0 0 0 0 0 0 0 0 0 0 0 0 0 0 0 0 0 0 0 0 0 0 0.00324066 0.00472872 0.00473165 0.00487022 0.00526881 0.00738881 0.00738881 0.0112239 0.0112239 0.0130328 0.0130168 0.013384 0.0133897 0.0257764 0.0242168 0.00486371 0.00475433 0 0 0 0 0 0 0 0 0 0 0 0 0 0 0.000602748 0.00105697 0.00698814 0.0313462 0.172696 0.155332 0.153881 0.116539 0.0894719 0.0449314 0.0196098 0.0196219 0.0183308 0.0167199 0.0143587 0.0127133 0.0105406 0.0111878 0.0171059 0.0173981 0.013448 0.0101216 0.00505817 0.0050858 0.00868639 0.00861877 0.00823442 0.0088699 0.00865779 0.00621363 0.00570643 0.0082795 0.00616465 0.0157984 0.00642851 0.00580134 0.00552229 0.00762513 0.00588078 0.00802563 0.0054489 0.0165078 0.00766153 0.017859 0.00671254 0.00651172 0.0580603 0.072238 0.0692409 0.0716878 0.0782549 0.0916957 0.0908233 0.0652343 0.0295534 0.0235452 0.0719703 0.0440201 0.00905217 0.0303805 0.0149705 0.0495193 0.0355511 0.0216549 0.0335044 0.0275008 0.0130938 5.96947e-06
0 0 0 0 0 0 0 0 0 0 0 0 0 0 0 0 0 0 0 0 0 0 0 0 0 0 0 0 0 0 0 0 0 0 0 0 0 0 0 0 0 0 0 0 0 0 0 0 0 0 0 0 0 0 0 0 0 0 0 0 0 0 0.00429944 0.00473002 0.00486418 0.00487914 0.00738881 0.00738881 0.0112239 0.0112239 0.0130033 0.0130187 0.0161243 0.0204798 0.0144179 0.012288 0.00474934 0.000608654 0 0 0 0 0 0 0 0 0 0 0 0 0 0 0.000602748 0.00135402 0.00705342 0.0473018 0.185262 0.109164 0.0978722 0.0848082 0.0752507 0.0879414 0.0504402 0.0244974 0.0195417 0.0158829 0.0167918 0.0114103 0.0167512 0.00943349 0.0179571 0.0183338 0.0109279 0.00903722 0.00859983 0.00867921 0.00904352 0.00909749 0.00852454 0.00895047 0.00897791 0.00867485 0.0083954 0.00883342 0.007695 0.01695 0.0080405 0.00571113 0.00759924 0.00843268 0.00571034 0.00833295 0.00580438 0.0170453 0.00915401 0.0089544 0.00639827 0.00504653 0.00845495 0.0598445 0.0535503 0.0709838 0.0840987 0.0787912 0.0717446 0.0564982 0.0456657 0.0507103 0.0475874 0.0162913 0.0315121 0.0562942 0.129832 0.0829568 0.0432793 0.0102389 0.0457254 0.032545 0.0167933 0
0 0 0 0 0 0 0 0 0 0 0 0 0 0 0 0 0 0 0 0 0 0 0 0 0 0 0 0 0 0 0 0 0 0 0 0 0 0 0 0 0 0 0 0 0 0 0 0 0 0 0 0 0 0 0 0 0 0 0 0 0 0 0.000674261 0.0047287 0.00473202 0.00473367 0.00707395 0.00707641 0.011317 0.0113781 0.0152667 0.0153302 0.0204681 0.0241378 0.00479846 0.00473359 0.000273171 0 0 0 0 0 0 0 0 0 0 0 0 0 0 0 0.000493024 0.00170824 0.00687454 0.0239585 0.0629397 0.0679034 0.0474994 0.0465587 0.0426108 0.0485778 0.0156712 0.0192335 0.0166394 0.0148712 0.0117083 0.0115014 0.00892187 0.00817687 0.00936072 0.00964484 0.00912175 0.00878477 0.0051928 0.00546178 0.00522237 0.00562272 0.00795354 0.0167318 0.00542982 0.0054492 0.0054682 0.00568924 0.00551468 0.00655443 0.00631324 0.00548739 0.0169578 0.00909997 0.00838681 0.0161939 0.00688476 0.0173786 0.00871496 0.00911997 0.00705673 0.00531813 0.00507355 0.00877301 0.0238383 0.0466015 0.112317 0.0823027 0.0649602 0.052435 0.0472097 0.0498069 0.0472853 0.0331578 0.0372948 0.0445238 0.0784302 0.0638885 0.0497224 0.0547758 0.0515401 0.0350627 0.0176943 9.04469e-06
0 0 0 0 0 0 0 0 0 0 0 0 0 0 0 0 0 0 0 0 0 0 0 0 0 0 0 0 0 0 0 0 0 0 0 0 0 0 0 0 0 0 0 0 0 0 0 0 0 0 0 0 0 0 0 0 0 0 0 0 0 0 0 0.00293048 0.00472988 0.00473312 0.00707395 0.00707395 0.011317 0.0113436 0.0152667 0.0154215 0.0239078 0.017741 0.0048189 0.0047572 0 0 0 0 0 0 0 0 0 0 0 0 0 0 0 0 0.000493024 0.000493024 0.00475079 0.0107521 0.0304359 0.0497159 0.026697 0.0148599 0.0140158 0.0143942 0.0156712 0.0165757 0.0148712 0.0148712 0.0172949 0.0111854 0.0167611 0.00862489 0.0089367 0.00906878 0.0176518 0.00926337 0.00520488 0.00525647 0.00838869 0.00856491 0.0160107 0.0178679 0.00629754 0.00542723 0.00765885 0.00822064 0.00796271 0.00851641 0.0080155 0.00857314 0.0182841 0.00870177 0.00865756 0.0171228 0.00826982 0.0180681 0.00954626 0.00891953 0.00681611 0.00572837 0.00525406 0.0289781 0.0666417 0.0088764 0.0600312 0.0560917 0.0505938 0.0378765 0.046271 0.0582422 0.0578985 0.048421 0.0440291 0.0457032 0.0544675 0.0499357 0.0439023 0.0351788 0.00547007 0.0215947 0.013049 5.44816e-06
0 0 0 0 0 0 0 0 0 0 0 0 0 0 0 0 0 0 0 0 0 0 0 0 0 0 0 0 0 0 0 0 0 0 0 0 0 0 0 0 0 0 0 0 0 0 0 0 0 0 0 0 0 0 0 0 0 0 0 0 0 0 0 0.000754636 0.00472862 0.00473236 0.00547274 0.00635534 0.00914269 0.00926645 0.0127017 0.0129263 0.0183592 0.00541719 0.00480083 0.00473578 0.000714715 0 0 0 0 0 0 0 0 0 0 0 0 0 0 0 0 0 0.00265396 0.00513878 0.0177318 0.0398355 0.0584698 0.0122417 0.0171226 0.0124773 0.0149611 0.0163334 0.0136414 0.0132823 0.0103134 0.010063 0.00813984 0.00718176 0.00798358 0.00786347 0.00950654 0.00820315 0.00525349 0.00542791 0.00894271 0.0170466 0.00881295 0.0169671 0.0068018 0.0167452 0.00574819 0.0167458 0.00596055 0.0170111 0.0087242 0.0160062 0.00909748 0.0176608 0.00910021 0.0173145 0.00910293 0.0178062 0.00913465 0.0178538 0.0090911 0.0170538 0.00879724 0.0106404 0.0114676 0.00602933 0.00627195 0.00757018 0.00870219 0.0106172 0.0424836 0.0766595 0.0776698 0.060914 0.0452455 0.0408911 0.0437199 0.0438156 0.039724 0.0312058 0.00488328 0.013758 0.0104238 0
0 0 0 0 0 0 0 0 0 0 0 0 0 0 0 0 0 0 0 0 0 0 0 0 0 0 0 0 0 0 0 0 0 0 0 0 0 0 0 0 0 0 0 0 0 0 0 0 0 0 0 0 0 0 0 0 0 0 0 0 0 0 0 0 0.00320842 0.00473059 0.0054717 0.00577979 0.00914155 0.00914629 0.0127017 0.0127521 0.0155045 0.0080268 0.00478957 0.00473617 0 0 0 0 0 0 0 0 0 0 0 0 0 0 0 0 0 0 0.00265396 0.00482877 0.0120955 0.0408515 0.0313545 0.0112864 0.0111666 0.0117048 0.0149611 0.0149611 0.0132823 0.0132823 0.010063 0.010063 0.0172051 0.00843578 0.0174912 0.0088175 0.0173733 0.00887976 0.0172173 0.0089511 0.0169119 0.0182049 0.00910658 0.0180477 0.0169598 0.0176771 0.00871965 0.017708 0.00863508 0.0177422 0.00936968 0.0170148 0.0181164 0.0183078 0.0183897 0.0176818 0.0176211 0.0180791 0.00928414 0.0167812 0.00931792 0.0174772 0.0088533 0.00726018 0.00593492 0.00606223 0.0051384 0.0059661 0.00686319 0.01144 0.0139451 0.0296485 0.113389 0.0644634 0.0430011 0.0436032 0.0363592 0.0401838 0.0391536 0.0373089 0.0427268 0.0287355 0.01438 6.45446e-06
0 0 0 0 0 0 0 0 0 0 0 0 0 0 0 0 0 0 0 0 0 0 0 0 0 0 0 0 0 0 0 0 0 0 0 0 0 0 0 0 0 0 0 0 0 0 0 0 0 0 0 0 0 0 0 0 0 0 0 0 0 0 0 0 0.000146253 0.00472843 0.00473143 0.00473359 0.0053818 0.00684175 0.00842782 0.0065236 0.00476055 0.00477394 0.00478764 0.0047364 0.000410355 0 0 0 0 0 0 0 0 0 0 0 0 0 0 0 0 0 0 0.00161041 0.00736942 0.0399607 0.0452553 0.00935994 0.0101119 0.0109523 0.0142278 0.01874 0.0215252 0.0343993 0.0179762 0.0113955 0.00715543 0.00549547 0.00812398 0.00660645 0.00942206 0.00792498 0.00812036 0.00587145 0.00770198 0.00872874 0.00657145 0.00839824 0.00674565 0.00681343 0.00613973 0.00652459 0.00720408 0.00634676 0.0059384 0.0069323 0.00761401 0.0108655 0.00682598 0.00639397 0.00561664 0.00559454 0.00547096 0.0056362 0.00646942 0.00715409 0.00697941 0.00592331 0.0065014 0.00590079 0.00581288 0.0064219 0.00509199 0.00586472 0.00527693 0.00629184 0.0723086 0.0593343 0.00736107 0.0213886 0.0368526 0.0396629 0.0396318 0.0367402 0.0356881 0.0273865 0.0144322 0
0 0 0 0 0 0 0 0 0 0 0 0 0 0 0 0 0 0 0 0 0 0 0 0 0 0 0 0 0 0 0 0 0 0 0 0 0 0 0 0 0 0 0 0 0 0 0 0 0 0 0 0 0 0 0 0 0 0 0 0 0 0 0 0 0 0.000378087 0.00472854 0.0047295 0.00473204 0.00473426 0.00558813 0.00473211 0.000122393 0.0018218 0.00472677 0.00135189 0 0 0 0 0 0 0 0 0 0 0 0 0 0 0 0 0 0 0.000917125 0.0047564 0.00537694 0.0213805 0.0364658 0.0084802 0.00909947 0.00963666 0.0110144 0.0217427 0.0167627 0.0228926 0.0151237 0.00888825 0.00603371 0.00522709 0.00689962 0.00645274 0.0092711 0.0103647 0.00661557 0.00533971 0.00589629 0.00574747 0.00630401 0.00691435 0.00552761 0.00523107 0.00526714 0.00525396 0.0052517 0.00523926 0.00522189 0.00525866 0.00533592 0.00558649 0.0054087 0.00510973 0.00519191 0.00540165 0.0055216 0.00562345 0.00576787 0.00635572 0.00642447 0.00573491 0.00539233 0.00561584 0.00507267 0.00508307 0.00511568 0.00510336 0.00503893 0.00504722 0.0182239 0.0162521 0.057427 0.0110026 0.0556374 0.0424299 0.0400824 0.0353631 0.0323622 0.0254722 0.0130739 5.55999e-06
0 0 0 0 0 0 0 0 0 0 0 0 0 0 0 0 0 0 0 0 0 0 0 0 0 0 0 0 0 0 0 0 0 0 0 0 0 0 0 0 0 0 0 0 0 0 0 0 0 0 0 0 0 0 0 0 0 0 0 0 0 0 0 0 0 0 0.000230204 0.00410553 0.00472829 0.00473063 0.00473032 0.00472691 0.000118781 0 0.00112732 0 0 0 0 0 0 0 0 0 0 0 0 0 0.00197887 0.00198442 0.00474558 0.00475497 0.00475845 0.00921903 0.00476238 0.00486447 0.00689442 0.0269092 0.0362386 0.00813988 0.00844529 0.00886535 0.00846016 0.0233628 0.01893 0.0116678 0.0105735 0.0160453 0.00623754 0.00514495 0.00609604 0.00622209 0.00967804 0.0103526 0.00569693 0.00517606 0.00514995 0.00519963 0.00521542 0.00522224 0.00564131 0.00515126 0.00520476 0.00518608 0.00524287 0.00528092 0.00516608 0.00517643 0.0052175 0.00518276 0.00516615 0.0051471 0.00508123 0.00501941 0.00508764 0.00503628 0.00502191 0.00497806 0.00494697 0.00492605 0.00488669 0.00484196 0.00103159 0.00472704 0.00472653 0.00472609 0.00266064 6.23905e-05 0.00472593 0.00474682 0.0164851 0.00474036 0.00590968 0.0455308 0.0385371 0.0335358 0.029025 0.0232682 0.0111914 0
0 0 0 0 0 0 0 0 0 0 0 0 0 0 0 0 0 0 0 0 0 0 0 0 0 0 0 0 0 0 0 0 0 0 0 0 0 0 0 0 0 0 0 0 0 0 0 0 0 0 0 0 0 0 0 0 0 0 0 0 0 0 0 0 0 0 0 0 0.00149866 0.00332545 0.00372306 0.000147249 0 0 0 0 0 0 0 0 0 0 0 0 0 0 0 0 0.00197887 0.00199296 0.00480807 0.00480276 0.0093083 0.00939821 0.00486052 0.0048641 0.0122508 0.0332002 0.0250135 0.00785991 0.00796201 0.00816818 0.00675932 0.0265216 0.0419884 0.0157107 0.0109638 0.00984616 0.00515409 0.00513443 0.00587669 0.0061954 0.00838806 0.00941074 0.00515414 0.0052021 0.00521647 0.00517494 0.00521804 0.00515425 0.00574764 0.00513219 0.00516627 0.0051907 0.005223 0.00522106 0.00516103 0.00518354 0.00511093 0.00518919 0.00517653 0.00515591 0.0051078 0.00511395 0.00510944 0.00508646 0.00507976 0.00510377 0.00507768 0.00504248 0.00494684 0.00494952 0.00492102 0.00497499 0.00553721 0.00487343 0.00473237 0.0047345 0.000119741 0.00472884 0.00631736 0.00505775 0.00479643 0.0335257 0.0318125 0.0303885 0.0263215 0.022093 0.0111641 4.43439e-06
0 0 0 0 0 0 0 0 0 0 0 0 0 0 0 0 0 0 0 0 0 0 0 0 0 0 0 0 0 0 0 0 0 0 0 0 0 0 0 0 0 0 0 0 0 0 0 0 0 0 0 0 0 0 0 0 0 0 0 0 0 0 0 0 0 0 0 0 0 0 0 0 0 0 0 0 0 0 0 0 0 0.00128549 0.00477355 0.00480255 0.00481598 0.00480772 0.00480613 0.00479406 0.00479792 0.00488869 0.00489323 0.00556471 0.00701031 0.00605671 0.00495463 0.0229645 0.0408407 0.0352198 0.0167839 0.00688772 0.00723988 0.00730341 0.00525849 0.0231516 0.0823372 0.0262721 0.0105799 0.00826083 0.00516653 0.00516418 0.00550499 0.0176229 0.00928284 0.018122 0.00524257 0.0175087 0.0089015 0.0171284 0.00878942 0.0171423 0.00923382 0.0182431 0.00921144 0.00922979 0.00850204 0.0166417 0.0174378 0.0173666 0.00877232 0.0174734 0.0175667 0.0169767 0.00899641 0.0174329 0.00911647 0.0170302 0.00898202 0.00918123 0.00524829 0.0176351 0.00725914 0.0181641 0.00677596 0.00529667 0.0188705 0.00945734 0.00559039 0.00478402 0.0048185 0.00484785 0.00484555 0.00472769 0.00489995 0.0457219 0.0355856 0.0309508 0.0256054 0.020162 0.0105645 0
0 0 0 0 0 0 0 0 0 0 0 0 0 0 0 0 0 0 0 0 0 0 0 0 0 0 0 0 0 0 0 0 0 0 0 0 0 0 0 0 0 0 0 0 0 0 0 0 0 0 0 0 0 0 0 0 0 0 0 0 0 0 0 0 0 0 0 0 0 0 0 0 0 0 0 0 0 0 0 0 0 0.00272474 0.00480993 0.00484382 0.00483548 0.00484495 0.00489805 0.00485103 0.0183798 0.00920951 0.00483792 0.0119829 0.0185135 0.00496474 0.00627691 0.0259461 0.0935965 0.0990776 0.0636955 0.0176825 0.0116251 0.00674937 0.00498939 0.0183207 0.0594441 0.0573504 0.00736304 0.00560462 0.00886814 0.0086866 0.00910287 0.0187505 0.00916631 0.0187207 0.0087957 0.0183641 0.00916412 0.0182461 0.00863208 0.0180974 0.00943075 0.00935524 0.017606 0.00901811 0.00883839 0.0175783 0.0178555 0.0179618 0.00792982 0.0177997 0.0177891 0.017706 0.00915233 0.0178797 0.00860837 0.0176561 0.00898735 0.00884705 0.00564578 0.0179295 0.00900446 0.0183761 0.00860266 0.00781366 0.0188672 0.00933176 0.00544995 0.00486252 0.00491526 0.00490988 0.00495853 0.00486229 0.0048332 0.0400221 0.0317148 0.0258319 0.023598 0.0187483 0.00978632 3.75876e-06
0 0 0 0 0 0 0 0 0 0 0 0 0 0 0 0 0 0 0 0 0 0 0 0 0 0 0 0 0 0 0 0 0 0 0 0 0 0 0 0 0 0 0 0 0 0 0 0 0 0 0 0 0 0 0 0 0 0 0 0 0 0 0 0 0 0 0 0 0 0 0 0 0 0 0.00261766 0.00261766 0.000478188 0 0 0 0.00147135 0.00475565 0.00481926 0.00478767 0.00493592 0.00482816 0.00488036 0.004836 0.0088689 0.00613109 0.00494362 0.0394766 0.00500776 0.00501217 0.0386296 0.0620209 0.0702041 0.0748093 0.0568042 0.0483023 0.0239152 0.0100334 0.0113707 0.0143472 0.0386227 0.0611212 0.0082372 0.00619029 0.00561604 0.0052481 0.00569756 0.0122035 0.00921909 0.0182277 0.00901772 0.010348 0.00866819 0.0172167 0.00590525 0.0170434 0.0183919 0.0177965 0.017374 0.0057062 0.00852691 0.0175349 0.0173968 0.00878336 0.00884819 0.00864884 0.00891109 0.00928004 0.00648213 0.0177289 0.0170858 0.00941383 0.00642761 0.0089758 0.0177428 0.00925455 0.0057552 0.00817516 0.0228722 0.0105449 0.00487851 0.00487844 0.00944323 0.00949555 0.00489374 0.00497165 0.00610822 0.0328672 0.00761138 0.0260923 0.0257369 0.022216 0.0187941 0.0146431 0.0078049 2.63039e-06
0 0 0 0 0 0 0 0 0 0 0 0 0 0 0 0 0 0 0 0 0 0 0 0 0 0 0 0 0 0 0 0 0 0 0 0 0 0 0 0 0 0 0 0 0 0 0 0 0 0 0 0 0 0 0 0 0 0 0 0 0 0 0 0 0 0 0 0 0 0 0 0.000184313 0.00173917 0.00440446 0.00472867 0.00472884 0.00472856 0.00136079 0 0.00181139 0.00473708 0.0047786 0.00476453 0.00475687 0.00480356 0.00683279 0.0190159 0.0187899 0.009281 0.00479928 0.0130369 0.0117623 0.00502679 0.00703346 0.0475151 0.0708568 0.0682908 0.0462479 0.0437862 0.0385786 0.030893 0.0335605 0.0314802 0.0485831 0.0347018 0.0549334 0.0339503 0.00639596 0.00512795 0.0050648 0.0171127 0.0109845 0.00905916 0.0185161 0.0178091 0.00891158 0.00931033 0.0180929 0.00907637 0.0181338 0.0190415 0.0185401 0.0180484 0.00513997 0.00900539 0.0182661 0.0182583 0.00911378 0.00924315 0.008952 0.00569207 0.00512406 0.00867383 0.0181661 0.0174055 0.00883067 0.0179092 0.00926074 0.0180391 0.00920741 0.00920416 0.00928712 0.0308141 0.133673 0.03183 0.00484452 0.00950361 0.00963374 0.00488668 0.0048471 0.00485296 0.00495563 0.0520643 0.0365081 0.0262774 0.0205456 0.0164175 0.0128537 0.00660678 0
0 0 0 0 0 0 0 0 0 0 0 0 0 0 0 0 0 0 0 0 0 0 0 0 0 0 0 0 0 0 0 0 0 0 0 0 0 0 0 0 0 0 0 0 0 0 0 0 0 0 0 0 0 0 0 0 0 0 0 0 0 0 0 0 0 0 0 0 0 8.29588e-05 0.00170075 0.00472835 0.00472912 0.00473069 0.00473206 0.00473235 0.00474428 0.00472852 0.000705858 0.00478226 0.00473879 0.00491898 0.00473024 0.00260601 0.00486099 0.00711056 0.0191102 0.0269886 0.00673343 0.0118201 0.0270513 0.0061007 0.005153 0.0169126 0.0385204 0.0784265 0.0783347 0.0254723 0.0261765 0.0288472 0.0283421 0.0279479 0.0182155 0.0417125 0.0318642 0.027189 0.00944972 0.0170409 0.0135403 0.00565584 0.00917555 0.00914348 0.00517248 0.0177629 0.00918828 0.00936466 0.0178774 0.00915642 0.0176315 0.0088748 0.017707 0.00927476 0.00921148 0.0177224 0.00521884 0.00788928 0.00763292 0.00877203 0.00509194 0.00511782 0.00881692 0.00926464 0.00908837 0.00864573 0.0172804 0.00935672 0.00901049 0.0181172 0.0185143 0.00914347 0.011649 0.0111354 0.0124155 0.0134322 0.0485529 0.00483376 0.00483353 0.00483933 0.00476579 0.00474781 0.000446691 0.00481413 0.0404645 0.033434 0.02561 0.0191192 0.0146831 0.00978772 0.00474316 2.90819e-06
0 0 0 0 0 0 0 0 0 0 0 0 0 0 0 0 0 0 0 0 0 0 0 0 0 0 0 0 0 0 0 0 0 0 0 0 0 0 0 0 0 0 0 0 0 0 0 0 0 0 0 0 0 0 0 0 0 0 0 0 0 0 0 0 0 0 0 0 0.000804795 0.00472807 0.00472962 0.00473155 0.0047319 0.00473527 0.00585194 0.0060875 0.00473837 0.00473024 0.00472607 0.00476516 0.00476618 0.00473311 0.00472907 0.0112091 0.00688305 0.0047667 0.0260428 0.00590801 0.0162625 0.0936392 0.0264214 0.00902873 0.0171557 0.0276268 0.0763521 0.0821573 0.0607616 0.0531246 0.0324087 0.0283349 0.0259752 0.022307 0.0139849 0.076321 0.0815854 0.0124215 0.0184356 0.00538009 0.0188736 0.00505407 0.00890883 0.00891861 0.0050254 0.0183456 0.018621 0.00950515 0.0187764 0.00897091 0.0185735 0.00893457 0.0189584 0.0113287 0.0177473 0.0184708 0.00885491 0.00904728 0.00858244 0.0090908 0.00845448 0.00881365 0.00515645 0.0090092 0.00901109 0.0089 0.0180461 0.00898381 0.00585558 0.0183318 0.0184436 0.00916193 0.00784719 0.0128873 0.00786842 0.00491173 0.00484123 0.00483438 0.00477895 0.00476099 0.00445436 0.00440262 0.00474239 0.00501679 0.034103 0.0284654 0.0237849 0.0170968 0.0123916 0.0079564 0.00473196 0
0 0 0 0 0 0 0 0 0 0 0 0 0 0 0 0 0 0 0 0 0 0 0 0 0 0 0 0 0 0 0 0 0 0 0 0 0 0 0 0 0 0 0 0 0 0 0 0 0 0 0 0 0 0 0 0 0 0 0 0 0 0 0 0 0 0 0 0.000823275 0.00472901 0.00473221 0.00473824 0.0050738 0.00554338 0.00872178 0.0122924 0.0124959 0.00918213 0.0047426 0.00485015 0.00476235 0.00607636 0.00918745 0.0110327 0.00697755 0.0332003 0.0213025 0.0309907 0.0378789 0.0962578 0.0162054 0.00964607 0.0159188 0.0321408 0.0516437 0.0598765 0.0683321 0.0454965 0.0383226 0.0324408 0.0296942 0.0273813 0.0209834 0.00482853 0.0807621 0.382198 0.0797728 0.00497447 0.00497512 0.00810999 0.00605962 0.00825588 0.0188448 0.00567362 0.0177675 0.00926126 0.00980289 0.0107624 0.00623617 0.00938632 0.00666348 0.00905179 0.0172277 0.0122334 0.00857776 0.00528508 0.0060029 0.0180702 0.00574072 0.00877877 0.00931588 0.00528916 0.00551508 0.018032 0.00605406 0.0053528 0.0176801 0.0091228 0.018028 0.00870551 0.0178513 0.00780427 0.00543296 0.00491943 0.00479206 0.00479854 0.00482038 0.00300358 0.00298119 0 0 0.00479504 0.00663828 0.0236062 0.0224944 0.0207057 0.0159806 0.0110072 0.00611275 0.00473143 2.73996e-06
0 0 0 0 0 0 0 0 0 0 0 0 0 0 0 0 0 0 0 0 0 0 0 0 0 0 0 0 0 0 0 0 0 0 0 0 0 0 0 0 0 0 0 0 0 0 0 0 0 0 0 0 0 0 0 0 0 0 0 0 0 0 0 0 0 0 0.000228173 0.00472727 0.00473251 0.00867399 0.00918026 0.00777992 0.00843357 0.0109851 0.0145038 0.0180998 0.0197081 0.0265811 0.0344326 0.00477695 0.0103695 0.033778 0.00552961 0.0147039 0.0211004 0.0307669 0.048666 0.0145251 0.00898776 0.0123938 0.0151787 0.0202145 0.0299615 0.0395611 0.0397583 0.0418553 0.0369982 0.0324622 0.0324272 0.0321989 0.0337172 0.0375447 0.0425947 0.0408739 0.266792 0.124957 0.0129663 0.00494829 0.00490468 0.00668238 0.0109896 0.01919 0.0110889 0.0184134 0.0128336 0.00870227 0.017731 0.00891234 0.0102565 0.00886036 0.00919618 0.0212693 0.0183515 0.0111807 0.0088303 0.0124647 0.018856 0.00880893 0.00508838 0.00523823 0.00881082 0.0091181 0.0182077 0.006265 0.0188408 0.0182112 0.00949457 0.00949912 0.00616295 0.0180694 0.00823002 0.00690801 0.00592963 0.00488791 0.00484954 0.00486061 0.00314066 0.00298119 0 1.45184e-06 0.00480733 0.0210059 0.0199448 0.0190595 0.0177752 0.0146441 0.0101479 0.00553132 0.00473079 0
0 0 0 0 0 0 0 0 0 0 0 0 0 0 0 0 0 0 0 0 0 0 0 0 0 0 0 0 0 0 0 0 0 0 0 0 0 0 0 0 0 0 0 0 0 0 0 0 0 0 0 0 0 0 0 0 0 0 0 0 0 0 0 0 0 0 0.00150012 0.00473727 0.00681208 0.0149942 0.0161448 0.0047487 0.0102903 0.0123496 0.0164159 0.0230692 0.0386661 0.0626377 0.00668764 0.012058 0.00475543 0.00484275 0.0273816 0.0498578 0.101478 0.0235942 0.00479291 0.00638719 0.00479241 0.0237437 0.0218269 0.0178305 0.0237696 0.0227051 0.0260178 0.0276802 0.0296764 0.0299865 0.0295175 0.0340005 0.0448168 0.068125 0.113019 0.0498192 0.127763 0.123919 0.0393519 0.00489544 0.00507737 0.00519812 0.0135443 0.0126943 0.00936543 0.00907435 0.0136694 0.0238284 0.0139878 0.0384829 0.025419 0.0224825 0.0236482 0.0276682 0.0278815 0.0233087 0.0143345 0.012235 0.0178898 0.00586465 0.00867488 0.00915466 0.0176804 0.0180492 0.00693335 0.00667351 0.00574154 0.00633337 0.00561098 0.00884555 0.0185096 0.00678124 0.00654093 0.00899156 0.0113441 0.0096257 0.0185519 0.00485874 0.00479999 0.00479581 0.00473218 0.00474903 0.00473218 0.0100755 0.0157308 0.0157556 0.0141859 0.0114996 0.00833409 0.00480292 0.00473028 2.29118e-06
0 0 0 0 0 0 0 0 0 0 0 0 0 0 0 0 0 0 0 0 0 0 0 0 0 0 0 0 0 0 0 0 0 0 0 0 0 0 0 0 0 0 0 0 0 0 0 0 0 0 0 0 0 0 0 0 0 0 0 0 0 0 0 0 0 0 2.24765e-05 0.00472848 0.0047336 0.00476376 0.00474548 0.00758676 0.0148054 0.0173616 0.01877 0.0219312 0.0635854 0.0116913 0.0165821 0.0347931 0.0199898 0.0368153 0.0359154 0.0194833 0.0680886 0.00927873 0.0110491 0.020883 0.0310118 0.0337249 0.0130193 0.00625981 0.0220903 0.0139914 0.0184161 0.0251505 0.0267974 0.026758 0.0271233 0.0337051 0.0454788 0.0641568 0.100863 0.141364 0.0995104 0.101214 0.096527 0.014691 0.00488 0.00495362 0.0301291 0.0155044 0.0101015 0.00773 0.0268487 0.0186 0.0191232 0.0557714 0.0382341 0.0296514 0.0306934 0.0284588 0.0260933 0.0248508 0.0157738 0.0112749 0.0186538 0.00908503 0.00871022 0.00900345 0.0179695 0.0184266 0.00816392 0.00665114 0.0053177 0.0052474 0.00530874 0.00904634 0.0186543 0.00825958 0.00669169 0.00912636 0.00961588 0.0147173 0.0187287 0.00700708 0.00487316 0.00489002 0.00912126 0.0092667 0.00482192 0.00479148 0.0172955 0.0140367 0.0113836 0.00865795 0.00606465 0.00473315 0.00473035 0
0 0 0 0 0 0 0 0 0 0 0 0 0 0 0 0 0 0 0 0 0 0 0 0 0 0 0 0 0 0 0 0 0 0 0 0 0 0 0 0 0 0 0 0 0 0 0 0 0 0 0 0 0 0 0 0 0 0 0 0 0 0 0 0 0 0 0.000157194 0.00472903 0.00473054 0.00473335 0.00696352 0.0138624 0.0194924 0.0224493 0.0224229 0.0227024 0.0161137 0.00475561 0.0167392 0.00481143 0.0200639 0.0446156 0.0671415 0.0869691 0.0653285 0.0177213 0.0216291 0.025987 0.030602 0.00486139 0.00800079 0.0117339 0.0184851 0.0195 0.0193317 0.0213246 0.0217554 0.0243196 0.0258674 0.0294103 0.0387326 0.0505905 0.0646317 0.0692789 0.0443535 0.112246 0.0855508 0.0470005 0.0310488 0.0186276 0.0180756 0.0331443 0.0269427 0.023217 0.0241248 0.0256472 0.0376635 0.0414325 0.0380815 0.0469746 0.0440435 0.0375172 0.0411683 0.00885146 0.0102982 0.00793666 0.00775266 0.00997816 0.00907403 0.00903602 0.00626828 0.00697865 0.00909344 0.0182244 0.0184608 0.00749117 0.00556129 0.0182966 0.0064801 0.00495863 0.00487889 0.0182829 0.00698779 0.0187315 0.00927582 0.00700952 0.00489267 0.00918789 0.00549494 0.00916411 0.00926626 0.00917523 0.012159 0.0106878 0.00823416 0.00590457 0.00473328 0.00473123 0.00472866 2.7577e-06
0 0 0 0 0 0 0 0 0 0 0 0 0 0 0 0 0 0 0 0 0 0 0 0 0 0 0 0 0 0 0 0 0 0 0 0 0 0 0 0 0 0 0 0 0 0 0 0 0 0 0 0 0 0 0 0 0 0 0 0 0 0 0 0 0 0 0.00152374 0.00472896 0.00473348 0.00628512 0.00999959 0.0148769 0.0234922 0.033385 0.0439667 0.0659155 0.0129391 0.00489029 0.00477655 0.00737085 0.0250143 0.0492512 0.0141907 0.0388851 0.0304354 0.00797956 0.0393587 0.0125354 0.0168472 0.00978877 0.011273 0.0129751 0.0184851 0.0184871 0.0186448 0.0191295 0.0200767 0.0219561 0.021516 0.0248692 0.0304953 0.0369286 0.0381399 0.0415456 0.0973246 0.0996932 0.0642587 0.0409559 0.0328709 0.0191201 0.014991 0.0324182 0.0251528 0.0264642 0.0238584 0.0268068 0.024382 0.0394144 0.0479961 0.0653024 0.0529115 0.0419841 0.0393798 0.0438553 0.0248277 0.0142995 0.0178725 0.00643685 0.0176491 0.00916521 0.00897312 0.00919782 0.018081 0.0153785 0.0188777 0.00931122 0.00791084 0.00936263 0.00915818 0.00930518 0.00938159 0.0184298 0.00920327 0.00761903 0.0190275 0.00705079 0.0092082 0.00938583 0.00646843 0.00910553 0.00918406 0.00918964 0.011266 0.00850828 0.00587358 0.00475433 0.00473153 0.00472899 0.00267293 0
0 0 0 0 0 0 0 0 0 0 0 0 0 0 0 0 0 0 0 0 0 0 0 0 0 0 0 0 0 0 0 0 0 0 0 0 0 0 0 0 0 0 0 0 0 0 0 0 0 0 0 0 0 0 0 0 0 0 0 0 0 0 0 0 0 0 0.00377445 0.00473084 0.00527409 0.00488005 0.00764584 0.0162309 0.028858 0.0439982 0.050383 0.0411734 0.0320649 0.00481777 0.0240797 0.00477427 0.00880333 0.0318385 0.0253123 0.0121195 0.0256388 0.0351245 0.0262433 0.0151966 0.0185918 0.00476324 0.0157741 0.0157741 0.0176255 0.0176262 0.0155593 0.0169571 0.0179423 0.0193775 0.0201979 0.0231299 0.0288585 0.0341437 0.0410269 0.0630771 0.0902633 0.106517 0.0145696 0.0269427 0.029894 0.0270862 0.0197677 0.0276401 0.0245624 0.0227474 0.0347961 0.0397444 0.0116178 0.0346176 0.0544837 0.0493341 0.0487669 0.0489849 0.0394624 0.0393257 0.00495957 0.0124321 0.00760166 0.00503528 0.00650388 0.00557101 0.00920873 0.00927709 0.0060949 0.0220306 0.0139952 0.0183008 0.00815907 0.00644337 0.00490666 0.00530195 0.00580515 0.0184369 0.00944008 0.00611946 0.00948849 0.00806212 0.0092117 0.00483862 0.00943774 0.00479621 0.00476935 0.0048459 0.00878407 0.00630018 0.00473363 0.004732 0.00472838 0.00424388 0 0
0 0 0 0 0 0 0 0 0 0 0 0 0 0 0 0 0 0 0 0 0 0 0 0 0 0 0 0 0 0 0 0 0 0 0 0 0 0 0 0 0 0 0 0 0 0 0 0 0 0 0 0 0 0 0 0 0 0 0 0 0 0 0 0 0 0.000713772 0.00472943 0.00490133 0.0104173 0.00475852 0.00475397 0.0160068 0.0281293 0.00484526 0.00758738 0.00479953 0.0180487 0.00474238 0.00487205 0.026001 0.0474145 0.0357837 0.0280262 0.0308097 0.028862 0.00481801 0.013868 0.0109996 0.0118538 0.00663266 0.0172593 0.0209252 0.0176254 0.0176361 0.0155593 0.0155593 0.0148131 0.0164308 0.0178982 0.0218008 0.0274106 0.0304062 0.0299121 0.0374379 0.0942617 0.0854237 0.0623179 0.0403555 0.0307161 0.0269788 0.024042 0.0200244 0.0211506 0.0217497 0.0292416 0.0330854 0.0123921 0.0142006 0.037966 0.0299195 0.00499941 0.0395917 0.0359238 0.0315144 0.025007 0.014129 0.00546578 0.00496615 0.00522189 0.00497846 0.00494126 0.00495587 0.00493284 0.00920318 0.0182023 0.0185433 0.00900234 0.00644337 0.0049051 0.00491778 0.00485465 0.00943473 0.00943565 0.00943628 0.00701411 0.00686409 0.00935112 0.00677885 0.00943444 0.00480577 0.00476424 0.00485798 0.00495408 0.00473401 0.00473176 0.00472899 0.00431215 0.00276827 0 0
0 0 0 0 0 0 0 0 0 0 0 0 0 0 0 0 0 0 0 0 0 0 0 0 0 0 0 0 0 0 0 0 0 0 0 0 0 0 0 0 0 0 0 0 0 0 0 0 0 0 0 0 0 0 0 0 0 0 0 0 0 0 0 0 0 0.000903938 0.00473033 0.00592951 0.0117345 0.0164932 0.0169818 0.0171134 0.017142 0.0112281 0.0104817 0.013193 0.00475147 0.01043 0.0159845 0.0289821 0.0369568 0.0397931 0.0237902 0.00918894 0.0118488 0.00668812 0.0106152 0.00473977 0.00680058 0.00731657 0.0064737 0.00508314 0.0112937 0.011951 0.0144549 0.0131517 0.0146745 0.0157162 0.0168066 0.0215154 0.0272949 0.0323322 0.0402791 0.0609838 0.0750201 0.0714232 0.0564421 0.0340795 0.0253739 0.0268408 0.0259133 0.0219539 0.0183445 0.0199992 0.0292606 0.0460004 0.0806668 0.056794 0.0438427 0.0361775 0.00478819 0.0204826 0.0259246 0.0285374 0.0252497 0.0219333 0.00479904 0.00620156 0.00911369 0.0186017 0.00920662 0.00494812 0.00481154 0.00481946 0.00492628 0.0123421 0.0118854 0.0058639 0.00481681 0.00477991 0.00944791 0.00944451 0.00656993 0.00478963 0.00497905 0.00599057 0.0189003 0.00943702 0.00484702 0.0047564 0.00480533 0.00477864 0.00480198 0.00473128 0.00472837 0.00398254 0 0 0 0
0 0 0 0 0 0 0 0 0 0 0 0 0 0 0 0 0 0 0 0 0 0 0 0 0 0 0 0 0 0 0 0 0 0 0 0 0 0 0 0 0 0 0 0 0 0 0 0 0 0 0 0 0 0 0 0 0 0 0 0 0 0 0 0 0 0.000433908 0.00473034 0.00520535 0.0105057 0.0155186 0.0152664 0.0101158 0.0137425 0.0145209 0.0173208 0.00476181 0.00850992 0.0174957 0.024773 0.0301947 0.0254504 0.0155414 0.032424 0.0193286 0.00479726 0.00536067 0.0106828 0.00477553 0.00689972 0.00684808 0.00508314 0.00508314 0.011249 0.011249 0.0119419 0.0129989 0.0141873 0.0144303 0.0166799 0.0213395 0.0262359 0.0326358 0.0385359 0.0480515 0.0582977 0.0619094 0.0544019 0.012731 0.0147065 0.0275958 0.0264809 0.0237608 0.0205532 0.0196018 0.025423 0.0384242 0.0589782 0.0322524 0.0528337 0.0463742 0.00636526 0.0140423 0.0230662 0.0337309 0.027835 0.0228445 0.0173923 0.0113416 0.0118621 0.0197575 0.012401 0.00572137 0.00480311 0.00485259 0.00485567 0.00484791 0.00502414 0.00507 0.0047537 0.00478773 0.0094366 0.0102772 0.00476316 0.00478168 0.00480849 0.00478488 0.0188937 0.00496294 0.00539652 0.00477241 0.00476979 0.00482191 0.00481799 0.00472913 0.00300889 0.00251187 0 0 0 0
0 0 0 0 0 0 0 0 0 0 0 0 0 0 0 0 0 0 0 0 0 0 0 0 0 0 0 0 0 0 0 0 0 0 0 0 0 0 0 0 0 0 0 0 0 0 0 0 0 0 0 0 0 0 0 0 0 0 0 0 0 0 0 0 0 0.000187174 0.00472935 0.00489599 0.00878217 0.00603021 0.0138024 0.00568933 0.0149957 0.00482098 0.0154777 0.00477039 0.0123957 0.0211748 0.0302568 0.039365 0.040704 0.00900886 0.00478212 0.00475517 0.00478946 0.0048065 0.0085298 0.0104995 0.00665328 0.00484694 0.00473415 0.00475178 0.00720665 0.00733264 0.0102084 0.0118007 0.0128072 0.0152025 0.016437 0.0196693 0.024317 0.0285311 0.0345587 0.0401992 0.0454786 0.0505655 0.044665 0.0285756 0.00668955 0.0418386 0.0325195 0.0251175 0.0215436 0.0198983 0.0196367 0.0210921 0.00893896 0.0572751 0.0495251 0.0438326 0.0362813 0.0232327 0.0165994 0.00481126 0.0223055 0.0215175 0.0193483 0.0147212 0.00485557 0.0091802 0.0195549 0.00840268 0.0061851 0.00480871 0.00477639 0.00481924 0.0047322 0.00478971 0.00479708 0.00503414 0.0188597 0.00943919 0.00942757 0.00943293 0.00473425 0.00473672 0.00942845 0.00943229 0.0188463 0.00476368 0.00214654 0.0016677 0.000947374 0.000693834 0 0 0 0 0 0
0 0 0 0 0 0 0 0 0 0 0 0 0 0 0 0 0 0 0 0 0 0 0 0 0 0 0 0 0 0 0 0 0 0 0 0 0 0 0 0 0 0 0 0 0 0 0 0 0 0 0 0 0 0 0 0 0 0 0 0 0 0 0 0 0 0 0.00195426 0.00472977 0.00474736 0.00519894 0.00474142 0.00474777 0.00473702 0.00477657 0.00750903 0.00735575 0.0138073 0.0204462 0.0334687 0.0492978 0.00781169 0.00473298 1.09487e-06 2.98496e-05 0.000534243 0.00474696 0.00474822 0.00478092 0.00473199 0.00473249 0.00473252 0.00475179 0.00720665 0.00720798 0.00996495 0.00996495 0.0120826 0.0142534 0.0150477 0.0167751 0.0197988 0.0221719 0.0263764 0.0322485 0.0384441 0.040881 0.0387944 0.0321208 0.0289348 0.0299369 0.0297761 0.0256393 0.0218632 0.020276 0.0177958 0.0169725 0.0178893 0.0367066 0.0526521 0.0458719 0.0370771 0.0265752 0.0186224 0.0121436 0.0180376 0.018583 0.0216215 0.0250201 0.033493 0.0287391 0.0196571 0.0133986 0.0219954 0.0150532 0.00958931 0.00483194 0.00478162 0.00472621 0.00944288 0.0107299 0.0188606 0.00531965 0.0047545 0.00472998 0.00472939 0.00472987 0.00473092 0.00476769 0.0188422 0.00473305 0.00102084 0.000986196 0.000505146 0.000505146 0 0 0 0 0 0
0 0 0 0 0 0 0 0 0 0 0 0 0 0 0 0 0 0 0 0 0 0 0 0 0 0 0 0 0 0 0 0 0 0 0 0 0 0 0 0 0 0 0 0 0 0 0 0 0 0 0 0 0 0 0 0 0 0 0 0 0 0 0 0 0 0 0 2.24688e-05 0.00473946 0.00472687 9.73071e-06 9.50482e-05 4.13768e-06 0.00472727 0.00507503 0.00558053 0.00906858 0.0115832 0.0130871 0.00688078 0.0174591 0.00474163 5.69614e-06 0 0 0.00188093 0.00476153 0.00472668 0.00472862 0.00472924 0.00473215 0.004732 0.00489918 0.00613083 0.0062101 0.00659826 0.00895815 0.011041 0.0117332 0.0132794 0.0149929 0.0157827 0.0176029 0.0271747 0.0359423 0.0346802 0.0332743 0.0327407 0.0196365 0.00856513 0.0292044 0.0247295 0.0215092 0.0195939 0.0166808 0.0135736 0.011661 0.00570963 0.0714206 0.0501489 0.0380749 0.0295039 0.0215673 0.015889 0.0170018 0.0181014 0.0226886 0.0273264 0.0349303 0.0264273 0.0205156 0.0163958 0.0160845 0.0143505 0.0116038 0.0131988 0.00691325 0.00475717 0.00939964 0.00953308 0.00474468 0.00481096 0.00472896 0.0014709 0.000936876 0.000935751 0.000998932 0.00132262 0.00323142 1.56173e-05 0 0 0 0 0 0 0 0 0 0
0 0 0 0 0 0 0 0 0 0 0 0 0 0 0 0 0 0 0 0 0 0 0 0 0 0 0 0 0 0 0 0 0 0 0 0 0 0 0 0 0 0 0 0 0 0 0 0 0 0 0 0 0 0 0 0 0 0 0 0 0 0 0 0 0 0 0 0 8.97618e-06 9.92955e-06 0 0 0 0.00208727 0.00473234 0.00473156 0.00490899 0.00776032 0.00669274 0.004732 0.00693775 0.00472846 5.19996e-06 0 0 0 0.00109913 0.0041149 0.00216999 0.00462962 0.00472847 0.00473 0.0047325 0.0047337 0.00620137 0.0062014 0.00895815 0.00895815 0.00977627 0.0105864 0.00952074 0.00819508 0.00476446 0.0180939 0.0074851 0.038126 0.0308634 0.0342154 0.00570163 0.030001 0.0275278 0.0221622 0.0208699 0.0180315 0.0147902 0.0126761 0.0100422 0.00939982 0.0111241 0.0300957 0.0302724 0.0252149 0.0214154 0.0178107 0.014563 0.012164 0.00475541 0.00477746 0.00480436 0.0151426 0.0149965 0.0146505 0.0140223 0.0104599 0.00883879 0.00883879 0.00645588 0.00533688 0.0094257 0.0047354 0.00472873 0.00473096 0.00126982 0.000214719 0.000705222 0.000705222 0.000624854 0.000624854 0 0 0 0 0 0 0 0 0 0 0 0
0 0 0 0 0 0 0 0 0 0 0 0 0 0 0 0 0 0 0 0 0 0 0 0 0 0 0 0 0 0 0 0 0 0 0 0 0 0 0 0 0 0 0 0 0 0 0 0 0 0 0 0 0 0 0 0 0 0 0 0 0 0 0 0 0 0 0 0 0 0 0 0 0 0.000410946 0.00472697 0.00474486 0.00492981 0.00841797 0.00474854 0.00479461 0.00473057 0.00141741 0 0 0 0 0 0 0 0 0.00108054 0.00457333 0.00472836 0.00472972 0.00473213 0.00473371 0.00533866 0.00617862 0.00698416 0.00650594 0.00614458 0.00697921 0.00805717 0.00812073 0.0047875 0.0309894 0.0279436 0.0221528 0.0112222 0.0465191 0.0238167 0.0176906 0.0198953 0.0167413 0.0138891 0.0128433 0.0102247 0.00853253 0.00473652 0.00480162 0.0284974 0.0234456 0.0183681 0.0164442 0.0128124 0.00937566 0.00473461 0.00472911 0.00472765 0.00474883 0.0137306 0.0121846 0.0118776 0.0101635 0.00761524 0.00610423 0.00473301 0.00478789 0.00801189 0.00478599 0.00433136 0.00131702 8.62506e-06 8.62506e-06 0 0 0 0 0 0 0 0 0 0 0 0 0 0 0 0
0 0 0 0 0 0 0 0 0 0 0 0 0 0 0 0 0 0 0 0 0 0 0 0 0 0 0 0 0 0 0 0 0 0 0 0 0 0 0 0 0 0 0 0 0 0 0 0 0 0 0 0 0 0 0 0 0 0 0 0 0 0 0 0 0 0 0 0 0 0 0 0 0 0 0.00162901 0.00472891 0.00473185 0.00497459 0.00823681 0.00475088 0.0047809 7.23774e-05 0 0 0 0 0 0 0 0 0 0 0.0011129 0.00337441 0.0047285 0.00473008 0.00473187 0.0047332 0.00473424 0.0047334 0.00473272 0.00473417 0.00516086 0.00592236 0.00686981 0.0135119 0.0285541 0.030106 0.0423846 0.00740541 0.00476914 0.00812227 0.0129897 0.0138227 0.0129931 0.0111366 0.00918068 0.00788646 0.00742599 0.00826004 0.0201892 0.0197587 0.0150661 0.0139474 0.0114112 0.00804936 0.0048912 0.00473079 0.00472996 0.00473372 0.00974684 0.0104611 0.0100889 0.0089994 0.00709339 0.00610423 0.00473257 0.00473181 0.00473461 0.00563716 0.00472963 0.004726 3.19375e-05 8.62506e-06 0 0 0 0 0 0 0 0 0 0 0 0 0 0 0 0
0 0 0 0 0 0 0 0 0 0 0 0 0 0 0 0 0 0 0 0 0 0 0 0 0 0 0 0 0 0 0 0 0 0 0 0 0 0 0 0 0 0 0 0 0 0 0 0 0 0 0 0 0 0 0 0 0 0 0 0 0 0 0 0 0 0 0 0 0 0 0 0 0 0 0 0.00112961 0.00475245 0.00474495 0.0047293 0.00328486 0.000352351 0 0 0 0 0 0 0 0 0 0 0 0 0 0.000665267 0.00289709 0.00472822 0.00473035 0.00472991 0.00473099 0.00473185 0.00473218 0.00473271 0.00473371 0.00512544 0.0072154 0.0163111 0.0268129 0.0347002 0.0373944 0.0196936 0.0047512 0.0112507 0.0116345 0.0114574 0.0103646 0.0085873 0.0072398 0.00784813 0.0109919 0.0148007 0.0145798 0.0116416 0.0104126 0.00977671 0.007177 0.00480287 0.00473263 0.00473109 0.00473402 0.00473798 0.00473923 0.00934747 0.0082472 0.00690335 0.0075786 0.00482806 0.00473292 0.00473258 0.00473233 0.00472891 0.00223738 0 0 0 0 0 0 0 0 0 0 0 0 0 0 0 0 0 0
0 0 0 0 0 0 0 0 0 0 0 0 0 0 0 0 0 0 0 0 0 0 0 0 0 0 0 0 0 0 0 0 0 0 0 0 0 0 0 0 0 0 0 0 0 0 0 0 0 0 0 0 0 0 0 0 0 0 0 0 0 0 0 0 0 0 0 0 0 0 0 0 0 0 0 0 0.000802458 0.000927867 1.42549e-05 0 0 0 0 0 0 0 0 0 0 0 0 0 0 0 0 0 0.000559484 0.00200655 0.00413071 0.0047279 0.00473 0.0047299 0.00472927 0.00473191 0.00473244 0.00472994 0.00474075 0.00491459 0.0278953 0.023381 0.0155841 0.0047917 0.0225195 0.0121708 0.0105364 0.0106128 0.0085741 0.00720905 0.00775663 0.0102031 0.0125336 0.012836 0.0100923 0.00705331 0.007177 0.00792495 0.00484338 0.00473181 0.00473124 0.00472995 0.00472889 0.00473003 0.0047358 0.00511508 0.00675388 0.00675388 0.00473225 0.00473228 0.00473189 0.00472936 0.00407573 0 0 0 0 0 0 0 0 0 0 0 0 0 0 0 0 0 0 0
0 0 0 0 0 0 0 0 0 0 0 0 0 0 0 0 0 0 0 0 0 0 0 0 0 0 0 0 0 0 0 0 0 0 0 0 0 0 0 0 0 0 0 0 0 0 0 0 0 0 0 0 0 0 0 0 0 0 0 0 0 0 0 0 0 0 0 0 0 0 0 0 0 0 0 0 0 0 0 0 0 0 0 0 0 0 0 0 0 0 0 0 0 0 0 0 0 0 0 0.000537273 0.0016661 0.00311132 0.00472811 0.00473012 0.00475688 0.00473066 0.00597467 0.00472962 0.00481184 0.00482219 0.00481065 0.00693768 0.0484795 0.0102753 0.0155688 0.015357 0.0112154 0.00799475 0.00651415 0.00893982 0.00974315 0.00942189 0.00928995 0.00634583 0.00564191 0.00725809 0.00473362 0.00473173 0.00472876 0.00282407 0.00450784 0.00472741 0.00473114 0.00473268 0.00473326 0.00473257 0.00473236 0.00473047 0.00472819 0.00270669 0 0 0 0 0 0 0 0 0 0 0 0 0 0 0 0 0 0 0 0
0 0 0 0 0 0 0 0 0 0 0 0 0 0 0 0 0 0 0 0 0 0 0 0 0 0 0 0 0 0 0 0 0 0 0 0 0 0 0 0 0 0 0 0 0 0 0 0 0 0 0 0 0 0 0 0 0 0 0 0 0 0 0 0 0 0 0 0 0 0 0 0 0 0 0 0 0 0 0 0 0 0 0 0 0 0 0 0 0 0 0 0 0 0 0 0 0 0 0 0 0 0 0.000231759 0.0013606 0.00472826 0.00477878 0.00478552 0.00476357 0.00998521 0.00478178 0.00480127 0.00482732 0.00879126 0.0499321 0.0345655 0.0239891 0.0157751 0.00953225 0.00601181 0.00612408 0.0078474 0.00584054 0.00474974 0.00477315 0.00473078 0.00473255 0.00473158 0.0047282 0.00216014 0 0 0.00102662 0.004728 0.00472892 0.00472977 0.00473048 0.00472843 0.00274162 0.000491778 0 0 0 0 0 0 0 0 0 0 0 0 0 0 0 0 0 0 0 0 0
0 0 0 0 0 0 0 0 0 0 0 0 0 0 0 0 0 0 0 0 0 0 0 0 0 0 0 0 0 0 0 0 0 0 0 0 0 0 0 0 0 0 0 0 0 0 0 0 0 0 0 0 0 0 0 0 0 0 0 0 0 0 0 0 0 0 0 0 0 0 0 0 0 0 0 0 0 0 0 0 0 0 0 0 0 0 0 0 0 0 0 0 0 0 0 0 0 0 0 0 0 0 0 0 0.00124543 0.00472762 0.00473542 0.00472971 0.00473068 0.00474335 0.00474547 0.00487772 0.0101856 0.0121937 0.0438891 0.0275215 0.0174687 0.0102416 0.00571688 0.00473228 0.00517875 0.00473173 0.0047302 0.00535758 0.0047355 0.00473022 0.00472927 0.00136279 0 0 0 0 0.000317301 0.000924895 0.00140165 0.00166764 0.000508233 0 0 0 0 0 0 0 0 0 0 0 0 0 0 0 0 0 0 0 0 0 0 0
0 0 0 0 0 0 0 0 0 0 0 0 0 0 0 0 0 0 0 0 0 0 0 0 0 0 0 0 0 0 0 0 0 0 0 0 0 0 0 0 0 0 0 0 0 0 0 0 0 0 0 0 0 0 0 0 0 0 0 0 0 0 0 0 0 0 0 0 0 0 0 0 0 0 0 0 0 0 0 0 0 0 0 0 0 0 0 0 0 0 0 0 0 0 0 0 0 0 0 0 0 0 0 0 0.00124543 0.00124543 7.33823e-05 2.10552e-06 0.000884024 0.00088105 0.00473224 0.00479685 0.00474791 0.0105518 0.0235853 0.0199304 0.0143469 0.00979331 0.00480814 0.00473036 0.00473097 0.00473079 0.00472959 0.00472923 0.00472715 0.00234078 0.000308789 0 0 0 0 0 0 0 0 0 0 0 0 0 0 0 0 0 0 0 0 0 0 0 0 0 0 0 0 0 0 0 0 0
0 0 0 0 0 0 0 0 0 0 0 0 0 0 0 0 0 0 0 0 0 0 0 0 0 0 0 0 0 0 0 0 0 0 0 0 0 0 0 0 0 0 0 0 0 0 0 0 0 0 0 0 0 0 0 0 0 0 0 0 0 0 0 0 0 0 0 0 0 0 0 0 0 0 0 0 0 0 0 0 0 0 0 0 0 0 0 0 0 0 0 0 0 0 0 0 0 0 0 0 0 0 0 0 0 0 0 0 0 0 6.07926e-05 6.16998e-05 0.00472673 0.00477015 0.00475519 0.0137017 0.00891019 0.00607678 0.00472936 0.00472738 0.00369854 0.0033806 0.00119459 0.00291564 4.89432e-06 0 0 0 0 0 0 0 0 0 0 0 0 0 0 0 0 0 0 0 0 0 0 0 0 0 0 0 0 0 0 0 0 0 0 0
0 0 0 0 0 0 0 0 0 0 0 0 0 0 0 0 0 0 0 0 0 0 0 0 0 0 0 0 0 0 0 0 0 0 0 0 0 0 0 0 0 0 0 0 0 0 0 0 0 0 0 0 0 0 0 0 0 0 0 0 0 0 0 0 0 0 0 0 0 0 0 0 0 0 0 0 0 0 0 0 0 0 0 0 0 0 0 0 0 0 0 0 0 0 0 0 0 0 0 0 0 0 0 0 0 0 0 0 0 0 6.07926e-05 6.07926e-05 2.16619e-05 0.0047383 0.0130372 0.00475008 0.00472986 0.00472851 0.00473517 0.00180484 0 0 0 0 0 0 0 0 0 0 0 0 0 0 0 0 0 0 0 0 0 0 0 0 0 0 0 0 0 0 0 0 0 0 0 0 0 0 0 0
0 0 0 0 0 0 0 0 0 0 0 0 0 0 0 0 0 0 0 0 0 0 0 0 0 0 0 0 0 0 0 0 0 0 0 0 0 0 0 0 0 0 0 0 0 0 0 0 0 0 0 0 0 0 0 0 0 0 0 0 0 0 0 0 0 0 0 0 0 0 0 0 0 0 0 0 0 0 0 0 0 0 0 0 0 0 0 0 0 0 0 0 0 0 0 0 0 0 0 0 0 0 0 0 0 0 0 0 0 0 0 0 0.00241313 0.00473326 0.00808203 0.0111401 0.00473372 0.00252744 0.000265656 0 0 0 0 0 0 0 0 0 0 0 0 0 0 0 0 0 0 0 0 0 0 0 0 0 0 0 0 0 0 0 0 0 0 0 0 0 0 0 0 0
0 0 0 0 0 0 0 0 0 0 0 0 0 0 0 0 0 0 0 0 0 0 0 0 0 0 0 0 0 0 0 0 0 0 0 0 0 0 0 0 0 0 0 0 0 0 0 0 0 0 0 0 0 0 0 0 0 0 0 0 0 0 0 0 0 0 0 0 0 0 0 0 0 0 0 0 0 0 0 0 0 0 0 0 0 0 0 0 0 0 0 0 0 0 0 0 0 0 0 0 0 0 0 0 0 0 0 0 0 0 0 0 0.000280761 0.00472872 0.00473461 0.00505947 0.00477993 0 0 0 0 0 0 0 0 0 0 0 0 0 0 0 0 0 0 0 0 0 0 0 0 0 0 0 0 0 0 0 0 0 0 0 0 0 0 0 0 0 0 0
0 0 0 0 0 0 0 0 0 0 0 0 0 0 0 0 0 0 0 0 0 0 0 0 0 0 0 0 0 0 0 0 0 0 0 0 0 0 0 0 0 0 0 0 0 0 0 0 0 0 0 0 0 0 0 0 0 0 0 0 0 0 0 0 0 0 0 0 0 0 0 0 0 0 0 0 0 0 0 0 0 0 0 0 0 0 0 0 0 0 0 0 0 0 0 0 0 0 0 0 0 0 0 0 0 0 0 0 0 0 0 0 0 0.00038383 0.00294547 0.00472946 0.00593651 0.00362575 0 0 0 0 0 0 0 0 0 0 0 0 0 0 0 0 0 0 0 0 0 0 0 0 0 0 0 0 0 0 0 0 0 0 0 0 0 0 0 0 0 0
0 0 0 0 0 0 0 0 0 0 0 0 0 0 0 0 0 0 0 0 0 0 0 0 0 0 0 0 0 0 0 0 0 0 0 0 0 0 0 0 0 0 0 0 0 0 0 0 0 0 0 0 0 0 0 0 0 0 0 0 0 0 0 0 0 0 0 0 0 0 0 0 0 0 0 0 0 0 0 0 0 0 0 0 0 0 0 0 0 0 0 0 0 0 0 0 0 0 0 0 0 0 0 0 0 0 0 0 0 0 0 0 0 0 0 4.09881e-06 0.0039968 0 0 0 0 0 0 0 0 0 0 0 0 0 0 0 0 0 0 0 0 0 0 0 0 0 0 0 0 0 0 0 0 0 0 0 0 0 0 0 0 0 0 0
0 0 0 0 0 0 0 0 0 0 0 0 0 0 0 0 0 0 0 0 0 0 0 0 0 0 0 0 0 0 0 0 0 0 0 0 0 0 0 0 0 0 0 0 0 0 0 0 0 0 0 0 0 0 0 0 0 0 0 0 0 0 0 0 0 0 0 0 0 0 0 0 0 0 0 0 0 0 0 0 0 0 0 0 0 0 0 0 0 0 0 0 0 0 0 0 0 0 0 0 0 0 0 0 0 0 0 0 0 0 0 0 0 0 0 0 0 0 0 0 0 0 0 0 0 0 0 0 0 0 0 0 0 0 0 0 0 0 0 0 0 0 0 0 0 0 0 0 0 0 0 0 0 0 0 0 0 0 0 0
0 0 0 0 0 0 0 0 0 0 0 0 0 0 0 0 0 0 0 0 0 0 0 0 0 0 0 0 0 0 0 0 0 0 0 0 0 0 0 0 0 0 0 0 0 0 0 0 0 0 0 0 0 0 0 0 0 0 0 0 0 0 0 0 0 0 0 0 0 0 0 0 0 0 0 0 0 0 0 0 0 0 0 0 0 0 0 0 0 0 0 0 0 0 0 0 0 0 0 0 0 0 0 0 0 0 0 0 0 0 0 0 0 0 0 0 0 0 0 0 0 0 0 0 0 0 0 0 0 0 0 0 0 0 0 0 0 0 0 0 0 0 0 0 0 0 0 0 0 0 0 0 0 0 0 0 0 0 0 0
0 0 0 0 0 0 0 0 0 0 0 0 0 0 0 0 0 0 0 0 0 0 0 0 0 0 0 0 0 0 0 0 0 0 0 0 0 0 0 0 0 0 0 0 0 0 0 0 0 0 0 0 0 0 0 0 0 0 0 0 0 0 0 0 0 0 0 0 0 0 0 0 0 0 0 0 0 0 0 0 0 0 0 0 0 0 0 0 0 0 0 0 0 0 0 0 0 0 0 0 0 0 0 0 0 0 0 0 0 0 0 0 0 0 0 0 0 0 0 0 0 0 0 0 0 0 0 0 0 0 0 0 0 0 0 0 0 0 0 0 0 0 0 0 0 0 0 0 0 0 0 0 0 0 0 0 0 0 0 0
0 0 0 0 0 0 0 0 0 0 0 0 0 0 0 0 0 0 0 0 0 0 0 0 0 0 0 0 0 0 0 0 0 0 0 0 0 0 0 0 0 0 0 0 0 0 0 0 0 0 0 0 0 0 0 0 0 0 0 0 0 0 0 0 0 0 0 0 0 0 0 0 0 0 0 0 0 0 0 0 0 0 0 0 0 0 0 0 0 0 0 0 0 0 0 0 0 0 0 0 0 0 0 0 0 0 0 0 0 0 0 0 0 0 0 0 0 0 0 0 0 0 0 0 0 0 0 0 0 0 0 0 0 0 0 0 0 0 0 0 0 0 0 0 0 0 0 0 0 0 0 0 0 0 0 0 0 0 0 0
0 0 0 0 0 0 0 0 0 0 0 0 0 0 0 0 0 0 0 0 0 0 0 0 0 0 0 0 0 0 0 0 0 0 0 0 0 0 0 0 0 0 0 0 0 0 0 0 0 0 0 0 0 0 0 0 0 0 0 0 0 0 0 0 0 0 0 0 0 0 0 0 0 0 0 0 0 0 0 0 0 0 0 0 0 0 0 0 0 0 0 0 0 0 0 0 0 0 0 0 0 0 0 0 0 0 0 0 0 0 0 0 0 0 0 0 0 0 0 0 0 0 0 0 0 0 0 0 0 0 0 0 0 0 0 0 0 0 0 0 0 0 0 0 0 0 0 0 0 0 0 0 0 0 0 0 0 0 0 0
0 0 0 0 0 0 0 0 0 0 0 0 0 0 0 0 0 0 0 0 0 0 0 0 0 0 0 0 0 0 0 0 0 0 0 0 0 0 0 0 0 0 0 0 0 0 0 0 0 0 0 0 0 0 0 0 0 0 0 0 0 0 0 0 0 0 0 0 0 0 0 0 0 0 0 0 0 0 0 0 0 0 0 0 0 0 0 0 0 0 0 0 0 0 0 0 0 0 0 0 0 0 0 0 0 0 0 0 0 0 0 0 0 0 0 0 0 0 0 0 0 0 0 0 0 0 0 0 0 0 0 0 0 0 0 0 0 0 0 0 0 0 0 0 0 0 0 0 0 0 0 0 0 0 0 0 0 0 0 0
0 0 0 0 0 0 0 0 0 0 0 0 0 0 0 0 0 0 0 0 0 0 0 0 0 0 0 0 0 0 0 0 0 0 0 0 0 0 0 0 0 0 0 0 0 0 0 0 0 0 0 0 0 0 0 0 0 0 0 0 0 0 0 0 0 0 0 0 0 0 0 0 0 0 0 0 0 0 0 0 0 0 0 0 0 0 0 0 0 0 0 0 0 0 0 0 0 0 0 0 0 0 0 0 0 0 0 0 0 0 0 0 0 0 0 0 0 0 0 0 0 0 0 0 0 0 0 0 0 0 0 0 0 0 0 0 0 0 0 0 0 0 0 0 0 0 0 0 0 0 0 0 0 0 0 0 0 0 0 0
0 0 0 0 0 0 0 0 0 0 0 0 0 0 0 0 0 0 0 0 0 0 0 0 0 0 0 0 0 0 0 0 0 0 0 0 0 0 0 0 0 0 0 0 0 0 0 0 0 0 0 0 0 0 0 0 0 0 0 0 0 0 0 0 0 0 0 0 0 0 0 0 0 0 0 0 0 0 0 0 0 0 0 0 0 0 0 0 0 0 0 0 0 0 0 0 0 0 0 0 0 0 0 0 0 0 0 0 0 0 0 0 0 0 0 0 0 0 0 0 0 0 0 0 0 0 0 0 0 0 0 0 0 0 0 0 0 0 0 0 0 0 0 0 0 0 0 0 0 0 0 0 0 0 0 0 0 0 0 0
0 0 0 0 0 0 0 0 0 0 0 0 0 0 0 0 0 0 0 0 0 0 0 0 0 0 0 0 0 0 0 0 0 0 0 0 0 0 0 0 0 0 0 0 0 0 0 0 0 0 0 0 0 0 0 0 0 0 0 0 0 0 0 0 0 0 0 0 0 0 0 0 0 0 0 0 0 0 0 0 0 0 0 0 0 0 0 0 0 0 0 0 0 0 0 0 0 0 0 0 0 0 0 0 0 0 0 0 0 0 0 0 0 0 0 0 0 0 0 0 0 0 0 0 0 0 0 0 0 0 0 0 0 0 0 0 0 0 0 0 0 0 0 0 0 0 0 0 0 0 0 0 0 0 0 0 0 0 0 0
0 0 0 0 0 0 0 0 0 0 0 0 0 0 0 0 0 0 0 0 0 0 0 0 0 0 0 0 0 0 0 0 0 0 0 0 0 0 0 0 0 0 0 0 0 0 0 0 0 0 0 0 0 0 0 0 0 0 0 0 0 0 0 0 0 0 0 0 0 0 0 0 0 0 0 0 0 0 0 0 0 0 0 0 0 0 0 0 0 0 0 0 0 0 0 0 0 0 0 0 0 0 0 0 0 0 0 0 0 0 0 0 0 0 0 0 0 0 0 0 0 0 0 0 0 0 0 0 0 0 0 0 0 0 0 0 0 0 0 0 0 0 0 0 0 0 0 0 0 0 0 0 0 0 0 0 0 0 0 0
0 0 0 0 0 0 0 0 0 0 0 0 0 0 0 0 0 0 0 0 0 0 0 0 0 0 0 0 0 0 0 0 0 0 0 0 0 0 0 0 0 0 0 0 0 0 0 0 0 0 0 0 0 0 0 0 0 0 0 0 0 0 0 0 0 0 0 0 0 0 0 0 0 0 0 0 0 0 0 0 0 0 0 0 0 0 0 0 0 0 0 0 0 0 0 0 0 0 0 0 0 0 0 0 0 0 0 0 0 0 0 0 0 0 0 0 0 0 0 0 0 0 0 0 0 0 0 0 0 0 0 0 0 0 0 0 0 0 0 0 0 0 0 0 0 0 0 0 0 0 0 0 0 0 0 0 0 0 0 0
0 0 0 0 0 0 0 0 0 0 0 0 0 0 0 0 0 0 0 0 0 0 0 0 0 0 0 0 0 0 0 0 0 0 0 0 0 0 0 0 0 0 0 0 0 0 0 0 0 0 0 0 0 0 0 0 0 0 0 0 0 0 0 0 0 0 0 0 0 0 0 0 0 0 0 0 0 0 0 0 0 0 0 0 0 0 0 0 0 0 0 0 0 0 0 0 0 0 0 0 0 0 0 0 0 0 0 0 0 0 0 0 0 0 0 0 0 0 0 0 0 0 0 0 0 0 0 0 0 0 0 0 0 0 0 0 0 0 0 0 0 0 0 0 0 0 0 0 0 0 0 0 0 0 0 0 0 0 0 0
0 0 0 0 0 0 0 0 0 0 0 0 0 0 0 0 0 0 0 0 0 0 0 0 0 0 0 0 0 0 0 0 0 0 0 0 0 0 0 0 0 0 0 0 0 0 0 0 0 0 0 0 0 0 0 0 0 0 0 0 0 0 0 0 0 0 0 0 0 0 0 0 0 0 0 0 0 0 0 0 0 0 0 0 0 0 0 0 0 0 0 0 0 0 0 0 0 0 0 0 0 0 0 0 0 0 0 0 0 0 0 0 0 0 0 0 0 0 0 0 0 0 0 0 0 0 0 0 0 0 0 0 0 0 0 0 0 0 0 0 0 0 0 0 0 0 0 0 0 0 0 0 0 0 0 0 0 0 0 0
0 0 0 0 0 0 0 0 0 0 0 0 0 0 0 0 0 0 0 0 0 0 0 0 0 0 0 0 0 0 0 0 0 0 0 0 0 0 0 0 0 0 0 0 0 0 0 0 0 0 0 0 0 0 0 0 0 0 0 0 0 0 0 0 0 0 0 0 0 0 0 0 0 0 0 0 0 0 0 0 0 0 0 0 0 0 0 0 0 0 0 0 0 0 0 0 0 0 0 0 0 0 0 0 0 0 0 0 0 0 0 0 0 0 0 0 0 0 0 0 0 0 0 0 0 0 0 0 0 0 0 0 0 0 0 0 0 0 0 0 0 0 0 0 0 0 0 0 0 0 0 0 0 0 0 0 0 0 0 0
0 0 0 0 0 0 0 0 0 0 0 0 0 0 0 0 0 0 0 0 0 0 0 0 0 0 0 0 0 0 0 0 0 0 0 0 0 0 0 0 0 0 0 0 0 0 0 0 0 0 0 0 0 0 0 0 0 0 0 0 0 0 0 0 0 0 0 0 0 0 0 0 0 0 0 0 0 0 0 0 0 0 0 0 0 0 0 0 0 0 0 0 0 0 0 0 0 0 0 0 0 0 0 0 0 0 0 0 0 0 0 0 0 0 0 0 0 0 0 0 0 0 0 0 0 0 0 0 0 0 0 0 0 0 0 0 0 0 0 0 0 0 0 0 0 0 0 0 0 0 0 0 0 0 0 0 0 0 0 0
0 0 0 0 0 0 0 0 0 0 0 0 0 0 0 0 0 0 0 0 0 0 0 0 0 0 0 0 0 0 0 0 0 0 0 0 0 0 0 0 0 0 0 0 0 0 0 0 0 0 0 0 0 0 0 0 0 0 0 0 0 0 0 0 0 0 0 0 0 0 0 0 0 0 0 0 0 0 0 0 0 0 0 0 0 0 0 0 0 0 0 0 0 0 0 0 0 0 0 0 0 0 0 0 0 0 0 0 0 0 0 0 0 0 0 0 0 0 0 0 0 0 0 0 0 0 0 0 0 0 0 0 0 0 0 0 0 0 0 0 0 0 0 0 0 0 0 0 0 0 0 0 0 0 0 0 0 0 0 0
0 0 0 0 0 0 0 0 0 0 0 0 0 0 0 0 0 0 0 0 0 0 0 0 0 0 0 0 0 0 0 0 0 0 0 0 0 0 0 0 0 0 0 0 0 0 0 0 0 0 0 0 0 0 0 0 0 0 0 0 0 0 0 0 0 0 0 0 0 0 0 0 0 0 0 0 0 0 0 0 0 0 0 0 0 0 0 0 0 0 0 0 0 0 0 0 0 0 0 0 0 0 0 0 0 0 0 0 0 0 0 0 0 0 0 0 0 0 0 0 0 0 0 0 0 0 0 0 0 0 0 0 0 0 0 0 0 0 0 0 0 0 0 0 0 0 0 0 0 0 0 0 0 0 0 0 0 0 0 0
0 0 0 0 0 0 0 0 0 0 0 0 0 0 0 0 0 0 0 0 0 0 0 0 0 0 0 0 0 0 0 0 0 0 0 0 0 0 0 0 0 0 0 0 0 0 0 0 0 0 0 0 0 0 0 0 0 0 0 0 0 0 0 0 0 0 0 0 0 0 0 0 0 0 0 0 0 0 0 0 0 0 0 0 0 0 0 0 0 0 0 0 0 0 0 0 0 0 0 0 0 0 0 0 0 0 0 0 0 0 0 0 0 0 0 0 0 0 0 0 0 0 0 0 0 0 0 0 0 0 0 0 0 0 0 0 0 0 0 0 0 0 0 0 0 0 0 0 0 0 0 0 0 0 0 0 0 0 0 0
0 0 0 0 0 0 0 0 0 0 0 0 0 0 0 0 0 0 0 0 0 0 0 0 0 0 0 0 0 0 0 0 0 0 0 0 0 0 0 0 0 0 0 0 0 0 0 0 0 0 0 0 0 0 0 0 0 0 0 0 0 0 0 0 0 0 0 0 0 0 0 0 0 0 0 0 0 0 0 0 0 0 0 0 0 0 0 0 0 0 0 0 0 0 0 0 0 0 0 0 0 0 0 0 0 0 0 0 0 0 0 0 0 0 0 0 0 0 0 0 0 0 0 0 0 0 0 0 0 0 0 0 0 0 0 0 0 0 0 0 0 0 0 0 0 0 0 0 0 0 0 0 0 0 0 0 0 0 0 0
0 0 0 0 0 0 0 0 0 0 0 0 0 0 0 0 0 0 0 0 0 0 0 0 0 0 0 0 0 0 0 0 0 0 0 0 0 0 0 0 0 0 0 0 0 0 0 0 0 0 0 0 0 0 0 0 0 0 0 0 0 0 0 0 0 0 0 0 0 0 0 0 0 0 0 0 0 0 0 0 0 0 0 0 0 0 0 0 0 0 0 0 0 0 0 0 0 0 0 0 0 0 0 0 0 0 0 0 0 0 0 0 0 0 0 0 0 0 0 0 0 0 0 0 0 0 0 0 0 0 0 0 0 0 0 0 0 0 0 0 0 0 0 0 0 0 0 0 0 0 0 0 0 0 0 0 0 0 0 0
0 0 0 0 0 0 0 0 0 0 0 0 0 0 0 0 0 0 0 0 0 0 0 0 0 0 0 0 0 0 0 0 0 0 0 0 0 0 0 0 0 0 0 0 0 0 0 0 0 0 0 0 0 0 0 0 0 0 0 0 0 0 0 0 0 0 0 0 0 0 0 0 0 0 0 0 0 0 0 0 0 0 0 0 0 0 0 0 0 0 0 0 0 0 0 0 0 0 0 0 0 0 0 0 0 0 0 0 0 0 0 0 0 0 0 0 0 0 0 0 0 0 0 0 0 0 0 0 0 0 0 0 0 0 0 0 0 0 0 0 0 0 0 0 0 0 0 0 0 0 0 0 0 0 0 0 0 0 0 0
0 0 0 0 0 0 0 0 0 0 0 0 0 0 0 0 0 0 0 0 0 0 0 0 0 0 0 0 0 0 0 0 0 0 0 0 0 0 0 0 0 0 0 0 0 0 0 0 0 0 0 0 0 0 0 0 0 0 0 0 0 0 0 0 0 0 0 0 0 0 0 0 0 0 0 0 0 0 0 0 0 0 0 0 0 0 0 0 0 0 0 0 0 0 0 0 0 0 0 0 0 0 0 0 0 0 0 0 0 0 0 0 0 0 0 0 0 0 0 0 0 0 0 0 0 0 0 0 0 0 0 0 0 0 0 0 0 0 0 0 0 0 0 0 0 0 0 0 0 0 0 0 0 0 0 0 0 0 0 0
0 0 0 0 0 0 0 0 0 0 0 0 0 0 0 0 0 0 0 0 0 0 0 0 0 0 0 0 0 0 0 0 0 0 0 0 0 0 0 0 0 0 0 0 0 0 0 0 0 0 0 0 0 0 0 0 0 0 0 0 0 0 0 0 0 0 0 0 0 0 0 0 0 0 0 0 0 0 0 0 0 0 0 0 0 0 0 0 0 0 0 0 0 0 0 0 0 0 0 0 0 0 0 0 0 0 0 0 0 0 0 0 0 0 0 0 0 0 0 0 0 0 0 0 0 0 0 0 0 0 0 0 0 0 0 0 0 0 0 0 0 0 0 0 0 0 0 0 0 0 0 0 0 0 0 0 0 0 0 0
0 0 0 0 0 0 0 0 0 0 0 0 0 0 0 0 0 0 0 0 0 0 0 0 0 0 0 0 0 0 0 0 0 0 0 0 0 0 0 0 0 0 0 0 0 0 0 0 0 0 0 0 0 0 0 0 0 0 0 0 0 0 0 0 0 0 0 0 0 0 0 0 0 0 0 0 0 0 0 0 0 0 0 0 0 0 0 0 0 0 0 0 0 0 0 0 0 0 0 0 0 0 0 0 0 0 0 0 0 0 0 0 0 0 0 0 0 0 0 0 0 0 0 0 0 0 0 0 0 0 0 0 0 0 0 0 0 0 0 0 0 0 0 0 0 0 0 0 0 0 0 0 0 0 0 0 0 0 0 0
0 0 0 0 0 0 0 0 0 0 0 0 0 0 0 0 0 0 0 0 0 0 0 0 0 0 0 0 0 0 0 0 0 0 0 0 0 0 0 0 0 0 0 0 0 0 0 0 0 0 0 0 0 0 0 0 0 0 0 0 0 0 0 0 0 0 0 0 0 0 0 0 0 0 0 0 0 0 0 0 0 0 0 0 0 0 0 0 0 0 0 0 0 0 0 0 0 0 0 0 0 0 0 0 0 0 0 0 0 0 0 0 0 0 0 0 0 0 0 0 0 0 0 0 0 0 0 0 0 0 0 0 0 0 0 0 0 0 0 0 0 0 0 0 0 0 0 0 0 0 0 0 0 0 0 0 0 0 0 0
0 0 0 0 0 0 0 0 0 0 0 0 0 0 0 0 0 0 0 0 0 0 0 0 0 0 0 0 0 0 0 0 0 0 0 0 0 0 0 0 0 0 0 0 0 0 0 0 0 0 0 0 0 0 0 0 0 0 0 0 0 0 0 0 0 0 0 0 0 0 0 0 0 0 0 0 0 0 0 0 0 0 0 0 0 0 0 0 0 0 0 0 0 0 0 0 0 0 0 0 0 0 0 0 0 0 0 0 0 0 0 0 0 0 0 0 0 0 0 0 0 0 0 0 0 0 0 0 0 0 0 0 0 0 0 0 0 0 0 0 0 0 0 0 0 0 0 0 0 0 0 0 0 0 0 0 0 0 0 0
0 0 0 0 0 0 0 0 0 0 0 0 0 0 0 0 0 0 0 0 0 0 0 0 0 0 0 0 0 0 0 0 0 0 0 0 0 0 0 0 0 0 0 0 0 0 0 0 0 0 0 0 0 0 0 0 0 0 0 0 0 0 0 0 0 0 0 0 0 0 0 0 0 0 0 0 0 0 0 0 0 0 0 0 0 0 0 0 0 0 0 0 0 0 0 0 0 0 0 0 0 0 0 0 0 0 0 0 0 0 0 0 0 0 0 0 0 0 0 0 0 0 0 0 0 0 0 0 0 0 0 0 0 0 0 0 0 0 0 0 0 0 0 0 0 0 0 0 0 0 0 0 0 0 0 0 0 0 0 0
0 0 0 0 0 0 0 0 0 0 0 0 0 0 0 0 0 0 0 0 0 0 0 0 0 0 0 0 0 0 0 0 0 0 0 0 0 0 0 0 0 0 0 0 0 0 0 0 0 0 0 0 0 0 0 0 0 0 0 0 0 0 0 0 0 0 0 0 0 0 0 0 0 0 0 0 0 0 0 0 0 0 0 0 0 0 0 0 0 0 0 0 0 0 0 0 0 0 0 0 0 0 0 0 0 0 0 0 0 0 0 0 0 0 0 0 0 0 0 0 0 0 0 0 0 0 0 0 0 0 0 0 0 0 0 0 0 0 0 0 0 0 0 0 0 0 0 0 0 0 0 0 0 0 0 0 0 0 0 0
0 0 0 0 0 0 0 0 0 0 0 0 0 0 0 0 0 0 0 0 0 0 0 0 0 0 0 0 0 0 0 0 0 0 0 0 0 0 0 0 0 0 0 0 0 0 0 0 0 0 0 0 0 0 0 0 0 0 0 0 0 0 0 0 0 0 0 0 0 0 0 0 0 0 0 0 0 0 0 0 0 0 0 0 0 0 0 0 0 0 0 0 0 0 0 0 0 0 0 0 0 0 0 0 0 0 0 0 0 0 0 0 0 0 0 0 0 0 0 0 0 0 0 0 0 0 0 0 0 0 0 0 0 0 0 0 0 0 0 0 0 0 0 0 0 0 0 0 0 0 0 0 0 0 0 0 0 0 0 0
0 0 0 0 0 0 0 0 0 0 0 0 0 0 0 0 0 0 0 0 0 0 0 0 0 0 0 0 0 0 0 0 0 0 0 0 0 0 0 0 0 0 0 0 0 0 0 0 0 0 0 0 0 0 0 0 0 0 0 0 0 0 0 0 0 0 0 0 0 0 0 0 0 0 0 0 0 0 0 0 0 0 0 0 0 0 0 0 0 0 0 0 0 0 0 0 0 0 0 0 0 0 0 0 0 0 0 0 0 0 0 0 0 0 0 0 0 0 0 0 0 0 0 0 0 0 0 0 0 0 0 0 0 0 0 0 0 0 0 0 0 0 0 0 0 0 0 0 0 0 0 0 0 0 0 0 0 0 0 0
0 0 0 0 0 0 0 0 0 0 0 0 0 0 0 0 0 0 0 0 0 0 0 0 0 0 0 0 0 0 0 0 0 0 0 0 0 0 0 0 0 0 0 0 0 0 0 0 0 0 0 0 0 0 0 0 0 0 0 0 0 0 0 0 0 0 0 0 0 0 0 0 0 0 0 0 0 0 0 0 0 0 0 0 0 0 0 0 0 0 0 0 0 0 0 0 0 0 0 0 0 0 0 0 0 0 0 0 0 0 0 0 0 0 0 0 0 0 0 0 0 0 0 0 0 0 0 0 0 0 0 0 0 0 0 0 0 0 0 0 0 0 0 0 0 0 0 0 0 0 0 0 0 0 0 0 0 0 0 0
0 0 0 0 0 0 0 0 0 0 0 0 0 0 0 0 0 0 0 0 0 0 0 0 0 0 0 0 0 0 0 0 0 0 0 0 0 0 0 0 0 0 0 0 0 0 0 0 0 0 0 0 0 0 0 0 0 0 0 0 0 0 0 0 0 0 0 0 0 0 0 0 0 0 0 0 0 0 0 0 0 0 0 0 0 0 0 0 0 0 0 0 0 0 0 0 0 0 0 0 0 0 0 0 0 0 0 0 0 0 0 0 0 0 0 0 0 0 0 0 0 0 0 0 0 0 0 0 0 0 0 0 0 0 0 0 0 0 0 0 0 0 0 0 0 0 0 0 0 0 0 0 0 0 0 0 0 0 0 0
0 0 0 0 0 0 0 0 0 0 0 0 0 0 0 0 0 0 0 0 0 0 0 0 0 0 0 0 0 0 0 0 0 0 0 0 0 0 0 0 0 0 0 0 0 0 0 0 0 0 0 0 0 0 0 0 0 0 0 0 0 0 0 0 0 0 0 0 0 0 0 0 0 0 0 0 0 0 0 0 0 0 0 0 0 0 0 0 0 0 0 0 0 0 0 0 0 0 0 0 0 0 0 0 0 0 0 0 0 0 0 0 0 0 0 0 0 0 0 0 0 0 0 0 0 0 0 0 0 0 0 0 0 0 0 0 0 0 0 0 0 0 0 0 0 0 0 0 0 0 0 0 0 0 0 0 0 0 0 0
0 0 0 0 0 0 0 0 0 0 0 0 0 0 0 0 0 0 0 0 0 0 0 0 0 0 0 0 0 0 0 0 0 0 0 0 0 0 0 0 0 0 0 0 0 0 0 0 0 0 0 0 0 0 0 0 0 0 0 0 0 0 0 0 0 0 0 0 0 0 0 0 0 0 0 0 0 0 0 0 0 0 0 0 0 0 0 0 0 0 0 0 0 0 0 0 0 0 0 0 0 0 0 0 0 0 0 0 0 0 0 0 0 0 0 0 0 0 0 0 0 0 0 0 0 0 0 0 0 0 0 0 0 0 0 0 0 0 0 0 0 0 0 0 0 0 0 0 0 0 0 0 0 0 0 0 0 0 0 0
0 0 0 0 0 0 0 0 0 0 0 0 0 0 0 0 0 0 0 0 0 0 0 0 0 0 0 0 0 0 0 0 0 0 0 0 0 0 0 0 0 0 0 0 0 0 0 0 0 0 0 0 0 0 0 0 0 0 0 0 0 0 0 0 0 0 0 0 0 0 0 0 0 0 0 0 0 0 0 0 0 0 0 0 0 0 0 0 0 0 0 0 0 0 0 0 0 0 0 0 0 0 0 0 0 0 0 0 0 0 0 0 0 0 0 0 0 0 0 0 0 0 0 0 0 0 0 0 0 0 0 0 0 0 0 0 0 0 0 0 0 0 0 0 0 0 0 0 0 0 0 0 0 0 0 0 0 0 0 0
0 0 0 0 0 0 0 0 0 0 0 0 0 0 0 0 0 0 0 0 0 0 0 0 0 0 0 0 0 0 0 0 0 0 0 0 0 0 0 0 0 0 0 0 0 0 0 0 0 0 0 0 0 0 0 0 0 0 0 0 0 0 0 0 0 0 0 0 0 0 0 0 0 0 0 0 0 0 0 0 0 0 0 0 0 0 0 0 0 0 0 0 0 0 0 0 0 0 0 0 0 0 0 0 0 0 0 0 0 0 0 0 0 0 0 0 0 0 0 0 0 0 0 0 0 0 0 0 0 0 0 0 0 0 0 0 0 0 0 0 0 0 0 0 0 0 0 0 0 0 0 0 0 0 0 0 0 0 0 0
