Nx=160: X={           581552.36,           590653.64}
Ny=144: Y={          1844486.64,          1853073.36}
Pileheight=
0 0 0 0 0 0 0 0 0 0 0 0 0 0 0 0 0 0 0 0 0 0 0 0 0 0 0 0 0 0 0 0 0 0 0 0 0 0 0 0 0 0 0 0 0 0 0 0 0 0 0 0 0 0 0 0 0 0 0 0 0 0 0 0 0 0 0 0 0 0 0 0 0 0 0 0 0 0 0 0 0 0 0 0 0 0 0 0 0 0 0 0 0 0 0 0 0 0 0 0 0 0 0 0 0 0 0 0 0 0 0 0 0 0 0 0 0 0 0 0 0 0 0 0 0 0 0 0 0 0 0 0 0 0 0 0 0 0 0 0 0 0 0 0 0 0 0 0 0 0 0 0 0 0 0 0 0 0 0 0
0 0 0 0 0 0 0 0 0 0 0 0 0 0 0 0 0 0 0 0 0 0 0 0 0 0 0 0 0 0 0 0 0 0 0 0 0 0 0 0 0 0 0 0 0 0 0 0 0 0 0 0 0 0 0 0 0 0 0 0 0 0 0 0 0 0 0 0 0 0 0 0 0 0 0 0 0 0 0 0 0 0 0 0 0 0 0 0 0 0 0 0 0 0.00364286 0.00518811 0.00515569 0.00072378 0 0 0 0 0 0 0 0 0 0 0 0 0 0 0 0 0 0 0 0 0 0 0 0 0 0 0 0 0 0 0 0 0 0 0 0 0 0 0 0 0 0 0 0 0 0 0 0 0 0 0 0 0 0 0 0 0 0 0 0 0 0 0
0 0 0 0 0 0 0 0 0 0 0 0 0 0 0 0 0 0 0 0 0 0 0 0 0 0 0 0 0 0 0 0 0 0 0 0 0 0 0 0 0 0 0 0 0 0 0 0 0 0 0 0 0 0 0 0 0 0 0 0 0 0 0 0 0 0 0 0 0 0 0 0 0 0 0 0 0 0 0 0 0 0 0 0 0 0 0 0 0 0 0 0 0.00272507 0.00515084 0.0107935 0.00517324 0 0 0 0 0 0 0 0 0 0 0 0 0 0 0 0 0 0 0 0 0 0 0 0 0 0 0 0 0 0 0 0 0 0 0 0 0 0 0 0 0 0 0 0 0 0 0 0 0 0 0 0 0 0 0 0 0 0 0 0 0 0 0 0
0 0 0 0 0 0 0 0 0 0 0 0 0 0 0 0 0 0 0 0 0 0 0 0 0 0 0 0 0 0 0 0 0 0 0 0 0 0 0 0 0 0 0 0 0 0 0 0 0 0 0 0 0 0 0 0 0 0 0 0 0 0 0 0 0 0 0 0 0 0 0 0 0 0 0 0 0 0 0 0 0 0 0 0 0 0 0 0 0 0 0 0.00050734 0.00514516 0.00637319 0.0146833 0.00517014 0.000504525 0 0 0 0 0 0 0 0 0 0 0 0 0 0 0 0 0 0 0 0 0 0 0 0 0 0 0 0 0 0 0 0 0 0 0 0 0 0 0 0 0 0 0 0 0 0 0 0 0 0 0 0 0 0 0 0 0 0 0 0 0 0 0
0 0 0 0 0 0 0 0 0 0 0 0 0 0 0 0 0 0 0 0 0 0 0 0 0 0 0 0 0 0 0 0 0 0 0 0 0 0 0 0 0 0 0 0 0 0 0 0 0 0 0 0 0 0 0 0 0 0 0 0 0 0 0 0 0 0 0 0 0 0 0 0 0 0 0 0 0 0 0 0 0 0 0 0 0 0 0 0 0 0 0 0.00129177 0.00514861 0.00703259 0.0163372 0.0215326 0.00520005 0.00288931 0 0 0 0 0 0 0 0 0 0 0 0 0 0 0 0 0 0 0 0 0 0 0 0 0 0 0 0 0 0 0 0 0 0 0 0 0 0 0 0 0 0 0 0 0 0 0 0 0 0 0 0 0 0 0 0 0 0 0 0 0 0
0 0 0 0 0 0 0 0 0 0 0 0 0 0 0 0 0 0 0 0 0 0 0 0 0 0 0 0 0 0 0 0 0 0 0 0 0 0 0 0 0 0 0 0 0 0 0 0 0 0 0 0 0 0 0 0 0 0 0 0 0 0 0 0 0 0 0 0 0 0 0 0 0 0 0 0 0 0 0 0 0 0 0 0 0.000663835 0.00445455 4.02947e-06 0 0 0 0 0.00232876 0.00514742 0.00767349 0.0232387 0.034759 0.0289386 0.00522003 3.50263e-06 0 0 0 0 0 0 0 0 0 0 0 0 0 0 0 0 0 0 0 0 0 0 0 0 0 0 0 0 0 0 0 0 0 0 0 0 0 0 0 0 0 0 0 0 0 0 0 0 0 0 0 0 0 0 0 0 0 0 0 0 0
0 0 0 0 0 0 0 0 0 0 0 0 0 0 0 0 0 0 0 0 0 0 0 0 0 0 0 0 0 0 0 0 0 0 0 0 0 0 0 0 0 0 0 0 0 0 0 0 0 0 0 0 0 0 0 0 0 0 0 0 0 0 0 0 0 0 0 0 0 0 0 0 0 0 0 0 0 0 0 0 0 0 0 0.000536226 0.00514757 0.00834504 0.00515418 9.79902e-05 0 0 0.000358338 0.00514339 0.00514564 0.00527911 0.0310254 0.0563889 0.0395067 0.0367238 0.00745516 0.000285831 0.00152566 0 0 0 0 0 0 0 0 0 0 0 0 0 0 0 0 0 0 0 0 0 0 0 0 0 0 0 0 0 0 0 0 0 0 0 0 0 0 0 0 0 0 0 0 0 0 0 0 0 0 0 0 0 0 0 0 0 0 0
0 0 0 0 0 0 0 0 0 0 0 0 0 0 0 0 0 0 0 0 0 0 0 0 0 0 0 0 0 0 0 0 0 0 0 0 0 0 0 0 0 0 0 0 0 0 0 0 0 0 0 0 0 0 0 0 0 0 0 0 0 0 0 0 0 0 0 0 0 0 0 0 0 0 0 0 0 0 0 0 0 0 0 0.00245131 0.00544843 0.0139436 0.0144846 0.00514941 0 0.000233732 0.00514469 0.00514662 0.00566626 0.0079603 0.0140458 0.00654813 0.00532427 0.00518609 0.014649 0.00675213 0.00525363 6.93581e-05 0 0 0 0 0 0 0 0 0 0 0 0 0 0 0 0 0 0 0 0 0 0 0 0 0 0 0 0 0 0 0 0 0 0 0 0 0 0 0 0 0 0 0 0 0 0 0 0 0 0 0 0 0 0 0 0 0 0
0 0 0 0 0 0 0 0 0 0 0 0 0 0 0 0 0 0 0 0 0 0 0 0 0 0 0 0 0 0 0 0 0 0 0 0 0 0 0 0 0 0 0 0 0 0 0 0 0 0 0 0 0 0 0 0 0 0 0 0 0 0 0 0 0 0 0 0 0 0 0 0 0 0 0 0 0 0 0 0 0 0 0.000503187 0.00514624 0.00908968 0.0258466 0.0351601 0.0052434 1.95812e-06 0.00269777 0.0051457 0.00615899 0.00993311 0.0114047 0.00519348 0.0160714 0.00518507 0.00522197 0.00515187 0.00522351 0.00515164 0.00167511 0 0 0 0 0 0 0 0 0 0 0 0 0 0 0 0 0 0 0 0 0 0 0 0 0 0 0 0 0 0 0 0 0 0 0 0 0 0 0 0 0 0 0 0 0 0 0 0 0 0 0 0 0 0 0 0 0 0
0 0 0 0 0 0 0 0 0 0 0 0 0 0 0 0 0 0 0 0 0 0 0 0 0 0 0 0 0 0 0 0 0 0 0 0 0 0 0 0 0 0 0 0 0 0 0 0 0 0 0 0 0 0 0 0 0 0 0 0 0 0 0 0 0 0 0 0 0 0 0 0 0 0 0 0 0 0 0 0 0 0 0 0.00041424 0.00514643 0.00519304 0.0248068 0.00528608 0.00515643 0.0051421 0.00514991 0.0103014 0.0156449 0.00977749 0.00514701 0.00519255 0.0194541 0.00515559 0.0052068 0.000862457 0 0 0 0 0 0 0 0 0 0 0 0 0 0 0 0 0 0 0 0 0 0 0 0 0 0 0 0 0 0 0 0 0 0 0 0 0 0 0 0 0 0 0 0 0 0 0 0 0 0 0 0 0 0 0 0 0 0 0 0
0 0 0 0 0 0 0 0 0 0 0 0 0 0 0 0 0 0 0 0 0 0 0 0 0 0 0 0 0 0 0 0 0 0 0 0 0 0 0 0 0 0 0 0 0 0 0 0 0 0 0 0 0 0 0 0 0 0 0 0 0 0 0 0 0 0 0 0 0 0 0 0 0 0 0 0 0 0 0 0 0 0 0 0.000690664 0.005144 0.00712393 0.0145226 0.00519597 0.0183131 0.00517932 0.00515037 0.0125396 0.0206199 0.00517149 0.0108273 0.0229126 0.00522163 0 0 0 0 0 0 0 0 0 0 0 0 0 0 0 0 0 0 0 0 0 0 0 0 0 0 0 0 0 0 0 0 0 0 0 0 0 0 0 0 0 0 0 0 0 0 0 0 0 0 0 0 0 0 0 0 0 0 0 0 0 0 0
0 0 0 0 0 0 0 0 0 0 0 0 0 0 0 0 0 0 0 0 0 0 0 0 0 0 0 0 0 0 0 0 0 0 0 0 0 0 0 0 0 0 0 0 0 0 0 0 0 0 0 0 0 0 0 0 0 0 0 0 0 0 0 0 0 0 0 0 0 0 0 0 0 0 0 0 0 0 0 0 0 0 0 0.00222812 0.00514546 0.0094086 0.0254497 0.0301132 0.0302064 0.0237813 0.00519769 0.0147918 0.0215386 0.00517414 0.0057579 0.00528054 0.00520442 0.00456414 0 0 0 0 0 0 0 0 0 0 0 0 0 0 0 0 0 0 0 0 0 0 0 0 0 0 0 0 0 0 0 0 0 0 0 0 0 0 0 0 0 0 0 0 0 0 0 0 0 0 0 0 0 0 0 0 0 0 0 0 0 0
0 0 0 0 0 0 0 0 0 0 0 0 0 0 0 0 0 0 0 0 0 0 0 0 0 0 0 0 0 0 0 0 0 0 0 0 0 0 0 0 0 0 0 0 0 0 0 0 0 0 0 0 0 0 0 0 0 0 0 0 0 0 0 0 0 0 0 0 0 0 0 0 0 0 0 0 0 0 0 0 0 0 0 0 0.00206772 0.00514428 0.00528433 0.0532411 0.0233154 0.0264412 0.0284223 0.0219302 0.00872864 0.0152939 0.0158827 0.00523311 0.00525354 0.00516697 0 0 0 0 0 0 0 0 0 0 0 0 0 0 0 0 0 0 0 0 0 0 0 0 0 0 0 0 0 0 0 0 0 0 0 0 0 0 0 0 0 0 0 0 0 0 0 0 0 0 0 0 0 0 0 0 0 0 0 0 0 0
0 0 0 0 0 0 0 0 0 0 0 0 0 0 0 0 0 0 0 0 0 0 0 0 0 0 0 0 0 0 0 0 0 0 0 0 0 0 0 0 0 0 0 0 0 0 0 0 0 0 0 0 0 0 0 0 0 0 0 0 0 0 0 0 0 0 0 0 0 0 0 0 0 0 0 0 0 0 0 0 0 0 0 0 0 0.000545194 0.00519818 0.0391595 0.0469918 0.041566 0.0383411 0.0066859 0.0161799 0.0307931 0.0352569 0.0265788 0.00523999 0.00514777 0.0045349 0 0 0 0 0 0 0 0 0 0 0 0 0 0 0 0 0 0 0 0 0 0 0 0 0 0 0 0 0 0 0 0 0 0 0 0 0 0 0 0 0 0 0 0 0 0 0 0 0 0 0 0 0 0 0 0 0 0 0 0 0
0 0 0 0 0 0 0 0 0 0 0 0 0 0 0 0 0 0 0 0 0 0 0 0 0 0 0 0 0 0 0 0 0 0 0 0 0 0 0 0 0 0 0 0 0 0 0 0 0 0 0 0 0 0 0 0 0 0 0 0 0 0 0 0 0 0 0 0 0 0 0 0 0 0 0 0 0 0 0 0 0 0 0 0 0 2.68929e-05 0.00524601 0.0405863 0.0104332 0.0130939 0.0307772 0.0291039 0.0284837 0.0416115 0.0536084 0.0548005 0.0209892 0.00536055 0.00516722 0 0 0 0 0 0 0 0 0 0 0 0 0 0 0 0 0 0 0 0 0 0 0 0 0 0 0 0 0 0 0 0 0 0 0 0 0 0 0 0 0 0 0 0 0 0 0 0 0 0 0 0 0 0 0 0 0 0 0 0 0
0 0 0 0 0 0 0 0 0 0 0 0 0 0 0 0 0 0 0 0 0 0 0 0 0 0 0 0 0 0 0 0 0 0 0 0 0 0 0 0 0 0 0 0 0 0 0 0 0 0 0 0 0 0 0 0 0 0 0 0 0 0 0 0 0 0 0 0 0 0 0 0 0 0 0 0 0 0 0 0 0 0 0 0 0 0 0.00518598 0.0224027 0.00519933 0.00744789 0.0336386 0.0476719 0.0298997 0.053901 0.0671769 0.0122976 0.00516509 0.00527409 0.00521535 0 0 0 0 0 0 0 0 0 0 0 0 0 0 0 0 0 0 0 0 0 0 0 0 0 0 0 0 0 0 0 0 0 0 0 0 0 0 0 0 0 0 0 0 0 0 0 0 0 0 0 0 0 0 0 0 0 0 0 0 0
0 0 0 0 0 0 0 0 0 0 0 0 0 0 0 0 0 0 0 0 0 0 0 0 0 0 0 0 0 0 0 0 0 0 0 0 0 0 0 0 0 0 0 0 0 0 0 0 0 0 0 0 0 0 0 0 0 0 0 0 0 0 0 0 0 0 0 0 0.00294394 0.00294394 0.00294394 0.00294394 0.00200514 0.00200514 0.00200514 0.00200514 0 0 0 0 0 0 0 0 0 0 0.00519409 0.0300457 0.0252109 0.0309797 0.0502885 0.0721448 0.0226284 0.0659973 0.0651746 0.0212014 8.86658e-05 0.00514888 0.00521085 0 0 0 0 0 0 0 0 0 0 0 0 0 0 0 0 0 0 0 0 0 0 0 0 0 0 0 0 0 0 0 0 0 0 0 0 0 0 0 0 0 0 0 0 0 0 0 0 0 0 0 0 0 0 0 0 0 0 0 0 0
0 0 0 0 0 0 0 0 0 0 0 0 0 0 0 0 0 0 0 0 0 0 0 0 0 0 0 0 0 0 0 0 0 0 0 0 0 0 0 0 0 0 0 0 0 0 0 0 0 0 0 0 0 0 0 0 0 0 0 0 0 0 0 0 0 0 0 0 0.00294394 0.00294394 0.00294394 0.00294394 0.00200514 0.00200514 0.00200514 0.00200514 0 0 0 0 0 0 0 0 0 0 0.00521067 0.0344094 0.0364447 0.0416116 0.0499387 0.0599398 0.066543 0.0233212 0.0563299 0.0834653 0.0246534 0.00570137 0.00514685 4.82257e-05 0 0 0 0 0 0 0 0 0 0 0 0 0 0 0 0 0 0 0 0 0 0 0 0 0 0 0 0 0 0 0 0 0 0 0 0 0 0 0 0 0 0 0 0 0 0 0 0 0 0 0 0 0 0 0 0 0 0 0 0
0 0 0 0 0 0 0 0 0 0 0 0 0 0 0 0 0 0 0 0 0 0 0 0 0 0 0 0 0 0 0 0 0 0 0 0 0 0 0 0 0 0 0 0 0 0 0 0 0 0 0 0 0 0 0 0 0 0 0 0 0 0 0 0 0 0 0 0 0.00294394 0.00294394 0.00364694 0.00429861 0.00264004 0.00264004 0.00200514 0.00200514 0 0 0 0 0 0 0 0 0 0 0.00521453 0.037182 0.0429982 0.0482578 0.0496536 0.0522032 0.0527943 0.0431468 0.0591212 0.0753546 0.0955581 0.085596 0.00806496 0.000183902 0 0 0 0 0 0 0 0 0 0 0 0 0 0 0 0 0 0 0 0 0 0 0 0 0 0 0 0 0 0 0 0 0 0 0 0 0 0 0 0 0 0 0 0 0 0 0 0 0 0 0 0 0 0 0 0 0 0 0 0
0 0 0 0 0 0 0 0 0 0 0 0 0 0 0 0 0 0 0 0 0 0 0 0 0 0 0 0 0 0 0 0 0 0 0 0 0 0 0 0 0 0 0 0 0 0 0 0 0 0 0 0 0 0 0 0 0 0 0 0 0 0 0 0 0 0 0 0 0.00294394 0.00294394 0.00364694 0.007834 0.0104595 0.00344756 0.00200514 0.00200514 0 0 0 0 0 0 0 0 0 0 0.00523887 0.0383025 0.0484907 0.0588171 0.0548944 0.0505744 0.0516287 0.0508291 0.0555169 0.0506095 0.0564839 0.131978 0.0322368 0.0051724 0 0 0 0 0 0 0 0 0 0 0 0 0 0 0 0 0 0 0 0 0 0 0 0 0 0 0 0 0 0 0 0 0 0 0 0 0 0 0 0 0 0 0 0 0 0 0 0 0 0 0 0 0 0 0 0 0 0 0 0
0 0 0 0 0 0 0 0 0 0 0 0 0 0 0 0 0 0 0 0 0 0 0 0 0 0 0 0 0 0 0 0 0 0 0 0 0 0 0 0 0 0 0 0 0 0 0 0 0 0 0 0 0 0 0 0 0 0 0 0 0 0 0 0 0 0 0 0 3.96536e-05 4.75043e-05 0.00518029 0.0272177 0.0333233 0.00522587 0.00439534 0.00386726 0 0 0 0 0 0 0 0 0 3.26501e-06 0.00517257 0.0284414 0.0518364 0.0791671 0.0695757 0.0534249 0.0497762 0.0524698 0.0584679 0.057606 0.041766 0.03226 0.103064 0.00887355 3.64844e-06 0 0 0 0 0 0 0 0 0 0 0 0 0 0 0 0 0 0 0 0 0 0 0 0 0 0 0 0 0 0 0 0 0 0 0 0 0 0 0 0 0 0 0 0 0 0 0 0 0 0 0 0 0 0 0 0 0 0 0
0 0 0 0 0 0 0 0 0 0 0 0 0 0 0 0 0 0 0 0 0 0 0 0 0 0 0 0 0 0 0 0 0 0 0 0 0 0 0 0 0 0 0 0 0 0 0 0 0 0 0 0 0 0 0 0 0 0 0 0 0 0 0 0 0 0 0 0 3.96536e-05 3.96536e-05 0.00518029 0.00579169 0.035739 0.0103777 0.00519047 0.00484547 0 0 0 0 0 0 0 0 0 0 4.14251e-06 0.00517155 0.00527334 0.015453 0.0923263 0.0115414 0.00529935 0.0569475 0.0710786 0.0785136 0.0865369 0.0835939 0.111119 0.0140155 0.00516809 2.58438e-05 0 0 0 0 0 0 0 0 0 0 0 0 0 0 0 0 0 0 0 0 0 0 0 0 0 0 0 0 0 0 0 0 0 0 0 0 0 0 0 0 0 0 0 0 0 0 0 0 0 0 0 0 0 0 0 0 0 0
0 0 0 0 0 0 0 0 0 0 0 0 0 0 0 0 0 0 0 0 0 0 0 0 0 0 0 0 0 0 0 0 0 0 0 0 0 0 0 0 0 0 0 0 0 0 0 0 0 0 0 0 0 0 0 0 0 0 0 0 0 0 0 0 2.92019e-06 0 0 0 0 0 0 0 0.00131523 0.00890547 0.0101567 0.00519092 0.00287511 0.00287511 0 0 0 0 0 0 0 0 0 9.78519e-07 0 3.66361e-06 0.0104351 0.00921844 0.000560172 0.00733494 0.0830966 0.0991355 0.125128 0.140286 0.153279 0.0284313 0.0257241 0.00525193 0.00278901 0.000127213 0 0 0 0 0 0 0 0 0 0 0 0 0 0 0 0 0 0 0 0 0 0 0 0 0 0 0 0 0 0 0 0 0 0 0 0 0 0 0 0 0 0 0 0 0 0 0 0 0 0 0 0 0 0 0 0
0 0 0 0 0 0 0 0 0 0 0 0 0 0 0 0 0 0 0 0 0 0 0 0 0 0 0 0 0 0 0 0 0 0 0 0 0 0 0 0 0 0 0 0 0 0 0 0 0 0 0 0 0 0 0 0 0 0 0 0 0 0.000831793 0.00518651 0.00518678 0.00515126 0.00032872 0 0 0 0 0 0 0.00482564 0.0064764 0.0101148 0.00530742 0.00303182 0.00287511 0 0 0 0 0 0 0 0 0 0 0 0 0.000192133 0.00522344 0.00527297 0.000394469 0.012967 0.122096 0.165855 0.177571 0.117973 0.0977891 0.0186677 0.0572828 0.00930462 0.00521929 0.00428116 0.00374192 0.00245516 0.00274975 0.00128232 0.000640511 0 0 0 0 0 0 0 0 0 0 0 0 0 0 0 0 0 0 0 0 0 0 0 0 0 0 0 0 0 0 0 0 0 0 0 0 0 0 0 0 0 0 0 0 0 0 0 0 0 0
0 0 0 0 0 0 0 0 0 0 0 0 0 0 0 0 0 0 0 0 0 0 0 0 0 0 0 0 0 0 0 0 0 0 0 0 0 0 0 0 0 0 0 0 0 0 0 0 0 0 0 0 0 0 0 0 0 0 0 0 0 0.00188801 0.00522704 0.0077866 0.0147045 0.00516794 6.80072e-06 0 0 1.03747e-06 7.27721e-06 0.0051527 0.005273 0.00518384 0.00516839 0.00517464 0.00519142 0.00391178 0 0 0 0 0 0 0 0 0 0 0 0 0.000699295 0.00515655 0.00515189 0 4.43977e-06 0.0349145 0.226845 0.25479 0.112383 0.069113 0.0758438 0.0682165 0.0147702 0.0549299 0.0117851 0.0121346 0.0129623 0.0105275 0.0156421 0.00516349 0.00370755 0 0 0 0 0 0 0 0 0 0 0 0 0 0 0 0 0 0 0 0 0 0 0 0 0 0 0 0 0 0 0 0 0 0 0 0 0 0 0 0 0 0 0 0 0 0 0 0 0
0 0 0 0 0 0 0 0 0 0 0 0 0 0 0 0 0 0 0 0 0 0 0 0 0 0 0 0 0 0 0 0 0 0 0 0 0 0 0 0 0 0 0 0 0 0 0 0 0 0 0 0 0 0 0 0 0 0 0 0 0 0 0.00140158 0.00514455 0.00528801 0.0178803 0.00516576 1.85269e-05 1.22169e-05 0.00514704 0.00519238 0.0157273 0.0309948 0.031022 0.0187729 0.00518585 0.00341507 0.00174349 0 0 0 0 0 0 0 0 0 0 0 0 0 0 3.14073e-05 0 0 1.69929e-05 0.0409633 0.187044 0.108382 0.0757833 0.0781804 0.0688781 0.0571401 0.0789222 0.10015 0.118425 0.14355 0.13745 0.140111 0.0320074 0.00528279 0 0 0 0 0 0 0 0 0 0 0 0 0 0 0 0 0 0 0 0 0 0 0 0 0 0 0 0 0 0 0 0 0 0 0 0 0 0 0 0 0 0 0 0 0 0 0 0 0
0 0 0 0 0 0 0 0 0 0 0 0 0 0 0 0 0 0 0 0 0 0 0 0 0 0 0 0 0 0 0 0 0 0 0 0 0 0 0 0 0 0 0 0 0 0 0 0 0 0 0 0 0 0 0 0 0 0 0 0 0 0 0 1.97922e-05 0.00514621 0.00516604 0.0136028 0.00516369 0.00515869 0.00995876 0.0249674 0.0154403 0.00518862 0.0052328 0.0265778 0.0270863 0.0052301 3.36924e-06 0 0 0 0 0 0 0 0 0 0 0 0 0 0 0 0 0 0 0.000271719 0.0301301 0.128593 0.0935019 0.0822609 0.0746045 0.0800392 0.0922503 0.104265 0.116617 0.127115 0.158344 0.147523 0.0900508 0.0156265 0.000383047 0 0 0 0 0 0 0 0 0 0 0 0 0 0 0 0 0 0 0 0 0 0 0 0 0 0 0 0 0 0 0 0 0 0 0 0 0 0 0 0 0 0 0 0 0 0 0 0
0 0 0 0 0 0 0 0 0 0 0 0 0 0 0 0 0 0 0 0 0 0 0 0 0 0 0 0 0 0 0 0 0 0 0 0 0 0 0 0 0 0 0 0 0 0 0 0 0 0 0 0 0 0 0 0 0 0 0 0 0 0 0 0 0 5.04194e-06 0.00516147 0.0146992 0.0144302 0.00516475 0.00524058 0.00515383 1.5102e-06 0.00515147 0.00539402 0.0286853 0.0172466 0.00515648 1.58771e-06 0 0 0 0 0 0 0 0 0 0 0 0 0 0 0 0 0 0.000251828 0.000813301 0.0455117 0.0799823 0.0653458 0.0689883 0.0876306 0.099536 0.109501 0.109725 0.0688381 0.0541353 0.0610195 0.0635119 0.0735205 0.00851575 3.78141e-05 0 0 0 0 0 0 0 0 0 0 0 0 0 0 0 0 0 0 0 0 0 0 0 0 0 0 0 0 0 0 0 0 0 0 0 0 0 0 0 0 0 0 0 0 0 0 0
0 0 0 0 0 0 0 0 0 0 0 0 0 0 0 0 0 0 0 0 0 0 0 0 0 0 0 0 0 0 0 0 0 0 0 0 0 0 0 0 0 0 0 0 0 0 0 0 0 0 0 0 0 0 0 0 0 0 0 0 0 0 0 0 0 0 0.000865726 0.00529267 0.00532033 0.00515226 1.78092e-07 9.71871e-06 6.07618e-05 0.0052172 0.0212012 0.0431233 0.00572271 0.0051807 0 0 0 0 0 0 0 0 0 0 0 0 0 0 0 0 0 0 0 0.00218771 0.0145391 0.0080665 0.0537402 0.0751296 0.0956444 0.107149 0.121036 0.141408 0.0708752 0.0495461 0.0647308 0.0754104 0.074905 0.0626471 0.0123599 0.0003157 0 0 0 0 1.44056e-05 1.44056e-05 0.0022662 0.0022662 0.0022662 0.0022662 0.000487492 0.000487492 0.000487492 0.000487492 0 0 0 0 0 0 0 0 0 0 0 0 0 0 0 0 0 0 0 0 0 0 0 0 0 0 0 0 0 0 0 0
0 0 0 0 0 0 0 0 0 0 0 0 0 0 0 0 0 0 0 0 0 0 0 0 0 0 0 0 0 0 0 0 0 0 0 0 0 0 0 0 0 0 0 0 0 0 0 0 0 0 0 0 0 0 0 0 0 0 0 0 0 0 0 0 0 0 0 1.36384e-05 0.000387795 3.0837e-05 0 0 1.91193e-06 0.00514882 0.0108926 0.0190742 0.0052116 0.00468027 0 0 9.25148e-07 0 0 0 0 0 0 0 0 0 0 0 0 0 0 0 0 8.09297e-06 0.00522204 0.0511121 0.0795981 0.0816087 0.106517 0.109944 0.124694 0.14961 0.177623 0.159592 0.128294 0.108492 0.0875081 0.0676234 0.0187792 0.00516245 0 0 0 0 5.76225e-05 1.44056e-05 0.0022662 0.0022662 0.0022662 0.0022662 0.000487492 0.000487492 0.000487492 0.000487492 0 0 0 0 0 0 0 0 0 0 0 0 0 0 0 0 0 0 0 0 0 0 0 0 0 0 0 0 0 0 0 0
0 0 0 0 0 0 0 0 0 0 0 0 0 0 0 0 0 0 0 0 0 0 0 0 0 0 0 0 0 0 0 0 0 0 0 0 0 0 0 0 0 0 0 0 0 0 0 0 0 0 0 0 0 0 0 0 0 0 0 0 0 0 0 0 0 0 0 0 0 0 0 0 0 6.88043e-06 0.00516537 0.0194626 0.00522996 0.00518386 3.38494e-06 0.000113772 0.00514025 0 0 0 0 0 0 0 0 0 0 0 0 0 0 0 0 0 0.000715914 0.0120504 0.0945154 0.052688 0.0385759 0.107514 0.130901 0.149723 0.173049 0.167962 0.155376 0.167541 0.10556 0.0598408 0.0348155 0.00520208 0.00407899 0 0.00350917 0.00350917 0.00514303 0.00466872 0.00341182 0.00341182 0.0035322 0.0035322 0.00157068 0.00157068 0.000487492 0.000487492 0 0 0 0 0 0 0 0 0 0 0 0 0 0 0 0 0 0 0 0 0 0 0 0 0 0 0 0 0 0 0 0
0 0 0 0 0 0 0 0 0 0 0 0 0 0 0 0 0 0 0 0 0 0 0 0 0 0 0 0 0 0 0 0 0 0 0 0 0 0 0 0 0 0 0 0 0 0 0 0 0 0 0 0 0 0 0 0 0 0 0 0 0 0 0 0 0 0 0 0 0 0 0 0 0 0 0.00515233 0.00532351 0.0225092 0.0331456 0.00978356 0.0053326 0.00519085 8.48611e-07 8.18336e-05 6.83106e-05 0 0 0 0 0 0 0 0 0 0 0 0 0 0 0.000486492 0.00535421 0.0123301 0.0390911 0.0468154 0.0901414 0.130901 0.148805 0.190605 0.121093 0.0878157 0.0376753 0.0115422 0.0358151 0.0536848 0.00655071 0.00516527 0 0.0051993 0.00514343 0.00518288 0.00522694 0.00560156 0.00529963 0.0052008 0.00549145 0.00514534 0.00157068 0.00146871 0.000487492 0 0 0 0 0 0 0 0 0 0 0 0 0 0 0 0 0 0 0 0 0 0 0 0 0 0 0 0 0 0 0 0
0 0 0 0 0 0 0 0 0 0 0 0 0 0 0 0 0 0 0 0 0 0 0 0 0 0 0 0 0 0 0 0 0 0 0 0 0 0 0 0 0 0 0 0 0 0 0 0 0 0 0 0 0 0.00246268 0 0 0 0 0 0 0 0 0 0 0 0 0 0 0 0 0 0 0 0 4.6178e-05 9.44515e-06 0.0052047 0.0323945 0.0615497 0.0486966 0.0358924 0.00611015 0.00526174 0.00594101 0.00204584 0.00168354 0 0 0 0 0 0 0 0 0 0 0 0 0.00100421 0.00519483 0.00683632 0.00754919 0.049823 0.0898514 0.115854 0.135702 0.147291 0.0715393 0.10052 0.0472687 0.00558805 0.0323515 0.0456942 0.0231118 0.00516087 0.00138261 0.00639322 0.0080807 0.0154775 0.0197684 0.00559381 0.0133961 0.0101767 0.0054125 0.0175637 0.00865502 0.00529462 0.00520874 0.005213 0.00525839 0.0027615 0.0027615 0.0027615 0.0027615 0.0027615 0.0027615 0.000944201 0.000944201 0.000944201 0.000944201 0.000944201 0.000944201 0.000944201 0.000944201 0 0 0 0 0 0 0 0 0 0 0 0 0 0 0 0
0 0 0 0 0 0 0 0 0 0 0 0 0 0 0 0 0 0 0 0 0 0 0 0 0 0 0 0 0 0 0 0 0 0 0 0 0 0 0 0 0 0 0 0 0 0 0 0 0 6.78941e-06 0.00379755 0.000143088 0.00345182 0.005143 0.00370225 0 0 0 0 0 0 0 0 0 0 0 0 0 0 0 0 0 0 0 0 0 1.48195e-05 0.0051873 0.00530509 0.00544661 0.0453749 0.0528716 0.0590813 0.0895232 0.00930366 0.00516037 0.00221074 4.94969e-06 0 0 0 0 0 0 0 0 0 0 0 0.000237455 0.00532652 0.0122421 0.0572397 0.101633 0.120165 0.132015 0.133509 0.124693 0.191297 0.0439095 0.00581552 0.011332 0.068565 0.0053618 0.00138261 0.00138261 0.00544081 0.0167998 0.0207131 0.00544249 0.00546733 0.00538002 0.0100236 0.00535885 0.00612415 0.00529419 0.00515858 0.00528788 0.0053277 0.00529067 0.0027615 0.0027615 0.0027615 0.0027615 0.0027615 0.0027615 0.000944201 0.000944201 0.000944201 0.000944201 0.000944201 0.000944201 0.000944201 0.000944201 0 0 0 0 0 0 0 0 0 0 0 0 0 0 0 0
0 0 0 0 0 0 0 0 0 0 0 0 0 0 0 0 0 0 0 0 0 0 0 0 0 0 0 0 0 0 0 0 0 0 0 0 0 0 0 0 0 0 0 0 0 0 0 0.000436933 0.00518607 0.00514571 0.00536167 0.00514407 0.00514564 0.00685744 0.00514539 0.00480771 0 0 0 0 0 0 0 0 0 0 0 0 0 0 0 0 0 0 0 0 0 0 0.000722313 0.00518166 0.00523691 0.00525835 0.0052603 0.0209358 0.0120979 0.0167256 0.00530717 0.00517308 0 0 0.00262455 0.00262455 0.00145173 0.00145173 9.65029e-05 9.65029e-05 0 0 0.00385952 0.00443381 0.00521713 0.0475208 0.0858453 0.128177 0.123111 0.136606 0.135153 0.141863 0.174884 0.0329784 0.00629177 0.066584 0.130587 0.0109335 0.00386277 0.00519342 0.00550361 0.00538032 0.00546924 0.00552142 0.00552646 0.00546037 0.00542361 0.00541177 0.0045391 0.00377307 0.00377307 0.00377307 0.0027615 0.0027615 0.0027615 0.0027615 0.0027615 0.0027615 0.0027615 0.0027615 0.000944201 0.000944201 0.000944201 0.000944201 0.000944201 0.000944201 0.000944201 0.000944201 0 0 0 0 0 0 0 0 0 0 0 0 0 0 0 0
0 0 0 0 0 0 0 0 0 0 0 0 0 0 0 0 0 0 0 0 0 0 0 0 0 0 0 0 0 0 0 0 0 0 0 0 0 0 0 0 0 0 0 0 0 0 0 0.00112473 0.00517026 0.0066832 0.0163338 0.00520737 0.00521541 0.0198513 0.00669853 0.00514329 0.000992089 0 0 0 0 0 0 0 0 0 0 0 0 0 0 0 0 0 0 0 0 0 0 0 0 0 0 0.00105184 0.00521715 0.00541638 0.0330801 0.0235479 0.00524496 0.00524141 0.00533316 0.00527538 0.00518494 0.00145173 0.000386012 9.65029e-05 0 0.00501468 0.00516799 0.00514171 0.00516243 0.0204251 0.0672151 0.0475792 0.0954984 0.113195 0.138804 0.147295 0.0523867 0.112786 0.018523 0.076625 0.0511447 0.00525327 0.00516281 0.00532774 0.00542786 0.00536876 0.00544439 0.00545436 0.00545818 0.00548824 0.00542127 0.00546395 0.00518033 0.00377307 0.00377307 0.00377307 0.0027615 0.0027615 0.0027615 0.0027615 0.0027615 0.0027615 0.0027615 0.0027615 0.000944201 0.000944201 0.000944201 0.000944201 0.000944201 0.000944201 0.000944201 0.000944201 0 0 0 0 0 0 0 0 0 0 0 0 0 0 0 0
0 0 0 0 0 0 0 0 0 0 0 0 0 0 0 0 0 0 0 0 0 0 0 0 0 0 0 0 0 0 0 0 0 0 0 0 0 0 0 0 0 0 0 0 0 0 0 0.00188612 0.00514914 0.0104055 0.0255702 0.0428487 0.0426413 0.0491662 0.00812386 0.00519795 8.15272e-06 0 0 0 0 0 0 0 0 0 0 0 0 0 0 0 0 0 0 0 0 0 0 0 0 0 0 0 0.000113899 0.00532414 0.00547804 0.00733011 0.0214285 0.0212436 0.0314435 0.0346478 0.0293967 0.00537017 0.00517297 0.00483809 0.00509826 0.00517069 0.00278831 0.00370988 0.00514109 0.0156125 0.107955 0.0876221 0.105329 0.114332 0.141437 0.0979126 0.0219711 0.0829537 0.0776947 0.165227 0.149294 0.01306 0.00520037 0.00529662 0.0054099 0.0053498 0.005435 0.00540508 0.00542096 0.00542119 0.00545436 0.00542415 0.00273298 0.00265178 0.000984879 0.000984879 0.0027615 0.0027615 0.0027615 0.0027615 0.00514777 0.00526879 0.0053295 0.00543763 0.00202742 0.00190845 0.00190845 0.00190845 0.000944201 0.000944201 0.000944201 0.000944201 0 0 0 0 0 0 0 0 0 0 0 0 0 0 0 0
0 0 0 0 0 0 0 0 0 0 0 0 0 0 0 0 0 0 0 0 0 0 0 0 0 0 0 0 0 0 0 0 0 0 0 0 0 0 0 0 0 0 0 0 0 0 0 0 0.00176241 0.00514743 0.00518426 0.00523267 0.0274187 0.0520092 0.0535587 0.0457233 0.0084018 4.36881e-06 0 1.58941e-06 0 0 0 0 0 0 0 0 0 0 0 0 0 0 0 0 0 0 0 0 0 0 0 0 0.000771993 0.00518712 0.005317 0.00532522 0.00534843 0.00690276 0.0393019 0.058888 0.0238697 0.00984965 0.00770736 0.00548713 0.00543787 0.00527913 0.00516765 0.00278831 0.000809243 0.0322218 0.12193 0.111125 0.121601 0.123672 0.042165 0.0175084 0.00717432 0.0129667 0.060796 0.100198 0.169284 0.13294 0.0146876 0.00531964 0.00535422 0.00535034 0.00544262 0.00533006 0.00542025 0.00565281 0.00527346 0.00521721 0.00272837 0.00265178 0.000984879 0.000984879 0.0027615 0.0027615 0.0027615 0.0027615 0.00514781 0.00522106 0.00543468 0.00541031 0.00311964 0.00190845 0.00190845 0.00190845 0.000944201 0.000944201 0.000944201 0.000944201 0 0 0 0 0 0 0 0 0 0 0 0 0 0 0 0
0 0 0 0 0 0 0 0 0 0 0 0 0 0 0 0 0 0 0 0 0 0 0 0 0 0 0 0 0 0 0 0 0 0 0 0 0 0 0 0 0 0 0 0 0 0 0 0 0 0.00261849 0.00514758 0.0112478 0.00519358 0.00535265 0.0535293 0.0575 0.073872 0.0136635 0.00726398 0.00768441 6.03726e-06 0 0 1.67108e-06 0 0 0 0 0 0 0 0 0 0 0 0.00173157 0.0045867 0.0045867 0.000134497 0 0 0 0 0 0 0 0.00135035 0.00514566 0.00526747 0.00522403 0.00523702 0.015375 0.00993182 0.0208469 0.0101573 0.0129154 0.0202195 0.00997252 0.00534047 0.0052005 0.00273685 0.0239088 0.104913 0.11878 0.0675578 0.0376106 0.00619473 0.00680764 0.00669981 0.00582898 0.0103381 0.0736187 0.0713388 0.0427618 0.01663 0.0296401 0.036061 0.0503654 0.0141619 0.00546954 0.0063665 0.00548516 0.00437406 0.00437406 0.000984879 0.000984879 0.000984879 0.000984879 0.0027615 0.0027615 0.00290533 0.00290533 0.00526488 0.00537402 0.00539631 0.00540681 0.00541744 0.00413428 0.00190845 0.00190845 0.000944201 0.000944201 0.000944201 0.000944201 0 0 0 0 0 0 0 0 0 0 0 0 0 0 0 0
0 0 0 0 0 0 0 0 0 0 0 0 0 0 0 0 0 0 0 0 0 0 0 0 0 0 0 0 0 0 0 0 0 0 0 0 0 0 0 0 0 0 0 0 0 0 0 0 0 0 0.0016477 0.00514641 0.00518449 0.00515305 0.00627575 0.0542732 0.0946255 0.0935825 0.076761 0.0937357 0.0364711 0.0140396 0.00991782 0.0116274 2.90556e-05 0 0 0 1.25752e-06 0 0 0 0 0 0.00115227 0.0051419 0.00510905 0.00459651 0.00514238 0.000119532 0 0 0 0 0 0 0.00135035 0.00135035 0.0042938 0.0042938 0.00490873 0.00490873 0.00524999 0.0106531 0.00636282 0.00808749 0.0200136 0.00552623 0.00548096 0.00534472 0.00531441 0.0204443 0.125202 0.0422387 0.011516 0.00625753 0.00578657 0.00783937 0.00950636 0.00579211 0.00571222 0.00617665 0.0161793 0.0216205 0.0223118 0.135162 0.0280734 0.0411761 0.0129732 0.00628924 0.00548421 0.00551731 0.00437406 0.00437406 0.000984879 0.000984879 0.000984879 0.000984879 0.0027615 0.00277371 0.00309607 0.00409445 0.00526357 0.00543383 0.00542669 0.00551658 0.00551266 0.00497212 0.00190845 0.00190845 0.000944201 0.000944201 0.000944201 0.000944201 0 0 0 0 0 0 0 0 0 0 0 0 0 0 0 0
0 0 0 0 0 0 0 0 0 0 0 0 0 0 0 0 0 0 0 0 0 0 0 0 0 0 0 0 0 0 0 0 0 0 0 0 0 0 0 0 0 0 0 0 0 0 0 0 0 0 0 1.07461e-05 0.000104246 0.00119411 0.00514245 0.00522398 0.0159523 0.0789123 0.0680007 0.0897586 0.145738 0.116846 0.129504 0.124672 0.0222969 0.014665 0.0223741 0.0166858 0.00738803 3.2303e-06 0 0 0.00015427 0.00347392 0.0051433 0.00514541 0.00514589 0.00514573 0.00514473 0.00463804 0.000248729 0 0 0 0 0 0 0 0 0 0 0 0.00312089 0.00577399 0.00998983 0.00990107 0.0101531 0.00997966 0.00552887 0.00546502 0.00544255 0.0180487 0.0808264 0.0320333 0.0413458 0.00812659 0.00579225 0.00743334 0.0196788 0.00920455 0.00573502 0.00567746 0.0107315 0.0135363 0.00656161 0.0322036 0.0201736 0.0292969 0.0122796 0.00603047 0.00607892 0.00557605 0.00308201 0.00308201 3.06839e-05 3.06839e-05 3.06839e-05 3.06839e-05 0.00515348 0.00515343 0.00528211 0.00976932 0.006718 0.00609625 0.00729511 0.00548072 0.00546987 0.00533048 0.00525199 0.00476087 0.0019508 0.0019508 0.0019508 0.0019508 0 0 0 0 0 0 0 0 0 0 0 0 0 0 0 0
0 0 0 0 0 0 0 0 0 0 0 0 0 0 0 0 0 0 0 0 0 0 0 0 0 0 0 0 0 0 0 0 0 0 0 0 0 0 0 0 0 0 0 0 0 0 0 0 0 0 0 0 4.83442e-05 0.00514263 0.00514723 0.00881784 0.0239133 0.00928142 0.00525325 0.00533045 0.0307281 0.122123 0.148982 0.165341 0.159266 0.163193 0.168865 0.165039 0.113622 0.0328072 0.00982701 0.0206564 0.0221385 0.0205484 0.00526312 0.00519706 0.00514841 0.00514937 0.00516772 0.00517251 0.00515652 0.00173154 0 0 0 0 0 0 0 0 0 0 0.00312089 0.00495575 0.00519787 0.00520425 0.00997235 0.00552242 0.00662336 0.00559369 0.00545218 0.0119319 0.0305124 0.034557 0.0614539 0.016585 0.00700245 0.0058167 0.0187767 0.00897785 0.00640369 0.00570629 0.0127563 0.0117882 0.00559964 0.00890463 0.019699 0.00571827 0.00562093 0.0054234 0.00575447 0.00563743 0.00308201 0.00308201 3.06839e-05 3.06839e-05 3.06839e-05 3.06839e-05 0.00515518 0.00518049 0.00955251 0.0100884 0.00804277 0.00946058 0.00626765 0.0057561 0.00528207 0.00525776 0.00477415 0.00476087 0.0019508 0.0019508 0.0019508 0.0019508 0 0 0 0 0 0 0 0 0 0 0 0 0 0 0 0
0 0 0 0 0 0 0 0 0 0 0 0 0 0 0 0 0 0 0 0 0 0 0 0 0 0 0 0 0 0 0 0 0 0 0 0 0 0 0 0 0 0 0 0 0 0 0 0 0 0 0 0 0 0.00203231 0.00514499 0.00514937 0.00520356 0.00514256 0.00231492 2.10705e-06 6.01002e-05 0.0116638 0.016752 0.0246672 0.127258 0.195188 0.155453 0.17064 0.13824 0.152319 0.132159 0.180239 0.181746 0.0269591 0.00519295 0.00514544 0.00641123 0.00524538 0.00525704 0.00568455 0.00555678 0.00515018 0.00377443 0.00377443 0.000346941 0.000346941 0 0 0 0 0 0 0.00275946 0.00275946 0.00275946 0.00275946 0.00526016 0.00531517 0.0367181 0.0100991 0.00800926 0.00894839 0.0269011 0.0457385 0.0789585 0.0270996 0.00966251 0.0065806 0.00584863 0.00579098 0.00856036 0.00728033 0.0203086 0.0106996 0.00618072 0.00713761 0.020194 0.00979759 0.00559638 0.00550322 0.00559468 0.0055402 0.00323328 0.0030828 3.06839e-05 3.06839e-05 0.000122736 0.000122736 0.0051882 0.00518832 0.00547517 0.00968256 0.00998024 0.0100432 0.00960983 0.00985099 0.00523051 0.00477831 0.00474972 0.00474972 0.0019508 0.0019508 0.0019508 0.0019508 0 0 0 0 0 0 0 0 0 0 0 0 0 0 0 0
0 0 0 0 0 0 0 0 0 0 0 0 0 0 0 0 0 0 0 0 0 0 0 0 0 0 0 0 0 0 0 0 0 0 0 0 0 0 0 0 0 0 0 0 0 0 0 0 0 0 0 0 0 0 0.00301566 0.00514433 0.00514412 0.00464326 0 0 0.00292547 0.00518415 0.00514631 0.00514169 0.010269 0.069669 0.023878 0.0208629 0.107972 0.0989358 0.118514 0.148335 0.127239 0.0136832 0.0051835 0.00515674 0.0155754 0.00793296 0.00972256 0.00847012 0.00555174 0.00516464 0.00515052 0.00377443 0.000347942 0.000346941 0 0 0 0 0 0 0.00275946 0.00275946 0.00275946 0.00275946 0.00515114 0.00517302 0.00543132 0.0147933 0.0129593 0.0119084 0.0758008 0.158624 0.111363 0.133841 0.0407167 0.00855208 0.00723136 0.00676801 0.0116701 0.0142292 0.0193853 0.0106996 0.00814551 0.00797142 0.019705 0.00747871 0.00718031 0.0055564 0.00552097 0.00545141 0.00531216 0.0030828 3.06839e-05 3.06839e-05 0.000123293 0.00012484 0.00522104 0.00533023 0.00703301 0.00943438 0.0073785 0.00653625 0.0199615 0.00543872 0.00475948 0.00475948 0.00474972 0.00474972 0.0019508 0.0019508 0.0019508 0.0019508 0 0 0 0 0 0 0 0 0 0 0 0 0 0 0 0
0 0 0 0 0 0 0 0 0 0 0 0 0 0 0 0 0 0 0 0 0 0 0 0 0 0 0 0 0 0 0 0 0 0 0 0 0 0 0 0 0 0 0 0 0 0 0 0 0 0 0 0 0 0 0 0.00125929 0.00281737 0 0 0.00180646 0.00514458 0.00514597 0.00514623 0.0051457 0.00518141 0.00526528 0.00613029 0.047489 0.116134 0.0169893 0.0383334 0.162773 0.133635 0.0302589 0.00529137 0.00518257 0.00520386 0.00728776 0.00539235 0.00539181 0.00538255 0.005255 0.0102709 0.00516997 0.00516411 0.0051502 3.78996e-05 3.78996e-05 0 0 0 0 0 0 0 0 1.41238e-05 1.52908e-05 0.00515979 0.00707436 0.00683627 0.0428396 0.131356 0.245586 0.202442 0.179881 0.166474 0.0352807 0.00951942 0.00764901 0.0201275 0.0188062 0.0199744 0.0192032 0.0107692 0.0194471 0.00598341 0.0102371 0.0567017 0.0158155 0.00563451 0.00569998 0.00536924 0.00515443 0.00454846 0.00454846 0.00515876 0.0051635 0.0101683 0.0198402 0.0199503 0.00965974 0.0098684 0.00990893 0.00542116 0.00532543 0.00265334 0.00200515 0.0019508 0.0019508 0.0019508 0.0019508 0.0019508 0.0019508 0 0 0 0 0 0 0 0 0 0 0 0 0 0 0 0
0 0 0 0 0 0 0 0 0 0 0 0 0 0 0 0 0 0 0 0 0 0 0 0 0 0 0 0 0 0 0 0 0 0 0 0 0 0 0 0 0 0 0 0 0 0 0 0 0 0 0 0 0 0 0 0 0 0 2.14881e-05 0.00514266 0.00514558 0.00514825 0.00514899 0.00528112 0.00859214 0.0157833 0.00526975 0.00521091 0.0169515 0.00520015 0.0119323 0.113863 0.10383 0.0646565 0.0586129 0.00686304 0.031279 0.00874356 0.00528119 0.00530522 0.00531397 0.00523912 0.0204496 0.0051762 0.00521055 0.0051502 0.000151598 3.78996e-05 0 0 0 0 0 0 0 0 1.41238e-05 5.49391e-05 0.00526789 0.00552518 0.00887409 0.00665292 0.012073 0.0490823 0.195645 0.267444 0.242185 0.0390137 0.0111567 0.00749585 0.0192621 0.00859284 0.0189776 0.00686424 0.0115128 0.00907819 0.00567144 0.0131403 0.065895 0.100543 0.0243278 0.0240846 0.0205321 0.00524063 0.00454846 0.00454846 0.00520655 0.00546108 0.0105472 0.0197764 0.0194225 0.00559253 0.00945555 0.00530675 0.00530665 0.00530664 0.00200515 0.00200515 0.0019508 0.0019508 0.0019508 0.0019508 0.0019508 0.0019508 0 0 0 0 0 0 0 0 0 0 0 0 0 0 0 0
0 0 0 0 0 0 0 0 0 0 0 0 0 0 0 0 0 0 0 0 0 0 0 0 0 0 0 0 0 0 0 0 0 0 0 0 0 0 0 0 0 0 0 0 0 0 0 0 0 0 0 0 0 0 0 0 0 0 0.0028477 0.00514486 0.00514697 0.00514846 0.0056728 0.00580116 0.00657865 0.00635401 0.00514755 0.00514552 0.00514609 0.00514414 0.00820294 0.10063 0.104322 0.0764816 0.0764327 0.0817071 0.073344 0.00752177 0.00536829 0.00677061 0.0071861 0.00520007 0.00518968 0.00521772 0.00514554 0.00519923 0.00514671 0.00479853 0 0 0 0 0 0 0 0 0.000216618 0.000240185 0.00544877 0.00549286 0.00580984 0.00894996 0.00806413 0.0237452 0.0460605 0.0742103 0.0285563 0.0197329 0.0194396 0.0102724 0.00862168 0.010894 0.0201785 0.00951448 0.0197966 0.0190431 0.00561531 0.0187548 0.00678727 0.0297122 0.127555 0.0374031 0.0288259 0.00915662 0.00527026 0.00461633 0.00522111 0.00704739 0.020258 0.0100834 0.00998309 0.00551931 0.00531372 0.00531222 0.00520682 0.00520677 0.0019508 0.0019508 0.0019508 0.0019508 0.0019508 0.0019508 0.0019508 0.0019508 0 0 0 0 0 0 0 0 0 0 0 0 0 0 0 0
0 0 0 0 0 0 0 0 0 0 0 0 0 0 0 0 0 0 0 0 0 0 0 0 0 0 0 0 0 0 0 0 0 0 0 0 0 0 0 0 0 0 0 0 0 0 0 0 0 0 0 0 0 0 0 0 0 0 0.00297577 0.00514499 0.00514675 0.00514843 0.00568208 0.00646614 0.00581438 0.00575645 0.00514784 0.00514766 0.00514683 0.00515651 0.00515723 0.0100174 0.0134407 0.069531 0.087578 0.11103 0.130236 0.0798599 0.0483478 0.0641473 0.057005 0.00530373 0.00500812 0.00514303 0.0059647 0.0153269 0.00522646 0.00514256 3.56527e-06 0 0 0 0 0 0 0 0.000216618 0.000228671 0.00535893 0.00548295 0.0063372 0.0102105 0.0119193 0.0222179 0.0376972 0.0355542 0.0275994 0.0267686 0.022147 0.0170566 0.0104508 0.014603 0.019115 0.00963304 0.0186419 0.00550945 0.00551523 0.00560617 0.00566611 0.00655752 0.0472265 0.112558 0.0387581 0.0191691 0.00551705 0.005713 0.00590943 0.0112531 0.0198946 0.00566729 0.00945957 0.00521046 0.00518122 0.00514876 0.00510549 0.00510549 0.0019508 0.0019508 0.0019508 0.0019508 0.0019508 0.0019508 0.0019508 0.0019508 0 0 0 0 0 0 0 0 0 0 0 0 0 0 0 0
0 0 0 0 0 0 0 0 0 0 0 0 0 0 0 0 0 0 0 0 0 0 0 0 0 0 0 0 0 0 0 0 0 0 0 0 0 0 0 0 0 0 0 0 0 0 0 0 0 0 0 0 0 0 0 0 0 0 0.0014968 0.00514334 0.00514565 0.00519228 0.00945428 0.00945428 0.00613271 0.00599143 0.00515033 0.00514814 0.00514832 0.00514875 0.00517239 0.00514566 0.00534674 0.0080456 0.0873426 0.12684 0.157618 0.120278 0.0741234 0.0504227 0.0474575 0.0454351 0.00537462 0.0156287 0.0102969 0.037022 0.00523366 0.00517586 0 0 0 0 0 0 0 0 0.0033668 0.0033668 0.00541828 0.00549146 0.00943247 0.00926171 0.0108131 0.0168057 0.0304689 0.0394846 0.0350919 0.0371521 0.0315934 0.0297086 0.013701 0.0215673 0.0154677 0.0128997 0.00877259 0.00597788 0.00956209 0.00971429 0.00935451 0.00971057 0.00976552 0.0226409 0.0339416 0.0717012 0.00583841 0.00569685 0.0102583 0.0203689 0.00697888 0.00548962 0.00516847 0.00514426 0.000401925 0.000401925 0.000401925 0.000401925 0 0 0 0 0 0 0 0 0 0 0 0 0 0 0 0 0 0 0 0 9.16472e-05 9.16472e-05 0 0
0 0 0 0 0 0 0 0 0 0 0 0 0 0 0 0 0 0 0 0 0 0 0 0 0 0 0 0 0 0 0 0 0 0 0 0 0 0 0 0 0 0 0 0 0 0 0 0 0 0 0 0 0 0 0 0 0 0 0 0.0032701 0.00516337 0.00515478 0.00945428 0.0114089 0.00785437 0.00599118 0.00654916 0.00516231 0.00514992 0.00581482 0.00716709 0.00628558 0.00561438 0.00604162 0.023272 0.173296 0.250333 0.140175 0.0523034 0.0199041 0.0600801 0.0481579 0.0592139 0.0905311 0.105937 0.111883 0.0234693 0.00517986 0 0 0 0 0 0 0 0 0.0033668 0.0033668 0.00522031 0.00547842 0.00548598 0.00675902 0.0104894 0.019147 0.0219816 0.02998 0.0449412 0.0539179 0.0457309 0.0565197 0.023035 0.0415463 0.0261765 0.0216077 0.0162231 0.010179 0.00815488 0.00625121 0.0055827 0.00935109 0.00568609 0.00966045 0.0103351 0.0173114 0.0256379 0.0116115 0.0431951 0.0203868 0.00605457 0.00529958 0.00516976 0.00516921 0.000435932 0.000401925 0.000401925 0.000401925 0 0 0 0 0 0 0 0 0 0 0 0 0 0 0 0 0 0 0 0 9.16472e-05 0.000165176 0 0
0 0 0 0 0 0 0 0 0 0 0 0 0 0 0 0 0 0 0 0 0 0 0 0 0 0 0 0 0 0 0 0 0 0 0 0 0 0 0 0 0 0 0 0 0 0 0 0 0 0 0 0 0 0 0 0 0 0 0 0.00262328 0.00523552 0.00524509 0.00515171 0.00515756 0.0101637 0.00524365 0.0105647 0.00515658 0.00544783 0.00820316 0.0117341 0.0117341 0.0109005 0.0109005 0.00722924 0.0140165 0.0329602 0.0432683 0.0885887 0.0317494 0.0490865 0.0504361 0.066151 0.0839423 0.0954838 0.0998736 0.0252292 0.00521881 0.00186859 0 0 0 0.00259955 0.00259955 2.25056e-05 0 0.0033668 0.0033668 0.00531884 0.00536371 0.00548042 0.00722311 0.011444 0.0178704 0.0206558 0.0248723 0.0406451 0.0850719 0.0731235 0.158072 0.257137 0.388116 0.286857 0.24523 0.195841 0.13622 0.0184747 0.00984608 0.00671772 0.00554869 0.00940484 0.0097697 0.00584765 0.00572845 0.0129951 0.0203024 0.0180386 0.0108859 0.0202279 0.00531702 0.00522043 0.00521915 0.00143435 0.00143435 0.000401925 0.000401925 0 0 0 0 0 0 0 0 0 0 0 0 0 0 0 0 0 0 0 0 0.00506307 0.00514288 0.00502408 0
0 0 0 0 0 0 0 0 0 0 0 0 0 0 0 0 0 0 0 0 0 0 0 0 0 0 0 0 0 0 0 0 0 0 0 0 0 0 0 0 0 0 0 0 0 0 0 0 0 0 0 0 0 0 0 0 0 0 0.00309145 0.00514377 0.00517736 0.0106046 0.00539884 0.00514744 0.00515636 0.0052216 0.00517159 0.00934031 0.00579003 0.0104809 0.0122397 0.0161036 0.0153137 0.0210136 0.0289727 0.0371212 0.0483145 0.0675123 0.0228793 0.0549721 0.0381745 0.0495152 0.0727112 0.0993859 0.111007 0.0832328 0.0643049 0.0207622 0.00518909 0.0023279 0.000106069 0.0042258 0.00514262 0.00514195 0.00514206 1.7824e-05 0.0033668 0.00532951 0.0053152 0.00533423 0.00656974 0.0103766 0.0154447 0.0175762 0.0200813 0.0264459 0.0441096 0.167109 0.485342 0.7281 0.77701 0.777733 0.77701 0.728102 0.485053 0.331749 0.170752 0.0207379 0.0096925 0.00593033 0.00551484 0.00930556 0.00563206 0.00565356 0.00573973 0.0103098 0.0144348 0.0126737 0.0204701 0.0102629 0.00582271 0.00541167 0.00514756 0.00143435 0.000401925 0.000401925 0 0 0 0 0 0 0 0 0 0 0 0 0 0 0 0 0 0 0 0.000288265 0.00514265 0.00522457 0.00516196 2.66244e-06
0 0 0 0 0 0 0 0 0 0 0 0 0 0 0 0 0 0 0 0 0 0 0 0 0 0 0 0 0 0 0 0 0 0 0 0 0 0 0 0 0 0 0 0 0 0 0 0 0 0 0 0 0 0 0 0 0 0 0.00249154 0.00514527 0.00514743 0.00597411 0.00515087 0.00514793 0.0051481 0.00514572 0.00573219 0.00681106 0.00651212 0.00873266 0.0124812 0.0169298 0.0188945 0.0239499 0.0309659 0.0409548 0.0685733 0.107815 0.07892 0.0762777 0.0348524 0.0605483 0.0966902 0.141678 0.109485 0.100104 0.0900692 0.017252 0.00543305 0.00525269 0.0052037 0.00526371 0.00533005 0.00550387 0.00555563 0.00558031 0.00571482 0.00697763 0.0127136 0.0205968 0.0261429 0.0398635 0.0440043 0.0480157 0.0553275 0.0800769 0.167313 0.727329 0.779427 0.779427 0.778964 0.779663 0.779226 0.779226 0.777269 0.627741 0.328551 0.155663 0.015302 0.00689304 0.00543479 0.00548556 0.00554659 0.0189541 0.00799765 0.00923596 0.00960874 0.0191971 0.0174544 0.0198415 0.00678859 0.00553748 0.00540438 0.00527818 0.00524875 0.00529974 0.00518451 0.00517858 0.00517831 0.00517834 0.00149533 0.00149533 0.00149533 0.00149533 0 0 0 0 0 0 0 0 0 0 0 0.00518069 0.00520533 0.00527742 0.00514786 0
0 0 0 0 0 0 0 0 0 0 0 0 0 0 0 0 0 0 0 0 0 0 0 0 0 0 0 0 0 0 0 0 0 0 0 0 0 0 0 0 0 0 0 0 0 0 0 0 0 0 0 0 0 0 0 0 0 0 0.000343768 0.00514456 0.00514762 0.00514827 0.00514969 0.00514785 0.0051487 0.00514898 0.00573219 0.00710926 0.00651212 0.00964104 0.0124812 0.0136878 0.0168517 0.0216042 0.028783 0.0382785 0.0588295 0.0803086 0.0890054 0.0723956 0.0629026 0.0878051 0.0846182 0.117659 0.130999 0.117724 0.107103 0.0168775 0.0060564 0.0056097 0.00558125 0.00559767 0.00558363 0.00559439 0.00587469 0.00779525 0.00968146 0.0111637 0.0141514 0.0179403 0.019784 0.0284649 0.0358849 0.0410125 0.0617407 0.0748557 0.485369 0.777846 0.779846 0.779427 0.778964 0.779413 0.779595 0.779417 0.779672 0.777262 0.485001 0.255919 0.106849 0.00814393 0.00538896 0.00542643 0.00550573 0.00952938 0.00583312 0.00902006 0.00610138 0.00990731 0.0198272 0.0200465 0.0191955 0.00974455 0.00567278 0.00554084 0.00550696 0.00559529 0.00534357 0.00533729 0.00533702 0.00533695 0.00157611 0.00149533 0.00149533 0.00149533 0 0 0 0 0 0 0 0 0 0 8.17378e-07 0.00514478 0.00737307 0.00730383 0.00515058 2.46119e-06
0 0 0 0 0 0 0 0 0 0 0 0 0 0 0 0 0 0 0 0 0 0 0 0 0 0 0 0 0 0 0 0 0 0 0 0 0 0 0 0 0 0 0 0 0 0 0 0 0 0 0 0 0 0 0 0 0 0 0 0.00220159 0.00514636 0.00514875 0.00514893 0.0051485 0.00521378 0.00538869 0.00714703 0.00589926 0.007687 0.00828263 0.0109683 0.0121917 0.0146448 0.0191251 0.0269823 0.0369487 0.0502731 0.0655877 0.0886996 0.100599 0.101312 0.1247 0.0343846 0.118899 0.122557 0.1353 0.050086 0.0417645 0.0284672 0.0193685 0.015369 0.0177725 0.0213542 0.0239639 0.0282749 0.0301922 0.0339724 0.040491 0.0482161 0.0648809 0.0739222 0.0731447 0.0595555 0.0689954 0.10255 0.163629 0.728088 0.778728 0.779151 0.779408 0.778877 0.778877 0.779514 0.780019 0.779404 0.779077 0.728055 0.332152 0.147738 0.0132472 0.00692414 0.00542967 0.0054501 0.00958114 0.00598527 0.00561614 0.00565431 0.0187708 0.00816357 0.0193971 0.0102174 0.0193123 0.00803708 0.00572155 0.00561461 0.00569135 0.00956431 0.00534225 0.00534183 0.00534176 0.00519466 0.00519568 0.00149533 0.00149533 0 0 0 0 0 0 0.00411789 0.00411789 0.00072783 0.00072783 0 0.00517313 0.0147443 0.0120598 0.00619978 0
0 0 0 0 0 0 0 0 0 0 0 0 0 0 0 0 0 0 0 0 0 0 0 0 0 0 0 0 0 0 0 0 0 0 0 0 0 0 0 0 0 0 0 0 0 0 0 0 0 0 0 0 0 0 0 0 0 0 0 0.000338414 0.00514462 0.00514713 0.00514809 0.00514865 0.00521378 0.00545242 0.00590524 0.00590261 0.007687 0.00908651 0.0109683 0.0127324 0.0162763 0.0204204 0.0265104 0.035296 0.0537699 0.0782409 0.0966664 0.11339 0.110813 0.0936808 0.0279854 0.0606767 0.0898189 0.0939196 0.0612989 0.0668825 0.0761483 0.0719938 0.0598249 0.0565875 0.056453 0.0546018 0.057459 0.0534251 0.0493161 0.0534437 0.0489452 0.0560558 0.0473499 0.0364111 0.0396003 0.0526433 0.0851487 0.203412 0.776966 0.778877 0.778881 0.778881 0.778877 0.778877 0.779514 0.779514 0.779269 0.779203 0.776934 0.348982 0.159897 0.0141179 0.00854238 0.00653629 0.00549398 0.00954744 0.00585427 0.00565099 0.00569115 0.0057339 0.00578716 0.019221 0.010582 0.0195491 0.0133452 0.0136999 0.00568157 0.00562075 0.0100355 0.00953292 0.00548867 0.00555035 0.00535115 0.00535214 0.00149533 0.00149533 0 0 0 0 0 0 0.00411916 0.00413488 0.000847521 0.000774537 1.55664e-06 0.00518748 0.0217009 0.018664 0.0095642 3.80048e-06
0 0 0 0 0 0 0 0 0 0 0 0 0 0 0 0 0 0 0 0 0 0 0 0 0 0 0 0 0 0 0 0 0 0 0 0 0 0 0 0 0 0 0 0 0 0 0 0 0 0 0 0 0 0 0 0 0 0 0 0 0.00297162 0.00514587 0.00514777 0.00514784 0.00518715 0.00518749 0.00765773 0.00765773 0.00998157 0.0104669 0.0151372 0.0155296 0.0189721 0.0238876 0.0276635 0.0332752 0.0444596 0.0533701 0.0623826 0.0740409 0.0575925 0.0534674 0.0413833 0.0571753 0.0799751 0.0226177 0.026182 0.0355937 0.0451156 0.0480469 0.0550917 0.053199 0.0474039 0.0455333 0.0393582 0.0341908 0.0290567 0.0324076 0.0325515 0.0405933 0.0364221 0.0344256 0.0431554 0.0605139 0.0885221 0.21767 0.777118 0.780192 0.778974 0.778881 0.778877 0.778877 0.778877 0.779306 0.779659 0.779204 0.776934 0.3482 0.159155 0.0131949 0.00961192 0.00998639 0.00591206 0.018876 0.00919089 0.0178257 0.00854467 0.00914265 0.00855016 0.00956697 0.0068211 0.00642718 0.0215145 0.0371909 0.0060477 0.0054978 0.00959057 0.00613144 0.00544705 0.00547936 0.00534367 0.00529119 0.00314558 0.00277255 0 0 0 0 0 0 0.00521472 0.0204229 0.00528419 0.00528129 0.00524478 0.00531257 0.033765 0.0284551 0.0139935 0
0 0 0 0 0 0 0 0 0 0 0 0 0 0 0 0 0 0 0 0 0 0 0 0 0 0 0 0 0 0 0 0 0 0 0 0 0 0 0 0 0 0 0 0 0 0 0 0 0 0 0 0 0 0 0 0 0 0 0 0 0.00242827 0.0051458 0.00514813 0.0051478 0.00518723 0.00531522 0.00765773 0.00856698 0.00998157 0.0100748 0.0151372 0.0186047 0.0197553 0.0252087 0.0272258 0.0306799 0.0386332 0.0449454 0.0521701 0.0586295 0.0149806 0.0206771 0.0258309 0.0297322 0.0342977 0.00764834 0.0104137 0.0348302 0.0266417 0.0344663 0.0456824 0.0504782 0.0507615 0.0441319 0.0320734 0.0230835 0.0230613 0.0270368 0.0311861 0.0508195 0.0503212 0.0623462 0.0600648 0.0797145 0.110212 0.246228 0.776686 0.781252 0.778952 0.778877 0.778877 0.778877 0.778877 0.779438 0.779686 0.779173 0.728055 0.307959 0.118268 0.00892265 0.00540999 0.00542725 0.00933301 0.0190778 0.00934985 0.00932611 0.00604848 0.00929092 0.00638352 0.00930243 0.00654186 0.00588764 0.213524 0.111057 0.0054386 0.00551738 0.010071 0.00979329 0.00926841 0.00952192 0.00981471 0.00997605 0.00539015 0.00302559 0 0 0 0 0 0 0.00518453 0.020549 0.0128183 0.00535285 0.00697233 0.00867563 0.062657 0.0424052 0.0183672 8.96897e-06
0 0 0 0 0 0 0 0 0 0 0 0 0 0 0 0 0 0 0 0 0 0 0 0 0 0 0 0 0 0 0 0 0 0 0 0 0 0 0 0 0 0 0 0 0 0 0 0 0 0 0 0 0 0 0 0 0 0 0 0 0.00293226 0.00514684 0.0051486 0.00520906 0.00779074 0.00779074 0.0106946 0.0106946 0.0117769 0.0117769 0.0153972 0.0175578 0.0198248 0.0213318 0.0230967 0.0284009 0.0347807 0.0426316 0.0554069 0.0713387 0.0479169 0.00535344 0.00530222 0.0053558 0.00531349 0.00534902 0.010125 0.0100181 0.0100971 0.0100133 0.0156332 0.0259322 0.0296065 0.0329967 0.0338134 0.0333133 0.0390558 0.0392509 0.037977 0.0501584 0.0456065 0.0411847 0.0290651 0.0372959 0.0433761 0.0867012 0.631101 0.778294 0.778877 0.778877 0.779003 0.779003 0.778877 0.778877 0.780602 0.777834 0.486571 0.190166 0.0195627 0.00865592 0.00553433 0.00548687 0.00925266 0.00979155 0.00585343 0.00907748 0.00572556 0.00938437 0.00583419 0.00882341 0.00585555 0.00591639 0.0173216 0.0153236 0.0094664 0.019374 0.00607479 0.0186295 0.0061467 0.00729064 0.00562738 0.00567473 0.00535684 0.00474767 0.00291543 0.00291543 0.00263471 0 0 0 0.00521667 0.00538234 0.0442187 0.04328 0.092763 0.0560305 0.0495621 0.0376659 0.0185894 8.91839e-06
0 0 0 0 0 0 0 0 0 0 0 0 0 0 0 0 0 0 0 0 0 0 0 0 0 0 0 0 0 0 0 0 0 0 0 0 0 0 0 0 0 0 0 0 0 0 0 0 0 0 0 0 0 0 0 0 0 0 0 0 0.00259174 0.00514668 0.00514798 0.00569056 0.00779074 0.00779074 0.0106946 0.0106946 0.0117769 0.0117769 0.015174 0.0169607 0.0195057 0.0199459 0.0227885 0.0258858 0.0301134 0.0388787 0.0501525 0.0605379 0.0636974 0.013948 0.00536117 0.00526537 0.005143 0.00395051 0.00518409 0.0051811 0.00522909 0.00526127 0.00526309 0.0053799 0.00984615 0.0139256 0.0168082 0.0177296 0.0220756 0.0296162 0.032496 0.035675 0.0303988 0.030277 0.0276519 0.0445999 0.0653698 0.105242 0.24897 0.727697 0.778308 0.778877 0.779003 0.779003 0.778877 0.778877 0.778298 0.727362 0.285567 0.0358182 0.016327 0.00943705 0.00937093 0.00981897 0.00564238 0.00568293 0.00896551 0.00965629 0.00862276 0.00955379 0.0062797 0.0090774 0.00623752 0.00595852 0.00657786 0.00789118 0.0096273 0.019944 0.00790353 0.0194542 0.00713748 0.00592553 0.00546025 0.00544216 0.00542229 0.00474767 0.00514527 0.00519365 0.00515682 0.00426001 3.10409e-06 2.09611e-06 0.00516712 0.00530192 0.00804358 0.0104955 0.0105032 0.0465573 0.0416531 0.0324707 0.0159765 0
0 0 0 0 0 0 0 0 0 0 0 0 0 0 0 0 0 0 0 0 0 0 0 0 0 0 0 0 0 0 0 0 0 0 0 0 0 0 0 0 0 0 0 0 0 0 0 0 0 0 0 0 0 0 0 0 0 0 0 0 0.00106509 0.00514422 0.00514776 0.00515105 0.00718659 0.00718874 0.00982479 0.00982479 0.0124572 0.0130429 0.0158601 0.018207 0.0203667 0.0211315 0.023077 0.0217997 0.0197529 0.0226254 0.0292501 0.03891 0.0350423 0.00537561 0.00530181 0.00516524 4.58521e-05 3.27583e-05 0 0 0 0 0 0.0044431 0.00526508 0.0109845 0.0204007 0.0141238 0.016459 0.0201356 0.0243891 0.0266909 0.0285051 0.0324434 0.0460249 0.0576019 0.0804782 0.0966817 0.112612 0.248807 0.631118 0.776748 0.778033 0.778315 0.778033 0.776748 0.63108 0.289562 0.0437849 0.0191397 0.012305 0.0084507 0.00602631 0.00909049 0.00573839 0.0176378 0.00692039 0.0174879 0.00720984 0.00869016 0.00918333 0.0170532 0.00779032 0.017036 0.00872835 0.0073673 0.00706632 0.00936319 0.00822319 0.00952606 0.0146719 0.0122266 0.0121887 0.00629635 0.00536792 0.00510058 0.00514724 0.00522824 0.00524472 0.00522161 0.00532392 0.00693274 0.023539 0.00518632 0.00514644 0.0052176 0.00710523 0.0468356 0.0371605 0.0273517 0.012195 4.69841e-06
0 0 0 0 0 0 0 0 0 0 0 0 0 0 0 0 0 0 0 0 0 0 0 0 0 0 0 0 0 0 0 0 0 0 0 0 0 0 0 0 0 0 0 0 0 0 0 0 0 0 0 0 0 0 0 0 0 0 0 0 0 0.0051288 0.00514675 0.00514918 0.00718659 0.00718659 0.00982479 0.00982479 0.0124572 0.0138702 0.0183714 0.0219275 0.0247576 0.0257606 0.025176 0.0181693 0.00518693 0.00521925 0.00522618 0.00524331 0.00532486 0.00526815 0.00516502 0.00515021 3.27583e-05 3.27583e-05 0 0 0 0 0 0.000179988 0.00516266 0.00553941 0.02033 0.0352359 0.0133835 0.015861 0.0194781 0.0236104 0.0313996 0.0370698 0.0460249 0.0595036 0.0728987 0.0780191 0.0695769 0.0814894 0.0904519 0.20759 0.484975 0.581287 0.484975 0.216439 0.0819113 0.0344985 0.0204526 0.0131228 0.0187584 0.00724515 0.00901367 0.00952131 0.0175378 0.00976619 0.0179165 0.00903297 0.00873714 0.00955079 0.00599392 0.0179768 0.00987271 0.0178169 0.0100195 0.00829044 0.00777779 0.00960056 0.00923813 0.0554576 0.0623404 0.0658493 0.10858 0.0335148 0.030513 0.0233412 0.00546987 0.00520498 0.0200574 0.0142042 0.054276 0.0623583 0.0519019 0.0325663 0.0150916 0.00525302 0.0454418 0.0401656 0.0345703 0.0248571 0.0128091 0
0 0 0 0 0 0 0 0 0 0 0 0 0 0 0 0 0 0 0 0 0 0 0 0 0 0 0 0 0 0 0 0 0 0 0 0 0 0 0 0 0 0 0 0 0 0 0 0 0 0 0 0 0 0 0 0 0 0 0 0 0 0.0019634 0.00514459 0.00514871 0.00578298 0.00601718 0.00799234 0.00799234 0.0113059 0.0158528 0.0207662 0.0247509 0.0272056 0.0327772 0.0382905 0.0265036 0.00554539 0.00536916 0.00523616 1.81922e-05 9.10028e-06 0.000105207 0.000715679 0.000146495 0 0 0 0 0 0 0 0 0 0 0.00350559 0.0145777 0.029884 0.0753167 0.016356 0.0183881 0.0238685 0.0347698 0.0424617 0.0535094 0.0575741 0.0581993 0.051459 0.0497989 0.057704 0.0742977 0.0392056 0.0544144 0.0535252 0.109444 0.0418911 0.0223287 0.013909 0.0100611 0.00924255 0.00975835 0.00887471 0.0095785 0.00605153 0.0180606 0.00681197 0.0167951 0.0067684 0.0173044 0.00894752 0.0158232 0.00717071 0.0156306 0.00865553 0.00996502 0.0101558 0.0178194 0.00850666 0.0138615 0.062765 0.0580331 0.161452 0.143536 0.080224 0.2143 0.0315075 0.00528707 0.0205133 0.0660895 0.0326691 0.0958793 0.0879493 0.0599369 0.0295001 0.00522342 0.0401618 0.0366566 0.0338163 0.0243014 0.0137253 5.78146e-06
0 0 0 0 0 0 0 0 0 0 0 0 0 0 0 0 0 0 0 0 0 0 0 0 0 0 0 0 0 0 0 0 0 0 0 0 0 0 0 0 0 0 0 0 0 0 0 0 0 0 0 0 0 0 0 0 0 0 0 0 0 4.0401e-05 0.00514406 0.00514647 0.00578191 0.00578437 0.00799234 0.00848786 0.0121181 0.0187653 0.0237241 0.0264196 0.0292898 0.047733 0.0099035 0.0341448 0.00527804 0.00514244 0.000931575 0 0 0 0 0 0 0 0 0 0 0 0 0 0 0 0.00228212 0.0145939 0.184107 0.284509 0.194867 0.0503582 0.0209874 0.0232357 0.0282605 0.0361102 0.04068 0.0414643 0.0403554 0.0407183 0.0410441 0.0412605 0.0234574 0.0299544 0.03242 0.0820701 0.0290352 0.0177689 0.0115496 0.00951076 0.00915188 0.00951763 0.00582101 0.00941284 0.00594201 0.0190562 0.00858897 0.0180789 0.00889711 0.0180756 0.015897 0.0169992 0.00905553 0.0169157 0.00941644 0.00931332 0.00692277 0.018476 0.0104688 0.0131638 0.0890932 0.146701 0.129775 0.0956838 0.0872453 0.137373 0.143584 0.0383422 0.0262623 0.0487562 0.0881194 0.0847649 0.0733126 0.00752859 0.00621314 0.00665545 0.0525206 0.0386292 0.0363548 0.0278931 0.0143282 0
0 0 0 0 0 0 0 0 0 0 0 0 0 0 0 0 0 0 0 0 0 0 0 0 0 0 0 0 0 0 0 0 0 0 0 0 0 0 0 0 0 0 0 0 0 0 0 0 0 0 0 0 0 0 0 0 0 0 0 0 0 0 0.0024309 0.00514581 0.00514834 0.00541547 0.00737314 0.0103366 0.0157581 0.0208275 0.0249279 0.0247595 0.0192411 0.00782519 0.0332132 0.0361049 0.00527118 0.00516436 0 0 0 0 0 0 0 0 0 0 0 0 0 0 0 0 0.00198011 0.0331382 0.198922 0.220976 0.219201 0.209727 0.16055 0.108702 0.0263237 0.029687 0.0313489 0.0323969 0.0323169 0.0339849 0.0298518 0.0257348 0.0175834 0.0212817 0.0241639 0.0675799 0.0222952 0.0149305 0.0101487 0.00771269 0.00637492 0.00586989 0.00866168 0.0169707 0.00652632 0.0064631 0.00608091 0.0166579 0.00648093 0.0082397 0.00671869 0.00859087 0.00611608 0.0160583 0.0080005 0.00873032 0.00640823 0.0186852 0.0073821 0.00768222 0.0678314 0.100745 0.09901 0.0963855 0.0996632 0.109249 0.1063 0.0816507 0.0435319 0.0393973 0.0748332 0.0561268 0.00911268 0.0318848 0.0152677 0.0579224 0.0435806 0.0267336 0.0401865 0.0326635 0.0153796 6.91619e-06
0 0 0 0 0 0 0 0 0 0 0 0 0 0 0 0 0 0 0 0 0 0 0 0 0 0 0 0 0 0 0 0 0 0 0 0 0 0 0 0 0 0 0 0 0 0 0 0 0 0 0 0 0 0 0 0 0 0 0 0 0 0 0.00101287 0.00514537 0.00514822 0.0051504 0.00738359 0.0114067 0.0172145 0.022034 0.0256402 0.0282678 0.031122 0.0356226 0.0220238 0.0187165 0.00517514 0.000245039 0 0 0 0 0 0 0 0 0 0 0 0 0 0 0 0 0.00140664 0.0272464 0.164853 0.135334 0.154487 0.149448 0.133657 0.162284 0.104979 0.063541 0.0366421 0.0337618 0.0340221 0.0309007 0.0220174 0.0175095 0.0142522 0.0166881 0.0198791 0.0578507 0.0181751 0.0129382 0.00917314 0.00921126 0.00907371 0.00935199 0.00865185 0.0184625 0.00885974 0.00930594 0.00903828 0.0182126 0.00888862 0.0094506 0.00836694 0.00921676 0.00639088 0.0173766 0.00949929 0.00925727 0.00707104 0.0192628 0.00917566 0.00572876 0.0123389 0.0858906 0.0777051 0.102806 0.112762 0.105794 0.0952516 0.0781558 0.0629402 0.0646128 0.0617969 0.0438672 0.0377702 0.0674403 0.130808 0.0861827 0.0471921 0.0141717 0.054455 0.0386345 0.01938 0
0 0 0 0 0 0 0 0 0 0 0 0 0 0 0 0 0 0 0 0 0 0 0 0 0 0 0 0 0 0 0 0 0 0 0 0 0 0 0 0 0 0 0 0 0 0 0 0 0 0 0 0 0 0 0 0 0 0 0 0 0 0 0.000286338 0.00514364 0.00514779 0.00515032 0.00759689 0.0130402 0.019058 0.0237076 0.0267657 0.0315576 0.0379613 0.0416566 0.00557303 0.00515624 0.000298235 0 0 0 0 0 0 0 0 0 0 0 0 0 0 0 0 0 0.000493495 0.00696517 0.045262 0.0881429 0.0895706 0.0833024 0.0758789 0.0909205 0.0199349 0.0413285 0.0410004 0.0343991 0.030481 0.030159 0.0194667 0.0129527 0.0120483 0.0138535 0.0174366 0.0505855 0.0179914 0.0114212 0.00841941 0.0174687 0.00900333 0.0172908 0.00604637 0.00756784 0.00660664 0.00613997 0.00813303 0.00889915 0.0067298 0.00822626 0.00620697 0.0175558 0.007166 0.017295 0.00940399 0.0178154 0.00968977 0.0192144 0.00811754 0.00906904 0.00574186 0.0265557 0.0439197 0.0835276 0.148311 0.110579 0.0896878 0.0719147 0.0655822 0.0693283 0.0671353 0.054079 0.0510443 0.0546275 0.083886 0.0693784 0.057232 0.0649053 0.0609538 0.0412498 0.0203039 9.91511e-06
0 0 0 0 0 0 0 0 0 0 0 0 0 0 0 0 0 0 0 0 0 0 0 0 0 0 0 0 0 0 0 0 0 0 0 0 0 0 0 0 0 0 0 0 0 0 0 0 0 0 0 0 0 0 0 0 0 0 0 0 0 0 0 0.00454879 0.00514578 0.00515745 0.00883645 0.0137046 0.0186575 0.0228234 0.0281011 0.0360141 0.0431844 0.0111544 0.00522334 0.00517499 0 0 0 0 0 0 0 0 0 0 0 0 0 0 0 0 0 0 0 0.00323866 0.0137444 0.0551098 0.0738093 0.0205025 0.0178449 0.0156524 0.0110154 0.0426145 0.0396012 0.0414818 0.0280514 0.0255589 0.0175292 0.0104858 0.0121565 0.014067 0.0245078 0.0446512 0.0193809 0.0102156 0.00778441 0.0190948 0.00981404 0.0190403 0.018274 0.00921309 0.00617633 0.00614039 0.0161521 0.00944135 0.00650465 0.00905992 0.00871769 0.0185669 0.00906603 0.0185137 0.00900319 0.0188644 0.0106744 0.0100721 0.00811291 0.00950673 0.00696668 0.05519 0.0925297 0.0178554 0.0866538 0.0820807 0.071426 0.0532633 0.0671274 0.0836378 0.0821686 0.0707918 0.0606186 0.0582792 0.0632204 0.0572531 0.051041 0.0413317 0.00736319 0.0262819 0.0153159 7.54822e-06
0 0 0 0 0 0 0 0 0 0 0 0 0 0 0 0 0 0 0 0 0 0 0 0 0 0 0 0 0 0 0 0 0 0 0 0 0 0 0 0 0 0 0 0 0 0 0 0 0 0 0 0 0 0 0 0 0 0 0 0 0 0 0 0.00308788 0.00514613 0.00515086 0.00840531 0.0119719 0.0168433 0.0199411 0.0237027 0.0295448 0.0321492 0.0150355 0.00519824 0.00514792 0.00357928 0 0 0 0 0 0 0 0 0 0 0 0 0 0 0 0 0 0 0.000396681 0.00744014 0.0394008 0.102538 0.0225599 0.0336096 0.010678 0.0068184 0.0444579 0.0504936 0.0678798 0.069256 0.062018 0.0357088 0.00981224 0.0114294 0.012481 0.0212398 0.0457181 0.0126993 0.0128435 0.0111009 0.0187291 0.00621988 0.0179752 0.0183222 0.0183342 0.00951878 0.0185525 0.00946141 0.0185997 0.0092582 0.0184078 0.00794362 0.0194796 0.0202635 0.0197954 0.00978384 0.0195041 0.0101271 0.0105056 0.010161 0.0197394 0.0120758 0.0190919 0.0152623 0.00742515 0.0101977 0.011406 0.0130243 0.0164791 0.060523 0.111661 0.108629 0.0864463 0.0629572 0.0548352 0.0547458 0.0525942 0.0472795 0.0372251 0.00660649 0.017364 0.0122631 0
0 0 0 0 0 0 0 0 0 0 0 0 0 0 0 0 0 0 0 0 0 0 0 0 0 0 0 0 0 0 0 0 0 0 0 0 0 0 0 0 0 0 0 0 0 0 0 0 0 0 0 0 0 0 0 0 0 0 0 0 0 0 0 0.00145592 0.00514446 0.00515019 0.00650503 0.0104859 0.0132156 0.0159625 0.0204059 0.0251628 0.0284814 0.0157069 0.00518522 0.00514385 0.00108896 0 0 0 0 0 0 0 0 0 0 0 0 0 0 0 0 0 0 5.30098e-05 0.00548052 0.0270787 0.0404188 0.0164483 0.0295122 0.00739543 0.00554277 0.0369654 0.0675526 0.082466 0.0658154 0.0481416 0.0348522 0.00849189 0.0113173 0.010757 0.019883 0.0440168 0.0185538 0.0112214 0.00934265 0.020184 0.0181438 0.0194771 0.0188295 0.019684 0.0188196 0.0194627 0.0100876 0.019649 0.00979473 0.0194178 0.0102237 0.0199934 0.0206065 0.0203598 0.0200655 0.0196073 0.0102283 0.0101622 0.0104206 0.0199165 0.00968598 0.0188959 0.0078651 0.00560393 0.00566457 0.00570598 0.00582129 0.0182044 0.017568 0.0424392 0.146654 0.0869139 0.0492144 0.0459254 0.0476108 0.0492815 0.0472788 0.0451848 0.0512291 0.0342333 0.016883 7.49221e-06
0 0 0 0 0 0 0 0 0 0 0 0 0 0 0 0 0 0 0 0 0 0 0 0 0 0 0 0 0 0 0 0 0 0 0 0 0 0 0 0 0 0 0 0 0 0 0 0 0 0 0 0 0 0 0 0 0 0 0 0 0 0 0 0 0.0049859 0.00514584 0.00514943 0.00666169 0.00908069 0.0124395 0.0148225 0.0141422 0.00520122 0.005174 0.0073268 0.00514808 0.00514233 0.000326262 0 0 0 0 0 0 0 0 0 0 0 0 0 0 0.00176757 0.00176757 0.00374547 0.00374547 0.00518607 0.0210588 0.0418839 0.00782364 0.00661035 0.00566474 0.00546702 0.0386101 0.0879476 0.127262 0.0949361 0.0539649 0.0343637 0.00677101 0.0110775 0.00967418 0.019365 0.0420384 0.0131224 0.0102966 0.00795291 0.0097245 0.00795214 0.00936985 0.00850705 0.00766392 0.00711716 0.00746672 0.00846009 0.00799671 0.0074755 0.00752482 0.00993536 0.0282694 0.00711622 0.0075554 0.00725278 0.00636553 0.00563124 0.00593659 0.00655796 0.00702033 0.0068301 0.00579353 0.0057598 0.00570014 0.00567107 0.00563495 0.00551334 0.00782854 0.00557741 0.00927323 0.0988996 0.0972101 0.0108543 0.0380922 0.046271 0.0492743 0.0483898 0.0444246 0.0429631 0.0321716 0.0163629 0
0 0 0 0 0 0 0 0 0 0 0 0 0 0 0 0 0 0 0 0 0 0 0 0 0 0 0 0 0 0 0 0 0 0 0 0 0 0 0 0 0 0 0 0 0 0 0 0 0 0 0 0 0 0 0 0 0 0 0 0 0 0 0 0 0.000737658 0.00514425 0.00514713 0.00514976 0.00610193 0.00833194 0.00873022 0.00620136 0.00514648 0.0051457 0.00514731 0.00514454 0.00274763 0 0 0 0 0 0 0 0 0 0 0 0 0 0 0 0.00193272 0.00521469 0.00522778 0.0051861 0.00531328 0.0146376 0.0900332 0.050055 0.00705179 0.00557071 0.0054054 0.0284419 0.0833242 0.0978925 0.0768321 0.0181022 0.00854011 0.0148273 0.00921432 0.00984336 0.0223575 0.0531456 0.0150654 0.00991873 0.00776117 0.0066283 0.00676735 0.00859482 0.00710857 0.00609532 0.00595189 0.00581201 0.00580723 0.00602821 0.00596019 0.00624471 0.0065258 0.00554742 0.00557085 0.0055989 0.0056811 0.00577901 0.0056485 0.00563079 0.00563792 0.00566333 0.00566644 0.00561309 0.00563979 0.00558382 0.00547744 0.00549852 0.00549672 0.00538219 0.00545476 0.00535898 0.0319679 0.0238678 0.0849549 0.00768776 0.0531432 0.0523717 0.0487747 0.0416665 0.0384553 0.0296975 0.0149142 6.4249e-06
0 0 0 0 0 0 0 0 0 0 0 0 0 0 0 0 0 0 0 0 0 0 0 0 0 0 0 0 0 0 0 0 0 0 0 0 0 0 0 0 0 0 0 0 0 0 0 0 0 0 0 0 0 0 0 0 0 0 0 0 0 0 0 0 0 0.00154228 0.00514438 0.00514636 0.00514868 0.00515082 0.00515128 0.00514861 0.00514482 0.00514478 0.0051438 0.00351097 0 0 0 0 0 0 0 0 0.000557967 0.000557967 0 0 0.00132809 0.00132809 0.00309493 0.00313887 0.00515174 0.00547595 0.00545001 0.00570384 0.0776105 0.130474 0.0958975 0.0571801 0.0309797 0.0218634 0.0130982 0.0243652 0.0804025 0.0773056 0.0227841 0.07218 0.0285113 0.0166246 0.0123636 0.0101406 0.0224586 0.0511744 0.017384 0.00919604 0.00743649 0.00626603 0.00580431 0.00615483 0.00746607 0.00568983 0.00573255 0.00574279 0.0058032 0.00586085 0.00565834 0.0057217 0.00576882 0.00570478 0.00561116 0.00557089 0.00547358 0.00545448 0.00545431 0.00546626 0.00542369 0.00535165 0.00534863 0.00415955 0 0 0.00283383 0.00514319 0.00514266 0.00514196 0.00516054 0.00518094 0.00514358 0.00534711 0.0257241 0.00517029 0.00839071 0.057137 0.0475431 0.0410511 0.0355086 0.028108 0.0133524 0
0 0 0 0 0 0 0 0 0 0 0 0 0 0 0 0 0 0 0 0 0 0 0 0 0 0 0 0 0 0 0 0 0 0 0 0 0 0 0 0 0 0 0 0 0 0 0 0 0 0 0 0 0 0 0 0 0 0 0 0 0 0 0 0 0 0 0.00103505 0.00514397 0.00514559 0.00514682 0.0051468 0.00514397 0.00402113 0.000205873 0.00113602 0 0 0 0 0 0 0 0 0 0.000572391 0.000557967 0 0 0.00132809 0.00516866 0.0051764 0.00516017 0.00522131 0.0292257 0.00923994 0.018444 0.0830998 0.135631 0.0528437 0.028656 0.0206683 0.0170806 0.03915 0.0928296 0.213449 0.0959924 0.0450743 0.0476541 0.0270621 0.0149477 0.0156864 0.0106877 0.0187575 0.0438562 0.0170428 0.00874296 0.00763875 0.00618226 0.0057823 0.00570099 0.00773029 0.00568184 0.0056943 0.00571285 0.00574852 0.00578754 0.00572606 0.00568011 0.0056035 0.00570498 0.00568651 0.00564747 0.00562723 0.00557306 0.00560565 0.00557333 0.00551967 0.00557165 0.00555235 0.00536878 0.00535042 0.00532048 0.00531006 0.00530285 0.00520074 0.00515012 0.00514787 0.00514689 0.00126308 0.00514722 0.00982997 0.00873234 0.00523163 0.0431185 0.0410984 0.0387111 0.0333001 0.0271182 0.013462 5.50939e-06
0 0 0 0 0 0 0 0 0 0 0 0 0 0 0 0 0 0 0 0 0 0 0 0 0 0 0 0 0 0 0 0 0 0 0 0 0 0 0 0 0 0 0 0 0 0 0 0 0 0 0 0 0 0 0 0 0 0 0 0 0 0 0 0 0 0 0 0.00019982 0.00198714 0.00377422 0.00385417 0.00206633 0 0 0 0 0 0 0 0 0 0.000357707 0.00517806 0.00589932 0.0101619 0.00531101 0.00525322 0.00521646 0.00521354 0.0200517 0.00539458 0.00718524 0.00750452 0.00978938 0.00531005 0.0469049 0.0976957 0.0634866 0.072598 0.0141102 0.025089 0.0106296 0.0162389 0.0493733 0.381603 0.156235 0.0268357 0.0315389 0.0148838 0.00559743 0.0126387 0.0137305 0.0187618 0.0416677 0.0190234 0.00903989 0.00898443 0.0187054 0.00637154 0.018645 0.0103284 0.0191949 0.0099057 0.0186158 0.0094393 0.00920924 0.00943486 0.0186295 0.00660239 0.0184608 0.00929862 0.018999 0.00968304 0.0100208 0.00937896 0.0184773 0.00965188 0.0191672 0.00736344 0.00937756 0.005732 0.00546014 0.00536299 0.00649452 0.0102648 0.0102707 0.00514646 0.00518942 0.00514262 0.019498 0.00872735 0.0075789 0.00589214 0.0604598 0.0464884 0.040039 0.0334494 0.0256418 0.0129597 0
0 0 0 0 0 0 0 0 0 0 0 0 0 0 0 0 0 0 0 0 0 0 0 0 0 0 0 0 0 0 0 0 0 0 0 0 0 0 0 0 0 0 0 0 0 0 0 0 0 0 0 0 0 0 0 0 0 0 0 0 0 0 0 0 0 0 0 0 0 0 0 0 0 0 0.00211079 0.00420963 0.00223141 0.000454867 0 8.47426e-05 0 0.000989969 0.00520216 0.00877957 0.0101575 0.00529381 0.00534802 0.00524344 0.0200511 0.0202376 0.00533338 0.0148344 0.0197914 0.00528823 0.00575985 0.0547245 0.110101 0.15549 0.114634 0.062264 0.0355941 0.0370327 0.0243195 0.0396452 0.299154 0.293359 0.0351718 0.0216735 0.0124621 0.0115257 0.0100347 0.0115785 0.0193722 0.034796 0.0205636 0.0132598 0.00950651 0.0199342 0.00925332 0.0197907 0.01045 0.0201793 0.0191589 0.0196276 0.0101009 0.00947728 0.00575941 0.0193834 0.00952078 0.0191675 0.00960262 0.0196312 0.00985725 0.00998003 0.00934517 0.0191642 0.00967658 0.0193825 0.00982447 0.010039 0.00651628 0.00598398 0.00593963 0.0125324 0.00762402 0.00527366 0.0053111 0.00523794 0.00535133 0.0197081 0.0122166 0.00676033 0.0053128 0.0539281 0.0429462 0.0351989 0.0313538 0.0245564 0.0125343 4.70186e-06
0 0 0 0 0 0 0 0 0 0 0 0 0 0 0 0 0 0 0 0 0 0 0 0 0 0 0 0 0 0 0 0 0 0 0 0 0 0 0 0 0 0 0 0 0 0 0 0 0 0 0 0 0 0 0 0 0 0 0 0 0 0 0 0 0 0 0 0 0 0 0.00013047 0.00212489 0.00507721 0.00279283 0.00514471 0.00517659 0.00514504 0.00514205 0.00383273 0.00515958 0.00514524 0.00517889 0.0068704 0.00683563 0.0156038 0.00527544 0.00723373 0.0092805 0.0102059 0.0136802 0.00664161 0.0587911 0.00783637 0.00535007 0.0337828 0.0603581 0.0892591 0.115197 0.102187 0.0994411 0.0620379 0.050101 0.0604669 0.0786766 0.130543 0.28028 0.0816666 0.0376573 0.00737224 0.00954178 0.00708841 0.00765279 0.015399 0.0281917 0.0224651 0.0189865 0.0146009 0.0128037 0.0104836 0.0104636 0.0116851 0.00966881 0.00812249 0.0192053 0.00654319 0.0182735 0.00575446 0.00684425 0.00951183 0.00981812 0.00925554 0.018502 0.00758147 0.0187519 0.00782825 0.0184802 0.007669 0.0064738 0.00936417 0.0101332 0.00615672 0.0115599 0.0328603 0.0163647 0.00524971 0.0052505 0.020857 0.0103035 0.0054181 0.00602548 0.0136651 0.0559049 0.0177986 0.0367432 0.0370464 0.0314265 0.0262264 0.0202323 0.0100711 3.48263e-06
0 0 0 0 0 0 0 0 0 0 0 0 0 0 0 0 0 0 0 0 0 0 0 0 0 0 0 0 0 0 0 0 0 0 0 0 0 0 0 0 0 0 0 0 0 0 0 0 0 0 0 0 0 0 0 0 0 0 0 0 0 0 0 0 0 0 0 0 0 0.00106698 0.00514456 0.00514634 0.00515972 0.00514847 0.00514892 0.00514895 0.00514831 0.00514686 0.00514474 0.00516239 0.00520288 0.00533376 0.00679947 0.00514363 0.0058421 0.0163206 0.0512459 0.0656923 0.0194666 0.00519329 0.0116208 0.025988 0.00529135 0.0228645 0.0412254 0.0598158 0.0726405 0.0708417 0.077491 0.07904 0.0764217 0.105075 0.186588 0.320077 0.107654 0.134115 0.0981409 0.0367169 0.0395118 0.0165855 0.00937674 0.00790313 0.015399 0.024665 0.0249888 0.0201861 0.0201692 0.0151977 0.0143437 0.0164607 0.017658 0.00985553 0.00951713 0.0202124 0.018271 0.01934 0.0208096 0.010282 0.0101194 0.00561573 0.00982682 0.0191465 0.00913768 0.0193435 0.00912816 0.0190046 0.00984132 0.0100146 0.00996172 0.0108446 0.0090434 0.00559957 0.0465036 0.177925 0.047823 0.00538672 0.00547621 0.0102568 0.00535487 0.00525975 0.00526704 0.00656925 0.0751263 0.0522145 0.0384669 0.0302779 0.0238903 0.0178489 0.00905071 0
0 0 0 0 0 0 0 0 0 0 0 0 0 0 0 0 0 0 0 0 0 0 0 0 0 0 0 0 0 0 0 0 0 0 0 0 0 0 0 0 0 0 0 0 0 0 0 0 0 0 0 0 0 0 0 0 0 0 0 0 0 0 0 0 0 0 0 0 0.00225436 0.00514457 0.00514669 0.0051497 0.00595498 0.00853604 0.00787307 0.00787619 0.00772378 0.00515247 0.0051456 0.0052351 0.00523023 0.0171007 0.00589148 0.00514425 0.014408 0.0218798 0.0405513 0.0519994 0.0141109 0.0166463 0.0408778 0.012084 0.00521942 0.0236621 0.0433404 0.0624542 0.0780337 0.0343147 0.0495301 0.0618605 0.0680673 0.0979506 0.146655 0.278306 0.0460778 0.0508627 0.0406058 0.0880311 0.0636454 0.0322313 0.0119964 0.00706808 0.0143569 0.0298732 0.0317913 0.0269236 0.0214564 0.0175955 0.0155109 0.01714 0.0261991 0.0272802 0.0246035 0.0142924 0.00781469 0.00827657 0.0070988 0.00593411 0.0055669 0.00558935 0.00659447 0.0181923 0.00698169 0.0187565 0.0106635 0.0188741 0.0105643 0.0196445 0.0102949 0.00621354 0.0203435 0.0128923 0.014591 0.0209805 0.0746614 0.00528273 0.00529321 0.00518761 0.00518598 0.00180357 0.00010523 0.00527682 0.0605811 0.0488703 0.0380249 0.0288847 0.0218812 0.0148018 0.00736677 2.96137e-06
0 0 0 0 0 0 0 0 0 0 0 0 0 0 0 0 0 0 0 0 0 0 0 0 0 0 0 0 0 0 0 0 0 0 0 0 0 0 0 0 0 0 0 0 0 0 0 0 0 0 0 0 0 0 0 0 0 0 0 0 0 0 0 0 0 0 0 0.00194667 0.00514554 0.00515111 0.00549998 0.00754638 0.0089132 0.0112776 0.0146431 0.0162026 0.0144026 0.00880048 0.00514645 0.0069432 0.0122651 0.0128731 0.00723387 0.0268386 0.0175912 0.00526876 0.0454321 0.0126989 0.0217175 0.113922 0.037628 0.0199276 0.0123434 0.0305424 0.0445418 0.058384 0.0666315 0.0638594 0.0536492 0.0534262 0.0559017 0.0645099 0.0595802 0.135044 0.152627 0.0190264 0.061956 0.0154977 0.0309003 0.029715 0.0316891 0.0157747 0.0215184 0.0296199 0.044581 0.0520881 0.0264523 0.0240443 0.0208776 0.0242482 0.0353095 0.0496603 0.0269046 0.015127 0.00565064 0.00720856 0.0086256 0.00589936 0.00951112 0.00975349 0.00937143 0.0189732 0.0116554 0.0193963 0.0100116 0.0193315 0.00978926 0.0150655 0.00593959 0.0172343 0.0200896 0.0102527 0.00727938 0.00524026 0.00521871 0.00517732 0.00214602 0 0 0 0.00515127 0.00563056 0.052937 0.0429485 0.0363213 0.0273794 0.0197542 0.0132338 0.00640011 0
0 0 0 0 0 0 0 0 0 0 0 0 0 0 0 0 0 0 0 0 0 0 0 0 0 0 0 0 0 0 0 0 0 0 0 0 0 0 0 0 0 0 0 0 0 0 0 0 0 0 0 0 0 0 0 0 0 0 0 0 0 0 0 0 0 0 0.000368464 0.00514229 0.00515138 0.00879985 0.0102031 0.0114135 0.0128329 0.0174798 0.0244343 0.0253412 0.0221104 0.0193118 0.00853758 0.00518525 0.013119 0.0179108 0.0240733 0.0151685 0.058778 0.0380325 0.0440919 0.0533029 0.115835 0.0218094 0.00777201 0.0118993 0.022164 0.0330992 0.042279 0.0494052 0.0567107 0.057764 0.0519067 0.0534504 0.0543114 0.046012 0.0128995 0.121978 0.523047 0.12641 0.0382811 0.0420586 0.0242505 0.024632 0.0234467 0.0115631 0.022535 0.0183415 0.0791551 0.085398 0.0151811 0.00823567 0.0179811 0.0252214 0.0316619 0.0359298 0.0428521 0.0304229 0.00732204 0.0103459 0.0234868 0.0133909 0.0136227 0.0131552 0.0167378 0.0175398 0.020074 0.0134488 0.00793878 0.0113639 0.0057986 0.00830881 0.0115951 0.00541231 0.00572906 0.0205277 0.00748774 0.0051517 0.00514998 0.00518865 0.000576776 0 0 0 0.00521351 0.0142184 0.037271 0.0356354 0.0326836 0.0263386 0.0198233 0.0126257 0.00558718 2.62464e-06
0 0 0 0 0 0 0 0 0 0 0 0 0 0 0 0 0 0 0 0 0 0 0 0 0 0 0 0 0 0 0 0 0 0 0 0 0 0 0 0 0 0 0 0 0 0 0 0 0 0 0 0 0 0 0 0 0 0 0 0 0 0 0 0 0 0.00167987 0.0052158 0.00514544 0.00717277 0.0156824 0.0162411 0.0137217 0.0158197 0.021988 0.0253051 0.0319137 0.0363928 0.0416827 0.0438067 0.00532304 0.0173209 0.0534077 0.0110749 0.0188911 0.0309555 0.0457488 0.0542067 0.0160161 0.0120555 0.0137735 0.0160879 0.0172614 0.024879 0.0327849 0.0418738 0.0418738 0.0481932 0.051556 0.0540585 0.0589656 0.066869 0.0772946 0.0783376 0.0707649 0.346888 0.172723 0.0241413 0.00560157 0.00529736 0.0167573 0.0231744 0.0360158 0.0459937 0.053737 0.0729391 0.0713677 0.0839306 0.0337428 0.0322444 0.026777 0.0180718 0.0654847 0.0521808 0.0337544 0.0277961 0.0473047 0.0338154 0.0287171 0.0203373 0.0100288 0.0217743 0.0270581 0.0221909 0.0179467 0.0176078 0.0132183 0.0105935 0.00863665 0.00746757 0.00543928 0.00539081 0.0205406 0.00855537 0.0053137 0.00527966 0.00528586 0.0051851 0.000854968 0.000488725 0.000275672 0.00523816 0.0300952 0.0308744 0.0306903 0.0280856 0.0247294 0.0189606 0.0125693 0.00540012 0
0 0 0 0 0 0 0 0 0 0 0 0 0 0 0 0 0 0 0 0 0 0 0 0 0 0 0 0 0 0 0 0 0 0 0 0 0 0 0 0 0 0 0 0 0 0 0 0 0 0 0 0 0 0 0 0 0 0 0 0 0 0 0 0 0 3.73857e-06 0.00516798 0.00555414 0.0131458 0.0238954 0.0251743 0.00518824 0.0156795 0.0202767 0.0260912 0.0364311 0.0518108 0.0672564 0.00797381 0.0140487 0.00520496 0.00835939 0.0364088 0.0618104 0.124079 0.0331348 0.00523161 0.00789182 0.00521899 0.0262691 0.0277263 0.0194724 0.0222851 0.0225819 0.0318808 0.0383658 0.0437471 0.0478093 0.0527946 0.0641554 0.0860168 0.11989 0.177545 0.082858 0.178042 0.179386 0.0804728 0.00528792 0.0147719 0.0161798 0.0212014 0.0285408 0.0355886 0.0386535 0.0524707 0.0622052 0.0861874 0.112291 0.0731675 0.0551729 0.0576142 0.0518814 0.0524056 0.0489012 0.041839 0.0365067 0.0292849 0.0217739 0.0162018 0.00883327 0.0206306 0.0320991 0.0287073 0.0218014 0.0162075 0.0125393 0.0102954 0.0198591 0.00830455 0.00622116 0.00579422 0.00529031 0.0280929 0.00815453 0.00533875 0.00533 0.00525722 0.00524073 0.00519936 0.0052172 0.00516065 0.0161406 0.0255586 0.0258824 0.0248276 0.0214287 0.0169491 0.0115085 0.00515158 2.4592e-06
0 0 0 0 0 0 0 0 0 0 0 0 0 0 0 0 0 0 0 0 0 0 0 0 0 0 0 0 0 0 0 0 0 0 0 0 0 0 0 0 0 0 0 0 0 0 0 0 0 0 0 0 0 0 0 0 0 0 0 0 0 0 0 0 0 0.000753289 0.00522033 0.00516994 0.00521056 0.00518922 0.00517485 0.00965559 0.0195723 0.0246258 0.0289252 0.0390301 0.0687601 0.0119847 0.0189504 0.0401641 0.041977 0.0614069 0.0474885 0.0270271 0.0821426 0.012349 0.013282 0.025308 0.0364128 0.0352884 0.0391683 0.00745033 0.0235387 0.0052195 0.0240363 0.0368442 0.0426277 0.0458027 0.0501133 0.0631082 0.0851522 0.115395 0.160773 0.212234 0.155047 0.163713 0.148566 0.0272973 0.00748822 0.0176157 0.0250174 0.0246293 0.024881 0.0266858 0.0628978 0.0632947 0.0923359 0.155236 0.100856 0.0713557 0.0580732 0.0509876 0.0467302 0.0448226 0.0385046 0.0258228 0.0274092 0.0223427 0.0086799 0.0272489 0.0372786 0.0320959 0.0278002 0.0227987 0.015864 0.0126771 0.0101005 0.0201036 0.00988046 0.0106266 0.00622326 0.0212876 0.015703 0.00669005 0.00524242 0.00530758 0.00533575 0.00540236 0.00999485 0.0101288 0.00568937 0.00562678 0.0290511 0.0251138 0.0212359 0.0178836 0.0145439 0.00955854 0.00515063 0
0 0 0 0 0 0 0 0 0 0 0 0 0 0 0 0 0 0 0 0 0 0 0 0 0 0 0 0 0 0 0 0 0 0 0 0 0 0 0 0 0 0 0 0 0 0 0 0 0 0 0 0 0 0 0 0 0 0 0 0 0 0 0 0 0 0 0.00332923 0.00514698 0.00514754 0.0053 0.00849535 0.0164682 0.0235017 0.0278418 0.0281756 0.0283141 0.0180891 0.00517414 0.0196725 0.00530732 0.0310544 0.0603428 0.0835261 0.107666 0.0784062 0.0255279 0.0263928 0.0335669 0.0405783 0.00526416 0.0224152 0.0190353 0.023504 0.0279028 0.0290517 0.0342484 0.0381345 0.0441015 0.0499224 0.0592351 0.0727212 0.0964853 0.119193 0.126218 0.101272 0.181066 0.12815 0.0732389 0.0467355 0.0309495 0.0253094 0.0369524 0.0415872 0.0568919 0.0798875 0.0992604 0.129356 0.119959 0.0924683 0.0734109 0.0624549 0.0561267 0.0544489 0.0104429 0.0179435 0.0184509 0.0175307 0.0198762 0.0157361 0.0156009 0.0186369 0.00535543 0.0272559 0.0232043 0.0184667 0.0164104 0.0104 0.00974499 0.00529344 0.00523534 0.00812969 0.00527129 0.00525014 0.00523359 0.00748623 0.0149255 0.00536831 0.00542735 0.00985611 0.0198786 0.0113729 0.00633748 0.0226125 0.0220211 0.018249 0.0147939 0.0115097 0.00758589 0.0051484 2.97663e-06
0 0 0 0 0 0 0 0 0 0 0 0 0 0 0 0 0 0 0 0 0 0 0 0 0 0 0 0 0 0 0 0 0 0 0 0 0 0 0 0 0 0 0 0 0 0 0 0 0 0 0 0 0 0 0 0 0 0 0 0 0 0 0 0 0 0 0.00280534 0.00514652 0.00515038 0.00756184 0.0117291 0.0177271 0.0275316 0.0385556 0.0513006 0.0750645 0.0170321 0.00532708 0.00520232 0.00922994 0.0309561 0.0596732 0.019431 0.0546698 0.0422879 0.0113152 0.0436206 0.0329356 0.0285671 0.0165709 0.0178886 0.0190911 0.022986 0.0277057 0.030363 0.0329904 0.037901 0.0410343 0.0443253 0.0524558 0.0636494 0.0789675 0.0964911 0.117786 0.153314 0.151817 0.0946907 0.0609183 0.046266 0.0349245 0.0285021 0.0294765 0.0359736 0.0474644 0.0600403 0.0754543 0.0887091 0.103787 0.092334 0.0692417 0.0677582 0.0613207 0.0552012 0.0504772 0.0266425 0.0174869 0.013206 0.0120315 0.0119001 0.0113011 0.00767138 0.00518767 0.0170412 0.0294489 0.0210312 0.0164104 0.0126622 0.00974499 0.00522839 0.00664403 0.00526766 0.00672505 0.00683948 0.00529884 0.0158287 0.00868465 0.00522832 0.00534282 0.0100769 0.00982631 0.00618536 0.00543733 0.0252051 0.0209945 0.0160298 0.0122633 0.00892679 0.00522139 0.00514657 2.54709e-06
0 0 0 0 0 0 0 0 0 0 0 0 0 0 0 0 0 0 0 0 0 0 0 0 0 0 0 0 0 0 0 0 0 0 0 0 0 0 0 0 0 0 0 0 0 0 0 0 0 0 0 0 0 0 0 0 0 0 0 0 0 0 0 0 0 0 0.00437552 0.00514708 0.00564093 0.00587264 0.00904075 0.0186232 0.0328643 0.0489224 0.0577889 0.0466248 0.037133 0.00524184 0.0271222 0.00520143 0.0120316 0.0379135 0.0277118 0.036823 0.039547 0.0467837 0.0352765 0.0292465 0.0288457 0.00519176 0.0149025 0.0234786 0.0251504 0.0273092 0.0314706 0.0334069 0.0344365 0.0373558 0.0412846 0.0474529 0.0574807 0.0661148 0.0759032 0.0963613 0.134964 0.157865 0.0259286 0.0375325 0.0412731 0.035475 0.0326311 0.0306717 0.0302576 0.0394928 0.0505181 0.0619213 0.0187388 0.0406038 0.0538552 0.0548109 0.0651157 0.0608234 0.0558733 0.0561097 0.00604377 0.0120117 0.00739559 0.0052003 0.0150355 0.0112569 0.00515649 0.00514401 0.00517171 0.0207316 0.0210617 0.0198909 0.0132854 0.0127232 0.0051529 0.00516959 0.00523269 0.0100929 0.0075439 0.0072144 0.0111677 0.00946329 0.00514826 0.00514408 0.00514318 0.00518184 0.00352292 0.00523601 0.0238431 0.0188547 0.013669 0.00969712 0.00623147 0.00514936 0.00514599 0
0 0 0 0 0 0 0 0 0 0 0 0 0 0 0 0 0 0 0 0 0 0 0 0 0 0 0 0 0 0 0 0 0 0 0 0 0 0 0 0 0 0 0 0 0 0 0 0 0 0 0 0 0 0 0 0 0 0 0 0 0 0 0 0 0 0.000654159 0.00514433 0.0051517 0.00999824 0.00772456 0.00582727 0.0176089 0.0314973 0.0053325 0.00923731 0.0052222 0.0197182 0.0051592 0.00529525 0.0311054 0.054881 0.0403889 0.0371752 0.0405256 0.0404931 0.00529825 0.0201104 0.0180941 0.0197912 0.0142474 0.0382631 0.0334648 0.0278015 0.0290649 0.0314706 0.031472 0.0344365 0.0344365 0.0363113 0.0431536 0.0525618 0.0575061 0.0551396 0.0717582 0.129876 0.123186 0.0924615 0.0578445 0.0439926 0.039116 0.0384823 0.0355233 0.0323711 0.0335206 0.0427365 0.0455352 0.0151734 0.0283055 0.0438804 0.0367841 0.0119048 0.0541982 0.0512679 0.0471465 0.0401612 0.0235571 0.00516907 0.00523397 0.0159886 0.0112569 0.00781736 0.00514744 0.00514199 0.00517975 0.0200428 0.0198909 0.0142981 0.0127232 0.00670635 0.00514664 0.00514326 0.00516488 0.00641489 0.00639803 0.0104461 0.00946329 0.00515248 0.00516084 0.00515026 0.00515744 0.00277151 0.00516915 0.0148792 0.0131372 0.0100956 0.00664809 0.00514927 0.00514816 0.00514413 2.46701e-06
0 0 0 0 0 0 0 0 0 0 0 0 0 0 0 0 0 0 0 0 0 0 0 0 0 0 0 0 0 0 0 0 0 0 0 0 0 0 0 0 0 0 0 0 0 0 0 0 0 0 0 0 0 0 0 0 0 0 0 0 0 0 0 0 0 0.00064837 0.00514461 0.00553857 0.0110777 0.0171683 0.0188084 0.0189616 0.0190043 0.0126964 0.0117383 0.0146098 0.0051694 0.0100412 0.0171358 0.0318278 0.0386561 0.0330701 0.0411968 0.0368104 0.0220446 0.0122671 0.016982 0.00517193 0.0100131 0.0141775 0.0105681 0.00519831 0.0191936 0.025051 0.0257223 0.0268283 0.030354 0.0310927 0.0331932 0.0411979 0.0502384 0.0565124 0.0644344 0.0861731 0.10365 0.101213 0.0812337 0.0507644 0.0386136 0.041329 0.041211 0.0384454 0.0354453 0.0364386 0.0432175 0.0574168 0.0886121 0.070796 0.057611 0.0509477 0.00614632 0.0298471 0.0405448 0.0447151 0.0404094 0.0352811 0.00522711 0.0100248 0.00521845 0.00517039 0.00515214 0.00518034 0.0051433 5.73419e-05 0.00517575 0.0186014 0.0172209 0.0103935 0.00515309 0.00514563 0.00514611 0.00514636 0.00516691 0.0051503 0.00714244 0.00727377 0.010297 0.00515826 0.00515858 0.00515096 0.00517902 0.00517643 0.0082559 0.00772705 0.00620335 0.00514961 0.00514751 0.00514523 0.00294606 0
0 0 0 0 0 0 0 0 0 0 0 0 0 0 0 0 0 0 0 0 0 0 0 0 0 0 0 0 0 0 0 0 0 0 0 0 0 0 0 0 0 0 0 0 0 0 0 0 0 0 0 0 0 0 0 0 0 0 0 0 0 0 0 0 0 0 0.00496268 0.00514907 0.00872882 0.0139433 0.0164765 0.0113164 0.014595 0.0161481 0.018708 0.00517805 0.00830871 0.0176283 0.025754 0.0323045 0.0286698 0.0216707 0.045638 0.0464248 0.00941118 0.00856504 0.0165305 0.00520431 0.00945491 0.00903866 0.00514984 0.00609512 0.0140429 0.0190265 0.0218606 0.0253995 0.0276959 0.0282413 0.0323671 0.0388366 0.0456399 0.0529253 0.0592361 0.070118 0.0823255 0.0865751 0.0782676 0.025007 0.0241945 0.0437472 0.043403 0.0401705 0.0375279 0.0377433 0.0432354 0.0547955 0.0789582 0.0698622 0.0650376 0.0682908 0.0116436 0.0218562 0.0351084 0.050413 0.0421555 0.0354321 0.0278288 0.0182058 0.0165404 0.00519539 0.0103879 0.00520374 0.00328699 0.00514112 0.00514451 0.00763779 0.00518158 0.00613943 0.00514654 0.00514744 0.00516034 0.00517229 0.00514939 0.00514716 0.00515044 0.00514989 0.0102921 0.0051644 0.005163 0.00517121 0.00519743 0.00523951 0.00516863 0.00515047 0.00514833 0.00514673 0.0051461 0.00514417 0.000582599 0
0 0 0 0 0 0 0 0 0 0 0 0 0 0 0 0 0 0 0 0 0 0 0 0 0 0 0 0 0 0 0 0 0 0 0 0 0 0 0 0 0 0 0 0 0 0 0 0 0 0 0 0 0 0 0 0 0 0 0 0 0 0 0 0 0 0 0.00209841 0.00515362 0.00651882 0.0116787 0.0181865 0.00832043 0.0157832 0.00523957 0.0161681 0.00518424 0.012327 0.0221644 0.0332921 0.0419103 0.0428093 0.0111678 0.00521742 0.00521501 0.00891609 0.00522809 0.0122961 0.0154714 0.00977228 0.00694319 0.00558214 0.00680436 0.0108381 0.0146652 0.0194651 0.02263 0.0246708 0.0275566 0.0306078 0.035064 0.0405214 0.0460153 0.0529859 0.0603963 0.0669601 0.0724424 0.0653422 0.0428454 0.0123741 0.0633309 0.0505991 0.0416142 0.0379498 0.0363225 0.036396 0.0332607 0.0167033 0.0655318 0.0645422 0.0606143 0.0524917 0.035246 0.0248591 0.00551367 0.034308 0.0330423 0.0298189 0.0228689 0.00749193 0.00521713 0.0160684 0.00520479 0.00819864 0.00518454 0.0051539 0.00514651 0.00514318 0.00515984 0.00748173 0.00515282 0.00514894 0.005149 0.00514919 0.00514764 0.00514727 0.00514777 0.00514761 0.00514605 0.00514407 0.00516858 0.00066271 0.00514508 0.00514561 0.00514677 0.00514625 0.00514422 0.00204559 0.000590359 0 0
0 0 0 0 0 0 0 0 0 0 0 0 0 0 0 0 0 0 0 0 0 0 0 0 0 0 0 0 0 0 0 0 0 0 0 0 0 0 0 0 0 0 0 0 0 0 0 0 0 0 0 0 0 0 0 0 0 0 0 0 0 0 0 0 0 0 0.000536563 0.00514509 0.00515591 0.00856623 0.00516308 0.00516667 0.0051525 0.00518679 0.00784345 0.0067308 0.0139007 0.0225615 0.0362542 0.055162 0.00994671 0.00514769 1.37299e-06 9.37371e-06 0.000528033 0.00515924 0.00517021 0.00698046 0.00515105 0.00514957 0.00515086 0.00630507 0.00889098 0.0120285 0.0154424 0.0184962 0.0227375 0.0256389 0.0262057 0.030081 0.0338198 0.0364557 0.0423734 0.0506029 0.0588844 0.0622411 0.0585749 0.0487758 0.0443267 0.0447254 0.0456959 0.0409295 0.0371863 0.0352042 0.0317829 0.0284174 0.02364 0.0462243 0.0683241 0.06167 0.0520756 0.0384026 0.0275861 0.018339 0.0277337 0.0290007 0.0324358 0.0368455 0.0493123 0.042402 0.0296855 0.0207883 0.0346446 0.0246013 0.0158262 0.00517576 0.00514944 0.00514489 0.00514804 0.00519907 0.00516944 0.00515021 0.00518646 0.00516736 0.00514645 0.00514614 0.00514558 0.00514487 0.00360109 0.00296751 0.000406494 0.000647186 0.00514339 0.00514388 0.00179744 0.000512183 0 0 0 0
0 0 0 0 0 0 0 0 0 0 0 0 0 0 0 0 0 0 0 0 0 0 0 0 0 0 0 0 0 0 0 0 0 0 0 0 0 0 0 0 0 0 0 0 0 0 0 0 0 0 0 0 0 0 0 0 0 0 0 0 0 0 0 0 0 0 0 0.00131069 0.00516823 0.00514626 1.28412e-05 7.66614e-05 6.42031e-06 0.00514306 0.00530193 0.00564578 0.00936803 0.012737 0.0160284 0.00899421 0.0201869 0.0051691 8.87137e-06 0 0 0.00221336 0.00517564 0.00514374 0.0051443 0.005146 0.00514882 0.00514898 0.00677681 0.00997906 0.0122176 0.0149039 0.0178495 0.0211046 0.0219196 0.0241309 0.0263194 0.0268287 0.0298748 0.043076 0.0562723 0.0548504 0.0526565 0.0489357 0.0295079 0.0193828 0.0463013 0.0386011 0.0349733 0.0317731 0.0277432 0.0223106 0.0165048 0.00819008 0.0935307 0.0657677 0.0518218 0.0406104 0.0307422 0.0235015 0.0251726 0.0271591 0.0332187 0.0396532 0.0515355 0.0396837 0.0311682 0.0253321 0.0254666 0.0226968 0.0190486 0.0204525 0.0112342 0.00861973 0.00514622 0.00720932 0.00514716 0.00516292 0.00514519 0.005221 0.00346304 0.00237442 0.0022148 0.00140782 0 0 0 0 9.70115e-05 9.8839e-05 0 0 0 0 0 0
0 0 0 0 0 0 0 0 0 0 0 0 0 0 0 0 0 0 0 0 0 0 0 0 0 0 0 0 0 0 0 0 0 0 0 0 0 0 0 0 0 0 0 0 0 0 0 0 0 0 0 0 0 0 0 0 0 0 0 0 0 0 0 0 0 0 0 0 0.000938868 1.30715e-05 0 0 0 0.00145371 0.00514423 0.00514682 0.00528413 0.00802134 0.00749474 0.00514854 0.00790313 0.00514416 1.14831e-05 0 0 0 0.00146174 0.00483987 0.00189009 0.00403565 0.00514451 0.005147 0.0051496 0.00679946 0.00832431 0.0106967 0.0136992 0.017097 0.0184079 0.0193906 0.0179952 0.0143826 0.00637373 0.0285302 0.0153375 0.0615934 0.0494592 0.0520542 0.0101123 0.0448252 0.0418821 0.0351304 0.032543 0.0283792 0.0234479 0.0202349 0.015602 0.0142427 0.0171563 0.042523 0.0416703 0.0351113 0.0301227 0.0251419 0.0212337 0.0170333 0.00519491 0.0052124 0.00590153 0.0244358 0.0241662 0.0237792 0.0222257 0.0171117 0.0147719 0.0131413 0.0104585 0.00996362 0.00515343 0.00514441 0.00514458 0.00514365 0.00465232 0.00523678 0.000504584 0 9.55729e-05 9.55729e-05 0 0 0 0 8.26828e-05 8.26828e-05 0 0 0 0 0 0
0 0 0 0 0 0 0 0 0 0 0 0 0 0 0 0 0 0 0 0 0 0 0 0 0 0 0 0 0 0 0 0 0 0 0 0 0 0 0 0 0 0 0 0 0 0 0 0 0 0 0 0 0 0 0 0 0 0 0 0 0 0 0 0 0 0 0 0 0 0 0 0 0 0 0.00164781 0.00514471 0.0051497 0.00729172 0.00516163 0.00523666 0.00515167 0.00181563 0 0 0 0 0 0 0 0 0.0011399 0.00514391 0.00514549 0.0051478 0.00515152 0.00644907 0.0092002 0.0118372 0.013769 0.0138834 0.0128025 0.01309 0.0149911 0.015235 0.0148558 0.0487029 0.0409015 0.0319451 0.0196671 0.0706442 0.0352486 0.0266299 0.0280565 0.025592 0.0209721 0.0196187 0.015648 0.0126749 0.00678679 0.00526465 0.0385314 0.0328406 0.0257528 0.0231628 0.0189276 0.0139358 0.00673903 0.0051462 0.00514359 0.00518589 0.0222994 0.0197873 0.0192808 0.0157665 0.0118683 0.00779935 0.00662971 0.00708349 0.00904895 0.0052035 0.00472852 0.00225797 0 0.000420716 0 0 0 0 0 0 0 0 0 0 0 0 0 0 0 0
0 0 0 0 0 0 0 0 0 0 0 0 0 0 0 0 0 0 0 0 0 0 0 0 0 0 0 0 0 0 0 0 0 0 0 0 0 0 0 0 0 0 0 0 0 0 0 0 0 0 0 0 0 0 0 0 0 0 0 0 0 0 0 0 0 0 0 0 0 0 0 0 0 0 0 0.00285439 0.00514506 0.00515017 0.00725576 0.00516089 0.00519309 0.000224741 0 0 0 0 0 0 0 0 0 0.000167723 0.00317472 0.00514415 0.00514819 0.00514895 0.00545092 0.00721589 0.00879923 0.00899258 0.00920137 0.0102258 0.0121256 0.0150817 0.0200909 0.0317171 0.0366579 0.0417932 0.0599391 0.011937 0.00521689 0.0116761 0.0188632 0.020553 0.0192778 0.0163945 0.0141769 0.011846 0.0107262 0.0115288 0.0270648 0.026578 0.0208766 0.020465 0.0180006 0.0131825 0.00814736 0.00514964 0.00514603 0.00515605 0.0159009 0.0169811 0.0162773 0.0140975 0.010416 0.00515687 0.00596914 0.00596914 0.00572464 0.00708767 0.00514621 0.00499338 0 0 0 0 0 0 0 0 0 0 0 0 0 0 0 0 0 0
0 0 0 0 0 0 0 0 0 0 0 0 0 0 0 0 0 0 0 0 0 0 0 0 0 0 0 0 0 0 0 0 0 0 0 0 0 0 0 0 0 0 0 0 0 0 0 0 0 0 0 0 0 0 0 0 0 0 0 0 0 0 0 0 0 0 0 0 0 0 0 0 0 0 0 0 0.00134747 0.00415593 0.00514376 0.00134568 0.000323641 0 0 0 0 0 0 0 0 0 0 0 0 0.00124866 0.00514397 0.00514623 0.00514772 0.00515057 0.00515106 0.00520972 0.00641405 0.00788045 0.00832523 0.0111932 0.0159741 0.0202113 0.0258583 0.0378513 0.0469723 0.0518557 0.0293116 0.00518576 0.0162413 0.0174147 0.0171546 0.0151668 0.0130677 0.0110115 0.0112951 0.0149412 0.0204527 0.0203117 0.01674 0.015693 0.0163388 0.0129322 0.00873381 0.00571418 0.00514794 0.00515024 0.00751359 0.00517033 0.0147529 0.0124706 0.00950028 0.00962651 0.006006 0.00552114 0.0051499 0.00514869 0.00514512 0.00229111 0 0 0 0 0 0 0 0 0 0 0 0 0 0 0 0 0 0
0 0 0 0 0 0 0 0 0 0 0 0 0 0 0 0 0 0 0 0 0 0 0 0 0 0 0 0 0 0 0 0 0 0 0 0 0 0 0 0 0 0 0 0 0 0 0 0 0 0 0 0 0 0 0 0 0 0 0 0 0 0 0 0 0 0 0 0 0 0 0 0 0 0 0 0 0 0 1.56816e-05 0 0 0 0 0 0 0 0 0 0 0 0 0 0 0 0.000234334 0.00294318 0.00514402 0.00514573 0.00514719 0.00514785 0.00515009 0.00514978 0.00518956 0.00749331 0.00999158 0.00803312 0.00516985 0.00964188 0.0378036 0.031952 0.02304 0.00743711 0.0312561 0.0187002 0.0175361 0.0170655 0.0143572 0.0117401 0.0117411 0.0146944 0.0173367 0.0174726 0.0139029 0.0091397 0.00516835 0.0123728 0.0084688 0.00568725 0.00514823 0.00514872 0.00514805 0.00514936 0.00760132 0.00782862 0.00935477 0.00935477 0.00550342 0.00547604 0.00514669 0.00514463 0.00295236 0.000180528 0 0 0 0 0 0 0 0 0 0 0 0 0 0 0 0 0 0
0 0 0 0 0 0 0 0 0 0 0 0 0 0 0 0 0 0 0 0 0 0 0 0 0 0 0 0 0 0 0 0 0 0 0 0 0 0 0 0 0 0 0 0 0 0 0 0 0 0 0 0 0 0 0 0 0 0 0 0 0 0 0 0 0 0 0 0 0 0 0 0 0 0 0 0 0 0 0 0 0 0 0 0 0 0 0 0 0 0 0 0 0 0 0 0 0.000650096 0.00247593 0.00514408 0.00514517 0.00514598 0.0051473 0.00514858 0.00515063 0.00576283 0.00515335 0.00836863 0.00514848 0.0052403 0.00525237 0.00523328 0.011709 0.0669587 0.0174253 0.0241391 0.0242086 0.018543 0.0130881 0.0101048 0.0123544 0.0140781 0.0129905 0.0125684 0.00776947 0.00514806 0.00755576 0.00651802 0.00514903 0.00514905 0.00514598 0.00514666 0.00514685 0.00514911 0.00515106 0.00515106 0.00515108 0.00514709 0.00514504 0.00327327 0.00111849 0 0 0 0 0 0 0 0 0 0 0 0 0 0 0 0 0 0 0 0
0 0 0 0 0 0 0 0 0 0 0 0 0 0 0 0 0 0 0 0 0 0 0 0 0 0 0 0 0 0 0 0 0 0 0 0 0 0 0 0 0 0 0 0 0 0 0 0 0 0 0 0 0 0 0 0 0 0 0 0 0 0 0 0 0 0 0 0 0 0 0 0 0 0 0 0 0 0 0 0 0 0 0 0 0 0 0 0 0 0 0 0 0 0 0 0 0 0 7.81689e-05 0.00118513 0.00352023 0.00514384 0.00514575 0.0051445 0.00514834 0.00823697 0.00651945 0.00678982 0.014012 0.00519755 0.0052391 0.0055044 0.0139325 0.0713296 0.0511614 0.0359314 0.0232673 0.0145231 0.00940526 0.00896142 0.0109142 0.00802338 0.00517184 0.00519298 0.00514566 0.00514792 0.00514925 0.00514602 0.00514465 0.00317707 0.00169151 0.00190466 0.00514383 0.00514616 0.00514625 0.00514484 0.00368697 0.000850341 0 0 0 0 0 0 0 0 0 0 0 0 0 0 0 0 0 0 0 0 0 0
0 0 0 0 0 0 0 0 0 0 0 0 0 0 0 0 0 0 0 0 0 0 0 0 0 0 0 0 0 0 0 0 0 0 0 0 0 0 0 0 0 0 0 0 0 0 0 0 0 0 0 0 0 0 0 0 0 0 0 0 0 0 0 0 0 0 0 0 0 0 0 0 0 0 0 0 0 0 0 0 0 0 0 0 0 0 0 0 0 0 0 0 0 0 0 0 0 0 0 0 0 0.00059123 0.00275839 0.00450919 0.00514227 0.00515045 0.00514897 0.00514544 0.00515144 0.00515818 0.010113 0.0102292 0.013947 0.0215284 0.0621868 0.0387024 0.0242671 0.0141712 0.00833172 0.00613561 0.00779208 0.00623304 0.00514848 0.0077478 0.00515746 0.00514871 0.00515741 0.00514444 0.00111224 0 0 0 0.000218351 0.000528393 0.000633973 0.000391345 0 0 0 0 0 0 0 0 0 0 0 0 0 0 0 0 0 0 0 0 0 0 0 0
0 0 0 0 0 0 0 0 0 0 0 0 0 0 0 0 0 0 0 0 0 0 0 0 0 0 0 0 0 0 0 0 0 0 0 0 0 0 0 0 0 0 0 0 0 0 0 0 0 0 0 0 0 0 0 0 0 0 0 0 0 0 0 0 0 0 0 0 0 0 0 0 0 0 0 0 0 0 0 0 0 0 0 0 0 0 0 0 0 0 0 0 0 0 0 0 0 0 0 0 0 0 0 0 0.00177522 0.0051437 0.00514389 0.00478419 0.000735163 0.000731358 0.00514083 0.00514348 0.00517388 0.0172327 0.0316613 0.0286086 0.0201482 0.013851 0.0071157 0.00514738 0.00514856 0.00515186 0.00514632 0.00514715 0.00514488 0.00521653 0.00514573 0.00144912 0 0 0 0 0 0 0 0 0 0 0 0 0 0 0 0 0 0 0 0 0 0 0 0 0 0 0 0 0 0 0 0
0 0 0 0 0 0 0 0 0 0 0 0 0 0 0 0 0 0 0 0 0 0 0 0 0 0 0 0 0 0 0 0 0 0 0 0 0 0 0 0 0 0 0 0 0 0 0 0 0 0 0 0 0 0 0 0 0 0 0 0 0 0 0 0 0 0 0 0 0 0 0 0 0 0 0 0 0 0 0 0 0 0 0 0 0 0 0 0 0 0 0 0 0 0 0 0 0 0 0 0 0 0 0 0 0 0.000864232 0.00062085 0 0 0 1.62165e-05 3.71922e-05 0.00514493 0.00737984 0.00520186 0.018832 0.0139068 0.0104361 0.00515143 0.00514482 0.00514817 0.00516901 0.00518247 0.00514188 0.000318968 0.00264291 0.000199426 0 0 0 0 0 0 0 0 0 0 0 0 0 0 0 0 0 0 0 0 0 0 0 0 0 0 0 0 0 0 0 0 0
0 0 0 0 0 0 0 0 0 0 0 0 0 0 0 0 0 0 0 0 0 0 0 0 0 0 0 0 0 0 0 0 0 0 0 0 0 0 0 0 0 0 0 0 0 0 0 0 0 0 0 0 0 0 0 0 0 0 0 0 0 0 0 0 0 0 0 0 0 0 0 0 0 0 0 0 0 0 0 0 0 0 0 0 0 0 0 0 0 0 0 0 0 0 0 0 0 0 0 0 0 0 0 0 0 0 0 0 0 0 0 0 0.000981879 0.0052304 0.0196368 0.00518822 0.00550985 0.00553625 0.00515484 0.00524362 0.00128808 3.16505e-05 0.00352171 0.000325412 0 0 0 0 0 0 0 0 0 0 0 0 0 0 0 0 0 0 0 0 0 0 0 0 0 0 0 0 0 0 0 0 0 0 0 0
0 0 0 0 0 0 0 0 0 0 0 0 0 0 0 0 0 0 0 0 0 0 0 0 0 0 0 0 0 0 0 0 0 0 0 0 0 0 0 0 0 0 0 0 0 0 0 0 0 0 0 0 0 0 0 0 0 0 0 0 0 0 0 0 0 0 0 0 0 0 0 0 0 0 0 0 0 0 0 0 0 0 0 0 0 0 0 0 0 0 0 0 0 0 0 0 0 0 0 0 0 0 0 0 0 0 0 0 0 0 0 0.000867128 0.00514256 0.00556801 0.0139731 0.0169671 0.00515746 0.00514355 0.00308694 0.00521945 7.82042e-05 0 0 0 0 0 0 0 0 0 0 0 0 0 0 0 0 0 0 0 0 0 0 0 0 0 0 0 0 0 0 0 0 0 0 0 0 0 0 0
0 0 0 0 0 0 0 0 0 0 0 0 0 0 0 0 0 0 0 0 0 0 0 0 0 0 0 0 0 0 0 0 0 0 0 0 0 0 0 0 0 0 0 0 0 0 0 0 0 0 0 0 0 0 0 0 0 0 0 0 0 0 0 0 0 0 0 0 0 0 0 0 0 0 0 0 0 0 0 0 0 0 0 0 0 0 0 0 0 0 0 0 0 0 0 0 0 0 0 0 0 0 0 0 0 0 0 0 0 0 0 0 0.00472074 0.00514782 0.00803227 0.0105524 0.00520929 0.00514486 0.000270934 0.00166634 0 0 0 0 0 0 0 0 0 0 0 0 0 0 0 0 0 0 0 0 0 0 0 0 0 0 0 0 0 0 0 0 0 0 0 0 0 0 0 0
0 0 0 0 0 0 0 0 0 0 0 0 0 0 0 0 0 0 0 0 0 0 0 0 0 0 0 0 0 0 0 0 0 0 0 0 0 0 0 0 0 0 0 0 0 0 0 0 0 0 0 0 0 0 0 0 0 0 0 0 0 0 0 0 0 0 0 0 0 0 0 0 0 0 0 0 0 0 0 0 0 0 0 0 0 0 0 0 0 0 0 0 0 0 0 0 0 0 0 0 0 0 0 0 0 0 0 0 0 0 0 0 0 0.00510883 0.00514442 0.00515898 0.0157407 0.00578604 0.00422739 0 0 0 0 0 0 0 0 0 0 0 0 0 0 0 0 0 0 0 0 0 0 0 0 0 0 0 0 0 0 0 0 0 0 0 0 0 0 0 0 0
0 0 0 0 0 0 0 0 0 0 0 0 0 0 0 0 0 0 0 0 0 0 0 0 0 0 0 0 0 0 0 0 0 0 0 0 0 0 0 0 0 0 0 0 0 0 0 0 0 0 0 0 0 0 0 0 0 0 0 0 0 0 0 0 0 0 0 0 0 0 0 0 0 0 0 0 0 0 0 0 0 0 0 0 0 0 0 0 0 0 0 0 0 0 0 0 0 0 0 0 0 0 0 0 0 0 0 0 0 0 0 0 0 0 1.97097e-06 0.00366113 0.00515355 0.00514534 0.000408053 0 0 0 0 0 0 0 0 0 0 0 0 0 0 0 0 0 0 0 0 0 0 0 0 0 0 0 0 0 0 0 0 0 0 0 0 0 0 0 0 0
0 0 0 0 0 0 0 0 0 0 0 0 0 0 0 0 0 0 0 0 0 0 0 0 0 0 0 0 0 0 0 0 0 0 0 0 0 0 0 0 0 0 0 0 0 0 0 0 0 0 0 0 0 0 0 0 0 0 0 0 0 0 0 0 0 0 0 0 0 0 0 0 0 0 0 0 0 0 0 0 0 0 0 0 0 0 0 0 0 0 0 0 0 0 0 0 0 0 0 0 0 0 0 0 0 0 0 0 0 0 0 0 0 0 0 0 0.00381356 0.000467614 0 0 0 0 0 0 0 0 0 0 0 0 0 0 0 0 0 0 0 0 0 0 0 0 0 0 0 0 0 0 0 0 0 0 0 0 0 0 0 0 0 0
0 0 0 0 0 0 0 0 0 0 0 0 0 0 0 0 0 0 0 0 0 0 0 0 0 0 0 0 0 0 0 0 0 0 0 0 0 0 0 0 0 0 0 0 0 0 0 0 0 0 0 0 0 0 0 0 0 0 0 0 0 0 0 0 0 0 0 0 0 0 0 0 0 0 0 0 0 0 0 0 0 0 0 0 0 0 0 0 0 0 0 0 0 0 0 0 0 0 0 0 0 0 0 0 0 0 0 0 0 0 0 0 0 0 0 0 0 0 0 0 0 0 0 0 0 0 0 0 0 0 0 0 0 0 0 0 0 0 0 0 0 0 0 0 0 0 0 0 0 0 0 0 0 0 0 0 0 0 0 0
0 0 0 0 0 0 0 0 0 0 0 0 0 0 0 0 0 0 0 0 0 0 0 0 0 0 0 0 0 0 0 0 0 0 0 0 0 0 0 0 0 0 0 0 0 0 0 0 0 0 0 0 0 0 0 0 0 0 0 0 0 0 0 0 0 0 0 0 0 0 0 0 0 0 0 0 0 0 0 0 0 0 0 0 0 0 0 0 0 0 0 0 0 0 0 0 0 0 0 0 0 0 0 0 0 0 0 0 0 0 0 0 0 0 0 0 0 0 0 0 0 0 0 0 0 0 0 0 0 0 0 0 0 0 0 0 0 0 0 0 0 0 0 0 0 0 0 0 0 0 0 0 0 0 0 0 0 0 0 0
0 0 0 0 0 0 0 0 0 0 0 0 0 0 0 0 0 0 0 0 0 0 0 0 0 0 0 0 0 0 0 0 0 0 0 0 0 0 0 0 0 0 0 0 0 0 0 0 0 0 0 0 0 0 0 0 0 0 0 0 0 0 0 0 0 0 0 0 0 0 0 0 0 0 0 0 0 0 0 0 0 0 0 0 0 0 0 0 0 0 0 0 0 0 0 0 0 0 0 0 0 0 0 0 0 0 0 0 0 0 0 0 0 0 0 0 0 0 0 0 0 0 0 0 0 0 0 0 0 0 0 0 0 0 0 0 0 0 0 0 0 0 0 0 0 0 0 0 0 0 0 0 0 0 0 0 0 0 0 0
0 0 0 0 0 0 0 0 0 0 0 0 0 0 0 0 0 0 0 0 0 0 0 0 0 0 0 0 0 0 0 0 0 0 0 0 0 0 0 0 0 0 0 0 0 0 0 0 0 0 0 0 0 0 0 0 0 0 0 0 0 0 0 0 0 0 0 0 0 0 0 0 0 0 0 0 0 0 0 0 0 0 0 0 0 0 0 0 0 0 0 0 0 0 0 0 0 0 0 0 0 0 0 0 0 0 0 0 0 0 0 0 0 0 0 0 0 0 0 0 0 0 0 0 0 0 0 0 0 0 0 0 0 0 0 0 0 0 0 0 0 0 0 0 0 0 0 0 0 0 0 0 0 0 0 0 0 0 0 0
0 0 0 0 0 0 0 0 0 0 0 0 0 0 0 0 0 0 0 0 0 0 0 0 0 0 0 0 0 0 0 0 0 0 0 0 0 0 0 0 0 0 0 0 0 0 0 0 0 0 0 0 0 0 0 0 0 0 0 0 0 0 0 0 0 0 0 0 0 0 0 0 0 0 0 0 0 0 0 0 0 0 0 0 0 0 0 0 0 0 0 0 0 0 0 0 0 0 0 0 0 0 0 0 0 0 0 0 0 0 0 0 0 0 0 0 0 0 0 0 0 0 0 0 0 0 0 0 0 0 0 0 0 0 0 0 0 0 0 0 0 0 0 0 0 0 0 0 0 0 0 0 0 0 0 0 0 0 0 0
0 0 0 0 0 0 0 0 0 0 0 0 0 0 0 0 0 0 0 0 0 0 0 0 0 0 0 0 0 0 0 0 0 0 0 0 0 0 0 0 0 0 0 0 0 0 0 0 0 0 0 0 0 0 0 0 0 0 0 0 0 0 0 0 0 0 0 0 0 0 0 0 0 0 0 0 0 0 0 0 0 0 0 0 0 0 0 0 0 0 0 0 0 0 0 0 0 0 0 0 0 0 0 0 0 0 0 0 0 0 0 0 0 0 0 0 0 0 0 0 0 0 0 0 0 0 0 0 0 0 0 0 0 0 0 0 0 0 0 0 0 0 0 0 0 0 0 0 0 0 0 0 0 0 0 0 0 0 0 0
0 0 0 0 0 0 0 0 0 0 0 0 0 0 0 0 0 0 0 0 0 0 0 0 0 0 0 0 0 0 0 0 0 0 0 0 0 0 0 0 0 0 0 0 0 0 0 0 0 0 0 0 0 0 0 0 0 0 0 0 0 0 0 0 0 0 0 0 0 0 0 0 0 0 0 0 0 0 0 0 0 0 0 0 0 0 0 0 0 0 0 0 0 0 0 0 0 0 0 0 0 0 0 0 0 0 0 0 0 0 0 0 0 0 0 0 0 0 0 0 0 0 0 0 0 0 0 0 0 0 0 0 0 0 0 0 0 0 0 0 0 0 0 0 0 0 0 0 0 0 0 0 0 0 0 0 0 0 0 0
0 0 0 0 0 0 0 0 0 0 0 0 0 0 0 0 0 0 0 0 0 0 0 0 0 0 0 0 0 0 0 0 0 0 0 0 0 0 0 0 0 0 0 0 0 0 0 0 0 0 0 0 0 0 0 0 0 0 0 0 0 0 0 0 0 0 0 0 0 0 0 0 0 0 0 0 0 0 0 0 0 0 0 0 0 0 0 0 0 0 0 0 0 0 0 0 0 0 0 0 0 0 0 0 0 0 0 0 0 0 0 0 0 0 0 0 0 0 0 0 0 0 0 0 0 0 0 0 0 0 0 0 0 0 0 0 0 0 0 0 0 0 0 0 0 0 0 0 0 0 0 0 0 0 0 0 0 0 0 0
0 0 0 0 0 0 0 0 0 0 0 0 0 0 0 0 0 0 0 0 0 0 0 0 0 0 0 0 0 0 0 0 0 0 0 0 0 0 0 0 0 0 0 0 0 0 0 0 0 0 0 0 0 0 0 0 0 0 0 0 0 0 0 0 0 0 0 0 0 0 0 0 0 0 0 0 0 0 0 0 0 0 0 0 0 0 0 0 0 0 0 0 0 0 0 0 0 0 0 0 0 0 0 0 0 0 0 0 0 0 0 0 0 0 0 0 0 0 0 0 0 0 0 0 0 0 0 0 0 0 0 0 0 0 0 0 0 0 0 0 0 0 0 0 0 0 0 0 0 0 0 0 0 0 0 0 0 0 0 0
0 0 0 0 0 0 0 0 0 0 0 0 0 0 0 0 0 0 0 0 0 0 0 0 0 0 0 0 0 0 0 0 0 0 0 0 0 0 0 0 0 0 0 0 0 0 0 0 0 0 0 0 0 0 0 0 0 0 0 0 0 0 0 0 0 0 0 0 0 0 0 0 0 0 0 0 0 0 0 0 0 0 0 0 0 0 0 0 0 0 0 0 0 0 0 0 0 0 0 0 0 0 0 0 0 0 0 0 0 0 0 0 0 0 0 0 0 0 0 0 0 0 0 0 0 0 0 0 0 0 0 0 0 0 0 0 0 0 0 0 0 0 0 0 0 0 0 0 0 0 0 0 0 0 0 0 0 0 0 0
0 0 0 0 0 0 0 0 0 0 0 0 0 0 0 0 0 0 0 0 0 0 0 0 0 0 0 0 0 0 0 0 0 0 0 0 0 0 0 0 0 0 0 0 0 0 0 0 0 0 0 0 0 0 0 0 0 0 0 0 0 0 0 0 0 0 0 0 0 0 0 0 0 0 0 0 0 0 0 0 0 0 0 0 0 0 0 0 0 0 0 0 0 0 0 0 0 0 0 0 0 0 0 0 0 0 0 0 0 0 0 0 0 0 0 0 0 0 0 0 0 0 0 0 0 0 0 0 0 0 0 0 0 0 0 0 0 0 0 0 0 0 0 0 0 0 0 0 0 0 0 0 0 0 0 0 0 0 0 0
0 0 0 0 0 0 0 0 0 0 0 0 0 0 0 0 0 0 0 0 0 0 0 0 0 0 0 0 0 0 0 0 0 0 0 0 0 0 0 0 0 0 0 0 0 0 0 0 0 0 0 0 0 0 0 0 0 0 0 0 0 0 0 0 0 0 0 0 0 0 0 0 0 0 0 0 0 0 0 0 0 0 0 0 0 0 0 0 0 0 0 0 0 0 0 0 0 0 0 0 0 0 0 0 0 0 0 0 0 0 0 0 0 0 0 0 0 0 0 0 0 0 0 0 0 0 0 0 0 0 0 0 0 0 0 0 0 0 0 0 0 0 0 0 0 0 0 0 0 0 0 0 0 0 0 0 0 0 0 0
0 0 0 0 0 0 0 0 0 0 0 0 0 0 0 0 0 0 0 0 0 0 0 0 0 0 0 0 0 0 0 0 0 0 0 0 0 0 0 0 0 0 0 0 0 0 0 0 0 0 0 0 0 0 0 0 0 0 0 0 0 0 0 0 0 0 0 0 0 0 0 0 0 0 0 0 0 0 0 0 0 0 0 0 0 0 0 0 0 0 0 0 0 0 0 0 0 0 0 0 0 0 0 0 0 0 0 0 0 0 0 0 0 0 0 0 0 0 0 0 0 0 0 0 0 0 0 0 0 0 0 0 0 0 0 0 0 0 0 0 0 0 0 0 0 0 0 0 0 0 0 0 0 0 0 0 0 0 0 0
0 0 0 0 0 0 0 0 0 0 0 0 0 0 0 0 0 0 0 0 0 0 0 0 0 0 0 0 0 0 0 0 0 0 0 0 0 0 0 0 0 0 0 0 0 0 0 0 0 0 0 0 0 0 0 0 0 0 0 0 0 0 0 0 0 0 0 0 0 0 0 0 0 0 0 0 0 0 0 0 0 0 0 0 0 0 0 0 0 0 0 0 0 0 0 0 0 0 0 0 0 0 0 0 0 0 0 0 0 0 0 0 0 0 0 0 0 0 0 0 0 0 0 0 0 0 0 0 0 0 0 0 0 0 0 0 0 0 0 0 0 0 0 0 0 0 0 0 0 0 0 0 0 0 0 0 0 0 0 0
0 0 0 0 0 0 0 0 0 0 0 0 0 0 0 0 0 0 0 0 0 0 0 0 0 0 0 0 0 0 0 0 0 0 0 0 0 0 0 0 0 0 0 0 0 0 0 0 0 0 0 0 0 0 0 0 0 0 0 0 0 0 0 0 0 0 0 0 0 0 0 0 0 0 0 0 0 0 0 0 0 0 0 0 0 0 0 0 0 0 0 0 0 0 0 0 0 0 0 0 0 0 0 0 0 0 0 0 0 0 0 0 0 0 0 0 0 0 0 0 0 0 0 0 0 0 0 0 0 0 0 0 0 0 0 0 0 0 0 0 0 0 0 0 0 0 0 0 0 0 0 0 0 0 0 0 0 0 0 0
0 0 0 0 0 0 0 0 0 0 0 0 0 0 0 0 0 0 0 0 0 0 0 0 0 0 0 0 0 0 0 0 0 0 0 0 0 0 0 0 0 0 0 0 0 0 0 0 0 0 0 0 0 0 0 0 0 0 0 0 0 0 0 0 0 0 0 0 0 0 0 0 0 0 0 0 0 0 0 0 0 0 0 0 0 0 0 0 0 0 0 0 0 0 0 0 0 0 0 0 0 0 0 0 0 0 0 0 0 0 0 0 0 0 0 0 0 0 0 0 0 0 0 0 0 0 0 0 0 0 0 0 0 0 0 0 0 0 0 0 0 0 0 0 0 0 0 0 0 0 0 0 0 0 0 0 0 0 0 0
0 0 0 0 0 0 0 0 0 0 0 0 0 0 0 0 0 0 0 0 0 0 0 0 0 0 0 0 0 0 0 0 0 0 0 0 0 0 0 0 0 0 0 0 0 0 0 0 0 0 0 0 0 0 0 0 0 0 0 0 0 0 0 0 0 0 0 0 0 0 0 0 0 0 0 0 0 0 0 0 0 0 0 0 0 0 0 0 0 0 0 0 0 0 0 0 0 0 0 0 0 0 0 0 0 0 0 0 0 0 0 0 0 0 0 0 0 0 0 0 0 0 0 0 0 0 0 0 0 0 0 0 0 0 0 0 0 0 0 0 0 0 0 0 0 0 0 0 0 0 0 0 0 0 0 0 0 0 0 0
0 0 0 0 0 0 0 0 0 0 0 0 0 0 0 0 0 0 0 0 0 0 0 0 0 0 0 0 0 0 0 0 0 0 0 0 0 0 0 0 0 0 0 0 0 0 0 0 0 0 0 0 0 0 0 0 0 0 0 0 0 0 0 0 0 0 0 0 0 0 0 0 0 0 0 0 0 0 0 0 0 0 0 0 0 0 0 0 0 0 0 0 0 0 0 0 0 0 0 0 0 0 0 0 0 0 0 0 0 0 0 0 0 0 0 0 0 0 0 0 0 0 0 0 0 0 0 0 0 0 0 0 0 0 0 0 0 0 0 0 0 0 0 0 0 0 0 0 0 0 0 0 0 0 0 0 0 0 0 0
0 0 0 0 0 0 0 0 0 0 0 0 0 0 0 0 0 0 0 0 0 0 0 0 0 0 0 0 0 0 0 0 0 0 0 0 0 0 0 0 0 0 0 0 0 0 0 0 0 0 0 0 0 0 0 0 0 0 0 0 0 0 0 0 0 0 0 0 0 0 0 0 0 0 0 0 0 0 0 0 0 0 0 0 0 0 0 0 0 0 0 0 0 0 0 0 0 0 0 0 0 0 0 0 0 0 0 0 0 0 0 0 0 0 0 0 0 0 0 0 0 0 0 0 0 0 0 0 0 0 0 0 0 0 0 0 0 0 0 0 0 0 0 0 0 0 0 0 0 0 0 0 0 0 0 0 0 0 0 0
0 0 0 0 0 0 0 0 0 0 0 0 0 0 0 0 0 0 0 0 0 0 0 0 0 0 0 0 0 0 0 0 0 0 0 0 0 0 0 0 0 0 0 0 0 0 0 0 0 0 0 0 0 0 0 0 0 0 0 0 0 0 0 0 0 0 0 0 0 0 0 0 0 0 0 0 0 0 0 0 0 0 0 0 0 0 0 0 0 0 0 0 0 0 0 0 0 0 0 0 0 0 0 0 0 0 0 0 0 0 0 0 0 0 0 0 0 0 0 0 0 0 0 0 0 0 0 0 0 0 0 0 0 0 0 0 0 0 0 0 0 0 0 0 0 0 0 0 0 0 0 0 0 0 0 0 0 0 0 0
0 0 0 0 0 0 0 0 0 0 0 0 0 0 0 0 0 0 0 0 0 0 0 0 0 0 0 0 0 0 0 0 0 0 0 0 0 0 0 0 0 0 0 0 0 0 0 0 0 0 0 0 0 0 0 0 0 0 0 0 0 0 0 0 0 0 0 0 0 0 0 0 0 0 0 0 0 0 0 0 0 0 0 0 0 0 0 0 0 0 0 0 0 0 0 0 0 0 0 0 0 0 0 0 0 0 0 0 0 0 0 0 0 0 0 0 0 0 0 0 0 0 0 0 0 0 0 0 0 0 0 0 0 0 0 0 0 0 0 0 0 0 0 0 0 0 0 0 0 0 0 0 0 0 0 0 0 0 0 0
0 0 0 0 0 0 0 0 0 0 0 0 0 0 0 0 0 0 0 0 0 0 0 0 0 0 0 0 0 0 0 0 0 0 0 0 0 0 0 0 0 0 0 0 0 0 0 0 0 0 0 0 0 0 0 0 0 0 0 0 0 0 0 0 0 0 0 0 0 0 0 0 0 0 0 0 0 0 0 0 0 0 0 0 0 0 0 0 0 0 0 0 0 0 0 0 0 0 0 0 0 0 0 0 0 0 0 0 0 0 0 0 0 0 0 0 0 0 0 0 0 0 0 0 0 0 0 0 0 0 0 0 0 0 0 0 0 0 0 0 0 0 0 0 0 0 0 0 0 0 0 0 0 0 0 0 0 0 0 0
0 0 0 0 0 0 0 0 0 0 0 0 0 0 0 0 0 0 0 0 0 0 0 0 0 0 0 0 0 0 0 0 0 0 0 0 0 0 0 0 0 0 0 0 0 0 0 0 0 0 0 0 0 0 0 0 0 0 0 0 0 0 0 0 0 0 0 0 0 0 0 0 0 0 0 0 0 0 0 0 0 0 0 0 0 0 0 0 0 0 0 0 0 0 0 0 0 0 0 0 0 0 0 0 0 0 0 0 0 0 0 0 0 0 0 0 0 0 0 0 0 0 0 0 0 0 0 0 0 0 0 0 0 0 0 0 0 0 0 0 0 0 0 0 0 0 0 0 0 0 0 0 0 0 0 0 0 0 0 0
0 0 0 0 0 0 0 0 0 0 0 0 0 0 0 0 0 0 0 0 0 0 0 0 0 0 0 0 0 0 0 0 0 0 0 0 0 0 0 0 0 0 0 0 0 0 0 0 0 0 0 0 0 0 0 0 0 0 0 0 0 0 0 0 0 0 0 0 0 0 0 0 0 0 0 0 0 0 0 0 0 0 0 0 0 0 0 0 0 0 0 0 0 0 0 0 0 0 0 0 0 0 0 0 0 0 0 0 0 0 0 0 0 0 0 0 0 0 0 0 0 0 0 0 0 0 0 0 0 0 0 0 0 0 0 0 0 0 0 0 0 0 0 0 0 0 0 0 0 0 0 0 0 0 0 0 0 0 0 0
0 0 0 0 0 0 0 0 0 0 0 0 0 0 0 0 0 0 0 0 0 0 0 0 0 0 0 0 0 0 0 0 0 0 0 0 0 0 0 0 0 0 0 0 0 0 0 0 0 0 0 0 0 0 0 0 0 0 0 0 0 0 0 0 0 0 0 0 0 0 0 0 0 0 0 0 0 0 0 0 0 0 0 0 0 0 0 0 0 0 0 0 0 0 0 0 0 0 0 0 0 0 0 0 0 0 0 0 0 0 0 0 0 0 0 0 0 0 0 0 0 0 0 0 0 0 0 0 0 0 0 0 0 0 0 0 0 0 0 0 0 0 0 0 0 0 0 0 0 0 0 0 0 0 0 0 0 0 0 0
0 0 0 0 0 0 0 0 0 0 0 0 0 0 0 0 0 0 0 0 0 0 0 0 0 0 0 0 0 0 0 0 0 0 0 0 0 0 0 0 0 0 0 0 0 0 0 0 0 0 0 0 0 0 0 0 0 0 0 0 0 0 0 0 0 0 0 0 0 0 0 0 0 0 0 0 0 0 0 0 0 0 0 0 0 0 0 0 0 0 0 0 0 0 0 0 0 0 0 0 0 0 0 0 0 0 0 0 0 0 0 0 0 0 0 0 0 0 0 0 0 0 0 0 0 0 0 0 0 0 0 0 0 0 0 0 0 0 0 0 0 0 0 0 0 0 0 0 0 0 0 0 0 0 0 0 0 0 0 0
0 0 0 0 0 0 0 0 0 0 0 0 0 0 0 0 0 0 0 0 0 0 0 0 0 0 0 0 0 0 0 0 0 0 0 0 0 0 0 0 0 0 0 0 0 0 0 0 0 0 0 0 0 0 0 0 0 0 0 0 0 0 0 0 0 0 0 0 0 0 0 0 0 0 0 0 0 0 0 0 0 0 0 0 0 0 0 0 0 0 0 0 0 0 0 0 0 0 0 0 0 0 0 0 0 0 0 0 0 0 0 0 0 0 0 0 0 0 0 0 0 0 0 0 0 0 0 0 0 0 0 0 0 0 0 0 0 0 0 0 0 0 0 0 0 0 0 0 0 0 0 0 0 0 0 0 0 0 0 0
0 0 0 0 0 0 0 0 0 0 0 0 0 0 0 0 0 0 0 0 0 0 0 0 0 0 0 0 0 0 0 0 0 0 0 0 0 0 0 0 0 0 0 0 0 0 0 0 0 0 0 0 0 0 0 0 0 0 0 0 0 0 0 0 0 0 0 0 0 0 0 0 0 0 0 0 0 0 0 0 0 0 0 0 0 0 0 0 0 0 0 0 0 0 0 0 0 0 0 0 0 0 0 0 0 0 0 0 0 0 0 0 0 0 0 0 0 0 0 0 0 0 0 0 0 0 0 0 0 0 0 0 0 0 0 0 0 0 0 0 0 0 0 0 0 0 0 0 0 0 0 0 0 0 0 0 0 0 0 0
0 0 0 0 0 0 0 0 0 0 0 0 0 0 0 0 0 0 0 0 0 0 0 0 0 0 0 0 0 0 0 0 0 0 0 0 0 0 0 0 0 0 0 0 0 0 0 0 0 0 0 0 0 0 0 0 0 0 0 0 0 0 0 0 0 0 0 0 0 0 0 0 0 0 0 0 0 0 0 0 0 0 0 0 0 0 0 0 0 0 0 0 0 0 0 0 0 0 0 0 0 0 0 0 0 0 0 0 0 0 0 0 0 0 0 0 0 0 0 0 0 0 0 0 0 0 0 0 0 0 0 0 0 0 0 0 0 0 0 0 0 0 0 0 0 0 0 0 0 0 0 0 0 0 0 0 0 0 0 0
0 0 0 0 0 0 0 0 0 0 0 0 0 0 0 0 0 0 0 0 0 0 0 0 0 0 0 0 0 0 0 0 0 0 0 0 0 0 0 0 0 0 0 0 0 0 0 0 0 0 0 0 0 0 0 0 0 0 0 0 0 0 0 0 0 0 0 0 0 0 0 0 0 0 0 0 0 0 0 0 0 0 0 0 0 0 0 0 0 0 0 0 0 0 0 0 0 0 0 0 0 0 0 0 0 0 0 0 0 0 0 0 0 0 0 0 0 0 0 0 0 0 0 0 0 0 0 0 0 0 0 0 0 0 0 0 0 0 0 0 0 0 0 0 0 0 0 0 0 0 0 0 0 0 0 0 0 0 0 0
0 0 0 0 0 0 0 0 0 0 0 0 0 0 0 0 0 0 0 0 0 0 0 0 0 0 0 0 0 0 0 0 0 0 0 0 0 0 0 0 0 0 0 0 0 0 0 0 0 0 0 0 0 0 0 0 0 0 0 0 0 0 0 0 0 0 0 0 0 0 0 0 0 0 0 0 0 0 0 0 0 0 0 0 0 0 0 0 0 0 0 0 0 0 0 0 0 0 0 0 0 0 0 0 0 0 0 0 0 0 0 0 0 0 0 0 0 0 0 0 0 0 0 0 0 0 0 0 0 0 0 0 0 0 0 0 0 0 0 0 0 0 0 0 0 0 0 0 0 0 0 0 0 0 0 0 0 0 0 0
0 0 0 0 0 0 0 0 0 0 0 0 0 0 0 0 0 0 0 0 0 0 0 0 0 0 0 0 0 0 0 0 0 0 0 0 0 0 0 0 0 0 0 0 0 0 0 0 0 0 0 0 0 0 0 0 0 0 0 0 0 0 0 0 0 0 0 0 0 0 0 0 0 0 0 0 0 0 0 0 0 0 0 0 0 0 0 0 0 0 0 0 0 0 0 0 0 0 0 0 0 0 0 0 0 0 0 0 0 0 0 0 0 0 0 0 0 0 0 0 0 0 0 0 0 0 0 0 0 0 0 0 0 0 0 0 0 0 0 0 0 0 0 0 0 0 0 0 0 0 0 0 0 0 0 0 0 0 0 0
0 0 0 0 0 0 0 0 0 0 0 0 0 0 0 0 0 0 0 0 0 0 0 0 0 0 0 0 0 0 0 0 0 0 0 0 0 0 0 0 0 0 0 0 0 0 0 0 0 0 0 0 0 0 0 0 0 0 0 0 0 0 0 0 0 0 0 0 0 0 0 0 0 0 0 0 0 0 0 0 0 0 0 0 0 0 0 0 0 0 0 0 0 0 0 0 0 0 0 0 0 0 0 0 0 0 0 0 0 0 0 0 0 0 0 0 0 0 0 0 0 0 0 0 0 0 0 0 0 0 0 0 0 0 0 0 0 0 0 0 0 0 0 0 0 0 0 0 0 0 0 0 0 0 0 0 0 0 0 0
0 0 0 0 0 0 0 0 0 0 0 0 0 0 0 0 0 0 0 0 0 0 0 0 0 0 0 0 0 0 0 0 0 0 0 0 0 0 0 0 0 0 0 0 0 0 0 0 0 0 0 0 0 0 0 0 0 0 0 0 0 0 0 0 0 0 0 0 0 0 0 0 0 0 0 0 0 0 0 0 0 0 0 0 0 0 0 0 0 0 0 0 0 0 0 0 0 0 0 0 0 0 0 0 0 0 0 0 0 0 0 0 0 0 0 0 0 0 0 0 0 0 0 0 0 0 0 0 0 0 0 0 0 0 0 0 0 0 0 0 0 0 0 0 0 0 0 0 0 0 0 0 0 0 0 0 0 0 0 0
0 0 0 0 0 0 0 0 0 0 0 0 0 0 0 0 0 0 0 0 0 0 0 0 0 0 0 0 0 0 0 0 0 0 0 0 0 0 0 0 0 0 0 0 0 0 0 0 0 0 0 0 0 0 0 0 0 0 0 0 0 0 0 0 0 0 0 0 0 0 0 0 0 0 0 0 0 0 0 0 0 0 0 0 0 0 0 0 0 0 0 0 0 0 0 0 0 0 0 0 0 0 0 0 0 0 0 0 0 0 0 0 0 0 0 0 0 0 0 0 0 0 0 0 0 0 0 0 0 0 0 0 0 0 0 0 0 0 0 0 0 0 0 0 0 0 0 0 0 0 0 0 0 0 0 0 0 0 0 0
