0.000000
2.045171
1.319163
0.200079
4.674742
6.180796
2.988330
5.889832
0.000000
0.671999
2.320930
0.768123
2.532408
3.331702
3.279032
5.673546
2.150479
0.320428
1.324327
2.008520
6.448506
2.726584
5.499314
3.998831
0.297200
2.018554
0.000000
2.673921
4.250179
4.818080
1.938595
5.464920
2.543152
1.710940
1.093816
3.665077
6.526463
5.267276
5.415169
5.405334
0.669511
0.212437
2.138820
0.247470
6.818272
3.198116
6.950382
3.206366
1.074951
2.364494
2.078210
0.971693
5.192286
5.693752
5.298929
3.137364
0.019363
1.634111
1.564600
0.073694
3.433695
5.085365
4.202370
4.480736
9.022375
15.463161
11.055486
11.844755
26.196714
16.881659
21.110214
28.494128
9.293047
8.132328
12.701928
10.153304
16.293247
26.456936
27.334011
25.780684
8.701603
14.600037
8.667397
11.571276
23.855152
36.203086
45.238300
21.204703
7.643585
17.390128
7.242850
8.835570
22.039459
28.547425
20.551775
30.272862
13.433437
10.720205
8.737066
11.067473
27.007387
19.753795
18.786359
28.948670
10.903214
8.155167
10.710512
8.460851
23.021661
25.232602
19.394445
32.734550
12.605441
10.306115
7.925474
12.399242
34.801748
23.745597
28.979703
14.410681
7.313543
14.281889
9.981913
10.925385
40.858533
15.696012
18.256891
24.671820
0.000000
0.000000
0.527483
0.000000
3.277709
1.732512
3.005360
3.725400
0.000000
0.192698
0.000000
0.121738
1.175243
3.414322
2.207556
3.988763
1.505232
0.000000
0.032175
1.778932
3.403519
5.364385
1.663856
2.267586
0.014932
0.224610
0.000000
0.000000
2.783874
3.055803
3.472014
1.637197
0.395591
0.000000
0.027309
1.111362
4.945912
2.587325
4.188880
1.528895
0.495929
0.000000
1.370115
0.000000
2.183192
3.766445
1.924181
2.478236
0.321458
0.000000
0.511943
0.032207
5.455590
2.867177
1.019412
3.862967
0.000000
0.059389
0.129211
0.000000
1.916769
3.828981
1.333885
3.877082
6.893952
9.165654
10.633628
5.898555
15.530711
24.617014
21.512327
19.443791
3.803101
7.232246
7.543118
8.079396
23.910658
11.574580
27.308361
10.430066
7.715117
8.062179
6.888480
7.842854
15.687412
28.298839
18.873348
16.363981
8.308900
4.242067
11.482375
4.884005
22.022722
17.765767
12.153905
27.712247
7.755551
15.339775
11.993992
7.988174
19.636497
22.260137
19.094327
31.185727
6.738372
10.301569
6.408460
8.395759
17.544836
29.154544
12.899037
21.919441
10.823761
7.199660
8.634413
8.191328
15.875508
28.185947
23.242286
23.437669
9.620055
6.216895
7.765510
5.528807
14.391525
21.222314
19.183420
25.022292
3.468455
0.061954
0.000000
2.712806
6.218552
3.096846
6.222171
2.231176
0.011368
0.981898
0.101851
2.218867
3.404261
2.305359
5.233716
4.852659
0.000000
4.628809
0.000000
4.663996
5.838994
2.980048
1.595709
7.500343
3.137955
0.000000
0.005045
2.266592
4.882360
3.104126
3.793227
4.111120
0.056985
0.704362
2.133407
3.525661
2.958129
5.941913
4.715609
3.286423
0.000000
3.680330
0.247235
0.497846
6.004438
3.713182
2.172434
4.251467
2.215877
0.347618
0.051391
0.691387
2.489309
8.368981
5.255834
3.963406
0.234058
3.596524
0.704921
0.000000
6.788013
0.439743
5.691737
4.634986
8.668232
13.866719
12.325412
7.405635
23.035362
51.476825
23.435175
31.135311
10.365188
9.710086
14.167162
7.460020
22.130784
24.389592
26.702295
20.710875
6.294937
15.868056
14.835764
5.923191
29.509444
19.803959
19.114884
39.976467
7.364195
8.792351
13.812837
5.821907
13.519014
38.706956
41.645923
12.357806
10.483653
10.136656
8.900667
8.697688
20.247900
27.719137
21.537334
45.657253
10.967838
9.537248
12.934034
5.455882
28.520567
26.579859
19.340152
37.289920
10.649310
18.403877
9.921412
5.930765
18.474633
25.732337
38.436516
20.582000
6.986609
14.521356
10.560980
9.336200
12.199578
30.214158
24.115119
47.783237
0.000000
0.207419
0.000000
1.061888
5.233352
0.784937
3.382266
3.498471
0.000000
1.585008
0.000000
0.000000
1.975997
4.181111
1.923141
0.753614
0.000000
0.811197
0.000000
0.635404
3.520593
4.324618
0.969478
2.924843
0.000000
0.000000
0.087910
2.454629
3.587603
1.335704
2.615912
1.119060
0.227393
0.223643
0.000000
2.367428
2.426662
3.062702
3.261064
3.929928
0.152895
0.000000
0.000000
0.000000
2.645949
3.085031
3.556864
3.603557
1.801239
0.000000
0.226546
0.000000
6.443077
0.434556
4.056750
0.621901
0.000000
0.216853
0.000000
0.000000
1.373780
3.727383
1.837332
3.019828
7.536447
11.297030
5.856159
12.094012
14.352612
24.161362
21.528920
38.921216
10.297206
6.492535
5.919017
6.093324
25.320809
11.241822
24.343306
9.817234
5.630922
17.359212
9.610940
3.352619
44.804981
13.631762
16.229827
23.061505
5.911187
5.828404
4.044135
11.840362
15.395208
13.914859
17.741841
26.116934
7.268451
11.834355
8.624797
8.781551
16.181277
19.851536
14.683273
42.146750
12.602730
5.511904
5.711284
8.111507
19.006423
15.676144
17.055680
34.127261
7.590281
9.917964
7.257022
8.835722
20.378339
20.102386
17.528783
30.925666
9.666417
6.722330
3.421075
11.794075
17.844395
20.852470
20.429014
16.135739
1.718869
1.709125
0.116907
2.622402
3.069615
6.296920
7.015157
3.790222
0.305518
3.432716
0.051150
0.316316
4.570321
3.701017
3.529753
5.305449
0.088420
2.024495
2.357374
2.283202
4.360939
4.654052
6.336510
3.479384
0.000000
2.369854
0.265161
2.132817
4.226014
3.447734
2.250020
5.403390
1.375776
2.587969
2.441766
0.455689
4.251955
5.442847
6.443484
4.315501
1.145373
0.551103
0.977764
0.455031
4.924884
4.194816
1.920732
7.308742
4.018327
0.565049
3.153125
0.203881
6.813471
3.589508
5.018536
3.719797
0.041649
1.540635
0.000000
3.367960
2.010518
4.514395
3.159316
4.802486
11.530609
9.977831
11.040047
9.818120
49.357741
20.921972
24.802253
20.412905
11.896659
7.156977
11.882170
8.120678
21.740862
27.288266
31.523691
17.112430
11.952437
8.202509
7.693362
10.974957
17.359236
27.499794
24.918850
35.974197
12.518787
7.374051
10.614301
7.137788
15.044487
48.173852
22.119705
28.587803
8.354330
14.537542
8.494792
14.497887
19.004834
35.384745
25.125367
25.271580
7.641360
9.296331
7.312915
12.287887
47.969500
21.479211
25.207162
36.785775
11.286338
9.354347
10.595988
14.843075
27.957775
18.742170
17.323430
49.729606
12.122734
9.871042
8.545645
8.075539
22.001764
53.314787
21.477237
25.323242
0.000000
0.585792
0.000000
1.128345
2.357218
3.452026
1.934121
3.995852
0.000000
0.000000
0.000000
0.811155
4.077215
2.834460
0.971524
2.389131
0.069822
0.641652
0.000000
0.000000
6.412014
2.414418
4.083365
1.230049
0.000000
1.040408
0.000000
0.000000
3.461129
2.845617
1.836812
3.533348
0.874376
0.077812
0.142620
1.773341
3.730772
3.049636
2.787114
3.909551
0.000000
0.051926
0.799328
0.000000
4.333390
2.644897
2.060976
2.777996
0.477373
0.914330
0.000000
1.070659
4.169099
0.859237
4.334457
2.739428
0.000000
0.979221
0.000000
0.000000
4.197888
0.549241
2.860954
2.664031
8.222647
3.919137
11.039806
5.554314
22.564083
22.036770
22.709950
20.931409
5.185154
10.634651
3.723648
8.192825
40.090286
20.648977
14.713377
30.219689
6.142524
14.811780
7.345560
7.524769
27.550567
27.781158
14.045505
24.826455
5.528639
8.813776
5.302585
9.349202
20.410242
15.099167
19.295887
28.884950
9.031719
8.595346
5.876009
8.512257
15.579512
39.625697
22.501702
16.503275
4.926440
7.641298
10.708896
5.405086
12.512319
23.474541
12.343962
36.291759
13.547648
7.130067
6.192523
11.033765
22.051348
23.125867
24.809912
27.779519
9.992320
4.457489
5.392644
6.021855
19.842237
19.275980
30.427512
17.808208
0.270472
3.912776
0.870529
0.661422
7.791001
4.694721
5.129017
1.834413
0.284287
0.043030
0.457067
3.466789
2.871584
3.369787
5.333789
2.651516
0.094730
5.214990
0.000000
2.851839
1.421943
6.405830
2.191139
6.330495
0.027057
0.361538
2.792837
0.000000
4.342552
0.214517
4.044606
3.600070
0.070517
0.520498
3.866110
1.664909
7.851894
0.865569
6.302370
5.029360
1.253976
2.796465
0.004130
1.037675
3.945949
7.955024
1.922040
4.083735
1.473901
2.091873
4.016360
0.000000
2.829795
5.283808
2.522576
10.209799
3.829822
0.161116
1.379475
0.045784
4.447177
4.112629
4.459796
3.411768
6.891584
11.451206
7.859550
14.951522
43.141086
14.905680
18.477095
34.804198
8.009105
12.659583
7.231964
8.697014
28.797675
24.176412
39.948027
17.923664
6.128777
13.867200
8.881811
11.781357
48.677698
12.780486
25.866550
20.146544
14.952834
4.550035
10.878517
9.274124
19.317434
40.814120
43.353586
12.217539
11.359766
7.297774
10.709662
12.900739
23.199687
21.682372
17.083967
39.808166
13.175975
10.107258
5.291994
10.039407
17.467752
45.176055
25.244262
12.673548
7.390311
12.623930
6.208227
19.635389
20.787000
41.325995
32.399102
23.147184
5.388492
16.966116
11.474591
8.314359
57.550686
13.065302
27.109908
34.261422
0.000000
1.546499
2.442437
0.000000
2.836454
0.925857
1.137824
4.550062
1.290634
0.000000
0.000000
0.126448
1.381154
4.058619
3.698234
0.533446
0.040896
0.000000
2.025268
0.000000
4.335074
1.021930
3.478346
0.751298
0.000000
1.694135
0.000000
0.363659
0.981856
4.610866
1.181215
2.842196
0.000000
3.051367
0.000000
0.000000
0.731366
4.846645
2.211123
5.794101
0.056808
0.000000
0.000000
0.000000
1.151939
3.320224
3.318259
2.344442
0.618962
0.956165
0.095292
0.000000
3.012011
0.364631
4.269590
3.821027
0.054180
2.104608
0.030134
0.000000
0.761701
1.084405
2.977142
3.481422
7.158645
7.969942
9.035880
8.998772
13.380242
30.381102
19.623480
36.651542
11.266088
6.163219
8.874317
3.883091
21.259989
18.564745
13.372572
15.078773
9.407145
5.739151
6.383247
6.192301
17.879183
22.903620
52.566152
12.296944
4.268193
12.762887
7.150065
3.681198
11.984412
16.680577
28.648316
14.086800
7.366509
8.503067
6.737757
10.096953
24.126533
40.107984
12.036647
29.819130
9.385156
4.944067
7.649111
7.028755
17.674380
16.656986
18.756400
30.522348
6.426347
11.437606
9.055965
7.104382
20.058456
19.916373
28.220603
23.732487
3.977533
13.655412
6.710949
6.611481
18.242986
29.291120
21.761150
20.492823
0.000000
0.000000
0.000000
0.195156
0.000000
0.000000
0.000000
0.000000
0.020262
0.000000
0.000000
0.000000
0.000000
0.000000
0.000000
0.000000
0.000000
0.347708
0.000000
0.000000
0.000000
0.000000
0.000000
0.000000
0.000000
0.000000
0.630426
0.000000
0.000000
0.000000
0.000000
0.000000
0.000000
0.000000
0.025188
0.000000
0.000000
0.000000
0.000000
0.000000
0.000000
0.000000
0.000000
0.000000
0.000000
0.000000
0.000000
0.000000
0.000000
0.000000
0.000000
0.000000
0.000000
0.000000
0.000000
0.000000
0.000000
0.000000
0.000000
0.000000
0.000000
0.000000
0.000000
0.000000
0.000000
0.000000
0.000000
0.000000
0.000000
0.000000
0.000000
0.000000
0.000000
0.000000
0.000000
0.000000
0.000000
0.000000
0.000000
0.000000
0.000000
0.000000
0.000000
0.000000
0.000000
0.000000
0.000000
0.000000
0.000000
0.000000
0.000000
0.000000
0.000000
0.000000
0.000000
0.000000
0.000000
0.000000
0.000000
0.000000
0.000000
0.000000
0.000000
0.000000
0.000000
0.000000
0.000000
0.000000
0.000000
0.000000
0.000000
0.000000
0.000000
0.000000
0.000000
0.000000
0.000000
0.000000
0.000000
0.000000
0.000000
0.000000
0.000000
0.000000
0.000000
0.000000
0.000000
0.000000
0.000000
0.000000
0.000000
0.000000
0.000000
0.000000
0.000000
0.000000
0.000000
0.000000
0.000000
0.000000
0.000000
0.000000
0.000000
0.000000
0.000000
0.000000
0.000000
0.000000
0.000000
0.000000
0.000000
0.000000
0.000000
0.000000
0.000000
0.000000
0.000000
0.000000
0.000000
0.000000
0.000000
0.000000
0.000000
0.000000
0.000000
0.000000
0.000000
0.000000
0.000000
0.000000
0.000000
0.000000
0.000000
0.000000
0.000000
0.000000
0.000000
0.024203
0.000000
0.000000
0.000000
0.000000
0.000000
0.000000
0.000000
0.000000
0.000000
0.000000
0.000000
0.000000
0.000000
0.000000
0.000000
0.000000
0.000000
0.000000
0.000000
0.000000
0.000000
0.000000
0.000000
0.000000
0.000000
0.000000
0.000000
0.000000
0.000000
0.000000
0.000000
0.000000
0.000000
0.000000
0.000000
0.000000
0.000000
0.000000
0.000000
0.000000
0.000000
0.000000
0.000000
0.000000
0.000000
0.000000
0.000000
0.000000
0.000000
0.000000
0.000000
0.000000
0.000000
0.000000
0.000000
0.000000
0.000000
0.000000
0.000000
0.000000
0.000000
0.000000
0.000000
0.000000
0.000000
0.000000
0.000000
0.000000
0.000000
0.000000
0.000000
0.000000
0.000000
0.000000
0.000000
0.000000
0.000000
0.000000
0.000000
0.572157
1.515073
0.000000
0.000000
0.000000
0.000000
0.000000
0.000000
0.000000
0.000000
0.000000
0.000000
0.000000
0.000000
0.000000
1.402234
0.000000
1.660648
0.000000
0.000000
0.000000
0.000000
0.000000
0.000000
1.201730
0.000000
0.000000
0.000000
0.000000
0.000000
0.000000
1.034295
0.000000
0.000000
0.000000
0.000000
0.000000
0.000000
0.000000
0.121225
0.000000
0.000000
0.000000
0.000000
0.000000
0.000000
0.000000
0.000000
0.000000
0.665014
0.000000
0.000000
0.000000
0.000000
0.000000
0.000000
0.000000
0.000000
0.000000
0.000000
0.000000
0.000000
0.000000
0.000000
0.000000
0.000000
0.000000
0.000000
0.000000
0.000000
0.000000
0.000000
0.000000
0.000000
0.000000
0.000000
0.000000
0.000000
0.000000
0.000000
0.000000
0.000000
0.000000
0.000000
0.000000
0.000000
0.000000
0.000000
0.000000
0.000000
0.000000
0.000000
0.000000
0.000000
0.000000
0.000000
0.000000
0.000000
0.000000
0.000000
0.000000
0.000000
0.000000
0.000000
0.000000
0.000000
0.000000
0.000000
0.000000
0.000000
0.000000
0.000000
0.000000
0.000000
0.000000
0.000000
0.000000
0.000000
0.000000
0.000000
0.000000
0.000000
0.000000
0.000000
0.000000
0.000000
0.000000
0.000000
0.000000
0.000000
0.000000
0.000000
0.000000
0.000000
0.000000
0.000000
0.000000
0.000000
0.000000
0.000000
0.000000
0.000000
0.000000
0.000000
0.000000
0.000000
0.000000
0.000000
0.000000
0.000000
0.000000
0.000000
0.000000
0.000000
0.000000
0.000000
0.000000
0.000000
0.000000
0.000000
0.000000
0.062079
0.000000
0.000000
0.000000
0.000000
0.000000
0.000000
0.000000
0.000000
0.000000
0.000000
0.000000
0.000000
0.000000
0.000000
0.000000
0.000000
0.000000
0.000000
0.000000
0.000000
0.000000
0.000000
0.000000
0.000000
0.000000
0.000000
0.000000
0.000000
0.000000
0.000000
0.000000
0.000000
0.000000
0.000000
0.000000
0.000000
0.000000
0.000000
0.000000
0.000000
0.000000
0.000000
0.000000
0.000000
0.000000
0.000000
0.000000
0.000000
0.000000
0.000000
0.000000
0.000000
0.000000
0.000000
0.000000
0.000000
0.000000
0.000000
0.000000
0.000000
0.000000
0.000000
0.000000
0.000000
0.000000
0.000000
0.000000
0.000000
0.000000
0.000000
0.000000
0.000000
0.000000
0.000000
0.000000
0.000000
0.000000
0.000000
0.000000
0.000000
0.000000
0.000000
0.000000
0.000000
0.000000
0.000000
0.000000
0.000000
0.000000
0.000000
0.000000
0.000000
0.000000
0.000000
0.000000
0.423595
0.000000
0.000000
0.000000
0.000000
0.000000
0.000000
0.000000
0.022017
0.000000
0.000000
0.000000
0.000000
0.000000
0.704299
0.000000
0.000000
0.000000
0.000000
0.000000
0.000000
0.000000
0.000000
0.000000
0.036749
0.000000
0.000000
0.000000
0.000000
0.000000
0.000000
0.000000
0.000000
0.067953
0.000000
0.000000
0.000000
0.000000
0.000000
0.000000
0.000000
0.000000
0.000000
0.000000
0.000000
0.000000
0.000000
0.000000
0.000000
0.201888
0.000000
0.000000
0.000000
0.000000
0.000000
0.000000
1.013429
0.000000
0.000000
0.000000
0.000000
0.000000
0.000000
0.000000
0.000000
0.000000
0.000000
0.000000
0.000000
0.000000
0.000000
0.000000
0.000000
0.000000
0.000000
0.000000
0.000000
0.000000
0.000000
0.000000
0.000000
0.000000
0.000000
0.000000
0.000000
0.000000
0.000000
0.000000
0.000000
0.000000
0.000000
0.000000
0.000000
0.000000
0.000000
0.000000
0.000000
0.000000
0.000000
0.000000
0.000000
0.000000
0.000000
0.000000
0.000000
0.000000
0.000000
0.000000
0.000000
0.000000
0.000000
0.000000
0.000000
0.000000
0.000000
0.000000
0.000000
0.000000
0.000000
0.000000
0.000000
0.000000
0.000000
0.000000
0.000000
0.000000
0.000000
0.000000
0.000000
0.000000
0.000000
0.000000
0.000000
0.000000
0.000000
0.000000
0.000000
0.000000
0.000000
0.000000
0.000000
0.000000
0.000000
0.000000
0.000000
0.000000
0.000000
0.000000
0.000000
0.000000
0.000000
0.000000
0.000000
0.000000
0.000000
0.000000
0.000000
0.000000
0.000000
0.000000
0.000000
0.000000
0.000000
0.000000
0.000000
0.000000
0.000000
0.000000
0.000000
0.000000
0.000000
0.000000
0.000000
0.000000
0.000000
0.000000
0.000000
0.000000
0.000000
0.000000
0.000000
0.000000
0.000000
0.000000
0.000000
0.000000
0.000000
0.000000
0.000000
0.000000
0.000000
0.000000
0.000000
0.000000
0.000000
0.000000
0.000000
0.000000
0.000000
0.000000
0.000000
0.000000
0.000000
0.000000
0.000000
0.000000
0.000000
0.000000
0.000000
0.000000
0.000000
0.000000
0.000000
0.000000
0.000000
0.000000
0.000000
0.000000
0.000000
0.000000
0.000000
0.000000
0.000000
0.000000
0.000000
0.000000
0.000000
0.000000
0.000000
0.000000
0.000000
0.000000
0.000000
0.000000
0.000000
0.000000
0.000000
0.000000
0.000000
0.000000
0.000000
0.000000
0.000000
0.000000
0.000000
0.000000
0.000000
0.000000
0.000000
0.000000
0.000000
0.000000
0.000000
0.000000
0.169293
0.000000
0.024533
0.008209
0.000000
0.000000
0.000000
0.000000
0.000000
0.259421
0.000000
0.000000
0.000000
0.000000
0.000000
0.000000
0.079735
0.000000
1.928647
0.000000
0.000000
0.000000
0.000000
0.000000
0.000000
0.000000
0.000000
0.017774
0.000000
0.000000
0.000000
0.000000
1.007946
0.186809
0.000000
0.000000
0.000000
0.000000
0.000000
0.000000
0.000000
0.000000
0.043437
0.000000
0.000000
0.000000
0.000000
0.000000
0.000000
0.000000
0.000000
1.698969
0.000000
0.000000
0.000000
0.000000
0.000000
0.000000
0.000000
0.000000
0.000000
0.000000
0.000000
0.000000
0.000000
0.000000
0.000000
0.000000
0.000000
0.000000
0.000000
0.000000
0.000000
0.000000
0.000000
0.000000
0.000000
0.000000
0.000000
0.000000
0.000000
0.000000
0.000000
0.000000
0.000000
0.000000
0.000000
0.000000
0.000000
0.000000
0.000000
0.000000
0.000000
0.000000
0.000000
0.000000
0.000000
0.000000
0.000000
0.000000
0.000000
0.000000
0.000000
0.000000
0.000000
0.000000
0.000000
0.000000
0.000000
0.000000
0.000000
0.000000
0.000000
0.000000
0.000000
0.000000
0.000000
0.000000
0.000000
0.000000
0.000000
0.000000
0.000000
0.000000
0.000000
0.000000
0.000000
0.000000
0.000000
0.000000
0.000000
0.000000
0.000000
0.000000
0.000000
0.000000
0.000000
0.000000
0.000000
0.000000
0.000000
0.000000
0.000000
0.000000
0.000000
0.000000
0.000000
0.000000
0.000000
0.000000
0.000000
0.000000
0.000000
0.000000
0.000000
0.000000
0.000000
0.000000
0.000000
0.000000
0.000000
0.000000
0.000000
0.000000
0.000000
0.000000
0.000000
0.000000
0.000000
0.000000
0.000000
0.000000
0.000000
0.000000
0.000000
0.000000
0.000000
0.000000
0.000000
0.000000
0.000000
0.000000
0.000000
0.000000
0.000000
0.000000
0.000000
0.000000
0.000000
0.000000
0.000000
0.000000
0.000000
0.000000
0.000000
0.000000
0.000000
0.000000
0.000000
0.000000
0.000000
0.000000
0.000000
0.000000
0.000000
0.000000
0.000000
0.000000
0.000000
0.000000
0.000000
0.000000
0.000000
0.000000
0.000000
0.000000
0.000000
0.000000
0.000000
0.000000
0.000000
0.000000
0.000000
0.000000
0.000000
0.000000
0.000000
0.000000
0.000000
0.000000
0.000000
0.000000
0.000000
0.000000
0.000000
0.000000
0.000000
0.000000
0.000000
0.000000
0.000000
0.000000
0.000000
0.000000
0.000000
0.000000
0.000000
0.000000
0.000000
0.000000
0.000000
0.000000
0.000000
0.000000
0.000000
0.000000
