0.000000
2.292530
1.911418
0.583617
5.840222
7.672636
3.337000
7.273528
0.000000
1.174176
2.672981
1.371410
2.867195
3.758705
3.707465
7.091861
2.509904
0.738542
1.945461
2.274068
7.907548
3.180258
6.310681
5.041308
0.713664
2.283375
0.000000
2.860137
4.939938
5.954076
2.535129
6.200520
2.876873
2.065324
1.624207
4.265281
8.092440
6.557862
6.900705
6.679017
1.110025
0.622860
2.393923
0.562867
8.473524
3.502249
8.382741
3.578688
1.659743
2.686668
2.356125
1.675017
6.459024
6.999067
6.660283
3.376417
0.108030
2.338564
1.853645
0.318761
3.874918
5.815651
4.660987
5.557435
10.774777
16.255548
12.469395
12.668684
27.045970
18.233691
22.460484
29.470877
11.155770
9.767979
13.636342
12.237286
17.532042
27.476905
28.206014
27.369208
10.361637
15.192197
10.084908
12.424700
24.793228
35.969408
46.305053
23.162708
9.143583
18.401514
8.719127
10.639041
23.124348
29.589064
22.004483
31.584067
14.139202
12.307703
10.499816
11.872248
27.697962
21.546161
19.841175
30.125642
12.414714
9.703072
12.767169
10.043938
23.162861
26.495758
21.052964
32.272842
13.453847
11.467447
9.556773
14.152753
35.716762
25.511823
30.513250
15.687866
8.749769
15.300528
11.942446
12.124448
44.167102
16.917689
19.186394
25.970403
0.000000
0.038501
0.903656
0.010500
3.548585
2.443706
3.293481
4.214187
0.000000
0.480068
0.000000
0.354122
1.776275
3.844582
2.779334
4.332118
1.953219
0.000000
0.244238
2.227311
3.918405
5.943509
2.346952
2.531079
0.097179
0.589888
0.021013
0.001804
3.152632
3.561748
3.848693
2.091519
0.771826
0.000000
0.188972
1.568896
5.739445
2.785082
4.665573
1.972971
0.848427
0.000000
2.034939
0.000000
2.598941
4.184470
2.433399
3.004462
0.668143
0.000000
0.872243
0.209987
6.196164
3.326832
1.646448
4.231111
0.000000
0.307569
0.393833
0.005506
2.686532
4.114444
1.813180
4.167315
8.367802
10.922127
12.617619
6.821268
16.500372
25.976258
22.563981
20.703311
4.163296
8.819614
9.163438
9.795026
25.671834
13.756548
28.290800
12.211359
9.328816
9.691441
8.468793
9.446328
16.521725
29.783055
20.137439
18.011359
9.903267
4.913268
13.197211
5.402037
23.232853
18.695580
13.852919
27.944430
9.293456
16.302722
14.442183
9.551926
20.753319
23.505245
21.058989
31.944966
8.238589
12.200922
7.748779
9.967029
18.798742
30.391875
15.291448
22.698800
12.775172
8.740189
10.231151
9.833318
17.206342
29.458180
25.011036
25.039025
11.465163
7.080625
9.298286
6.805546
15.504089
21.770633
20.543306
26.592666
4.018298
0.341647
0.000000
2.951817
7.573776
3.693410
7.173654
2.738543
0.128573
1.377549
0.429867
2.473439
3.612612
3.069939
6.617983
5.532773
0.059564
5.180424
0.101958
5.281229
6.686534
3.682807
2.352173
8.974551
3.395550
0.000000
0.136453
2.459884
5.518923
3.605166
4.053013
5.112251
0.303712
1.465385
2.450358
3.977342
3.405657
7.208895
5.385830
3.853068
0.000000
4.096492
0.525192
1.011612
7.300079
4.015635
2.720744
5.277426
2.420851
0.827758
0.336863
0.961616
2.982253
9.956095
6.369255
5.024074
0.735167
4.002754
1.040630
0.045977
8.086208
0.976014
6.684940
5.126094
10.259741
14.897119
13.410361
8.857162
23.516972
57.987819
25.483033
32.278695
11.833477
11.484029
14.689595
8.809501
24.001866
24.838728
26.903847
22.515759
7.570695
16.360806
15.606559
7.006279
30.240700
21.794952
20.261711
44.379352
8.899606
10.111546
15.027431
7.199083
14.362342
46.960312
43.186945
13.555020
12.369697
11.725132
10.119777
10.198553
21.733609
27.842758
23.589258
48.216331
12.226362
11.273712
13.774012
6.791058
30.578617
27.857877
20.922731
37.771920
12.445934
20.332970
11.561512
6.981663
20.147481
25.608775
44.661553
21.867236
8.379623
15.996895
11.332972
10.705770
13.200842
30.135487
25.530292
57.817469
0.000000
0.592135
0.010148
1.453043
6.510609
1.302797
3.673762
3.882455
0.000747
2.031385
0.000000
0.000000
2.489514
4.513620
2.492359
1.299375
0.000000
1.138293
0.000000
0.975655
3.812501
4.731071
1.416718
3.602933
0.000000
0.000000
0.270643
2.674104
3.849364
2.030740
2.850963
1.649938
0.509668
0.668550
0.000000
2.653264
3.129653
3.301824
3.794207
4.293564
0.413711
0.000000
0.006528
0.100582
3.045112
3.646688
4.064427
3.816260
2.162739
0.000000
0.487012
0.000000
7.359677
0.885243
4.430923
1.232358
0.000000
0.435442
0.000000
0.013058
2.026330
3.947203
2.706832
3.211807
9.168981
13.143175
7.209546
13.278867
15.526259
24.454891
22.916819
48.885406
12.011677
7.383853
7.221615
7.558546
26.816020
12.605459
26.118497
11.420444
6.257330
18.593186
11.049749
3.888922
55.937737
14.824828
16.504428
23.188805
7.204421
6.433935
4.661135
13.536100
16.559284
14.966252
19.206589
33.581216
8.873039
12.595431
10.092020
10.564575
17.144408
21.058519
16.656664
49.771100
13.537345
6.143142
7.036765
9.695708
20.705522
16.446092
17.851805
41.162580
9.085698
11.663641
8.598497
10.146434
21.342005
20.156331
18.608544
31.785136
11.186223
7.578862
3.900317
13.551014
19.000156
20.633300
21.813786
17.589262
2.110052
2.211596
0.457292
2.992989
3.471216
7.464311
8.761243
4.736451
0.634137
3.954237
0.222246
0.735376
5.663900
3.994457
3.981536
6.698634
0.399755
2.328299
2.690459
2.560225
5.359037
5.762268
8.088611
3.873760
0.000000
2.809521
0.604776
2.421268
4.939379
4.073546
2.551354
6.587178
2.107213
2.914212
2.776842
0.827994
5.032701
6.721319
7.985657
5.321433
1.627309
1.094906
1.413019
0.945152
6.030549
5.146318
2.557901
9.126695
4.954932
1.280016
3.454744
0.524265
8.389655
4.094946
6.075467
4.204966
0.180918
2.064939
0.000000
3.689211
2.528959
4.997790
3.651038
5.827869
12.214127
11.967949
11.604334
11.528578
51.698141
21.554539
26.078487
22.399502
13.788677
8.589540
12.506781
9.955672
23.414711
27.967531
33.627984
18.040295
12.489823
9.831127
9.405885
11.803541
18.389669
27.936262
26.806531
38.298369
14.414220
8.902913
11.168393
8.380074
16.149650
54.406011
23.818392
30.616816
9.482084
15.966133
9.158730
16.548780
20.450812
35.172956
25.699934
27.214328
9.472847
10.135378
8.652805
14.676750
56.747900
21.968673
27.195373
41.582845
12.040264
11.167730
12.710366
15.851889
29.070411
18.980567
18.381800
57.650806
14.466259
10.627650
9.596452
9.865074
22.671487
66.347230
23.850397
26.059555
0.000000
1.033914
0.066609
1.800832
2.840161
3.769606
2.701956
4.596067
0.058308
0.000000
0.000000
1.161519
4.484530
3.152633
1.534025
2.900508
0.282785
1.091541
0.000000
0.031910
8.047183
2.718611
4.382093
1.780432
0.000000
1.455925
0.000000
0.013160
3.924068
3.227700
2.334856
3.815920
1.318127
0.279938
0.540315
2.389329
4.083758
3.343755
3.117591
4.429515
0.000000
0.222916
1.351639
0.000000
4.705562
3.157680
2.437046
3.215556
0.876393
1.547861
0.000000
1.429100
4.828451
1.283880
4.781610
3.149193
0.000000
1.324224
0.000000
0.000000
4.679605
1.116086
3.208200
3.282971
9.759488
4.457232
13.262502
6.538969
24.478356
23.062448
24.574552
21.486709
5.879782
12.718778
4.096376
10.004763
44.737028
22.337655
15.607286
32.981994
7.631732
15.527239
8.687424
8.559913
30.359708
28.838169
15.027227
26.404700
6.385919
10.394027
5.865240
11.344706
21.694866
16.310658
20.134098
29.465497
10.870846
10.452639
7.214495
9.883204
16.602811
42.431712
23.409109
18.176648
5.398983
9.004623
12.782277
6.073592
13.161044
24.640386
14.789664
38.308764
14.077278
8.109097
7.344691
12.930498
23.084253
23.773831
26.823241
30.318962
12.051459
4.894969
6.246455
7.098934
22.160053
19.560889
33.458948
19.008594
0.768102
4.455073
1.462577
1.150372
9.430031
5.402209
6.454574
2.444892
0.682918
0.306705
0.756838
3.780246
3.296995
3.620210
6.496478
3.125018
0.413029
5.865433
0.000000
3.097653
2.152267
7.733318
2.879390
7.165831
0.151190
0.995564
3.067176
0.048877
4.847263
0.683313
4.486749
4.541476
0.346967
1.130772
4.333357
1.844627
9.523931
1.413202
7.529515
5.753867
1.644014
3.087104
0.093230
2.015798
4.358320
9.710395
2.855655
5.047930
2.447831
2.376819
4.585625
0.070848
3.336016
6.337242
2.973056
12.029480
4.227093
0.542943
1.702061
0.347919
5.489507
4.595711
4.894754
4.078880
8.215515
12.382600
9.465183
16.845336
47.842617
15.814131
19.636972
36.007066
9.649727
13.048516
8.570544
10.467199
32.150277
24.861417
42.470948
18.004977
7.089042
13.923500
10.621147
13.561761
55.205412
13.425309
26.346348
21.546356
15.618483
5.473304
11.517511
11.217872
20.816044
48.667447
54.048016
12.921452
12.082605
8.962789
12.766483
13.522195
25.147664
21.906344
18.193933
42.926141
15.490569
10.874091
6.345079
11.961456
18.372547
56.794047
27.266069
13.343184
9.008907
12.604583
7.166260
21.187900
22.739550
43.641605
35.926297
22.957217
6.461579
18.657128
12.070475
10.055169
68.498850
13.854067
33.178939
34.418270
0.000000
1.889351
2.690659
0.000000
3.221492
1.591406
1.696640
5.004515
1.751423
0.000000
0.001116
0.321652
2.252263
4.424424
3.991474
0.938471
0.173622
0.114337
2.203593
0.011283
4.720478
1.851553
3.736258
1.221495
0.000000
1.927000
0.066075
0.639271
1.518007
5.040516
1.860516
3.093773
0.000000
3.342221
0.038479
0.000000
1.166686
5.338776
2.371352
7.304257
0.350921
0.009995
0.000000
0.000000
1.811329
3.559344
3.644682
3.026147
0.869022
1.354467
0.374605
0.007557
3.468176
0.759020
4.745015
4.079027
0.231703
2.230678
0.145523
0.000000
1.415739
1.508954
3.250971
3.714330
8.485539
9.277239
10.883524
10.955205
14.187222
30.614634
20.869497
41.554734
13.242787
7.032685
10.732167
4.463581
22.809805
20.269395
13.769056
15.958400
10.899645
6.384002
7.617713
7.699455
17.845939
25.505053
66.708014
14.328066
4.983432
14.706600
8.441299
4.301333
13.712631
17.035516
32.860309
14.910291
8.348957
9.702159
8.286045
10.828340
26.034639
45.216191
12.861736
30.559683
11.393478
5.979835
8.946727
7.924656
18.067525
18.430937
19.997258
33.460128
7.632514
13.505964
10.917854
8.187690
20.617006
21.468252
31.103155
25.489556
4.492243
15.840555
7.800000
7.660418
18.549897
34.330253
23.611436
26.155150
0.000000
0.000000
0.000000
0.529477
0.000000
0.000000
0.000000
0.000000
0.156527
0.021316
0.000000
0.000000
0.000000
0.000000
0.000000
0.000000
0.000000
0.740677
0.000000
0.000000
0.000000
0.000000
0.000000
0.000000
0.000000
0.000000
1.177457
0.000000
0.000000
0.000000
0.000000
0.000000
0.000000
0.000000
0.231871
0.000000
0.000000
0.000000
0.000000
0.000000
0.000000
0.027611
0.000000
0.000000
0.000000
0.000000
0.000000
0.000000
0.012526
0.000000
0.000000
0.027133
0.000000
0.000000
0.000000
0.000000
0.021125
0.000000
0.000000
0.000000
0.000000
0.000000
0.000000
0.000000
0.000000
0.000000
0.000000
0.000000
0.000000
0.000000
0.000000
0.000000
0.000000
0.000000
0.000000
0.000000
0.000000
0.000000
0.000000
0.000000
0.000000
0.000000
0.000000
0.000000
0.000000
0.000000
0.000000
0.000000
0.000000
0.000000
0.000000
0.000000
0.000000
0.000000
0.000000
0.000000
0.000000
0.000000
0.000000
0.000000
0.000000
0.000000
0.000000
0.000000
0.000000
0.000000
0.000000
0.000000
0.000000
0.000000
0.000000
0.000000
0.000000
0.000000
0.000000
0.000000
0.000000
0.000000
0.000000
0.000000
0.000000
0.000000
0.000000
0.000000
0.000000
0.000000
0.000000
0.000000
0.000000
0.000000
0.000000
0.000000
0.000000
0.000000
0.000000
0.000000
0.000000
0.000000
0.000000
0.000000
0.000000
0.000000
0.000000
0.000000
0.000000
0.000000
0.000000
0.000000
0.000000
0.000000
0.000000
0.000000
0.000000
0.000000
0.000000
0.000000
0.000000
0.000000
0.000000
0.000000
0.000000
0.000000
0.000000
0.000000
0.000000
0.000000
0.000000
0.000000
0.000000
0.000000
0.000000
0.000000
0.000000
0.000000
0.000000
0.000000
0.000000
0.159453
0.000000
0.000000
0.000000
0.000000
0.000000
0.000000
0.000000
0.000000
0.000000
0.000000
0.000000
0.000000
0.000000
0.000000
0.000000
0.000000
0.000000
0.000000
0.000000
0.000000
0.000000
0.000000
0.000000
0.000000
0.000000
0.000000
0.000000
0.000000
0.000000
0.000000
0.000000
0.000000
0.000000
0.000000
0.000000
0.000000
0.000000
0.000000
0.000000
0.000000
0.000000
0.000000
0.000000
0.000000
0.000000
0.000000
0.000000
0.000000
0.000000
0.000000
0.000000
0.000000
0.000000
0.000000
0.000000
0.000000
0.000000
0.000000
0.000000
0.000000
0.000000
0.000000
0.000000
0.000000
0.000000
0.000000
0.000000
0.000000
0.000000
0.000000
0.000000
0.000000
0.000000
0.000000
0.000000
0.000000
0.000000
0.000000
0.000000
1.084943
1.721936
0.000000
0.000000
0.000000
0.000000
0.000000
0.000000
0.002953
0.000000
0.000000
0.000000
0.000000
0.000000
0.000000
1.767038
0.000000
1.967349
0.000000
0.000000
0.000000
0.000000
0.000000
0.000000
1.568386
0.000000
0.000000
0.000000
0.000000
0.000000
0.000000
1.590075
0.000000
0.000000
0.000000
0.000000
0.000000
0.000000
0.000000
0.371942
0.000000
0.051899
0.000000
0.000000
0.000000
0.000000
0.000000
0.000000
0.000000
1.061157
0.000000
0.000000
0.000000
0.000000
0.000000
0.000000
0.000000
0.000000
0.000000
0.000000
0.000000
0.000000
0.000000
0.000000
0.000000
0.000000
0.000000
0.000000
0.000000
0.000000
0.000000
0.000000
0.000000
0.000000
0.000000
0.000000
0.000000
0.000000
0.000000
0.000000
0.000000
0.000000
0.000000
0.000000
0.000000
0.000000
0.000000
0.000000
0.000000
0.000000
0.000000
0.000000
0.000000
0.000000
0.000000
0.000000
0.000000
0.000000
0.000000
0.000000
0.000000
0.000000
0.000000
0.000000
0.000000
0.000000
0.000000
0.000000
0.000000
0.000000
0.000000
0.000000
0.000000
0.000000
0.000000
0.000000
0.000000
0.000000
0.000000
0.000000
0.000000
0.000000
0.000000
0.000000
0.000000
0.000000
0.000000
0.000000
0.000000
0.000000
0.000000
0.000000
0.000000
0.000000
0.000000
0.000000
0.000000
0.000000
0.000000
0.000000
0.000000
0.000000
0.000000
0.000000
0.000000
0.000000
0.000000
0.000000
0.000000
0.000000
0.000000
0.000000
0.000000
0.000000
0.000000
0.000000
0.000000
0.000000
0.000000
0.000000
0.000000
0.276052
0.000000
0.000000
0.000000
0.000000
0.000000
0.000000
0.000000
0.000000
0.000000
0.000000
0.000000
0.000000
0.000000
0.000000
0.000000
0.000000
0.000000
0.000000
0.000000
0.000000
0.000000
0.000000
0.000000
0.000000
0.000000
0.000000
0.000000
0.000000
0.000000
0.000000
0.000000
0.000000
0.000000
0.000000
0.000000
0.000000
0.000000
0.000000
0.000000
0.000000
0.000000
0.000000
0.000000
0.000000
0.000000
0.000000
0.000000
0.000000
0.000000
0.000000
0.000000
0.000000
0.000000
0.000000
0.000000
0.000000
0.000000
0.000000
0.000000
0.000000
0.000000
0.000000
0.000000
0.000000
0.000000
0.000000
0.000000
0.000000
0.000000
0.000000
0.000000
0.000000
0.000000
0.000000
0.000000
0.000000
0.000000
0.000000
0.000000
0.000000
0.000000
0.000000
0.000000
0.000000
0.000000
0.000000
0.000000
0.000000
0.000000
0.000000
0.000000
0.000000
0.000000
0.000000
0.000000
0.810506
0.000000
0.000000
0.000000
0.000000
0.000000
0.000000
0.000000
0.219090
0.000000
0.000000
0.000000
0.000000
0.000000
1.188645
0.000000
0.000000
0.000000
0.000000
0.000000
0.000000
0.000000
0.042077
0.000000
0.261195
0.000000
0.000000
0.000000
0.000000
0.000000
0.000000
0.000000
0.000000
0.336398
0.000000
0.000000
0.000000
0.000000
0.000000
0.000000
0.000000
0.000000
0.000000
0.000000
0.000000
0.000000
0.000000
0.000606
0.000000
0.582250
0.000000
0.000000
0.000000
0.000000
0.000000
0.000000
1.467731
0.000000
0.000000
0.000000
0.000000
0.000000
0.000000
0.000000
0.000000
0.000000
0.000000
0.000000
0.000000
0.000000
0.000000
0.000000
0.000000
0.000000
0.000000
0.000000
0.000000
0.000000
0.000000
0.000000
0.000000
0.000000
0.000000
0.000000
0.000000
0.000000
0.000000
0.000000
0.000000
0.000000
0.000000
0.000000
0.000000
0.000000
0.000000
0.000000
0.000000
0.000000
0.000000
0.000000
0.000000
0.000000
0.000000
0.000000
0.000000
0.000000
0.000000
0.000000
0.000000
0.000000
0.000000
0.000000
0.000000
0.000000
0.000000
0.000000
0.000000
0.000000
0.000000
0.000000
0.000000
0.000000
0.000000
0.000000
0.000000
0.000000
0.000000
0.000000
0.000000
0.000000
0.000000
0.000000
0.000000
0.000000
0.000000
0.000000
0.000000
0.000000
0.000000
0.000000
0.000000
0.000000
0.000000
0.000000
0.000000
0.000000
0.000000
0.000000
0.000000
0.000000
0.000000
0.000000
0.000000
0.000000
0.000000
0.000000
0.000000
0.000000
0.000000
0.000000
0.000000
0.000000
0.000000
0.000000
0.000000
0.000000
0.000000
0.000000
0.000000
0.000000
0.000000
0.000000
0.000000
0.000000
0.000000
0.000000
0.025523
0.000000
0.000000
0.000000
0.000000
0.000000
0.000000
0.000000
0.000000
0.000000
0.000000
0.000000
0.000000
0.000000
0.000000
0.000000
0.000000
0.000000
0.000000
0.000000
0.000000
0.000000
0.000000
0.000000
0.000000
0.000000
0.000000
0.000000
0.000000
0.000000
0.000000
0.000000
0.000000
0.000000
0.000000
0.000000
0.000000
0.000000
0.000000
0.000000
0.000000
0.000000
0.000000
0.000000
0.000000
0.000000
0.000000
0.000000
0.000000
0.000000
0.000000
0.000000
0.000000
0.000000
0.000000
0.000000
0.000000
0.000000
0.000000
0.000000
0.000000
0.000000
0.000000
0.000000
0.000000
0.000000
0.000000
0.000000
0.000000
0.000000
0.000000
0.000000
0.000000
0.000000
0.000000
0.000000
0.000000
0.000000
0.436079
0.000000
0.189956
0.100523
0.000000
0.000000
0.000000
0.000000
0.000000
0.570633
0.000000
0.000000
0.000000
0.000000
0.000000
0.000000
0.309052
0.000000
2.099712
0.000000
0.000000
0.000000
0.000000
0.000000
0.000000
0.000000
0.000000
0.137953
0.000000
0.011804
0.000000
0.000000
1.636271
0.464273
0.000000
0.000000
0.000000
0.000000
0.000000
0.000000
0.000000
0.000000
0.269565
0.000000
0.000000
0.000000
0.000000
0.000000
0.000000
0.000000
0.000000
2.078995
0.000000
0.000000
0.000000
0.000000
0.000000
0.000000
0.000000
0.016133
0.000000
0.000000
0.000000
0.000000
0.000000
0.000000
0.000000
0.000000
0.000000
0.000000
0.000000
0.000000
0.000000
0.000000
0.000000
0.000000
0.000000
0.000000
0.000000
0.000000
0.000000
0.000000
0.000000
0.000000
0.000000
0.000000
0.000000
0.000000
0.000000
0.000000
0.000000
0.000000
0.000000
0.000000
0.000000
0.000000
0.000000
0.000000
0.000000
0.000000
0.000000
0.000000
0.000000
0.000000
0.000000
0.000000
0.000000
0.000000
0.000000
0.000000
0.000000
0.000000
0.000000
0.000000
0.000000
0.000000
0.000000
0.000000
0.000000
0.000000
0.000000
0.000000
0.000000
0.000000
0.000000
0.000000
0.000000
0.000000
0.000000
0.000000
0.000000
0.000000
0.000000
0.000000
0.000000
0.000000
0.000000
0.000000
0.000000
0.000000
0.000000
0.000000
0.000000
0.000000
0.000000
0.000000
0.000000
0.000000
0.000000
0.000000
0.000000
0.000000
0.000000
0.000000
0.000000
0.000000
0.000000
0.000000
0.000000
0.000000
0.000000
0.000000
0.000000
0.000000
0.000000
0.000000
0.000000
0.000000
0.000000
0.000000
0.000000
0.000000
0.000000
0.000000
0.000000
0.000000
0.000000
0.000000
0.000000
0.000000
0.000000
0.000000
0.000000
0.000000
0.000000
0.000000
0.000000
0.000000
0.000000
0.000000
0.000000
0.000000
0.000000
0.000000
0.000000
0.000000
0.000000
0.000000
0.000000
0.000000
0.000000
0.000000
0.000000
0.000000
0.000000
0.000000
0.000000
0.000000
0.000000
0.000000
0.000000
0.000000
0.000000
0.000000
0.000000
0.000000
0.000000
0.000000
0.000000
0.000000
0.000000
0.000000
0.000000
0.000000
0.000000
0.000000
0.000000
0.000000
0.000000
0.000000
0.000000
0.000000
0.000000
0.000000
0.000000
0.000000
0.000000
0.000000
0.000000
0.000000
0.000000
0.000000
0.000000
0.000000
0.000000
0.000000
0.000000
0.000000
0.000000
0.000000
0.000000
0.000000
0.000000
0.000000
0.000000
0.000000
