0.000000
0.000000
0.000000
0.000000
0.000000
0.007595
0.000000
0.079433
0.000000
0.000000
0.000000
0.000000
0.000000
0.000000
0.000000
0.007450
0.000000
0.000000
0.000000
0.000000
0.073061
0.000000
0.083458
0.000000
0.000000
0.000000
0.000000
0.000000
0.000000
0.014829
0.000000
0.392029
0.000000
0.000000
0.000000
0.000000
0.027398
0.009569
0.000000
0.016354
0.000000
0.000000
0.000000
0.000000
0.015751
0.000000
0.153364
0.000000
0.000000
0.000000
0.000000
0.000000
0.007509
0.055893
0.014816
0.000000
0.000000
0.000000
0.000000
0.000000
0.000000
0.008557
0.007414
0.006694
1.853814
18.436250
1.971573
8.287711
41.849025
24.603638
30.693513
51.186063
4.584260
0.441600
14.979388
4.539138
21.802425
37.790863
43.244763
39.988125
1.316649
16.434263
1.306482
1.813908
35.197713
65.953200
62.662463
28.415620
1.542741
25.149713
0.218517
1.632429
35.774550
61.270650
28.481550
45.271650
16.025738
1.625212
0.198474
4.994266
48.170525
29.095025
27.838550
45.124738
4.644370
1.534785
5.526742
2.365495
37.090350
40.241825
26.870900
56.689150
14.021150
7.978148
0.124460
7.754330
49.847738
32.757850
44.677188
17.856753
0.934764
14.350213
4.224792
12.935388
50.731825
20.041538
27.413700
44.448563
0.000000
0.000000
0.000000
0.000000
0.000000
0.000000
0.000000
0.000000
0.000000
0.000000
0.000000
0.000000
0.000000
0.008132
0.000000
0.154786
0.000000
0.000000
0.000000
0.000000
0.000000
0.459794
0.000000
0.000000
0.000000
0.000000
0.000000
0.000000
0.000000
0.000000
0.074602
0.000000
0.000000
0.000000
0.000000
0.000000
0.008612
0.000000
0.000000
0.000000
0.000000
0.000000
0.000000
0.000000
0.000000
0.000000
0.000000
0.000000
0.000000
0.000000
0.000000
0.000000
0.138109
0.000000
0.000000
0.320007
0.000000
0.000000
0.000000
0.000000
0.000000
0.383565
0.000000
0.165690
1.776999
4.683343
10.556033
0.352981
23.034388
39.663225
34.148925
27.798338
0.110898
4.232002
4.598427
1.411938
34.456563
17.553525
50.223950
17.431738
0.931183
5.365467
0.454121
0.683174
26.704113
38.542763
32.633450
24.948738
4.147535
0.022998
19.610063
1.486604
40.196388
27.136688
23.748475
56.716150
1.994944
19.402475
17.785625
2.987973
28.944588
34.705275
28.284525
52.390100
0.857069
13.656908
2.766884
9.024471
26.830825
44.034850
21.715700
38.769063
14.214750
6.112358
4.961868
0.313110
26.215988
44.318350
34.174888
41.306338
7.062822
2.204855
9.691194
0.251516
21.589675
42.793738
26.257439
35.907500
0.000000
0.000000
0.000000
0.000000
0.070066
0.000000
0.367407
0.000000
0.000000
0.000000
0.000000
0.000000
0.006345
0.000000
0.007832
0.006091
0.000000
0.043741
0.000000
0.004461
0.606877
0.000000
0.000000
1.417410
0.012554
0.000000
0.000000
0.000000
0.010433
0.000000
0.150526
0.000000
0.000000
0.000000
0.000000
0.000000
0.000000
0.962265
0.000000
0.000000
0.000000
0.002153
0.000000
0.000000
0.149936
0.017670
0.000000
0.007952
0.000000
0.000000
0.000000
0.000000
0.000000
3.680154
0.048155
0.000000
0.000000
0.000000
0.000000
0.000000
3.276480
0.000000
0.204358
0.437443
1.288105
14.372889
5.148458
2.749016
35.821125
69.671225
33.653250
70.613138
4.960229
4.186636
22.445250
0.497055
29.453988
47.036688
38.813763
27.677288
0.168512
20.090488
17.906400
0.259050
66.153600
26.394475
33.623188
52.076388
5.024877
0.752562
20.872350
0.341266
19.396313
50.611313
56.772413
3.766562
6.937175
0.906865
1.739352
3.262181
31.572738
62.700063
27.425650
63.018075
15.006738
5.238080
18.211700
0.008539
36.740700
58.238100
31.058463
49.661019
5.555298
24.382100
0.877189
0.403964
25.950913
52.361975
43.905538
35.139088
0.157175
17.050213
5.467389
11.940675
5.624712
56.853838
32.965675
59.733775
0.000000
0.000000
0.000000
0.000000
0.008307
0.000000
0.057435
0.013840
0.000000
0.000000
0.000000
0.000000
0.000000
1.098415
0.000000
0.000000
0.000000
0.000000
0.000000
0.000000
0.043339
1.420026
0.000000
0.000000
0.000000
0.000000
0.000000
0.003679
0.092242
0.000000
0.021132
0.000000
0.000000
0.000000
0.000000
0.000000
0.000000
0.045634
0.000000
0.073932
0.000000
0.000000
0.000000
0.000000
0.000000
0.030048
0.000000
0.119457
0.000000
0.000000
0.000000
0.000000
2.266066
0.000000
1.179027
0.000000
0.000000
0.000000
0.000000
0.000000
0.000000
0.955272
0.000000
0.073015
0.498122
17.221313
0.194079
19.089838
20.169775
42.420225
30.502900
57.142081
18.671575
5.067049
0.120430
0.403203
38.526325
17.325238
34.176109
9.090862
3.916269
25.824550
1.672950
0.000000
61.403691
17.085341
24.743388
45.964525
0.332604
5.723687
0.014093
19.325063
27.804838
22.501738
26.659289
36.634875
2.436875
13.415625
9.018561
1.945532
27.131650
32.679813
24.367042
58.543213
20.422113
3.022095
0.107154
3.677004
34.967000
25.262925
29.525950
52.351497
0.319059
10.211021
1.205158
12.559388
30.793875
39.878950
26.497200
53.726275
3.887344
10.864750
0.008711
18.570725
26.105363
40.656188
29.602538
31.102525
0.000000
0.000000
0.000000
0.000000
0.000000
0.295886
0.011934
0.000000
0.000000
0.000000
0.000000
0.000000
0.007089
0.000000
0.007559
0.000000
0.000000
0.000000
0.000000
0.000000
0.001142
0.007101
0.007618
0.000000
0.000000
0.000000
0.000000
0.000000
0.000000
0.000000
0.000000
0.008166
0.000000
0.000000
0.000000
0.000000
0.000000
0.075252
0.007936
0.006478
0.000000
0.000000
0.000000
0.000000
0.054223
0.004217
0.000000
0.008772
0.022353
0.000000
0.000000
0.000000
0.008550
0.000000
0.046798
0.006248
0.000000
0.000000
0.000000
0.000000
0.000000
0.077764
0.000000
0.078655
12.880459
1.079976
9.402384
0.379632
64.361450
31.508625
46.985075
34.641438
8.251663
0.318253
15.222138
0.455402
28.681263
44.072405
47.886338
27.173213
10.394390
0.173669
0.812434
6.638370
25.454200
57.833275
40.864788
45.195363
6.124366
0.100501
5.023756
3.236150
22.254238
61.955342
27.531700
42.625350
3.874946
13.271855
3.123517
7.010352
27.692325
50.193975
55.170075
36.284388
0.171436
6.309209
1.374456
17.042009
71.220517
39.710663
37.526513
59.467538
12.671833
0.347082
1.278880
21.940988
38.722925
29.953250
26.235200
64.889419
15.577039
6.241639
4.453871
0.029891
34.452775
78.580673
37.258650
55.319575
0.000000
0.000000
0.000000
0.000000
0.000000
0.000000
0.000000
0.000000
0.000000
0.000000
0.000000
0.000000
0.007946
0.000000
0.000000
0.000000
0.000000
0.000000
0.000000
0.000000
0.008832
0.000000
0.097100
0.000000
0.000000
0.000000
0.000000
0.000000
0.000000
0.018095
0.000000
0.044920
0.000000
0.000000
0.000000
0.000000
0.000000
0.000000
0.000000
0.042196
0.000000
0.000000
0.000000
0.000000
0.033581
0.000000
0.000000
0.009847
0.000000
0.000000
0.000000
0.000000
0.000000
0.000000
0.153044
0.000000
0.000000
0.000000
0.000000
0.000000
1.546758
0.000000
0.000000
0.008957
4.556133
0.113629
12.597852
0.015117
30.193725
34.657150
36.386050
35.682850
1.191439
8.613112
0.703832
5.072992
68.009025
31.585091
26.386863
48.805725
0.013071
22.054700
2.560432
2.268074
40.546263
41.329538
22.525988
45.053113
0.096227
12.740050
2.943322
14.623150
28.997950
28.105338
30.164350
49.726483
1.311191
4.149078
0.717064
5.354592
26.667813
55.884675
38.565125
26.220200
0.094575
9.035337
9.469238
3.403730
22.554138
40.790825
17.252350
64.908238
20.312875
1.252758
1.295389
5.283366
34.705813
49.699800
42.365603
37.688938
12.792133
0.009249
1.731948
4.462992
30.774150
38.200113
48.332017
26.903550
0.000000
0.000000
0.000000
0.000000
0.152545
0.041207
0.000000
0.000000
0.000000
0.000000
0.000000
0.001440
0.000000
0.000000
0.079092
0.000000
0.000000
0.008234
0.000000
0.004676
0.000000
0.441334
0.000000
0.850259
0.000000
0.000000
0.000000
0.000000
0.672627
0.000000
0.006998
0.035040
0.000000
0.000000
0.000000
0.000000
0.008069
0.000000
0.230764
0.076444
0.000000
0.000000
0.000000
0.000000
0.065496
1.608519
0.000000
0.047684
0.000000
0.000000
0.005574
0.000000
0.000000
0.359545
0.000000
4.424531
0.001936
0.000000
0.000000
0.000000
0.055762
0.099708
0.106634
0.000000
0.464241
15.989075
0.110416
13.488133
57.399625
19.216783
26.378463
61.989638
0.161245
16.201763
1.872929
3.054326
36.332125
37.885088
54.354738
31.029050
0.423434
17.696175
2.749665
0.961974
60.386950
12.344386
42.699750
25.411450
22.587638
0.000000
11.077280
4.025347
26.830738
51.827113
65.617802
9.667123
9.013180
0.008469
2.798874
17.511388
35.923725
41.147875
24.226288
52.119750
21.738108
8.757365
0.181206
1.026533
25.550238
60.723088
42.551588
20.539575
0.022548
16.625988
0.553676
24.005225
33.872675
55.271288
39.881438
50.125075
0.333484
21.696013
16.565675
0.221710
71.457858
14.431884
38.893950
59.838450
0.000000
0.000000
0.000000
0.000000
0.006665
0.000000
0.000000
0.653553
0.000000
0.000000
0.000000
0.000000
0.000000
1.502371
0.117244
0.000000
0.000000
0.000000
0.000000
0.000000
0.874357
0.000000
0.191234
0.000000
0.000000
0.000000
0.000000
0.000000
0.000000
2.737193
0.000000
0.187853
0.000000
0.000000
0.000000
0.000000
0.000000
1.187658
0.000000
0.000000
0.000000
0.000000
0.000000
0.000000
0.000000
0.254377
0.006463
0.000000
0.000000
0.000000
0.000000
0.000000
0.000000
0.000000
0.698129
0.181497
0.000000
0.000000
0.000000
0.000000
0.000000
0.000000
0.006364
1.515115
1.954306
8.871953
0.877237
4.438567
20.482363
48.757650
29.206388
46.904750
16.705763
8.678034
1.010155
0.069889
31.186800
35.717188
23.354438
27.167150
13.913513
3.944384
0.977069
0.027766
30.230413
33.086738
73.726534
6.182629
0.015470
19.103913
11.991875
0.034455
11.969428
33.829938
36.485100
21.548950
2.830398
12.987600
0.009578
13.352252
30.253459
55.516150
19.630619
48.862875
1.465052
0.249572
11.862700
4.100727
31.765188
27.924725
29.216838
42.144319
9.830275
2.198951
5.537114
2.564182
39.752788
29.730925
37.260755
46.335588
0.000000
19.853900
9.842674
1.636031
38.052025
35.815677
36.872038
30.642813
0.000000
0.000000
0.000000
0.000000
0.000000
0.000000
0.000000
0.000000
0.000000
0.000000
0.000000
0.000000
0.000000
0.000000
0.000000
0.000000
0.000000
0.000000
0.000000
0.000000
0.000000
0.000000
0.000000
0.000000
0.000000
0.000000
0.000000
0.000000
0.000000
0.000000
0.000000
0.000000
0.000000
0.000000
0.000000
0.000000
0.000000
0.000000
0.000000
0.000000
0.000000
0.000000
0.000000
0.000000
0.000000
0.000000
0.000000
0.000000
0.000000
0.000000
0.000000
0.000000
0.000000
0.000000
0.000000
0.000000
0.000000
0.000000
0.000000
0.000000
0.000000
0.000000
0.000000
0.000000
0.000000
0.000000
0.000000
0.000000
0.000000
0.000000
0.000000
0.000000
0.000000
0.000000
0.000000
0.000000
0.000000
0.000000
0.000000
0.000000
0.000000
0.000000
0.000000
0.000000
0.000000
0.000000
0.000000
0.000000
0.000000
0.000000
0.000000
0.000000
0.000000
0.000000
0.000000
0.000000
0.000000
0.000000
0.000000
0.000000
0.000000
0.000000
0.000000
0.000000
0.000000
0.000000
0.000000
0.000000
0.000000
0.000000
0.000000
0.000000
0.000000
0.000000
0.000000
0.000000
0.000000
0.000000
0.000000
0.000000
0.000000
0.000000
0.000000
0.000000
0.000000
0.000000
0.000000
0.000000
0.000000
0.000000
0.000000
0.000000
0.000000
0.000000
0.000000
0.000000
0.000000
0.000000
0.000000
0.000000
0.000000
0.000000
0.000000
0.000000
0.000000
0.000000
0.000000
0.000000
0.000000
0.000000
0.000000
0.000000
0.000000
0.000000
0.000000
0.000000
0.000000
0.000000
0.000000
0.000000
0.000000
0.000000
0.000000
0.000000
0.000000
0.000000
0.000000
0.000000
0.000000
0.000000
0.000000
0.000000
0.000000
0.000000
0.000000
0.000000
0.000000
0.000000
0.000000
0.000000
0.000000
0.000000
0.000000
0.000000
0.000000
0.000000
0.000000
0.000000
0.000000
0.000000
0.000000
0.000000
0.000000
0.000000
0.000000
0.000000
0.000000
0.000000
0.000000
0.000000
0.000000
0.000000
0.000000
0.000000
0.000000
0.000000
0.000000
0.000000
0.000000
0.000000
0.000000
0.000000
0.000000
0.000000
0.000000
0.000000
0.000000
0.000000
0.000000
0.000000
0.000000
0.000000
0.000000
0.000000
0.000000
0.000000
0.000000
0.000000
0.000000
0.000000
0.000000
0.000000
0.000000
0.000000
0.000000
0.000000
0.000000
0.000000
0.000000
0.000000
0.000000
0.000000
0.000000
0.000000
0.000000
0.000000
0.000000
0.000000
0.000000
0.000000
0.000000
0.000000
0.000000
0.000000
0.000000
0.000000
0.000000
0.000000
0.000000
0.000000
0.000000
0.000000
0.000000
0.000000
0.000000
0.000000
0.000000
0.000000
0.000000
0.000000
0.000000
0.000000
0.000000
0.000000
0.000000
0.000000
0.000000
0.000000
0.000000
0.000000
0.000000
0.000000
0.000000
0.000000
0.000000
0.000000
0.000000
0.000000
0.000000
0.000000
0.000000
0.000000
0.000000
0.000000
0.000000
0.000000
0.000000
0.000000
0.000000
0.000000
0.000000
0.000000
0.000000
0.000000
0.000000
0.000000
0.000000
0.000000
0.000000
0.000000
0.000000
0.000000
0.000000
0.000000
0.000000
0.000000
0.000000
0.000000
0.000000
0.000000
0.000000
0.000000
0.000000
0.000000
0.000000
0.000000
0.000000
0.000000
0.000000
0.000000
0.000000
0.000000
0.000000
0.000000
0.000000
0.000000
0.000000
0.000000
0.000000
0.000000
0.000000
0.000000
0.000000
0.000000
0.000000
0.000000
0.000000
0.000000
0.000000
0.000000
0.000000
0.000000
0.000000
0.000000
0.000000
0.000000
0.000000
0.000000
0.000000
0.000000
0.000000
0.000000
0.000000
0.000000
0.000000
0.000000
0.000000
0.000000
0.000000
0.000000
0.000000
0.000000
0.000000
0.000000
0.000000
0.000000
0.000000
0.000000
0.000000
0.000000
0.000000
0.000000
0.000000
0.000000
0.000000
0.000000
0.000000
0.000000
0.000000
0.000000
0.000000
0.000000
0.000000
0.000000
0.000000
0.000000
0.000000
0.000000
0.000000
0.000000
0.000000
0.000000
0.000000
0.000000
0.000000
0.000000
0.000000
0.000000
0.000000
0.000000
0.000000
0.000000
0.000000
0.000000
0.000000
0.000000
0.000000
0.000000
0.000000
0.000000
0.000000
0.000000
0.000000
0.000000
0.000000
0.000000
0.000000
0.000000
0.000000
0.000000
0.000000
0.000000
0.000000
0.000000
0.000000
0.000000
0.000000
0.000000
0.000000
0.000000
0.000000
0.000000
0.000000
0.000000
0.000000
0.000000
0.000000
0.000000
0.000000
0.000000
0.000000
0.000000
0.000000
0.000000
0.000000
0.000000
0.000000
0.000000
0.000000
0.000000
0.000000
0.000000
0.000000
0.000000
0.000000
0.000000
0.000000
0.000000
0.000000
0.000000
0.000000
0.000000
0.000000
0.000000
0.000000
0.000000
0.000000
0.000000
0.000000
0.000000
0.000000
0.000000
0.000000
0.000000
0.000000
0.000000
0.000000
0.000000
0.000000
0.000000
0.000000
0.000000
0.000000
0.000000
0.000000
0.000000
0.000000
0.000000
0.000000
0.000000
0.000000
0.000000
0.000000
0.000000
0.000000
0.000000
0.000000
0.000000
0.000000
0.000000
0.000000
0.000000
0.000000
0.000000
0.000000
0.000000
0.000000
0.000000
0.000000
0.000000
0.000000
0.000000
0.000000
0.000000
0.000000
0.000000
0.000000
0.000000
0.000000
0.000000
0.000000
0.000000
0.000000
0.000000
0.000000
0.000000
0.000000
0.000000
0.000000
0.000000
0.000000
0.000000
0.000000
0.000000
0.000000
0.000000
0.000000
0.000000
0.000000
0.000000
0.000000
0.000000
0.000000
0.000000
0.000000
0.000000
0.000000
0.000000
0.000000
0.000000
0.000000
0.000000
0.000000
0.000000
0.000000
0.000000
0.000000
0.000000
0.000000
0.000000
0.000000
0.000000
0.000000
0.000000
0.000000
0.000000
0.000000
0.000000
0.000000
0.000000
0.000000
0.000000
0.000000
0.000000
0.000000
0.000000
0.000000
0.000000
0.000000
0.000000
0.000000
0.000000
0.000000
0.000000
0.000000
0.000000
0.000000
0.000000
0.000000
0.000000
0.000000
0.000000
0.000000
0.000000
0.000000
0.000000
0.000000
0.000000
0.000000
0.000000
0.000000
0.000000
0.000000
0.000000
0.000000
0.000000
0.000000
0.000000
0.000000
0.000000
0.000000
0.000000
0.000000
0.000000
0.000000
0.000000
0.000000
0.000000
0.000000
0.000000
0.000000
0.000000
0.000000
0.000000
0.000000
0.000000
0.000000
0.000000
0.000000
0.000000
0.000000
0.000000
0.000000
0.000000
0.000000
0.000000
0.000000
0.000000
0.000000
0.000000
0.000000
0.000000
0.000000
0.000000
0.000000
0.000000
0.000000
0.000000
0.000000
0.000000
0.000000
0.000000
0.000000
0.000000
0.000000
0.000000
0.000000
0.000000
0.000000
0.000000
0.000000
0.000000
0.000000
0.000000
0.000000
0.000000
0.000000
0.000000
0.000000
0.000000
0.000000
0.000000
0.000000
0.000000
0.000000
0.000000
0.000000
0.000000
0.000000
0.000000
0.000000
0.000000
0.000000
0.000000
0.000000
0.000000
0.000000
0.000000
0.000000
0.000000
0.000000
0.000000
0.000000
0.000000
0.000000
0.000000
0.000000
0.000000
0.000000
0.000000
0.000000
0.000000
0.000000
0.000000
0.000000
0.000000
0.000000
0.000000
0.000000
0.000000
0.000000
0.000000
0.000000
0.000000
0.000000
0.000000
0.000000
0.000000
0.000000
0.000000
0.000000
0.000000
0.000000
0.000000
0.000000
0.000000
0.000000
0.000000
0.000000
0.000000
0.000000
0.000000
0.000000
0.000000
0.000000
0.000000
0.000000
0.000000
0.000000
0.000000
0.000000
0.000000
0.000000
0.000000
0.000000
0.000000
0.000000
0.000000
0.000000
0.000000
0.000000
0.000000
0.000000
0.000000
0.000000
0.000000
0.000000
0.000000
0.000000
0.000000
0.000000
0.000000
0.000000
0.000000
0.000000
0.000000
0.000000
0.000000
0.000000
0.000000
0.000000
0.000000
0.000000
0.000000
0.000000
0.000000
0.000000
0.000000
0.000000
0.000000
0.000000
0.000000
0.000000
0.000000
0.000000
0.000000
0.000000
0.000000
0.000000
0.000000
0.000000
0.000000
0.000000
0.000000
0.000000
0.000000
0.000000
0.000000
0.000000
0.000000
0.000000
0.000000
0.000000
0.000000
0.000000
0.000000
0.000000
0.000000
0.000000
0.000000
0.000000
0.000000
0.000000
0.000000
0.000000
0.000000
0.000000
0.000000
0.000000
0.000000
0.000000
0.000000
0.000000
0.000000
0.000000
0.000000
0.000000
0.000000
0.000000
0.000000
0.000000
0.000000
0.000000
0.000000
0.000000
0.000000
0.000000
0.000000
0.000000
0.000000
0.000000
0.000000
0.000000
0.000000
0.000000
0.000000
0.000000
0.000000
0.000000
0.000000
0.000000
0.000000
0.000000
0.000000
0.000000
0.000000
0.000000
0.000000
0.000000
0.000000
0.000000
0.000000
0.000000
0.000000
0.000000
0.000000
0.000000
0.000000
0.000000
0.000000
0.000000
0.000000
0.000000
0.000000
0.000000
0.000000
0.000000
0.000000
0.000000
0.000000
0.000000
0.000000
0.000000
0.000000
0.000000
0.000000
0.000000
0.000000
0.000000
0.000000
0.000000
0.000000
0.000000
0.000000
0.000000
0.000000
0.000000
0.000000
0.000000
0.000000
0.000000
0.000000
0.000000
0.000000
0.000000
0.000000
0.000000
0.000000
0.000000
0.000000
0.000000
0.000000
0.000000
0.000000
0.000000
0.000000
0.000000
0.000000
0.000000
0.000000
0.000000
0.000000
0.000000
0.000000
0.000000
0.000000
0.000000
0.000000
0.000000
0.000000
0.000000
0.000000
0.000000
0.000000
0.000000
0.000000
0.000000
0.000000
0.000000
0.000000
0.000000
0.000000
0.000000
0.000000
0.000000
0.000000
0.000000
0.000000
0.000000
0.000000
0.000000
0.000000
0.000000
0.000000
0.000000
0.000000
0.000000
0.000000
0.000000
0.000000
0.000000
0.000000
0.000000
0.000000
0.000000
0.000000
0.000000
0.000000
0.000000
0.000000
0.000000
0.000000
0.000000
0.000000
0.000000
0.000000
0.000000
0.000000
0.000000
0.000000
0.000000
0.000000
0.000000
0.000000
0.000000
0.000000
0.000000
0.000000
0.000000
0.000000
0.000000
0.000000
0.000000
0.000000
0.000000
0.000000
0.000000
0.000000
0.000000
0.000000
0.000000
0.000000
0.000000
0.000000
0.000000
0.000000
0.000000
0.000000
0.000000
0.000000
0.000000
0.000000
0.000000
0.000000
