0.000000
0.634454
0.282165
0.028448
1.939981
6.060418
1.008313
5.487530
0.029265
0.050843
1.165260
0.340974
0.389631
1.221196
2.811888
3.778980
0.220660
0.060952
0.455021
0.321255
7.599485
1.062389
5.343408
1.556650
0.249418
0.053180
0.027433
1.716103
2.718532
3.137038
0.332262
5.774293
0.783782
0.652378
0.131081
1.857173
5.376115
4.300394
2.282158
4.052040
0.057068
0.188058
0.992514
0.043090
6.631209
1.680251
6.666395
0.790654
0.304845
0.309297
0.739913
0.287342
2.498178
6.126528
2.287746
1.869471
0.027365
0.876548
0.755256
0.040747
1.193425
4.419627
3.982431
2.313957
9.287195
18.617405
12.894566
11.419043
53.823600
27.796966
35.922470
67.250700
13.253528
10.066344
18.926594
14.957359
26.752636
61.794784
58.031034
39.405658
10.724390
18.955948
8.684331
10.957512
52.326017
104.433297
88.164500
29.782237
11.543702
28.807336
6.537485
10.594897
40.095464
67.701809
33.040711
44.955058
18.357600
12.554369
8.303240
11.958484
61.000409
27.756336
40.358952
56.450437
15.420925
9.223986
15.031962
11.168500
46.121747
43.824859
30.837928
74.518023
15.276181
14.612703
5.722135
16.250812
74.150500
31.129712
59.331383
26.729984
6.544981
20.678625
10.221062
19.722181
79.384941
24.960509
32.157566
63.048597
0.028508
0.036722
0.217120
0.039788
2.106708
0.924437
2.239266
1.755061
0.029358
0.100872
0.030861
0.036930
0.364052
2.926266
0.414962
5.814270
0.141432
0.031427
0.136463
1.518676
1.989453
7.652340
0.323493
0.481531
0.029745
0.059999
0.028659
0.044117
0.852349
1.461236
3.676587
0.755967
0.053825
0.026991
0.089073
0.713595
6.469661
1.141495
2.230620
0.198241
0.060233
0.031442
0.390838
0.028777
0.488092
3.550237
0.343080
0.889100
0.052895
0.027242
0.295211
0.066260
8.194562
1.591531
0.145330
5.001808
0.025192
0.050128
0.060491
0.030127
1.061026
5.907736
0.150026
5.497632
8.765328
15.120534
16.988606
8.348655
26.256617
44.135795
42.015903
34.389592
5.652016
11.862345
12.134802
11.690920
51.809408
23.166694
68.258456
21.429633
10.258908
11.885867
9.884421
8.530932
25.366889
60.912052
43.988719
31.537528
13.337098
4.740241
21.640505
7.395721
47.138725
29.374781
24.916664
79.634512
9.326280
25.434187
18.276475
13.215656
40.933744
42.258703
36.983587
47.904714
7.728533
17.481228
9.903317
15.613469
32.494417
59.787720
22.508600
50.874202
15.320773
14.242537
15.143681
8.593649
31.438069
51.739997
43.426698
37.080169
16.318209
9.667728
18.615145
6.091148
25.504277
52.129584
37.199139
40.215741
2.517790
0.121897
0.032449
1.320545
8.068595
1.328326
7.106515
0.632016
0.037246
0.036268
0.190529
1.485128
3.108109
0.528260
3.508392
5.138972
0.063456
4.601015
0.049191
4.604887
7.031637
1.353242
0.475866
12.127730
4.070849
0.032828
0.143861
0.416585
6.232295
0.706236
4.007310
1.885162
0.050875
0.425976
0.109127
1.961348
1.228137
7.304776
3.602442
1.324216
0.031180
4.695220
0.028575
0.377282
7.960622
4.124999
1.086081
1.305881
0.410200
0.334819
0.092585
0.096461
0.680070
11.859573
6.038066
1.519574
0.297012
3.646675
0.075613
0.041093
8.307306
0.095107
3.061825
9.560110
12.149384
17.388316
15.205569
9.330886
52.980100
90.225450
31.397205
78.851600
15.742745
13.468217
23.616411
7.778570
34.080658
55.451712
64.017084
29.051633
3.201477
18.460802
20.210006
2.809254
87.133100
24.382483
31.706492
72.180281
13.430272
8.532628
19.373597
5.094086
20.952584
72.636534
62.905400
17.220766
14.493875
9.309154
10.455253
13.006611
31.576747
90.276000
24.235673
92.553689
17.015181
15.476267
21.584305
1.508733
48.944322
61.618925
37.220137
48.799361
15.189889
23.897628
9.063247
2.531933
30.580373
86.870400
57.594109
32.739447
3.907511
20.739455
14.631244
15.730894
18.798961
90.007309
41.917042
60.808880
0.028956
0.259725
0.029331
0.852204
4.100847
0.124655
3.629531
5.533208
0.026549
0.592136
0.034448
0.041800
1.151691
5.717139
0.520580
0.089748
0.028038
0.323106
0.047554
0.737115
5.719680
5.390219
0.451872
0.678456
0.034712
0.031990
0.064828
2.089447
4.729258
0.522256
2.711360
0.229159
0.068287
0.272568
0.026878
2.764204
0.556627
3.135512
1.806523
6.820709
0.072055
0.036693
0.027964
0.046383
3.251089
1.375915
2.129093
3.411620
1.817263
0.088935
0.135117
0.046568
10.644088
0.288619
5.018540
0.090779
0.037927
0.120819
0.049135
0.034267
0.287574
4.194642
0.639698
4.218416
8.823481
17.731659
5.787860
22.194270
25.255552
55.002287
35.081562
84.235681
18.016342
9.933955
5.392399
6.681761
54.131741
18.745503
37.454566
17.108433
7.937127
27.584562
13.355178
0.996672
93.003866
24.599181
26.456739
76.669462
7.805836
9.266535
1.814547
19.038053
35.558520
26.171939
29.208619
39.550227
11.596260
20.245194
12.837084
10.741568
35.278270
46.955958
22.589905
97.957172
22.801156
8.350087
5.675076
15.254295
43.073895
28.336667
40.264211
56.699120
6.694267
16.067480
10.006419
12.398792
28.296427
47.769797
30.902731
93.316978
15.095191
12.439211
1.449214
18.116509
31.586883
65.796745
30.679945
30.039497
0.417506
0.391880
0.029352
1.131834
0.969626
6.866201
4.909605
1.970167
0.209880
1.852521
0.030297
0.042320
4.607617
2.267182
1.862342
3.161571
0.048073
0.229618
1.000896
0.725637
3.060409
2.040646
4.599666
1.862737
0.025373
1.109856
0.036846
1.372280
2.808372
2.027203
0.342231
2.755598
0.383800
0.488515
0.978514
0.049157
2.066511
6.022329
5.321747
2.710709
0.528926
0.056850
0.047297
0.262646
3.453049
3.236172
0.123392
6.870620
2.659318
0.299466
1.050993
0.047527
5.728293
0.781318
2.456754
2.786610
0.028596
0.781553
0.027917
2.143208
0.410099
4.950391
1.446231
7.015830
17.123877
11.484968
14.823436
10.757806
90.330358
44.645712
76.336336
27.876552
13.025689
8.522911
20.919572
10.185346
37.272942
68.693634
44.836022
40.835700
15.378041
7.036079
8.677195
17.529587
30.393992
85.599800
38.988148
57.432077
18.173520
5.686562
14.380342
8.349570
32.780814
61.245506
41.700731
59.535842
10.770338
14.658797
11.241117
18.471637
21.335755
77.911005
85.976700
40.753141
9.378309
14.934067
10.214362
16.318950
91.700552
52.075423
33.295220
88.018223
15.408136
8.229190
11.938721
25.756198
48.594200
51.827900
30.050398
78.330447
17.239309
14.863286
15.571973
6.883451
49.161456
101.377289
30.088195
98.131728
0.028723
0.048995
0.070697
0.385211
0.445341
2.592930
0.342357
4.279753
0.045170
0.032599
0.028861
0.108237
4.697708
1.006572
0.108989
0.674135
0.060317
0.326607
0.024187
0.035347
6.305439
2.547518
4.539473
0.113086
0.028142
0.295182
0.025136
0.043568
1.315715
2.127431
0.472169
4.301940
0.079829
0.062654
0.157317
0.092870
1.785003
1.436423
2.636698
4.337091
0.031138
0.057038
0.125796
0.027426
6.023219
1.074275
0.405799
2.358618
0.125633
0.373721
0.029743
0.128125
3.378863
0.100840
6.068700
0.872287
0.024386
0.263229
0.026893
0.033452
5.387034
0.077211
1.276855
2.272770
13.444262
3.898092
14.745403
7.043271
41.989719
44.765391
36.865042
53.864191
9.004028
15.115361
5.643462
13.279345
93.004403
36.533298
32.782477
79.378566
7.004195
26.279261
11.832490
8.470826
51.846575
51.463220
29.340278
39.904312
6.651448
23.871561
7.222240
15.925611
31.240569
36.643825
40.515352
56.948684
11.614639
11.537134
7.886131
15.209397
31.335711
73.114622
68.414922
19.767337
5.760977
18.771955
16.465414
9.381383
26.817053
65.375327
17.296873
80.585227
23.569180
7.763250
7.751389
16.432541
42.064523
92.149272
40.199873
45.088561
15.431127
4.863110
10.925308
10.411258
37.101984
50.518286
46.752147
38.789902
0.176894
3.373566
0.031473
0.254414
9.125429
4.837211
1.861467
0.575178
0.276826
0.044738
0.036382
3.916918
0.633023
1.812719
7.692022
1.264249
0.210039
5.130051
0.030968
2.071629
0.471655
10.042545
0.619846
5.646230
0.055499
0.387350
2.844677
0.042853
5.257793
0.074867
5.778106
1.560133
0.091274
0.091039
2.293587
0.064703
4.932452
0.325839
8.241424
4.839157
0.144922
1.678887
0.036550
0.502734
3.129452
12.250377
0.377895
2.006090
0.544899
0.213914
3.716087
0.051441
0.607480
6.650578
1.109733
14.891841
4.320753
0.262458
0.118694
0.054643
1.626914
7.371937
4.622612
1.524417
6.524141
18.390684
5.451128
18.585934
64.410883
31.053078
29.456405
80.606772
7.015046
20.953603
11.006631
9.903915
45.492727
40.029536
65.574817
38.250620
3.519238
19.329442
10.658517
10.286578
76.318909
19.384423
51.280600
33.463483
26.160178
0.948234
16.292416
14.274430
37.101997
47.705077
120.871891
20.846184
17.384237
2.961449
13.874336
18.071189
38.256061
78.716300
24.913348
53.351397
17.194559
17.143011
3.444396
11.498897
32.053092
72.861153
37.938634
21.957391
3.731687
19.652206
5.115660
19.431598
28.732884
86.142728
39.913303
87.198058
4.319964
21.437736
20.496220
6.054993
64.253514
28.201102
58.261931
76.325842
0.031038
0.340701
2.094030
0.044254
2.320926
0.171835
0.514166
7.775550
0.915539
0.033076
0.040055
0.064756
0.196011
7.284938
4.071784
0.090244
0.046863
0.045718
1.592712
0.073402
5.698637
0.481265
5.502631
0.176239
0.031634
1.598015
0.051099
0.234108
0.378541
7.549192
0.242741
3.285375
0.047095
2.751009
0.029219
0.035525
0.121383
5.950868
2.429027
3.099413
0.063469
0.028529
0.025257
0.033920
0.148970
3.509251
3.695644
1.297723
0.197100
1.313966
0.229101
0.046757
1.341341
0.073877
7.255140
3.868786
0.067108
1.624977
0.049998
0.032727
0.089509
0.476301
2.843232
4.763794
10.995840
11.193519
10.536553
14.341925
24.990492
81.365092
37.942927
43.314859
15.422166
11.826058
11.855898
4.179476
28.826252
39.375953
27.008667
38.849712
18.210387
7.244473
8.048711
5.241617
46.152664
40.930189
98.473527
15.597452
2.130581
19.594555
13.623191
2.048972
21.472884
53.326377
37.606378
26.617905
11.859811
14.327842
4.566697
20.170405
24.260898
109.273703
24.712828
67.056412
11.512846
4.196331
17.455553
8.831777
50.680502
25.803656
43.977969
44.977212
14.687711
14.774750
10.054646
11.727401
68.056469
32.888791
42.312880
43.015173
1.213863
18.787739
10.523163
11.707909
58.487625
33.706247
46.888019
46.921028
0.020587
0.022949
0.022585
0.108374
0.015236
0.001058
0.016228
0.012188
0.098753
0.030760
0.019075
0.024263
0.019348
0.013181
0.002119
0.000658
0.028699
0.032263
0.019026
0.029219
0.000452
0.015239
0.013024
0.005706
0.023265
0.031961
0.292045
0.019664
0.016439
0.000000
0.015759
0.011881
0.018344
0.021934
0.029407
0.017477
0.011957
0.013793
0.014477
0.012452
0.020314
0.026588
0.021740
0.029885
0.000324
0.013919
0.000000
0.014287
0.021810
0.023065
0.023442
0.020097
0.003543
0.007003
0.012712
0.020782
0.072641
0.016535
0.024829
0.025988
0.012119
0.014465
0.013633
0.000149
0.003587
0.000000
0.000000
0.000000
0.000000
0.000000
0.000000
0.000000
0.000021
0.000000
0.000000
0.000000
0.000000
0.000000
0.000000
0.000000
0.000550
0.000000
0.000000
0.000000
0.000000
0.000000
0.000000
0.000000
0.000000
0.000000
0.000000
0.007997
0.000000
0.000000
0.000000
0.000000
0.000000
0.000000
0.009195
0.000000
0.000000
0.000000
0.000000
0.000000
0.000000
0.004486
0.000000
0.000000
0.000000
0.000000
0.000000
0.000000
0.000000
0.000000
0.010507
0.000000
0.000000
0.000000
0.000000
0.000000
0.009707
0.000000
0.000271
0.000000
0.000000
0.000014
0.000000
0.000000
0.025598
0.021355
0.018548
0.026617
0.013444
0.000159
0.000962
0.011589
0.024148
0.019532
0.024528
0.020165
0.009405
0.000122
0.001228
0.000000
0.017314
0.047160
0.023583
0.013272
0.000425
0.000000
0.002003
0.017434
0.022190
0.006346
0.022828
0.017856
0.007142
0.000000
0.000088
0.015322
0.018009
0.037066
0.023354
0.019429
0.000000
0.007423
0.011680
0.016219
0.017926
0.022512
0.017017
0.024469
0.002759
0.000000
0.014145
0.000401
0.019974
0.137071
0.022224
0.017340
0.000000
0.000391
0.014935
0.003236
0.025519
0.015627
0.017944
0.023978
0.000513
0.000000
0.000863
0.000150
0.000000
0.000000
0.000000
0.000000
0.000000
0.000000
0.000000
0.000000
0.000000
0.000000
0.000000
0.000000
0.000000
0.000000
0.000000
0.000000
0.000000
0.000000
0.000000
0.000000
0.000000
0.000000
0.000000
0.000000
0.000000
0.000000
0.000000
0.000000
0.000000
0.000000
0.000000
0.000000
0.000000
0.000000
0.000000
0.000000
0.000000
0.000000
0.000000
0.000000
0.000000
0.000000
0.000000
0.000000
0.000000
0.000000
0.000000
0.000000
0.000000
0.000000
0.000000
0.000000
0.000000
0.000000
0.000000
0.000000
0.000000
0.000000
0.000000
0.000000
0.000000
0.000000
0.000000
0.000000
0.019285
0.029189
0.313539
0.025826
0.003061
0.012478
0.012210
0.013831
0.037850
0.047293
0.027772
0.020928
0.017979
0.013167
0.000000
0.016614
0.064015
0.017577
0.069060
0.019062
0.013146
0.000742
0.013973
0.000544
0.018278
0.645689
0.029288
0.028548
0.016439
0.010405
0.013918
0.000000
0.047336
0.017854
0.036450
0.020382
0.010853
0.012009
0.016960
0.013004
0.199075
0.017933
0.068343
0.018055
0.000000
0.016869
0.004786
0.011562
0.033175
0.020886
0.026841
0.053055
0.012344
0.005380
0.016866
0.000993
0.018567
0.022337
0.044670
0.053037
0.005065
0.015534
0.000000
0.001549
0.000128
0.000000
0.000000
0.005525
0.000000
0.000000
0.000000
0.000000
0.000696
0.000000
0.000000
0.000000
0.000000
0.000000
0.000000
0.000000
0.003291
0.000000
0.000000
0.000000
0.000000
0.000000
0.000000
0.000000
0.000000
0.000000
0.000000
0.009429
0.000000
0.000000
0.000000
0.000650
0.000000
0.000000
0.000684
0.000000
0.000000
0.000000
0.000000
0.000000
0.000000
0.000000
0.000000
0.010877
0.000000
0.000000
0.000000
0.000000
0.000042
0.000000
0.000000
0.008937
0.000000
0.000000
0.000000
0.000000
0.009562
0.000000
0.000000
0.000000
0.000044
0.000000
0.000000
0.000000
0.022732
0.018106
0.043657
0.020760
0.000000
0.001482
0.005848
0.007279
0.025191
0.017607
0.018177
0.018808
0.015794
0.000711
0.000365
0.000627
0.035405
0.028048
0.018417
0.025646
0.010412
0.005513
0.000001
0.010117
0.017924
0.030931
0.023593
0.017671
0.001541
0.000000
0.016247
0.000011
0.021474
0.017318
0.176921
0.016541
0.000279
0.014457
0.000000
0.001480
0.022272
0.018463
0.024770
0.012754
0.001904
0.000000
0.000000
0.013162
0.019011
0.035516
0.031898
0.016805
0.000000
0.001835
0.007952
0.006479
0.016942
0.022945
0.017426
0.026015
0.000255
0.014455
0.000010
0.003417
0.000000
0.000000
0.001342
0.000000
0.000000
0.000000
0.000000
0.000000
0.000000
0.000000
0.000000
0.000000
0.000000
0.000000
0.000000
0.000000
0.000202
0.000000
0.000000
0.000000
0.000000
0.000000
0.000000
0.000000
0.000000
0.000000
0.000000
0.000000
0.000000
0.000000
0.000000
0.000000
0.000000
0.000000
0.000000
0.000000
0.000000
0.000000
0.000000
0.000000
0.000000
0.000000
0.000000
0.000000
0.000000
0.000000
0.000000
0.000000
0.000000
0.000000
0.000000
0.000000
0.000000
0.000000
0.000000
0.000000
0.000000
0.000000
0.000000
0.000000
0.000000
0.000000
0.000000
0.000000
0.021959
0.019135
0.134883
0.019997
0.016631
0.011280
0.010054
0.005881
0.025829
0.017440
0.074176
0.022535
0.000406
0.016670
0.012604
0.006799
0.045571
0.029662
0.017017
0.025474
0.016766
0.012361
0.000618
0.019159
0.086256
0.015482
0.048477
0.020286
0.016390
0.000258
0.020188
0.011331
0.022402
0.020302
0.020296
0.033324
0.015457
0.011861
0.011956
0.002720
0.024937
0.019768
0.029433
0.025039
0.012031
0.001533
0.021764
0.000717
0.017204
0.019503
0.021280
0.039992
0.013861
0.013720
0.000090
0.015549
0.046816
0.017646
0.475620
0.017754
0.015607
0.013279
0.009873
0.000238
0.000000
0.000592
0.000000
0.000000
0.000000
0.000000
0.000000
0.000000
0.000541
0.000000
0.000000
0.000000
0.000000
0.000000
0.000000
0.000000
0.000000
0.000000
0.010569
0.000049
0.000000
0.000000
0.000000
0.000000
0.000000
0.010128
0.000000
0.001195
0.000000
0.000000
0.000000
0.000000
0.000000
0.000000
0.000000
0.000000
0.000000
0.000000
0.000000
0.000000
0.000000
0.000383
0.000000
0.000000
0.000000
0.000000
0.000000
0.000000
0.000000
0.000563
0.000000
0.000000
0.000000
0.000000
0.000000
0.000000
0.000000
0.000000
0.000714
0.000000
0.000000
0.000000
0.000000
0.000000
0.026033
0.019267
0.025588
0.017357
0.001252
0.009797
0.014394
0.000119
0.020653
0.021846
0.024792
0.016758
0.000214
0.000982
0.016697
0.000316
0.022383
0.011488
0.066488
0.020486
0.000000
0.004058
0.012530
0.000739
0.022860
0.017559
0.025414
0.017488
0.000458
0.000662
0.000103
0.000565
0.017255
0.023603
0.022789
0.017433
0.012643
0.014753
0.000290
0.011139
0.023307
0.019735
0.017390
0.026033
0.000000
0.000918
0.001423
0.000096
0.001079
0.022539
0.047479
0.018533
0.000394
0.006839
0.000000
0.017639
0.026327
0.018643
0.023688
0.018919
0.000000
0.013891
0.016651
0.000000
0.000000
0.000157
0.000000
0.000000
0.000000
0.000000
0.000000
0.000000
0.000000
0.000000
0.000000
0.000000
0.000000
0.000000
0.000000
0.000000
0.000000
0.000000
0.000000
0.000000
0.000000
0.000000
0.000000
0.000000
0.000000
0.000000
0.000000
0.000000
0.000000
0.000000
0.000000
0.000000
0.000000
0.000000
0.000000
0.000000
0.000000
0.000000
0.000000
0.000000
0.000000
0.000000
0.000000
0.000000
0.000000
0.000000
0.000000
0.000000
0.000000
0.001430
0.000025
0.000000
0.000000
0.000000
0.000000
0.000000
0.000000
0.000000
0.000000
0.000000
0.000000
0.000000
0.000000
0.000000
0.021541
0.019421
0.076382
0.017522
0.012237
0.015961
0.011989
0.014733
0.020528
0.134803
0.047139
0.018389
0.013328
0.018786
0.000317
0.001566
0.058330
0.018594
0.692423
0.023425
0.014144
0.010858
0.014056
0.013353
0.059744
0.016882
0.022473
0.159921
0.013133
0.059593
0.016953
0.000000
0.027371
0.035481
0.018890
0.040168
0.000240
0.017113
0.000544
0.015475
0.025774
0.023033
0.104777
0.016149
0.014906
0.000000
0.015006
0.000095
0.015134
0.045147
0.018644
0.204499
0.014025
0.014347
0.012855
0.002369
0.018705
0.041564
0.037335
0.097509
0.010196
0.013797
0.015033
0.001162
0.000000
0.000000
0.000229
0.000000
0.000000
0.000000
0.000000
0.000000
0.000000
0.000000
0.006243
0.010304
0.000000
0.000000
0.000000
0.000000
0.008893
0.000000
0.004133
0.000000
0.000000
0.000000
0.000000
0.000000
0.000000
0.009264
0.000000
0.000000
0.000000
0.000000
0.000000
0.000001
0.000000
0.010921
0.000045
0.000000
0.000000
0.000000
0.000000
0.000000
0.000000
0.000000
0.010908
0.000000
0.000000
0.000000
0.000000
0.000000
0.000136
0.000000
0.000033
0.000000
0.000000
0.000000
0.000000
0.000000
0.000000
0.000000
0.000000
0.009155
0.000000
0.000000
0.000000
0.000000
0.020734
0.020688
0.010472
0.021672
0.014523
0.000642
0.000657
0.000028
0.017779
0.019996
0.016858
0.023106
0.000507
0.000000
0.002349
0.001025
0.025843
0.015965
0.022020
0.008352
0.009090
0.005751
0.000120
0.012405
0.019723
0.019241
0.015913
0.021963
0.000000
0.000000
0.000342
0.014121
0.019258
0.018193
0.029443
0.017945
0.012778
0.005441
0.001963
0.000016
0.015797
0.025605
0.026359
0.018640
0.000840
0.000268
0.008520
0.000000
0.022875
0.021761
0.019636
0.015447
0.000063
0.004003
0.000000
0.015298
0.023296
0.019328
0.015625
0.019106
0.010452
0.000000
0.015897
0.000658
0.000000
0.000000
0.000000
0.000000
0.000000
0.000000
0.000000
0.000000
0.000000
0.000000
0.000000
0.000000
0.000000
0.000000
0.000000
0.000000
0.000000
0.000956
0.000007
0.000000
0.000000
0.000000
0.000000
0.000000
0.000000
0.000000
0.000000
0.000000
0.000000
0.000000
0.000000
0.000000
0.000000
0.000000
0.009893
0.000000
0.000000
0.000000
0.000000
0.000000
0.000000
0.000000
0.000000
0.000000
0.000000
0.000000
0.000000
0.000000
0.000000
0.000000
0.000045
0.000000
0.000000
0.000000
0.000000
0.000000
0.000000
0.000000
0.000000
0.000000
0.000000
0.000000
0.000000
0.000000
