0.000000
7.598501
6.054395
1.615702
14.119698
21.038363
9.740844
14.710388
1.061569
2.866222
10.217694
5.938101
6.101564
9.532875
15.619450
18.925588
5.465014
2.987082
6.875843
6.522630
22.318163
9.659831
11.480675
12.310625
5.131619
3.357993
0.834257
13.214913
16.907900
16.950763
6.919651
9.026089
8.761175
7.133348
4.228979
14.543500
16.276050
16.330713
16.234725
16.419675
3.009764
4.652471
9.062575
2.783490
21.836163
8.041940
22.630313
8.141376
5.929910
5.094733
8.654481
6.047495
15.552038
19.950600
15.742100
6.739409
1.757097
8.410575
7.656009
1.696540
10.298513
19.182538
8.552408
15.633963
21.336425
24.595638
28.335350
27.616725
57.626663
31.199738
53.342863
71.001113
21.495488
26.707713
26.023763
25.340575
36.705875
86.642916
75.379563
41.994050
22.282963
25.916213
25.945250
26.200550
57.383513
128.445250
102.070875
34.448138
21.247125
29.629575
23.163613
22.430200
58.434550
77.716038
45.434288
49.320325
26.574288
26.627513
21.408463
28.176513
73.297825
33.708600
48.447575
72.321038
29.605125
21.981375
25.135675
25.773295
58.214263
47.626313
41.220625
87.704238
29.947763
21.180675
18.736450
22.259075
87.133250
36.534075
75.948788
47.142713
19.396063
36.976863
16.715950
31.115313
105.874516
39.616612
35.861088
94.212988
1.080814
1.723036
5.178530
2.447361
8.427888
8.451069
11.491688
11.310688
0.944387
3.256976
1.364047
2.580669
5.820056
9.142363
5.899730
7.415588
3.840950
1.037898
3.951906
5.707366
13.889650
11.344425
6.044338
4.425070
1.914352
2.994731
1.815325
1.999198
4.973413
11.494288
9.817438
4.637797
2.836022
1.201570
3.802313
6.892164
17.634538
9.008044
10.130869
3.851528
3.123548
1.030051
6.650111
0.669613
5.830765
10.703200
5.010468
7.439965
3.323741
0.691630
5.149054
3.316118
13.456763
12.252750
5.077100
6.897794
1.557432
2.417545
2.870005
2.097462
9.098681
6.590255
4.918793
5.969134
15.962800
27.115850
26.023425
14.109038
37.081163
47.311150
48.882713
45.116525
8.465031
19.077888
15.181113
20.456450
62.571063
27.670688
75.726738
22.183163
22.823725
13.125250
19.048900
19.061200
27.926788
75.726438
52.970588
48.463500
20.807238
11.291138
26.472475
8.076019
49.717463
34.452538
26.132000
96.635250
18.598138
35.631763
24.150950
24.226600
52.837238
47.824563
48.875375
56.051463
12.777475
20.987388
14.621888
23.437200
39.738600
61.037263
28.296763
60.390975
19.072523
19.353900
26.196013
24.347638
46.162388
58.889325
52.098938
42.491363
23.131512
13.088050
18.937475
16.051350
33.371188
62.789413
45.448938
43.746900
15.503350
3.439721
1.486510
8.685753
21.103413
11.229138
11.837188
8.284544
1.553035
2.765020
4.346928
10.924713
5.843916
8.158843
17.860425
19.074400
2.637996
9.400563
2.241421
16.167325
11.329513
11.085144
7.161001
19.304313
13.651525
1.113055
3.664051
3.058591
19.338075
9.005469
4.750317
13.173652
2.400795
6.590909
4.049649
12.358988
10.335581
11.658925
15.620950
11.500975
1.067155
17.460813
2.103689
5.595061
18.954275
5.956669
9.628106
11.250375
5.813806
5.226500
3.292259
2.595818
8.547525
12.988400
18.016475
12.279275
5.283529
13.877625
2.396161
1.474457
9.403438
3.699520
18.445300
10.956931
21.484538
34.180463
32.351338
12.665888
58.564613
104.028438
35.590288
101.586813
29.518163
21.314325
25.175725
24.155075
34.265438
70.166438
89.891488
39.789050
17.126313
21.679413
24.573213
17.826725
103.045375
23.483275
54.906213
83.778325
17.305388
26.801713
19.535188
16.252563
41.281425
93.261192
64.194413
34.768800
18.096050
26.042350
25.136000
22.390625
51.216512
105.247375
29.224250
104.093563
17.928750
19.037863
38.570738
11.284000
63.689150
84.139062
56.063138
56.533375
18.230725
28.209113
25.971600
17.142775
32.062438
105.899625
72.525850
57.138863
15.030388
26.108963
35.677213
15.238088
38.345538
132.163375
52.984300
70.176638
0.752522
4.899099
2.347285
5.343199
17.464913
4.320350
4.520549
13.888838
1.740820
3.236804
1.034505
1.841518
4.093347
5.054648
7.830771
3.785456
0.707962
2.443688
2.163297
5.800588
12.678488
4.563363
7.099829
9.102550
1.070198
1.090766
2.326718
2.482857
5.373523
7.992058
3.139372
5.507585
3.100689
5.150591
0.654532
6.331248
8.437838
3.831084
12.469050
11.464988
2.922095
1.297822
1.786972
1.965270
5.329853
10.680631
11.931138
4.416836
4.220435
3.016911
2.506634
1.783035
13.478888
5.118343
5.457380
3.795393
1.430744
1.378614
1.910629
1.442020
6.209399
3.445766
9.041169
4.911906
25.819063
16.566450
14.795788
25.533500
44.209327
67.604775
35.790513
101.950125
20.828425
9.537369
13.157750
18.547725
60.523200
33.477888
37.666413
27.851638
6.744051
29.810375
32.081888
10.143519
120.383297
40.381900
24.717863
106.569375
18.455425
7.465231
12.466813
20.192038
45.937400
42.951100
32.099113
40.661838
15.921525
36.984163
15.036738
21.662413
51.330738
67.110363
21.116688
114.592875
25.798375
7.930600
14.191075
26.862975
47.590863
28.911575
57.385250
65.871825
15.269950
19.191425
27.483425
11.050125
25.879775
60.936738
34.019375
131.380000
30.671175
11.246475
10.988988
17.831525
31.318400
85.261125
32.501150
38.995113
7.632820
6.641169
1.724412
9.750706
9.992650
15.588425
19.229675
13.606400
4.456151
14.479413
1.331961
2.143706
18.519888
7.382785
9.945838
17.647900
2.746486
4.450372
8.675831
8.733700
15.417313
14.073600
19.260188
10.134688
1.458187
9.845469
1.686427
10.645963
17.441850
13.796225
5.242895
11.969375
7.667174
8.383800
8.831556
2.405634
15.376863
16.558988
13.978425
14.340425
5.979010
3.505837
2.397542
6.203805
11.125038
16.080163
5.103860
22.144200
13.587700
6.091288
10.315438
2.119689
19.816863
10.368756
15.327991
9.909188
1.797200
7.284969
0.896210
15.185263
6.626043
8.133561
12.828538
19.299561
27.503263
24.612313
30.100172
26.223088
120.930000
51.696738
82.438463
34.511913
23.831438
25.078550
28.959400
21.550250
50.274050
90.472113
50.576888
50.949563
27.405989
23.427500
18.190063
34.532788
38.339700
101.407813
51.317113
74.791638
26.365863
15.518750
32.476313
13.504200
46.149075
67.731400
64.168075
76.527733
25.501063
25.481138
27.354325
25.974050
25.894638
102.064688
99.703250
54.180838
21.583975
24.408825
26.281975
16.800288
123.255625
71.469100
38.306038
104.643188
33.578388
24.360950
24.549813
30.712463
70.496775
64.030538
41.901431
100.537875
21.260188
30.602630
28.886375
21.881175
57.333563
133.229375
34.912438
128.918937
0.962745
2.932587
2.993592
7.158291
5.477174
15.135688
5.818729
15.306738
2.092012
1.299571
0.948872
3.515750
10.950325
5.409534
4.081674
7.882014
3.257350
5.758159
1.382080
1.524653
18.765563
9.435775
7.937574
3.985489
0.754186
4.522078
0.974841
2.175202
9.894156
4.759493
6.707190
6.440633
3.247414
2.727574
4.906139
3.952960
9.430175
9.980913
10.797038
7.715241
1.174561
2.644244
4.277994
0.758950
8.380949
9.232344
4.806570
7.985927
4.177563
6.884050
0.898411
3.426999
15.770500
3.538690
10.989300
5.019853
1.257565
3.469880
0.687437
1.235989
7.247375
3.906878
5.689655
11.072200
26.366750
9.939969
21.904263
17.336275
57.153413
53.311388
38.316525
73.012613
10.897394
24.147750
7.642939
16.810713
120.659375
37.501400
39.661075
86.820263
18.423413
35.175975
20.912950
11.293863
69.440950
60.700350
43.938513
45.191450
12.303775
29.414488
9.804463
17.661513
31.897525
46.567963
48.029625
72.839838
22.516100
13.773963
20.831950
25.140250
41.218538
99.044438
90.059975
23.764175
10.657563
24.686163
21.365863
11.741963
36.902838
69.003075
21.300450
94.710500
32.631009
11.041863
14.547013
30.043663
48.417800
109.118875
43.796913
56.880775
16.415338
11.256800
16.845125
12.068400
45.143463
64.703638
50.518350
47.224125
4.567618
15.354700
2.874286
4.731996
22.144150
13.634888
13.096175
7.481235
4.705788
2.176982
2.389556
15.774225
8.707850
4.580441
19.451088
10.759756
3.754086
13.081825
1.408073
5.229629
6.761720
18.937775
8.806344
8.450039
2.484108
6.361371
13.220825
1.548200
4.997409
3.280930
16.483450
12.015244
2.891419
3.677602
13.746350
2.829820
20.529988
5.529214
20.391934
10.311331
4.090031
11.490616
1.361806
7.741375
7.658371
14.469075
7.431518
13.569766
8.228431
4.478207
12.441700
1.918945
9.384375
12.610000
9.368500
16.567163
16.785500
4.149474
2.141743
2.376682
12.455738
14.120475
4.967620
12.849875
22.445175
20.952100
20.706888
22.972475
76.267875
55.417513
35.344750
121.155719
23.615088
29.945039
22.100538
10.239806
54.537650
48.304913
83.681825
62.006075
18.181525
22.917963
11.860775
26.748038
95.402125
43.763700
63.620200
34.102200
27.428650
10.764138
38.607225
16.685800
56.663850
52.893088
140.672875
42.166075
39.343400
15.564800
22.273788
23.042913
56.758000
87.617238
32.534963
64.345500
17.471038
27.459200
13.872788
28.283975
36.646688
95.326413
48.263975
45.887250
19.306613
24.919925
21.059175
21.283000
41.765488
92.357938
47.522275
108.396125
19.640631
25.154325
21.860300
17.467825
78.144675
47.492287
72.538288
116.060000
0.885122
3.259808
9.058164
2.173432
4.422512
5.275970
7.235628
9.359163
4.909518
0.998593
1.734005
2.127612
5.615444
8.793575
5.695781
3.386235
1.870115
1.917439
7.452748
2.596778
4.804748
7.693191
6.633185
4.379071
0.835135
2.206805
2.331942
2.133587
6.356288
6.954538
5.931735
2.865105
1.888483
9.148000
1.962935
1.418708
3.796576
5.516283
5.054830
17.109300
3.497820
1.540031
2.173547
0.976123
5.490616
4.023227
6.217841
10.617831
2.376644
4.578411
3.894085
2.014632
11.775038
2.749945
10.132275
3.737479
2.237279
2.379804
1.806932
1.083891
3.992785
6.842071
4.014413
4.060368
27.307588
11.570963
19.516775
17.875788
44.364100
110.218625
45.209075
44.933013
15.045525
11.562306
23.368113
12.400413
32.436663
44.569050
26.874763
51.933388
22.523863
5.807951
19.332750
19.435275
72.833850
43.628113
128.417484
30.161838
14.412513
21.721325
13.482425
14.043725
34.132750
65.204400
36.641375
26.702075
14.682225
14.747525
12.026400
38.429825
25.444888
130.795625
42.140200
98.001750
21.327988
13.618250
18.043000
9.213444
63.150288
28.758800
47.407775
49.681100
17.364913
33.242288
9.258836
24.120613
97.953375
35.186675
46.121063
54.737488
11.020325
20.829975
9.933106
26.920250
75.248125
33.691088
65.869075
53.338875
0.389130
1.033572
1.273350
3.462335
0.143010
0.051404
0.632726
0.157267
3.385124
2.154068
0.169419
1.151493
1.065507
0.520530
0.059830
0.029847
1.602152
2.596690
0.522278
1.402901
0.049933
0.309633
0.225476
0.096346
0.553456
1.507721
6.375509
0.209381
0.116771
0.019657
0.844381
0.198283
0.723085
0.610095
1.923480
0.184623
0.154917
0.143778
0.089090
0.117529
1.165682
1.299789
0.443927
1.476474
0.031968
0.406081
0.017717
0.658379
1.048442
1.249335
0.878403
0.946663
0.080350
0.101949
0.099679
0.821424
2.688699
0.184735
0.571138
1.787118
0.217497
0.095823
0.354192
0.040090
0.082384
0.009383
0.011707
0.018243
0.001778
0.008903
0.004207
0.000737
0.036167
0.010031
0.019438
0.011849
0.011161
0.000000
0.000000
0.005879
0.067627
0.008567
0.024228
0.008524
0.005777
0.000000
0.000000
0.006778
0.017175
0.013219
0.014032
0.075279
0.000694
0.004880
0.004005
0.002817
0.011519
0.016772
0.082790
0.008401
0.000231
0.006852
0.006350
0.001160
0.008724
0.084145
0.034307
0.016751
0.000736
0.004088
0.006895
0.000056
0.007871
0.041263
0.146823
0.024308
0.000000
0.006378
0.000841
0.023803
0.121462
0.007414
0.056274
0.008733
0.000000
0.031534
0.006940
0.000000
0.974040
0.855745
0.114477
0.797612
0.160494
0.044516
0.039970
0.119772
0.582770
0.180621
0.661626
0.176992
0.077225
0.021852
0.049287
0.018989
0.194482
2.781972
0.663388
0.106865
0.031163
0.023970
0.061352
0.534181
0.384663
0.105049
0.346483
0.234950
0.085412
0.019069
0.020217
0.102053
0.238756
1.853022
0.493813
0.141299
0.016151
0.073708
0.137547
0.121180
0.120617
0.537957
0.102213
0.808658
0.063655
0.020089
0.075774
0.029409
0.308660
4.166556
0.313293
0.187210
0.020500
0.028707
0.166541
0.081412
0.545108
0.142194
0.151856
0.483925
0.031922
0.025141
0.059272
0.042639
0.013604
0.008568
0.012548
0.016918
0.006526
0.000288
0.001073
0.000511
0.018406
0.007742
0.008697
0.009023
0.000000
0.003502
0.000000
0.007118
0.009192
0.029697
0.018144
0.008626
0.006641
0.000000
0.000000
0.000395
0.008194
0.011090
0.007287
0.030380
0.000057
0.001209
0.006697
0.000000
0.015128
0.005950
0.007358
0.009517
0.000104
0.000291
0.000789
0.000125
0.010217
0.007649
0.010445
0.007717
0.000047
0.000000
0.004603
0.000000
0.018502
0.012401
0.016377
0.009461
0.000267
0.000000
0.000537
0.002235
0.007311
0.020379
0.007687
0.009649
0.000607
0.000000
0.000289
0.000045
0.244738
2.558315
6.227628
1.121771
0.083670
0.174926
0.136996
0.397065
2.501732
2.251960
1.928931
0.250685
0.683351
0.535096
0.017029
0.136511
2.841891
0.382332
3.369110
0.338405
0.155818
0.062536
0.607088
0.070084
0.161699
7.220390
1.671205
1.190152
0.148727
0.341235
0.252805
0.025746
3.541750
0.862299
1.715476
0.572216
0.164402
0.150836
0.238580
0.292751
4.725891
0.185650
2.840861
0.460381
0.045270
0.511299
0.093631
0.357068
1.435640
1.515473
2.436890
2.381843
0.468214
0.093655
0.229408
0.080510
1.091051
0.507264
1.857293
2.758131
0.105111
1.194053
0.018907
0.083449
0.052963
0.007309
0.011593
0.091662
0.002947
0.000000
0.006518
0.004682
0.045401
0.027335
0.017888
0.012032
0.006788
0.005448
0.000000
0.005069
0.099685
0.016337
0.011246
0.018482
0.000140
0.007754
0.006045
0.000000
0.022738
0.007845
0.022319
0.166240
0.012615
0.000000
0.000023
0.043455
0.046355
0.008968
0.050114
0.044052
0.008838
0.000000
0.007024
0.000000
0.027339
0.019537
0.008682
0.167359
0.000219
0.003710
0.001269
0.000923
0.058176
0.007339
0.013786
0.135368
0.007578
0.000190
0.000036
0.006684
0.099559
0.009013
0.008029
0.040948
0.038443
0.000007
0.000351
0.000000
1.390749
0.291006
2.081732
0.238567
0.011631
0.078033
0.088099
0.100544
0.530609
0.147342
0.405572
0.370069
0.107188
0.068886
0.025263
0.058341
2.106162
1.149610
0.335158
0.531677
0.102554
0.098506
0.038246
0.165920
0.600356
1.648600
0.468049
0.178026
0.082351
0.023248
0.138957
0.031970
0.475191
0.236204
4.626874
0.130662
0.026351
0.175703
0.013408
0.071151
0.365222
0.390182
0.455296
0.120286
0.080054
0.014875
0.017386
0.093777
0.151225
1.716511
1.257193
0.929560
0.036890
0.124772
0.099277
0.080514
0.247979
0.381550
0.302355
0.552654
0.026098
0.132374
0.021139
0.098933
0.010481
0.017033
0.056292
0.008120
0.002848
0.000000
0.002277
0.000000
0.008012
0.016366
0.009282
0.011163
0.000000
0.001574
0.000059
0.006166
0.063248
0.002626
0.007932
0.010370
0.000000
0.003182
0.007980
0.000000
0.010505
0.046324
0.009915
0.007906
0.000123
0.001172
0.000110
0.000000
0.028391
0.003112
0.039016
0.009230
0.007172
0.000000
0.007072
0.000000
0.005627
0.038567
0.009603
0.007260
0.000000
0.001857
0.000000
0.000000
0.014090
0.018727
0.013926
0.036221
0.006748
0.000013
0.001400
0.000000
0.004094
0.013215
0.012469
0.007449
0.000107
0.000000
0.000267
0.000189
0.675527
0.931041
3.663209
0.490734
0.517673
0.142790
0.079279
0.087985
0.926487
0.140478
3.420074
1.246381
0.033975
0.662529
0.225454
0.059824
2.849881
1.669100
0.299084
1.072019
0.181019
0.134624
0.032107
0.701036
2.861111
0.136160
3.164760
0.201573
0.127695
0.024605
1.084022
0.194393
0.620512
0.926511
0.614108
2.774826
0.130463
0.142249
0.204870
0.090999
1.045174
0.963836
1.961928
0.630518
0.281651
0.062615
1.100530
0.026843
0.260442
0.777991
0.853694
3.487563
0.102569
0.614085
0.059606
0.514587
2.525177
0.303332
5.810829
0.148820
0.922290
0.259512
0.071904
0.050159
0.042246
0.056858
0.009790
0.021730
0.000000
0.006165
0.000118
0.011614
0.053040
0.010317
0.026676
0.020224
0.005960
0.000000
0.002272
0.016260
0.016755
0.015502
0.093245
0.042302
0.007752
0.000000
0.005831
0.000454
0.010813
0.162353
0.008450
0.084402
0.024978
0.000000
0.000457
0.000032
0.038483
0.027213
0.015663
0.011580
0.011542
0.000000
0.000224
0.006001
0.017258
0.061167
0.012651
0.022522
0.000000
0.000473
0.005811
0.000013
0.008000
0.036255
0.028125
0.013643
0.000512
0.005924
0.006942
0.000016
0.018157
0.012345
0.063860
0.017169
0.005888
0.000000
0.007858
0.000000
1.244001
0.598493
0.779822
0.100858
0.056906
0.074727
0.128098
0.024894
0.250724
0.425679
0.697315
0.114493
0.024180
0.048021
0.112750
0.025639
0.370738
0.151088
2.878270
0.536228
0.018904
0.092208
0.114328
0.067791
1.019968
0.147604
0.623874
0.248524
0.022194
0.064915
0.031799
0.045584
0.455631
0.454759
0.498055
0.318088
0.094801
0.074814
0.029371
0.123005
0.458866
0.171423
0.130179
0.789249
0.022447
0.043337
0.062630
0.022917
0.077642
0.328429
2.384863
0.187480
0.029072
0.117532
0.022705
0.425215
0.557152
0.155833
1.115069
0.368879
0.024232
0.093086
0.109069
0.016101
0.008921
0.028974
0.019774
0.016045
0.001885
0.000161
0.001412
0.000000
0.010506
0.007239
0.018046
0.011347
0.000000
0.000215
0.001715
0.000000
0.012431
0.007252
0.009654
0.044190
0.000214
0.000000
0.000066
0.005395
0.011576
0.004101
0.022099
0.008099
0.001159
0.000000
0.000084
0.000000
0.009673
0.035133
0.010686
0.007449
0.002228
0.000000
0.000000
0.013574
0.015974
0.007582
0.009635
0.011902
0.005320
0.000000
0.007089
0.000000
0.007348
0.067288
0.029541
0.008182
0.004793
0.000000
0.000051
0.000821
0.008388
0.014153
0.008626
0.018058
0.000019
0.000000
0.000000
0.000139
1.707421
0.311739
2.602351
1.511395
0.092660
0.280800
0.302351
0.498651
1.430043
3.973831
2.476163
0.178470
0.571324
0.601137
0.053772
0.068050
2.522739
0.384777
7.323295
0.953952
0.756317
0.108692
0.293496
0.211661
2.212734
0.463316
0.442158
4.172084
0.176717
2.749289
0.157264
0.034882
2.716292
2.497740
0.372029
2.117288
0.032082
1.295608
0.072831
0.292965
1.021092
0.576301
4.525233
0.191627
0.455881
0.038368
0.790648
0.028635
0.304329
1.776624
0.433217
4.996455
0.782582
0.203652
0.191974
0.078319
0.237551
1.431004
1.892481
2.884316
0.331480
0.131756
0.289755
0.051469
0.016291
0.025819
0.050764
0.018409
0.000030
0.006805
0.006867
0.000000
0.010883
0.008280
0.067776
0.096097
0.001698
0.012771
0.000000
0.003021
0.120425
0.011298
0.083909
0.008365
0.000000
0.003103
0.005466
0.006890
0.010777
0.111343
0.005855
0.035558
0.001492
0.000048
0.000000
0.031981
0.004329
0.108712
0.040418
0.018391
0.000970
0.002267
0.007132
0.000967
0.020522
0.011604
0.192099
0.009605
0.008255
0.000000
0.006181
0.005362
0.044592
0.011133
0.034795
0.014692
0.010014
0.000000
0.004439
0.000890
0.010639
0.008889
0.023180
0.105284
0.000000
0.022164
0.000000
0.000000
1.304784
0.540735
0.120168
1.330254
0.209648
0.044595
0.070010
0.045937
0.126006
1.157748
0.230988
0.347994
0.037915
0.031348
0.066455
0.076644
0.859770
0.859129
0.328814
0.352570
0.092824
0.080394
0.054105
0.241424
0.949895
0.217311
0.233220
0.339123
0.037175
0.040732
0.031691
0.126576
0.379168
0.161946
1.563460
0.844775
0.196972
0.082297
0.100027
0.018249
0.125249
0.551265
0.535416
0.503274
0.045539
0.055940
0.078663
0.018959
0.843794
0.290308
1.515369
0.363139
0.029530
0.099343
0.036055
0.287743
0.315534
0.226489
0.180707
0.634146
0.083821
0.027950
0.122337
0.081171
0.008327
0.045660
0.008022
0.024662
0.008036
0.000000
0.000316
0.000000
0.008625
0.014522
0.011154
0.012170
0.000409
0.000000
0.006208
0.000000
0.009037
0.075362
0.026771
0.010133
0.000272
0.000013
0.000000
0.011882
0.009829
0.008132
0.009123
0.010372
0.005125
0.000000
0.000000
0.000563
0.022744
0.018033
0.065670
0.002832
0.006242
0.000000
0.001554
0.000000
0.008708
0.009470
0.008131
0.034083
0.000000
0.000643
0.000000
0.000002
0.013682
0.010135
0.049815
0.005835
0.000000
0.006418
0.000147
0.005068
0.013096
0.007642
0.026566
0.008019
0.000000
0.000000
0.000000
0.000000
