0.000000
4.308219
4.723758
2.715103
12.257024
13.574436
10.258508
18.426308
1.897604
3.857169
5.136652
3.203890
7.800746
12.278564
7.816123
14.258132
5.199893
3.772084
4.128418
4.212993
14.915980
11.787925
13.776879
11.762844
2.993536
5.287961
1.810714
5.108697
8.567806
14.805350
8.249227
14.823655
8.087420
4.274684
4.019743
8.427969
18.870294
12.837665
10.601126
18.796494
4.577253
2.495173
3.995688
2.498026
15.035249
8.521878
21.372045
10.358122
4.419154
6.428285
3.554472
4.928675
18.053604
12.552326
13.819077
7.836825
2.091368
4.361495
2.884080
3.726713
13.619208
9.629793
12.917631
13.671402
34.005352
75.274492
47.343139
54.087150
457.701828
117.025928
239.361250
537.076859
46.244962
29.887717
79.359420
34.311105
90.481542
182.880625
264.968859
122.632970
29.347752
61.621098
47.116289
56.470856
353.375937
1087.430156
1009.902641
101.743573
17.516998
90.333778
30.509977
39.568694
138.130856
340.112250
81.481869
266.941141
93.122148
35.962706
27.140969
70.041973
504.886781
164.780237
200.653802
429.296156
40.240848
52.124447
55.432459
36.848523
217.550819
142.920922
83.193616
466.849391
63.994319
52.548756
25.372139
46.562966
680.647859
228.386094
490.533703
108.984181
31.175300
62.266736
32.261625
44.369541
309.594906
98.970434
99.020697
464.574578
1.208886
1.917476
2.835757
1.342452
8.180016
5.739414
7.961218
12.579256
1.376761
2.192622
1.384407
2.158971
4.089515
12.230322
6.879509
13.265765
4.185026
1.812530
1.725086
2.836940
7.814834
13.730103
6.825486
5.034505
1.719073
3.070403
1.655415
2.071971
5.330375
9.672391
13.836125
3.804944
2.688743
1.138006
1.770727
2.728367
15.803033
4.877053
13.941500
4.540327
2.747607
1.658737
3.312080
1.433459
5.212839
9.860761
5.862800
9.701164
2.108968
1.197021
1.778873
2.283023
11.187022
8.304867
5.005441
9.277910
1.255643
3.069459
2.713549
1.499028
6.291696
12.545263
6.357253
9.816978
24.182297
33.196084
54.572573
15.468197
59.743989
122.888561
151.023092
74.106144
13.608875
36.997209
30.790178
31.321533
101.465623
62.986159
170.225656
52.379484
32.285908
37.269612
17.598700
27.457512
75.297202
128.771203
146.590537
80.860755
37.525605
14.250674
48.282512
15.623622
120.257586
62.328639
66.222570
169.759141
34.413578
56.629336
55.420877
29.695003
96.764981
154.285764
64.080739
199.915500
20.730855
42.371812
26.463087
46.519475
86.823853
143.189078
53.591536
162.785325
46.859748
31.571823
53.116961
26.992703
96.190548
188.508031
68.729872
135.868491
47.048461
16.753206
45.112450
26.099819
62.364575
162.245531
72.493912
91.756912
6.177675
2.247923
2.272758
5.349662
12.307438
12.447395
17.225645
11.247158
3.504133
3.507642
2.330334
4.225987
8.563843
11.849048
13.553113
8.532274
1.675969
9.610002
2.354594
7.183548
13.493498
12.315759
11.566659
18.797145
5.187056
2.721835
2.168680
4.478574
8.295509
15.693789
8.698788
14.590122
2.368858
3.884107
4.105517
6.213862
13.019758
16.893336
9.342530
13.455246
2.142664
5.606331
2.922827
3.840394
14.596705
9.445076
4.944307
17.211461
3.872229
3.500748
2.906747
2.869359
14.199291
24.463859
10.479536
16.267775
3.578007
4.229562
3.167765
3.735224
19.731623
6.284571
21.242248
8.552345
27.473820
104.726928
107.450470
23.602748
416.991844
891.539000
206.893983
888.435172
63.176484
28.423320
67.585681
36.257916
99.558656
220.884547
214.623109
99.591708
29.920509
62.390455
56.843778
28.549078
1058.294547
112.748520
206.153406
686.398422
23.136652
43.385430
62.689931
26.390903
71.711287
162.314377
316.899172
81.339692
39.583273
49.879698
66.816734
28.683639
240.289500
1000.030391
99.492483
608.872047
55.792253
23.387209
87.562797
16.995439
166.902447
375.660281
98.653591
286.655672
34.867870
75.209178
49.726991
30.603670
109.211831
931.447969
340.200766
322.814578
23.035719
43.483055
58.672975
50.723605
95.585230
422.129125
113.112452
362.666906
1.346229
3.429435
1.129307
2.027195
18.460070
5.671038
8.243771
6.890901
1.248945
3.452376
2.142440
2.137714
4.411255
10.641965
10.466485
5.935392
1.289881
2.699947
2.417415
1.375083
6.749515
9.777814
6.390753
14.817436
2.238576
1.517931
1.421173
3.692225
5.510922
8.151255
4.105017
7.683557
1.805470
3.638808
1.175590
3.574654
9.347165
6.233823
11.970949
8.388658
1.771318
2.248282
1.327140
2.923203
4.206897
14.139497
11.226915
6.969162
2.547850
1.726001
1.591169
2.653223
12.342237
4.589084
11.598999
6.303624
2.606662
1.620251
2.595899
1.236031
11.758428
6.668913
8.704376
4.622401
35.510141
49.991561
28.173180
44.401616
77.312264
183.075078
102.065950
168.596797
38.033962
22.587155
23.152623
31.920092
91.857662
67.710267
97.403331
50.129659
17.987220
48.687831
39.691852
22.642511
211.006203
102.269045
74.046259
168.122687
33.931106
17.188334
15.760467
37.774356
119.847848
81.634178
64.240941
106.446952
16.985448
59.160497
37.137480
48.147094
119.362025
102.202756
68.590208
252.678297
48.764225
13.953746
17.442277
50.713487
107.695189
69.404744
94.632750
122.360002
26.130162
19.917300
42.758634
28.802778
69.184783
187.178281
56.288134
230.303781
48.540159
22.936544
17.179979
41.414700
83.394847
147.654994
52.746620
92.442086
3.905352
8.137892
2.624239
7.257264
9.517699
22.144583
14.129903
11.618494
2.081017
7.470152
3.016477
4.300555
13.918601
10.769141
11.969716
11.144270
2.404295
4.685848
8.937169
3.502647
11.119225
17.404117
16.050153
8.827799
1.472188
5.437668
4.092344
4.701938
8.825140
11.350638
6.943592
16.320798
3.566062
6.761528
7.574177
3.692031
9.322369
20.098512
16.360646
13.945551
3.177406
4.447927
4.886008
2.354907
19.119237
10.098573
5.894220
17.845133
11.473759
3.528740
7.003913
3.575662
11.285976
11.592088
18.487988
13.437071
2.124072
3.934753
1.885903
5.976195
9.936844
10.817671
6.943207
15.194662
76.468691
35.891498
70.083142
37.140089
1073.973125
219.861875
619.811156
136.825919
47.695678
26.093167
71.421203
16.283295
111.076380
208.757203
167.916422
136.087395
51.103756
28.376602
24.217009
83.434373
126.828294
953.411125
266.270719
420.593531
40.623689
23.762400
54.046286
26.699697
111.690205
275.892109
106.040289
334.338219
57.780014
72.143864
35.931045
60.132369
101.808662
676.689891
530.986125
248.959156
18.773400
56.265181
31.345019
42.468561
293.238922
323.105891
116.928812
490.902250
87.633378
38.310661
29.029772
106.555855
277.849344
368.173625
153.014262
972.119672
42.169605
50.354514
63.139683
17.387038
172.105697
381.630266
107.663883
693.641719
1.335790
3.656193
1.522293
4.273363
7.023135
7.397270
6.185302
10.733164
2.294983
1.748615
1.397280
3.350114
10.528992
6.761229
3.739828
9.038871
1.766782
3.947851
1.116547
2.082927
15.213746
4.969045
9.261360
7.454429
1.287125
3.285463
1.252255
2.237237
8.884833
6.375516
7.465284
6.996607
4.374721
1.940601
1.892833
4.869247
9.914342
5.774962
9.077804
14.977711
1.485823
2.458852
4.129601
1.087429
10.294552
6.111632
5.543089
10.142820
3.365674
1.893557
1.406206
2.997738
9.165437
5.862222
15.188669
4.942018
1.125462
3.148435
1.111327
2.008805
15.862535
4.403091
4.577240
14.389253
38.226989
13.960939
35.959633
13.528820
94.471273
169.731080
103.424344
120.595128
22.822230
44.113678
14.531024
24.053494
172.970719
81.391444
102.655858
186.044406
17.085610
65.828808
42.100637
19.777641
105.519605
203.937219
80.652975
146.173025
17.771709
51.915575
18.284764
36.827934
76.385927
101.721494
88.712670
138.883484
23.079600
27.748133
21.770634
58.218212
111.503384
167.740187
163.812687
67.824211
14.246195
46.398295
25.110533
23.451580
80.407303
160.728859
36.990931
138.919203
56.698670
17.289433
31.576420
37.168337
149.309712
224.128250
120.393958
88.401623
35.586648
14.647630
35.564214
28.763767
88.104203
169.426875
117.499502
77.472562
3.150271
6.964486
2.490179
5.677501
13.619907
11.230972
15.562925
12.174666
3.136282
3.001080
2.987363
5.171848
13.454532
6.763063
12.436010
6.094020
2.342245
8.677282
1.938789
6.868630
12.802666
14.739013
9.003506
12.093269
1.579049
3.498452
4.048515
3.496715
10.679219
3.882349
6.664195
14.650484
2.243737
6.049218
7.477827
3.914181
22.052652
9.296649
18.766851
10.302922
4.185117
4.333578
3.072050
4.217820
12.587189
15.650297
8.371751
14.461803
6.543712
3.399417
9.257540
2.888237
11.122843
13.551813
13.162079
22.412431
5.358338
3.085754
3.628569
5.543684
22.212195
7.461661
8.959534
11.512909
32.763014
68.729984
27.582105
48.912475
556.116375
192.725555
168.425542
1001.016937
24.458652
54.767595
45.355625
19.958508
139.859105
159.109297
397.525406
233.178203
32.966575
79.617556
25.901567
61.193033
863.243969
118.872952
376.034187
130.260281
77.042216
19.038200
88.682927
16.631063
115.244098
182.841594
656.333203
114.728577
120.140794
24.938483
29.412856
84.816500
239.179547
611.114000
118.074383
357.889437
43.139287
49.639258
22.389883
34.058459
94.381959
187.840703
157.156453
114.808677
24.121209
56.125981
29.353770
70.295898
252.279000
526.759234
197.880203
874.848328
23.683725
47.427894
62.094892
29.223961
379.593797
129.394394
199.402659
712.138734
1.749068
3.608730
4.385338
1.567989
7.856118
6.527456
6.237207
10.671378
2.932404
1.861753
2.642974
1.572558
6.286762
13.925194
7.504996
4.569518
1.309091
3.551604
2.358563
2.229084
8.841482
7.139225
7.389834
7.937956
1.810729
2.752774
2.867581
1.703836
5.727410
9.386102
7.750021
4.075408
2.116385
4.918463
1.304364
2.080423
5.605168
11.407671
3.394832
12.596779
3.085671
1.214793
1.141760
2.157388
6.968225
8.495339
5.271310
13.547497
1.820932
1.783025
2.554335
2.874486
9.165006
4.851464
11.311437
7.234878
1.572449
2.968020
3.140292
1.961391
6.284736
6.682457
4.789318
8.172547
35.883947
23.858152
30.886667
17.935175
104.400405
181.632219
77.607995
150.004250
35.718322
24.258478
25.834006
20.680441
68.984275
116.903806
66.454539
111.082562
40.353942
12.406737
43.014433
20.325653
149.985687
118.816752
187.151406
62.564100
15.848773
24.643116
29.179822
22.129830
49.926078
129.449248
95.635073
56.281514
13.632403
38.333677
21.873236
58.326883
80.342437
256.401406
93.353781
161.518891
28.331005
24.242975
42.949225
18.508136
142.166009
82.157669
113.733991
80.132019
26.092717
46.807883
20.662645
51.940387
178.161934
102.423555
71.691130
163.698312
15.129052
28.910214
25.881614
52.862345
190.952828
73.539248
108.017605
85.359320
1.114262
1.313010
1.286264
2.217427
0.300227
0.046582
0.363972
0.021127
1.485062
1.089167
0.232043
1.384827
0.344038
0.022967
0.052452
0.037768
1.024447
2.215517
1.364677
1.370506
0.028941
0.468112
0.018974
0.628928
0.732289
0.501354
2.229889
0.240524
0.162336
0.026097
0.072094
0.007852
0.693177
1.312675
1.666815
0.705775
0.021297
0.028256
0.226339
0.037308
0.449481
2.071814
1.117629
0.643693
0.033317
0.049362
0.014175
0.031885
1.491324
0.476719
1.422649
1.556025
0.031344
0.084047
0.047527
0.233628
1.352943
0.395257
1.355019
0.609710
0.050416
0.062560
0.016392
0.124410
0.009439
0.004485
0.008632
0.006962
0.000717
0.000862
0.003771
0.003172
0.008398
0.012063
0.005521
0.008574
0.003823
0.002372
0.001065
0.002649
0.010084
0.004993
0.010591
0.008678
0.000729
0.003127
0.000555
0.000856
0.010696
0.000859
0.013617
0.009710
0.005085
0.004217
0.001984
0.000665
0.001941
0.008545
0.013021
0.007594
0.000713
0.000841
0.000803
0.003181
0.008750
0.008324
0.001999
0.009908
0.003820
0.003088
0.004456
0.000594
0.007878
0.001463
0.016023
0.005580
0.001439
0.001545
0.002266
0.006118
0.012024
0.007604
0.001573
0.007838
0.001685
0.007663
0.001943
0.004550
0.993089
0.713215
0.188678
1.170868
0.022378
0.051793
0.028354
0.021903
0.833944
0.242797
0.868789
0.277437
0.108220
0.015422
0.087480
0.012114
0.116754
0.968136
0.828851
0.076191
0.031917
0.011229
0.063626
0.131618
0.522038
0.200894
0.555062
0.328762
0.024204
0.023386
0.018204
0.078418
0.202296
1.405144
0.833715
0.191290
0.013147
0.063120
0.027831
0.135584
0.186882
0.588449
0.122948
0.846384
0.026322
0.015009
0.039876
0.027023
0.341901
1.162954
0.536301
0.363438
0.012765
0.054089
0.079013
0.015227
0.998165
0.336602
0.229475
0.801351
0.035184
0.011731
0.133206
0.014219
0.009452
0.008883
0.005718
0.011061
0.004731
0.002892
0.003340
0.000841
0.012306
0.007189
0.007708
0.008448
0.001607
0.006030
0.002828
0.004573
0.008542
0.006278
0.010143
0.009943
0.003870
0.000720
0.002886
0.006739
0.007303
0.011082
0.006071
0.010505
0.002772
0.000827
0.002563
0.002593
0.010167
0.006579
0.005586
0.008541
0.002506
0.004389
0.002601
0.002315
0.010234
0.004482
0.009194
0.006820
0.002188
0.001458
0.003792
0.002018
0.004913
0.008124
0.007761
0.009659
0.005850
0.000639
0.000788
0.006684
0.006809
0.009356
0.002361
0.010151
0.005297
0.004624
0.003349
0.000711
0.663511
2.117225
2.389024
0.803944
0.030263
0.395167
0.013176
0.751729
0.718571
1.347027
1.245235
0.245266
0.026478
0.099285
0.027296
0.080050
2.415756
0.108885
2.667901
0.537371
0.013573
0.344156
0.927678
0.013559
0.085859
1.562869
0.638295
0.398544
0.058495
0.097225
0.018876
0.072194
2.514970
1.070919
1.086931
0.534717
0.588470
0.012376
0.243101
0.228234
1.101780
0.078353
1.635098
0.391893
0.014706
0.020238
0.207261
0.023632
1.474919
1.070724
2.145271
1.567655
0.531496
0.009420
0.257918
0.306370
0.453168
0.865757
1.184980
0.481200
0.004667
0.305229
0.028040
0.013787
0.010049
0.007865
0.007993
0.005817
0.005348
0.000000
0.000787
0.000597
0.009891
0.008605
0.002300
0.013085
0.000776
0.004203
0.006458
0.003452
0.040002
0.000936
0.003995
0.134447
0.002546
0.000805
0.005379
0.000045
0.009237
0.013726
0.000935
0.023454
0.007758
0.000600
0.000447
0.011844
0.001087
0.025868
0.010192
0.010958
0.006847
0.004554
0.000851
0.000031
0.000988
0.008782
0.007741
0.037352
0.000735
0.003899
0.005256
0.000623
0.001163
0.000872
0.031186
0.043076
0.000805
0.004566
0.000655
0.005233
0.032463
0.004917
0.008452
0.001060
0.007854
0.005203
0.001776
0.000000
0.862094
0.513578
1.016092
0.136173
0.023047
0.139241
0.016561
0.036491
1.084742
0.122856
0.501679
0.545949
0.041886
0.012000
0.033646
0.194743
1.015291
0.416732
0.475364
0.990620
0.031568
0.011519
0.099036
0.057803
0.475420
0.874688
0.763834
0.041646
0.021859
0.046565
0.035446
0.047693
0.549060
0.465106
1.163935
0.091511
0.036194
0.023175
0.029354
0.015140
0.572390
0.458513
0.960962
0.393310
0.033203
0.022844
0.025320
0.016109
0.086540
0.858995
0.759926
0.313589
0.012853
0.145210
0.013125
0.237357
0.483005
0.468922
0.322157
1.049687
0.045633
0.016138
0.041445
0.018555
0.010055
0.005523
0.013601
0.001030
0.007049
0.004916
0.001306
0.000611
0.001790
0.005538
0.011411
0.009205
0.000719
0.007952
0.000692
0.007866
0.009261
0.001686
0.008729
0.036716
0.000560
0.006167
0.000855
0.005002
0.009006
0.008611
0.013277
0.000930
0.004889
0.005521
0.000792
0.000633
0.010506
0.007306
0.005297
0.008114
0.005588
0.006110
0.004042
0.000564
0.001455
0.008742
0.010449
0.006961
0.004908
0.000775
0.006960
0.000576
0.013700
0.008639
0.009248
0.007984
0.001898
0.005324
0.000886
0.004776
0.007637
0.007886
0.024541
0.002171
0.000726
0.006272
0.000788
0.007025
1.345594
0.911274
2.537384
0.743393
0.476412
0.014045
0.037786
0.310348
1.161393
0.391704
1.798022
0.595479
0.037361
0.027342
0.051058
0.085312
2.734585
1.045504
0.916826
1.505051
0.509394
0.071454
0.075209
0.290536
1.424522
0.360606
1.462306
0.304293
0.159719
0.061911
0.281851
0.041911
1.488872
0.698125
0.973632
1.565759
0.526319
0.021285
0.020145
0.189374
1.683588
0.470953
1.005454
1.208347
0.018019
0.080274
0.131217
0.022041
0.289856
1.745835
0.635614
1.549242
0.142768
0.128190
0.171850
0.151083
1.264577
0.701585
2.489422
0.135792
0.176457
0.022343
0.133359
0.034584
0.006497
0.009827
0.007818
0.028038
0.001547
0.001481
0.000838
0.000802
0.006966
0.012769
0.001667
0.011393
0.004093
0.002441
0.001189
0.001524
0.006474
0.014242
0.011485
0.007428
0.001869
0.003000
0.000735
0.000698
0.008180
0.013324
0.009582
0.005071
0.005360
0.000558
0.005618
0.002337
0.009137
0.006803
0.019279
0.007870
0.000873
0.001546
0.000614
0.003394
0.013731
0.007363
0.010049
0.004579
0.000605
0.004317
0.003337
0.000584
0.008498
0.012395
0.009951
0.000906
0.006627
0.001412
0.003028
0.000581
0.005148
0.008639
0.007362
0.015866
0.001671
0.000560
0.005182
0.004900
1.131745
0.435291
0.991466
0.139861
0.032520
0.053324
0.050421
0.017792
0.325135
0.763823
0.899084
0.140688
0.016061
0.020025
0.204017
0.022091
0.617624
0.294488
1.330693
0.356196
0.020512
0.078751
0.019433
0.145026
1.021484
0.095347
0.906933
0.447360
0.020578
0.027391
0.040220
0.016769
0.175243
0.754617
0.930267
0.145650
0.022726
0.059748
0.035219
0.020010
0.814930
0.256604
0.141967
1.046415
0.013985
0.040767
0.032047
0.019720
0.194657
0.875218
1.134567
0.209049
0.025597
0.170849
0.014684
0.101798
1.157051
0.122981
1.158834
0.498837
0.013835
0.154679
0.066921
0.019168
0.008455
0.014967
0.005692
0.013056
0.003880
0.002173
0.005281
0.002725
0.011605
0.006357
0.013917
0.007339
0.001862
0.001838
0.003981
0.002086
0.012004
0.004211
0.008810
0.009732
0.001343
0.000586
0.006131
0.004823
0.010811
0.009220
0.008448
0.006352
0.000765
0.005665
0.002178
0.004371
0.008602
0.006600
0.010684
0.006971
0.003927
0.000662
0.002780
0.005536
0.011894
0.007231
0.007487
0.008571
0.004336
0.000641
0.004832
0.001449
0.003186
0.011209
0.011512
0.008664
0.000740
0.004379
0.004280
0.002017
0.006811
0.012393
0.010628
0.006241
0.004632
0.003208
0.000649
0.001443
2.032837
0.716372
1.994310
1.445058
0.037669
0.035903
0.045600
0.773964
0.886483
1.204143
1.531597
0.091161
0.045674
0.040236
0.020661
0.176040
1.659945
0.111939
3.483255
0.414692
0.923324
0.025234
1.114973
0.013464
1.421970
0.779221
0.835112
0.817754
0.016644
0.565423
0.045918
0.098595
2.429741
1.396536
0.461431
1.429377
0.107385
0.930354
0.034904
0.031968
0.143624
1.220982
1.296671
0.321570
0.031504
0.010500
0.138835
0.110052
0.727907
1.629240
0.263026
2.538806
0.443436
0.016518
0.560043
0.011393
0.147756
0.664786
0.875446
0.440293
0.053968
0.031553
0.013099
0.130181
0.055666
0.000973
0.026691
0.007409
0.000567
0.005316
0.001303
0.004742
0.015329
0.004847
0.012516
0.003934
0.000763
0.005273
0.001144
0.005651
0.026919
0.003500
0.008411
0.021281
0.000422
0.009714
0.004753
0.000694
0.001349
0.032817
0.008854
0.008829
0.006132
0.000544
0.000540
0.008525
0.008156
0.049533
0.010269
0.000947
0.005411
0.003148
0.000850
0.000630
0.004367
0.008249
0.027726
0.010441
0.001482
0.000634
0.004959
0.007635
0.055374
0.001018
0.036315
0.000853
0.005539
0.000000
0.000723
0.006179
0.025132
0.006883
0.000988
0.027780
0.000051
0.006883
0.001441
0.005043
0.646695
0.145100
0.080773
0.826137
0.026843
0.088599
0.159039
0.011672
0.078856
0.586861
0.310131
0.796144
0.044897
0.011324
0.015357
0.144604
0.830790
0.279860
0.499150
0.352945
0.012492
0.177102
0.011608
0.089084
0.640594
0.072646
0.316235
0.564099
0.070942
0.010680
0.142539
0.021394
0.560388
0.068879
1.257549
0.339692
0.121700
0.011455
0.062941
0.026397
0.260031
0.959691
1.216616
0.523166
0.143957
0.013809
0.049686
0.024663
0.547148
0.254626
0.668955
0.290233
0.109046
0.260248
0.011048
0.031927
0.826474
0.078687
0.364747
0.491263
0.134740
0.096744
0.028046
0.012302
0.008494
0.006602
0.008859
0.009027
0.006005
0.005432
0.000777
0.000573
0.001871
0.002868
0.008525
0.011129
0.000784
0.005256
0.002398
0.004782
0.002837
0.009879
0.013334
0.019925
0.005490
0.000600
0.000542
0.007165
0.011300
0.000986
0.002202
0.019910
0.007654
0.004922
0.000645
0.000802
0.009840
0.005171
0.014515
0.007225
0.004378
0.000997
0.006119
0.004988
0.008218
0.011169
0.003974
0.008439
0.003208
0.006771
0.000714
0.000703
0.002713
0.008659
0.008430
0.008376
0.004972
0.001449
0.000749
0.004874
0.021350
0.001914
0.005736
0.008345
0.004832
0.000634
0.005005
0.000695
