0.000000
0.076089
0.037430
0.027043
0.351916
1.768926
0.223943
4.293858
0.028835
0.035873
0.122714
0.018224
0.395493
0.565481
0.550719
0.949083
0.257335
0.007797
0.014519
0.230276
1.898476
0.056958
2.508732
0.082603
0.013198
0.811184
0.006659
0.489207
0.534985
0.410401
0.146804
4.200312
0.103280
0.029488
0.030208
0.560468
3.550340
1.056433
0.416047
2.233344
0.136411
0.007044
0.047959
0.208356
2.678295
1.283753
5.249594
0.585298
0.018608
0.748875
0.094031
0.023545
0.805383
1.617767
0.421032
1.136652
0.096464
0.021558
0.073430
0.033048
0.793095
1.274247
2.991681
0.137764
6.002227
16.151875
11.581454
11.331617
42.626800
20.231800
34.542900
52.927100
8.415951
7.514981
12.161500
8.837507
18.795100
40.182012
39.328037
33.980300
5.507198
11.648414
8.843893
13.012298
41.339400
81.517000
61.761614
24.861100
5.046706
16.744700
4.154631
9.038760
34.095225
54.657600
24.613087
38.786800
13.099650
7.935424
6.173338
12.964410
40.353400
28.352500
27.046400
49.922037
10.707549
6.090220
8.446958
6.316283
33.649100
40.173200
23.141175
47.447600
14.254337
7.575761
4.194683
10.960000
48.594128
30.899000
51.823375
17.723625
6.609082
17.617237
7.339317
9.148134
55.743481
26.666500
23.697000
45.572862
0.025792
0.032363
0.069761
0.025474
1.828579
0.233458
0.707033
1.416279
0.026846
0.163037
0.025961
0.248214
0.363508
2.168295
0.770827
4.076487
0.875071
0.006501
0.008123
0.338706
0.173027
4.342375
0.383217
1.011806
0.151922
0.060912
0.112794
0.026033
1.182361
0.393296
1.935541
0.939565
0.157424
0.026610
0.026613
0.159473
1.448910
0.541906
1.891046
0.835854
0.295508
0.029445
0.266959
0.019010
0.909096
1.251169
0.915269
0.920816
0.299920
0.000000
0.054094
0.017655
2.438001
0.086009
0.164530
1.831347
0.046600
0.037855
0.054082
0.081651
0.292239
3.099421
0.227976
2.724895
5.656670
8.739184
10.983950
4.777144
17.975237
32.758100
33.163800
17.693487
2.044605
6.149339
6.259874
6.348556
30.861062
15.029062
39.671100
11.141500
6.613715
6.321559
4.834013
7.350021
18.072100
25.101698
34.442900
24.788100
6.667228
3.414821
9.197076
4.055061
35.498300
14.478175
13.330500
44.145600
5.493636
17.612075
13.241500
5.882596
26.747525
30.247200
18.680625
49.650600
5.603841
7.826949
5.007783
6.869326
24.265700
35.059400
14.685069
34.525200
9.928990
5.216993
6.838948
4.957145
23.148687
35.060300
17.290530
41.840700
10.863237
4.578663
7.377754
4.273827
18.352537
36.892900
22.373562
26.629800
0.598441
0.000344
0.000096
0.746763
1.802297
0.048051
3.733000
0.036408
0.014062
0.423012
0.000833
0.679171
1.404874
0.078114
0.279255
1.320404
0.000295
1.556467
0.000318
1.455467
2.776069
0.036426
0.030594
4.157239
1.115444
0.000008
0.000337
1.038665
1.363486
0.186375
2.173285
0.075173
0.001143
0.003910
0.438051
0.862677
0.052096
3.219093
1.276856
0.081653
0.002842
1.035152
0.307866
0.004536
2.493901
1.732008
0.037196
0.737181
0.471743
0.000504
0.000396
0.477976
0.048139
4.659811
1.489628
0.052232
0.000749
0.955771
0.635954
0.001123
5.157409
0.026240
2.209981
1.954396
4.749746
18.789162
15.028045
4.909667
43.081400
62.695100
27.949300
74.445358
12.005375
5.953550
11.962400
4.576601
21.054200
47.489600
47.137562
23.328800
1.891922
9.630140
9.657360
3.787222
79.710537
15.015100
39.612400
43.789317
4.732269
13.292927
8.483380
2.764252
19.912087
36.044125
39.602400
16.775420
7.024608
12.725499
10.632391
4.919447
39.445700
74.264756
23.077937
49.095500
8.717870
5.744797
17.562350
1.600547
34.048000
58.316300
31.914112
38.861800
6.489692
15.597000
12.366298
2.656374
13.460300
65.252225
38.380714
45.680300
1.974918
7.838268
14.532047
5.405803
16.126266
72.871262
24.380600
47.354047
0.000000
0.004364
0.061936
0.304977
1.218015
0.053783
1.563732
1.490566
0.088120
0.821655
0.010902
0.003923
1.199193
1.834654
0.174826
0.046728
0.000000
0.543028
0.002798
0.091491
1.522698
2.825723
0.040669
0.095496
0.002537
0.000000
0.161983
0.846853
1.267448
0.053195
1.020958
0.053672
0.277869
0.008789
0.000000
0.640391
0.313179
1.486116
0.431819
2.095991
0.248499
0.004055
0.082978
0.019978
0.821967
1.102872
0.783566
1.830998
0.417296
0.000000
0.242640
0.000583
3.156925
0.007875
2.353135
0.038594
0.004281
0.244266
0.001338
0.110230
0.085370
1.791998
0.085869
0.926637
7.341495
8.136470
3.720200
8.690800
22.096112
48.108600
21.360800
36.502412
7.038685
4.305598
6.345501
4.673002
24.008975
15.867812
24.546500
12.129884
2.685047
9.455770
12.592016
0.590421
44.711856
29.026500
10.396400
46.177387
3.596561
3.369382
2.836428
6.119331
36.727987
25.798300
13.189800
24.097500
4.244570
14.882092
7.037921
10.404130
32.426100
34.002362
12.268500
46.151269
9.853670
3.922510
3.452027
7.823786
35.662100
14.747700
27.924300
32.510500
3.839079
5.158017
9.856045
4.927803
14.414300
43.336600
12.253000
70.308287
13.541987
4.216513
1.601968
7.150650
16.110600
38.192300
12.201800
35.726437
0.031702
0.066804
0.026368
0.154990
0.184143
4.707625
2.436090
0.167943
0.015460
0.224254
0.059303
0.072260
1.174234
1.812391
2.640072
0.609202
0.005268
0.336876
0.040006
0.166313
0.841779
0.808387
1.760812
1.087242
0.037943
0.033818
0.030325
0.507390
0.734486
0.097448
0.821785
2.229175
0.030250
0.232571
0.132566
0.026948
0.501306
4.172011
3.736770
0.367043
0.025587
0.128597
0.136747
0.029898
3.672985
0.552771
0.432563
3.624199
0.745985
0.007565
0.529652
0.009926
2.328783
0.216373
0.603431
1.689033
0.115639
0.021143
0.010919
1.111091
0.195678
3.437501
0.076751
1.799240
11.404523
6.232501
11.157092
7.482293
80.468894
28.642600
46.215800
38.049312
11.818400
7.084575
9.030703
5.292515
29.797450
38.140137
44.379825
24.938700
10.107225
4.441594
4.819874
13.710918
21.346600
62.861900
45.035412
44.901127
11.385937
3.669800
12.575568
4.901738
22.401700
56.750914
35.600687
36.027000
6.504145
17.065775
9.123331
15.079000
25.690287
53.255500
46.986000
41.807162
6.053997
9.810638
5.951421
11.062027
68.465637
37.882500
36.362612
52.251200
14.884825
8.183692
6.148454
14.153800
49.842980
35.488100
22.780100
69.406755
9.673504
8.011104
10.163317
3.532349
27.945300
71.689808
37.146037
54.864975
0.024595
0.325477
0.015130
0.160303
1.011826
0.879786
0.684807
0.594310
0.040902
0.029378
0.028158
0.438902
2.316029
1.113315
0.369211
0.786601
0.152102
0.028586
0.027828
0.030840
2.584768
0.836503
1.879879
0.123439
0.004531
0.692989
0.040481
0.024787
1.622254
1.605555
0.310385
2.027072
0.264583
0.049094
0.028717
0.729914
2.735506
0.760293
0.973835
2.860428
0.033986
0.044654
0.398234
0.006392
4.400093
0.425228
0.847617
1.420314
0.037382
0.121222
0.006694
0.541170
0.448668
0.116957
3.880170
1.123813
0.027112
0.552579
0.000000
0.011631
3.620060
0.090012
0.846326
1.117738
6.485307
2.647439
10.176925
2.643358
29.338975
30.455700
30.382330
33.672037
4.945987
10.874941
2.157582
6.030102
51.406820
25.131875
27.958600
35.111100
2.561712
12.971200
6.266491
5.787833
29.238466
33.216300
22.528450
41.408400
6.595893
11.276787
3.603093
7.508319
22.385400
33.238000
21.860900
41.249075
6.406707
6.179241
5.329107
13.390300
22.374700
50.688712
36.102837
24.943750
4.780919
6.539126
7.590051
4.686644
17.352500
29.943100
11.701538
43.728787
13.199900
4.911836
5.557619
11.478507
28.678100
44.719537
37.132900
20.776188
8.012928
3.896294
6.434805
5.345409
29.962362
32.674000
35.642800
20.485700
0.002134
1.033385
0.176914
0.007813
2.730789
1.353543
1.314136
0.033162
0.002026
0.006384
0.382414
1.102489
0.280720
1.521584
1.542860
0.042623
0.000424
2.449690
0.000000
1.180185
0.035677
2.860915
0.027035
3.521523
0.200917
0.000484
0.873313
0.000535
2.772037
0.006651
1.545241
0.093953
0.000355
0.022616
1.232683
0.572912
2.100904
0.030534
2.805512
2.806588
0.895542
0.536586
0.005864
0.006816
1.707025
4.113023
0.077714
0.202982
0.014451
0.569133
1.445179
0.000314
0.054551
2.161940
0.039619
4.682203
1.108919
0.000471
0.800664
0.007363
1.066469
1.349783
3.055609
0.045683
4.122478
8.964990
2.702303
10.525675
53.229012
30.538400
23.629500
82.584141
3.481945
9.150810
6.792623
4.660951
27.865723
48.527675
48.646200
37.126800
2.545276
9.067960
4.959390
14.317399
55.826478
19.911262
50.713100
16.899400
9.530120
1.188334
16.218844
4.291050
37.261150
39.414789
61.258112
18.092234
16.417986
1.718173
6.695667
10.603100
42.303100
50.358037
20.122700
39.921056
10.562675
7.061248
2.031996
9.584555
15.111800
46.024922
49.021087
20.693487
1.381035
9.251861
4.755232
12.539300
41.788412
40.291800
25.367450
62.097425
2.465675
8.952224
7.981210
3.485621
62.550253
19.761787
32.561500
81.325944
0.000000
0.928047
0.681316
0.000000
1.449285
0.061590
0.041057
3.303517
0.505577
0.000000
0.022976
0.223410
0.103313
2.746493
1.782723
0.043725
0.124259
0.005556
0.427337
0.000000
2.737881
0.028754
1.618086
0.045504
0.000074
0.470808
0.010673
0.305933
0.044945
2.024120
0.064976
0.939057
0.005532
1.124194
0.078350
0.005764
0.061626
3.710453
0.505207
0.824504
0.035002
0.093438
0.063962
0.003954
0.117760
1.555037
1.302508
0.341421
0.292342
0.278932
0.000537
0.003306
0.049863
0.035842
2.455020
2.778572
0.213800
0.525570
0.010540
0.000000
0.045414
0.043784
1.318816
1.472274
7.730582
5.800784
8.313824
4.732211
25.113300
58.862287
20.650900
35.901400
9.304620
4.547390
8.423447
1.961656
19.673588
37.072900
10.677200
29.859325
6.267761
3.551376
8.560757
1.983322
36.158600
23.968800
44.814997
19.361287
2.446820
6.441127
4.254251
0.504464
14.281234
37.380200
24.584200
8.873670
4.048889
5.763872
3.875354
14.239572
24.103500
45.518925
18.413637
57.647920
8.694247
2.842777
7.870830
5.065634
31.808200
29.234462
21.600600
19.647248
3.894714
15.284244
5.678229
9.976350
39.957300
17.503900
16.045528
50.493387
2.873747
7.089300
4.376432
9.385240
40.010800
21.075900
40.695912
20.985600
0.005565
0.000000
0.000000
0.005536
0.000000
0.000000
0.000000
0.000000
0.005938
0.000000
0.000000
0.022033
0.000000
0.000000
0.000000
0.000000
0.000000
0.022363
0.018635
0.000000
0.000000
0.000000
0.000000
0.000000
0.004053
0.000000
0.027416
0.000000
0.000000
0.000000
0.000000
0.000000
0.000000
0.000000
0.005659
0.000000
0.000000
0.000000
0.000000
0.000000
0.000000
0.026589
0.000000
0.000000
0.000000
0.000000
0.000000
0.000000
0.018486
0.000000
0.000000
0.017020
0.000000
0.000000
0.000000
0.000000
0.000000
0.000000
0.000000
0.000000
0.000000
0.000000
0.000000
0.000000
0.000000
0.000000
0.000000
0.000000
0.000000
0.000000
0.000000
0.000000
0.000000
0.000000
0.000000
0.000000
0.000000
0.000000
0.000000
0.000000
0.000000
0.000000
0.000000
0.000000
0.000000
0.000000
0.000000
0.000000
0.000000
0.000000
0.000000
0.000000
0.000000
0.000000
0.000000
0.000000
0.000000
0.000000
0.000000
0.000000
0.000000
0.000000
0.000000
0.000000
0.000000
0.000000
0.000000
0.000000
0.000000
0.000000
0.000000
0.000000
0.000000
0.000000
0.000000
0.000000
0.000000
0.000000
0.000000
0.000000
0.000000
0.000000
0.000000
0.000000
0.000000
0.000000
0.000000
0.000000
0.006290
0.000000
0.000000
0.008521
0.000000
0.000000
0.000000
0.000000
0.002556
0.000000
0.004516
0.000000
0.000000
0.000000
0.000000
0.000000
0.000000
0.020511
0.011941
0.000000
0.000000
0.000000
0.000000
0.000000
0.000000
0.000000
0.000000
0.000000
0.000000
0.000000
0.000000
0.000000
0.000000
0.006622
0.000000
0.000000
0.000000
0.000000
0.000000
0.000000
0.000000
0.001173
0.000000
0.005342
0.000000
0.000000
0.000000
0.000000
0.000000
0.026775
0.000000
0.000000
0.000000
0.000000
0.000000
0.000000
0.000000
0.000000
0.000000
0.000000
0.000000
0.000000
0.000000
0.000000
0.000000
0.000000
0.000000
0.000000
0.000000
0.000000
0.000000
0.000000
0.000000
0.000000
0.000000
0.000000
0.000000
0.000000
0.000000
0.000000
0.000000
0.000000
0.000000
0.000000
0.000000
0.000000
0.000000
0.000000
0.000000
0.000000
0.000000
0.000000
0.000000
0.000000
0.000000
0.000000
0.000000
0.000000
0.000000
0.000000
0.000000
0.000000
0.000000
0.000000
0.000000
0.000000
0.000000
0.000000
0.000000
0.000000
0.000000
0.000000
0.000000
0.000000
0.000000
0.000000
0.000000
0.000000
0.000000
0.000000
0.000000
0.000000
0.000000
0.000000
0.000000
0.000000
0.000000
0.000000
0.000000
0.157769
0.133863
0.000000
0.000000
0.000000
0.000000
0.000452
0.000575
0.000237
0.047489
0.000000
0.000000
0.000000
0.000000
0.000000
0.248554
0.000000
0.235715
0.000000
0.000000
0.004435
0.005566
0.000000
0.000000
0.177372
0.023620
0.000000
0.000000
0.000000
0.000000
0.000000
0.074698
0.035351
0.000000
0.000000
0.000000
0.000000
0.000000
0.000000
0.023791
0.000000
0.000000
0.007385
0.000000
0.000000
0.000000
0.000000
0.000000
0.071803
0.102727
0.000250
0.000165
0.000000
0.000000
0.000000
0.019569
0.000000
0.000200
0.017760
0.000000
0.005958
0.000000
0.000000
0.000000
0.000000
0.000000
0.000000
0.000000
0.000000
0.000000
0.000000
0.000000
0.000000
0.000000
0.000000
0.000000
0.000000
0.000000
0.000000
0.000000
0.000000
0.000000
0.000000
0.000000
0.000000
0.000000
0.000000
0.000000
0.000000
0.000000
0.000000
0.000000
0.000000
0.000000
0.000000
0.000000
0.000000
0.000000
0.000000
0.000000
0.000000
0.000000
0.000000
0.000000
0.000000
0.000000
0.000000
0.000000
0.000000
0.000000
0.000000
0.000000
0.000000
0.000000
0.000000
0.000000
0.000000
0.000000
0.000000
0.000000
0.000000
0.000000
0.000000
0.000000
0.000000
0.000000
0.000000
0.027071
0.012793
0.000000
0.000000
0.000000
0.000000
0.000000
0.000000
0.000000
0.000000
0.013812
0.015940
0.000000
0.000000
0.000000
0.000000
0.061400
0.000000
0.018500
0.000000
0.000000
0.000000
0.000000
0.000000
0.018478
0.047351
0.000000
0.000000
0.000000
0.000000
0.000000
0.000000
0.000000
0.016356
0.029801
0.000000
0.000000
0.000000
0.000000
0.000000
0.000000
0.015324
0.000000
0.009062
0.000000
0.000000
0.000000
0.000000
0.000000
0.043783
0.000000
0.010778
0.000000
0.000000
0.000000
0.000000
0.017542
0.000000
0.000000
0.000000
0.000000
0.000000
0.000000
0.000000
0.000000
0.000000
0.000000
0.000000
0.000000
0.000000
0.000000
0.000000
0.000000
0.000000
0.000000
0.000000
0.000000
0.000000
0.000000
0.000000
0.000000
0.000000
0.000000
0.000000
0.000000
0.000000
0.000000
0.000000
0.000000
0.000000
0.000000
0.000000
0.000000
0.000000
0.000000
0.000000
0.000000
0.000000
0.000000
0.000000
0.000000
0.000000
0.000000
0.000000
0.000000
0.000000
0.000000
0.000000
0.000000
0.000000
0.000000
0.000000
0.000000
0.000000
0.000000
0.000000
0.000000
0.000000
0.000000
0.000000
0.000000
0.000000
0.000000
0.000000
0.000000
0.000000
0.000000
0.000000
0.000000
0.000000
0.015012
0.000000
0.000000
0.000000
0.000000
0.000000
0.022133
0.000000
0.005840
0.000000
0.000000
0.000000
0.000000
0.000000
0.026442
0.000000
0.005157
0.000000
0.000000
0.000000
0.000000
0.000000
0.000021
0.000000
0.018150
0.000000
0.000000
0.000000
0.000000
0.000000
0.000000
0.000000
0.000000
0.018281
0.000000
0.000000
0.000000
0.000000
0.021525
0.000000
0.000000
0.000000
0.000000
0.000000
0.000000
0.000000
0.000000
0.020411
0.000000
0.021064
0.000000
0.000000
0.000000
0.000000
0.000000
0.000842
0.028029
0.000000
0.000000
0.000000
0.000000
0.000000
0.000000
0.000000
0.000000
0.000000
0.000000
0.000000
0.000000
0.000000
0.000000
0.000000
0.000000
0.000000
0.000000
0.000000
0.000000
0.000000
0.000000
0.000000
0.000000
0.000000
0.000000
0.000000
0.000000
0.000000
0.000000
0.000000
0.000000
0.000000
0.000000
0.000000
0.000000
0.000000
0.000000
0.000000
0.000000
0.000000
0.000000
0.000000
0.000000
0.000000
0.000000
0.000000
0.000000
0.000000
0.000000
0.000000
0.000000
0.000000
0.000000
0.000000
0.000000
0.000000
0.000000
0.000000
0.000000
0.000000
0.000000
0.000000
0.000000
0.000000
0.000000
0.000000
0.000000
0.000000
0.011901
0.000000
0.007776
0.000000
0.000000
0.000000
0.000000
0.000000
0.000000
0.000292
0.000000
0.000000
0.000000
0.000000
0.000000
0.000000
0.000000
0.000000
0.000000
0.000000
0.000000
0.000000
0.000000
0.000000
0.025344
0.000000
0.000000
0.006041
0.000000
0.000000
0.000000
0.000000
0.000000
0.000000
0.000000
0.000000
0.000000
0.000000
0.000000
0.000000
0.000000
0.000000
0.000000
0.024407
0.000000
0.000000
0.000000
0.000000
0.000000
0.000000
0.023632
0.000000
0.000000
0.000000
0.000000
0.000000
0.001847
0.000000
0.032400
0.018196
0.000000
0.000000
0.000000
0.000000
0.000000
0.000000
0.000000
0.000000
0.000000
0.000000
0.000000
0.000000
0.000000
0.000000
0.000000
0.000000
0.000000
0.000000
0.000000
0.000000
0.000000
0.000000
0.000000
0.000000
0.000000
0.000000
0.000000
0.000000
0.000000
0.000000
0.000000
0.000000
0.000000
0.000000
0.000000
0.000000
0.000000
0.000000
0.000000
0.000000
0.000000
0.000000
0.000000
0.000000
0.000000
0.000000
0.000000
0.000000
0.000000
0.000000
0.000000
0.000000
0.000000
0.000000
0.000000
0.000000
0.000000
0.000000
0.000000
0.000000
0.000000
0.000000
0.000000
0.000000
0.000000
0.000000
0.000000
0.000000
0.033018
0.000000
0.000295
0.018623
0.000000
0.000000
0.000000
0.001521
0.023843
0.023701
0.000000
0.000000
0.000000
0.000000
0.000000
0.000000
0.100923
0.000000
0.328398
0.000000
0.004998
0.000000
0.006718
0.000000
0.000281
0.027698
0.000000
0.021405
0.000000
0.011110
0.000000
0.000000
0.169990
0.020073
0.000000
0.000000
0.000000
0.010235
0.000000
0.000000
0.000000
0.000000
0.023843
0.000000
0.000000
0.000000
0.000000
0.000000
0.017146
0.000327
0.000000
0.376931
0.000000
0.000000
0.012924
0.000000
0.000000
0.028889
0.000000
0.014839
0.000000
0.000000
0.000000
0.000000
0.000000
0.000000
0.000000
0.000000
0.000000
0.000000
0.000000
0.000000
0.000000
0.000000
0.000000
0.000000
0.000000
0.000000
0.000000
0.000000
0.000000
0.000000
0.000000
0.000000
0.000000
0.000000
0.000000
0.000000
0.000000
0.000000
0.000000
0.000000
0.000000
0.000000
0.000000
0.000000
0.000000
0.000000
0.000000
0.000000
0.000000
0.000000
0.000000
0.000000
0.000000
0.000000
0.000000
0.000000
0.000000
0.000000
0.000000
0.000000
0.000000
0.000000
0.000000
0.000000
0.000000
0.000000
0.000000
0.000000
0.000000
0.000000
0.000000
0.000000
0.000000
0.000000
0.000000
0.000000
0.021505
0.000000
0.000000
0.028101
0.000000
0.000000
0.000000
0.000000
0.000000
0.021010
0.000000
0.000000
0.000000
0.000000
0.000000
0.000000
0.000000
0.000000
0.000000
0.019172
0.000000
0.000000
0.000000
0.000000
0.023040
0.000000
0.000000
0.000000
0.000000
0.000000
0.000000
0.000000
0.015327
0.000000
0.000000
0.014265
0.000000
0.000000
0.000000
0.000000
0.000000
0.000000
0.000000
0.019088
0.000000
0.000000
0.000000
0.000000
0.000000
0.000000
0.022808
0.000000
0.000000
0.000000
0.000000
0.000000
0.000000
0.000000
0.005829
0.021648
0.000000
0.000000
0.000000
0.000000
0.000000
0.000000
0.000000
0.000000
0.000000
0.000000
0.000000
0.000000
0.000000
0.000000
0.000000
0.000000
0.000000
0.000000
0.000000
0.000000
0.000000
0.000000
0.000000
0.000000
0.000000
0.000000
0.000000
0.000000
0.000000
0.000000
0.000000
0.000000
0.000000
0.000000
0.000000
0.000000
0.000000
0.000000
0.000000
0.000000
0.000000
0.000000
0.000000
0.000000
0.000000
0.000000
0.000000
0.000000
0.000000
0.000000
0.000000
0.000000
0.000000
0.000000
0.000000
0.000000
0.000000
0.000000
0.000000
0.000000
0.000000
0.000000
0.000000
0.000000
0.000000
0.000000
0.000000
0.000000
