0.000000
1.119687
0.788965
0.250787
3.470879
5.764940
2.047963
6.000394
0.252945
0.384430
1.214872
0.904261
2.224201
2.655486
2.207577
5.598077
1.497222
0.430034
1.611761
1.342214
10.644527
2.751263
5.541015
3.521203
0.315585
2.322524
0.071808
1.946122
2.654380
5.068915
1.529690
5.171206
1.513863
1.511909
0.661577
2.661417
7.234546
4.288498
3.959572
10.385651
1.195138
0.333903
1.613582
0.949027
6.925776
3.587580
12.474995
2.978190
1.339504
2.582532
0.830412
0.907125
5.444962
5.180280
4.829043
2.716523
0.570621
1.629555
0.674975
0.280275
3.919444
3.698531
5.541823
9.129984
14.507891
22.260709
20.360592
20.492822
36.505212
24.438789
38.152730
54.031175
15.899158
16.980032
20.006509
18.811686
24.803331
47.415144
42.865039
34.003170
14.390797
20.104344
18.256492
21.467042
41.369423
88.369520
60.202484
24.229267
12.181803
23.985194
14.486417
17.596747
40.515645
55.847786
25.148133
35.035861
20.994506
18.523050
13.367937
20.451295
41.298337
30.086061
27.864438
53.885759
20.998909
15.059014
17.085168
15.427685
39.898175
35.478770
27.679273
46.371831
22.229516
16.426368
13.426409
18.628203
52.071087
28.984412
57.696081
25.286117
13.988629
25.952989
14.653586
18.436034
60.110838
27.372308
25.871211
51.857286
0.142209
0.259362
0.604215
0.207627
4.291199
1.545343
2.801361
4.255051
0.199556
0.787409
0.176253
0.952373
1.511857
5.774374
2.844149
5.045514
2.241263
0.068043
0.091402
0.997794
2.417336
5.025145
2.126021
2.342803
0.683912
0.691787
0.569720
0.169273
2.826852
2.370923
4.720631
2.061946
0.894281
0.171222
0.143168
0.850258
4.447092
2.004455
5.132403
2.395787
1.210691
0.206781
1.200190
0.159822
2.319497
3.705527
2.916016
2.895828
1.101335
0.045502
0.391529
0.159520
4.286683
2.615402
1.097386
4.669165
0.311264
0.417540
0.496917
0.472486
1.787877
4.036833
1.703951
3.836494
8.104444
17.902155
17.264300
6.337747
22.975998
30.432722
29.691975
24.351556
4.847308
8.467743
8.289796
13.522742
30.544114
20.848981
35.461125
15.386530
13.920851
7.884547
6.805966
13.453756
21.364145
30.463780
34.433428
29.817266
14.294637
7.032952
13.801769
4.156514
32.300120
17.128678
16.208200
40.475937
14.044697
25.878295
18.369777
13.895965
28.845208
26.795259
25.950687
45.564284
8.222660
9.370910
6.348121
14.493916
24.522677
30.583162
20.279480
31.985622
16.094469
6.036632
16.331907
15.203304
27.086317
30.122850
24.730256
41.273558
16.669287
5.298813
8.550529
8.488128
22.807036
30.750662
22.646750
22.841028
2.165055
0.761330
0.090654
2.091704
5.095739
3.524964
5.330335
2.550947
0.138513
1.471520
0.510875
1.663656
4.161316
2.178251
10.332063
3.452439
0.512915
4.163744
0.327596
3.403987
4.729135
4.132699
2.147713
10.703297
2.129749
0.103088
0.328073
2.113106
3.482635
3.923458
3.586181
9.502519
0.395797
1.457742
1.661137
2.762036
3.296704
5.077084
3.749303
3.403360
0.066011
2.119241
1.155473
1.180327
5.241763
4.649481
1.798542
5.363220
1.912297
1.495284
0.455600
1.201448
2.949644
6.020485
4.164000
5.026091
0.957829
2.158371
1.330109
0.132962
5.842034
0.412100
13.241124
2.911140
13.202338
25.129530
23.250992
5.760471
44.242448
61.959575
26.039219
74.258392
20.646928
14.320354
18.306106
16.950639
25.434417
49.415344
58.422217
22.730967
13.855904
15.838553
17.330952
14.369388
80.973669
21.203220
43.951712
47.243533
4.602156
21.229866
15.934598
13.099664
26.368053
42.639311
37.890550
24.573634
14.122596
22.261958
18.478480
14.767019
37.085037
76.452147
23.999203
46.655300
14.722007
7.253093
24.593872
6.917599
33.349936
58.250500
38.699995
34.708612
14.326858
17.321866
22.279145
13.606820
20.442723
69.454884
44.899487
45.572762
12.738023
15.105227
21.488108
6.235301
24.001613
84.767337
22.655614
47.989239
0.049763
0.611234
0.284776
0.785427
5.973123
0.948475
2.535318
2.899148
0.375312
1.583367
0.128206
0.070405
2.048531
2.665886
1.566160
0.810067
0.050839
0.788024
0.089744
0.247869
2.680753
2.733317
0.688476
3.421677
0.074292
0.057025
0.524407
0.933973
1.304276
1.351483
1.507835
0.928248
0.810230
0.400337
0.045668
1.233794
2.453037
2.402400
3.201060
3.756691
0.718827
0.069847
0.409999
0.184003
1.561402
4.913134
4.913612
4.018034
0.709702
0.246332
0.551193
0.099147
3.055934
0.568208
3.193937
0.501291
0.081615
0.366138
0.097278
0.306118
1.208924
2.143610
1.516625
1.089727
15.091583
14.792949
11.185494
8.532331
27.308383
43.105700
22.048495
44.561862
6.755050
4.351599
10.664676
11.764187
23.169141
20.987834
20.583887
20.075309
2.659345
10.086259
21.568706
4.196862
52.868175
30.075538
15.242359
54.030197
8.064120
3.407968
7.409909
6.408959
38.009139
29.455308
12.962562
21.483700
5.567923
22.321961
13.356523
18.631175
31.473575
41.939392
11.528217
55.642167
9.202916
3.690062
9.063872
16.229091
31.139280
14.431923
32.043920
30.056912
14.250632
5.352584
16.117233
5.146254
18.002041
42.702739
13.531462
82.760734
21.425998
4.281700
5.527963
7.265119
13.961075
45.482203
13.162572
35.479256
0.960034
1.354216
0.197428
2.069900
2.028578
10.387516
6.557300
3.442801
0.267562
2.029647
0.651627
1.017923
4.666666
4.576716
5.714886
3.713948
0.277567
1.619795
2.504817
0.896357
3.238206
5.329465
6.250077
3.558351
0.290807
1.938026
0.301182
1.700304
3.006581
3.610306
2.412355
7.401565
0.733347
1.574164
2.093961
0.334685
2.961841
9.244540
7.829494
4.059577
1.165846
1.052241
1.197438
0.368647
6.266480
3.315481
2.076178
8.710716
3.035563
0.846813
2.664443
0.132978
5.586154
2.758753
9.391416
4.579202
0.594701
1.889055
0.100316
3.245898
1.675994
5.372479
1.901337
5.007616
19.153155
15.227807
18.328398
17.685923
88.586402
28.248762
47.090844
35.846159
18.823217
15.287360
18.353337
7.661267
35.479564
40.457603
46.395748
27.282945
18.468553
15.608035
7.877481
20.128664
25.677183
63.830941
47.046225
51.013728
20.524870
9.425086
20.172658
11.068862
25.849878
57.218761
43.617403
34.622712
15.677306
24.482803
16.370133
25.095408
29.232881
53.437144
46.128500
47.967250
10.836767
16.402081
14.765805
18.616280
77.542241
40.528478
38.712797
49.867350
22.085528
17.864563
16.025767
21.495773
57.576195
35.766175
24.231594
72.859689
17.855719
17.788229
16.434563
9.873229
29.917036
80.189195
43.071534
63.060064
0.132637
1.583956
0.105570
1.211401
2.701651
3.308884
2.388444
3.128928
0.367654
0.200356
0.209516
1.548390
5.542788
2.804425
1.759655
2.717450
0.730805
0.504938
0.175619
0.268764
7.323668
2.012070
4.519720
1.192882
0.051434
1.655868
0.277724
0.193514
4.984337
3.358605
1.851493
4.142248
1.488352
0.349856
0.211754
2.592444
5.635652
2.557591
2.973843
5.173894
0.307561
0.360590
1.750785
0.051674
6.378820
2.523168
2.465275
3.726031
0.414480
0.634132
0.063902
1.352131
3.008215
1.085277
4.288400
2.671090
0.193885
1.355294
0.042123
0.107513
4.270490
1.035649
2.398973
3.414089
15.813061
5.342658
16.777783
6.951213
34.398994
28.589369
33.557173
35.499019
6.035432
17.059728
4.368229
7.896130
57.895373
23.163041
27.309044
32.907412
6.894734
17.941298
14.270897
6.988248
35.838711
29.100562
25.864891
45.826345
9.420956
16.918870
4.458935
7.320724
21.653517
32.546925
21.877000
43.351361
10.670631
8.296789
11.072792
16.108031
24.636083
53.736195
38.843884
27.823422
6.814576
13.733318
10.030093
5.389048
18.929294
26.007787
17.033291
47.463236
18.028861
5.766076
11.850428
22.603981
28.697394
51.610898
41.095228
28.358344
8.822300
6.975914
8.096123
6.342391
32.394409
31.125830
31.476859
20.044744
0.814801
2.930269
0.864082
1.107942
5.197353
3.974898
6.140682
2.523704
0.911228
0.157582
1.320343
2.272231
2.840541
3.863078
4.691144
2.232290
0.936148
4.445346
0.084424
3.619885
2.167892
9.814276
2.221246
4.681352
0.590485
1.338020
1.945299
0.134072
2.808362
0.367024
2.845809
8.695112
0.753934
0.463220
3.610402
1.704193
13.356487
1.289008
10.739864
5.067656
2.079863
1.975505
0.088358
1.293011
4.449290
5.446711
1.306702
8.948096
1.750550
2.075830
3.772647
0.387481
2.143657
4.354446
3.674236
5.703169
2.280598
1.161974
1.837120
0.268701
9.428687
2.506148
4.297317
3.759778
15.599136
13.280994
14.596570
18.940419
49.678687
33.467813
24.120495
90.451734
15.296182
16.880623
15.101474
6.587441
32.995878
45.864058
49.372275
41.029672
13.680704
14.431962
5.835496
24.578288
62.778367
25.919827
57.889095
21.666345
16.989464
6.672992
23.662920
5.053485
45.592816
39.035105
74.346278
24.981884
23.896720
12.850938
14.810939
16.159492
49.780241
53.838881
20.703503
45.245064
16.224837
16.036383
9.919919
21.730253
23.484748
53.548298
54.212955
27.084467
14.314727
15.590353
14.750109
11.782775
47.298256
39.274525
30.559744
64.599641
12.157961
10.282237
13.096036
15.818821
67.810158
26.259319
30.487137
92.848772
0.059432
1.807199
1.776121
0.070559
2.848434
1.110856
1.257342
3.169584
1.257016
0.059820
0.186927
0.618837
1.162106
2.718515
3.680890
0.794639
0.425995
0.142655
0.984304
0.129556
2.673928
1.271092
2.773082
0.623177
0.062184
0.528884
0.143669
0.416979
0.623476
1.805644
1.105755
0.973015
0.077507
2.388583
0.417214
0.081543
0.961609
4.302162
1.138025
5.811866
0.313398
0.334685
0.283326
0.070429
1.438729
3.074161
2.895634
2.149705
0.517906
0.489009
0.735061
0.118344
2.411581
0.443354
2.417785
3.501716
0.553334
0.651339
0.136769
0.065107
0.687114
0.783209
1.825617
1.507271
14.480645
11.120380
15.987580
5.771119
25.178663
71.816278
20.978147
32.798650
9.194149
4.574216
16.235601
5.970253
16.509244
39.003408
15.371050
31.417473
6.578814
3.482143
14.495109
7.992194
40.340519
20.817925
52.859050
25.825539
7.454337
7.097764
4.255167
4.877940
23.786211
36.738967
22.316375
9.027616
4.546610
11.294400
8.917134
20.918366
22.925706
53.424981
22.436147
70.680914
16.798201
6.346594
8.347631
4.557986
31.114084
35.316869
20.123491
23.222966
3.775140
25.234223
5.749047
15.311241
46.397377
18.536542
19.791052
57.568306
7.478190
7.567067
4.493682
14.245480
37.881575
19.242009
47.151581
19.527062
0.041198
0.054927
0.053306
0.391107
0.025142
0.013114
0.038407
0.020915
0.072455
0.050928
0.020938
0.160585
0.040542
0.020181
0.015114
0.011629
0.070902
0.218809
0.099089
0.084856
0.013744
0.023257
0.024514
0.020212
0.038616
0.060036
0.258827
0.024383
0.018833
0.010882
0.022453
0.017888
0.043231
0.035817
0.086028
0.028039
0.021468
0.023900
0.018938
0.021939
0.030528
0.271899
0.034782
0.042185
0.011524
0.019819
0.009760
0.023238
0.100689
0.050286
0.056241
0.079830
0.020362
0.018488
0.020809
0.046250
0.095062
0.019292
0.040714
0.025668
0.012950
0.017236
0.020082
0.012786
0.012614
0.006733
0.007841
0.008780
0.002336
0.006017
0.002531
0.001055
0.007233
0.008450
0.006866
0.007866
0.006107
0.000000
0.000000
0.002124
0.012856
0.007042
0.011633
0.007439
0.005059
0.000000
0.000000
0.002416
0.008940
0.006276
0.009163
0.008252
0.000641
0.002112
0.000734
0.001559
0.006753
0.008414
0.016165
0.007338
0.000000
0.005915
0.005557
0.000831
0.007591
0.010925
0.007282
0.008690
0.000345
0.000285
0.004634
0.000042
0.006876
0.008316
0.016602
0.007893
0.000000
0.004127
0.000241
0.006838
0.013676
0.006492
0.009580
0.007372
0.000000
0.005886
0.005841
0.000000
0.048201
0.029210
0.018743
0.052893
0.013892
0.014426
0.013508
0.011360
0.038356
0.022698
0.042902
0.024862
0.017043
0.010255
0.014525
0.009691
0.021186
0.087671
0.065001
0.018737
0.012728
0.009893
0.012455
0.026179
0.030643
0.016079
0.030650
0.019357
0.015326
0.010355
0.009860
0.018619
0.020074
0.063136
0.033522
0.022608
0.009845
0.015828
0.012316
0.018504
0.021102
0.029121
0.018687
0.046931
0.014035
0.009994
0.014653
0.011554
0.026962
0.170685
0.029262
0.019290
0.010072
0.012345
0.014090
0.012116
0.039781
0.016313
0.017616
0.034967
0.012955
0.010002
0.014462
0.010858
0.007877
0.007452
0.006547
0.009316
0.001429
0.000000
0.000745
0.000000
0.009603
0.006771
0.007417
0.007830
0.000000
0.000548
0.000000
0.004918
0.008008
0.007580
0.009431
0.007501
0.005812
0.000000
0.000000
0.001152
0.007153
0.008565
0.000878
0.009340
0.000000
0.000000
0.000586
0.000000
0.007800
0.002924
0.006296
0.008138
0.000000
0.000000
0.000000
0.000000
0.008028
0.004768
0.007888
0.006762
0.000000
0.000000
0.000432
0.000000
0.006875
0.008106
0.006823
0.008217
0.000257
0.000000
0.000000
0.000000
0.006391
0.009043
0.005753
0.008357
0.000407
0.000000
0.000000
0.000000
0.031838
0.720539
0.718486
0.060053
0.014783
0.017004
0.019249
0.025899
0.029993
0.276093
0.287602
0.029660
0.033152
0.014026
0.010503
0.021255
1.049376
0.038111
1.038506
0.039083
0.021230
0.015556
0.044068
0.012541
0.023686
0.653423
0.053453
0.060593
0.021448
0.010497
0.021414
0.011542
0.566892
0.242462
0.167592
0.044926
0.019640
0.017939
0.031848
0.019981
0.164149
0.024741
0.200700
0.022555
0.012365
0.032139
0.014966
0.013326
0.127129
0.369124
0.622627
0.275840
0.023031
0.011661
0.028126
0.014017
0.024449
0.045494
0.221849
0.022942
0.012989
0.016862
0.009722
0.013880
0.011210
0.006404
0.007912
0.012409
0.005077
0.000000
0.005707
0.004103
0.006653
0.008881
0.006661
0.008258
0.005755
0.001318
0.000000
0.004456
0.013911
0.006964
0.007294
0.010205
0.004170
0.006166
0.005427
0.000000
0.009102
0.007721
0.006849
0.008800
0.006180
0.000000
0.000000
0.006275
0.008758
0.007916
0.010539
0.010445
0.005784
0.004255
0.006086
0.000000
0.007142
0.008547
0.006372
0.009516
0.000073
0.000000
0.001126
0.000389
0.009556
0.005503
0.009004
0.011746
0.006104
0.003660
0.000000
0.005634
0.008402
0.007470
0.006907
0.008023
0.006809
0.000000
0.000095
0.000000
0.180004
0.038269
0.065008
0.027885
0.009892
0.012991
0.014264
0.017647
0.041275
0.022089
0.023222
0.039705
0.017238
0.011567
0.011071
0.013544
0.181537
0.053507
0.035381
0.044191
0.017723
0.012954
0.012930
0.010147
0.024538
0.128617
0.038990
0.021717
0.015288
0.011230
0.019009
0.011282
0.032630
0.022089
0.205125
0.021364
0.010572
0.017776
0.010675
0.014382
0.032527
0.039516
0.039229
0.018724
0.016671
0.009746
0.010305
0.014706
0.022486
0.138656
0.055340
0.020841
0.010033
0.014222
0.013227
0.013539
0.022860
0.036149
0.020736
0.045374
0.010789
0.015739
0.010818
0.016201
0.007955
0.006850
0.008435
0.003918
0.003904
0.000000
0.000512
0.000000
0.004126
0.008154
0.008073
0.007700
0.000000
0.001707
0.000000
0.006231
0.009248
0.000272
0.006957
0.008957
0.000000
0.001894
0.003458
0.000000
0.007542
0.008990
0.008585
0.001887
0.000000
0.000242
0.000000
0.000000
0.009491
0.005659
0.007905
0.006537
0.000416
0.000000
0.005224
0.000000
0.000107
0.008644
0.008309
0.006361
0.000000
0.000000
0.000000
0.000000
0.007619
0.008530
0.007562
0.007963
0.000993
0.000000
0.000000
0.000000
0.006610
0.008263
0.009280
0.000666
0.000000
0.000000
0.000000
0.000020
0.040885
0.044437
0.469337
0.039751
0.037527
0.017985
0.019499
0.017740
0.113551
0.021057
0.135224
0.029314
0.012467
0.029863
0.014273
0.014213
0.308098
0.075781
0.036804
0.073575
0.028311
0.020423
0.012707
0.050597
0.094745
0.016470
0.102036
0.025913
0.020206
0.011957
0.040400
0.012197
0.040528
0.059493
0.042093
0.138766
0.023951
0.020830
0.022058
0.022023
0.133857
0.027976
0.050214
0.039474
0.018962
0.015318
0.039479
0.010571
0.030557
0.128735
0.062504
0.183803
0.021595
0.024579
0.018603
0.033601
0.081497
0.023284
0.442372
0.021245
0.023848
0.018486
0.014672
0.013031
0.008117
0.012308
0.007392
0.010567
0.000000
0.005398
0.000528
0.005557
0.008832
0.008779
0.007023
0.009383
0.004039
0.000000
0.000000
0.005629
0.007614
0.009147
0.015805
0.008513
0.006047
0.001611
0.005108
0.000000
0.007486
0.014202
0.007399
0.011704
0.005817
0.000000
0.000226
0.000000
0.010652
0.008196
0.009127
0.007215
0.006060
0.000000
0.000750
0.005254
0.009302
0.008932
0.008746
0.006785
0.000000
0.000530
0.001524
0.000000
0.007008
0.013243
0.009348
0.006515
0.000116
0.005199
0.004230
0.000000
0.006647
0.008062
0.008834
0.009536
0.001897
0.000000
0.001449
0.000000
0.074566
0.028957
0.051662
0.017115
0.013312
0.016047
0.014540
0.011284
0.021739
0.028015
0.035818
0.020423
0.010540
0.012641
0.019224
0.010900
0.030772
0.017317
0.070497
0.022902
0.009955
0.017566
0.012895
0.013661
0.158468
0.020742
0.038635
0.021126
0.010303
0.014794
0.012675
0.012620
0.020048
0.032406
0.032025
0.021294
0.012288
0.015820
0.012233
0.012190
0.030682
0.020445
0.018344
0.141276
0.009913
0.014043
0.014088
0.010361
0.016179
0.034652
0.170701
0.023537
0.011788
0.014651
0.010671
0.024131
0.043466
0.020761
0.253601
0.023591
0.009828
0.014820
0.018535
0.009969
0.007760
0.009684
0.006888
0.009625
0.000219
0.000000
0.000119
0.000000
0.008317
0.006336
0.009580
0.007624
0.000000
0.000000
0.000109
0.000000
0.009369
0.001026
0.007250
0.008861
0.000000
0.000000
0.000200
0.000113
0.008262
0.005025
0.008725
0.005681
0.000000
0.000000
0.000000
0.000000
0.008153
0.007707
0.009072
0.006503
0.001395
0.000000
0.000000
0.005848
0.008862
0.006749
0.007257
0.008120
0.000382
0.000000
0.004099
0.000000
0.000109
0.009935
0.008204
0.007084
0.000012
0.000000
0.000000
0.000000
0.006802
0.008758
0.007524
0.007919
0.000000
0.000000
0.000000
0.000000
0.288843
0.035204
0.426551
0.141419
0.015459
0.031156
0.018581
0.027399
0.133884
0.223975
0.183599
0.023760
0.017368
0.031313
0.013341
0.013757
0.635856
0.038133
1.555216
0.049421
0.038866
0.016269
0.047023
0.022129
0.246266
0.140735
0.038937
0.098023
0.016930
0.036684
0.022015
0.012055
0.836028
0.208985
0.042117
0.170786
0.013383
0.041370
0.015022
0.031544
0.047627
0.044530
0.243616
0.018760
0.028658
0.010279
0.018239
0.011783
0.118010
0.317709
0.040346
1.498470
0.022236
0.021614
0.052402
0.011943
0.027915
0.056096
0.066777
0.021827
0.013441
0.019416
0.024342
0.011938
0.010674
0.007119
0.015289
0.007679
0.000000
0.006291
0.006005
0.000000
0.008855
0.007173
0.007725
0.011795
0.000364
0.004849
0.000000
0.000398
0.011889
0.007170
0.011673
0.007479
0.000000
0.005655
0.004819
0.005901
0.006471
0.009230
0.006706
0.009860
0.001190
0.000000
0.000000
0.006332
0.006571
0.015589
0.009838
0.006937
0.005265
0.004717
0.006242
0.000242
0.006611
0.008013
0.015558
0.007752
0.006118
0.000000
0.000117
0.004358
0.013591
0.007460
0.012821
0.006484
0.005949
0.000000
0.000612
0.001410
0.009284
0.007318
0.007149
0.008016
0.000000
0.006322
0.000000
0.000000
0.084126
0.030851
0.020714
0.140417
0.017140
0.011897
0.014615
0.011511
0.020569
0.045243
0.017657
0.035572
0.012185
0.010229
0.012928
0.013785
0.043001
0.018368
0.034963
0.023736
0.013015
0.013659
0.012707
0.012399
0.072644
0.024790
0.016490
0.036259
0.012857
0.010172
0.011224
0.017181
0.046668
0.022493
0.053377
0.022147
0.012888
0.011964
0.018076
0.010525
0.016612
0.042206
0.044175
0.024562
0.012886
0.012288
0.016153
0.010174
0.038531
0.032220
0.078496
0.017851
0.011994
0.014494
0.011121
0.023341
0.036947
0.024753
0.020762
0.047772
0.013031
0.012010
0.017763
0.012453
0.007522
0.008225
0.006983
0.008892
0.002891
0.000000
0.000000
0.000000
0.005252
0.008085
0.007415
0.008598
0.000000
0.000000
0.001175
0.000000
0.007776
0.010705
0.007785
0.008815
0.000007
0.000000
0.000000
0.005959
0.008521
0.003556
0.007655
0.008998
0.006131
0.000000
0.000000
0.000000
0.009026
0.007270
0.008685
0.006421
0.001601
0.000000
0.001714
0.000000
0.007190
0.008237
0.004520
0.008428
0.000000
0.000152
0.000000
0.000000
0.008468
0.007063
0.008402
0.006563
0.000000
0.000204
0.000000
0.000000
0.008787
0.000733
0.008171
0.007025
0.000000
0.000000
0.000000
0.000000
