0.000000
14.199469
12.476125
7.563839
23.716869
31.511000
21.148556
32.066080
5.102537
11.439197
16.245184
12.827745
16.319486
23.586805
19.807422
32.874941
12.075744
11.802966
14.650020
12.371297
30.478397
22.277527
27.953644
24.124392
10.113387
10.507055
5.228311
16.234222
20.439858
29.999234
16.982480
28.993841
18.274259
15.342317
11.461141
19.658489
36.080609
25.473603
26.699178
33.722022
10.368247
9.813255
16.163627
6.379515
35.847305
18.308822
41.120153
20.640998
14.734880
13.894873
13.940428
14.575623
29.054091
27.128722
31.486419
14.741555
4.949246
17.015169
11.530653
8.962423
21.820617
23.030208
23.092512
26.789686
55.661739
115.323437
80.101286
89.996503
341.029141
114.335719
272.204094
393.063125
59.872189
63.313919
87.930905
67.390550
117.464875
293.517234
374.808062
195.274172
46.521837
109.694406
67.926714
100.515220
250.066000
1096.879062
738.510922
200.463766
45.714456
105.324828
47.037173
66.799986
290.078375
334.688578
153.059047
238.191078
99.193420
71.120184
46.625228
103.119791
487.998406
167.098719
177.921094
412.536250
77.640861
50.716012
62.077045
57.788344
301.926672
221.508875
154.306125
327.948078
110.947187
68.576394
45.991902
81.370867
749.636672
212.751437
524.993359
130.740281
52.818389
115.541406
58.429705
83.958809
684.195578
116.506000
126.804937
590.854828
3.866348
5.926779
10.254002
5.737380
17.620295
14.876397
19.317481
22.508139
4.247652
6.277577
5.017507
5.371160
11.483208
24.963975
12.341200
24.514342
7.602950
5.653186
8.284969
10.437564
21.103447
27.801167
12.722200
10.313711
4.635856
6.952062
4.394426
7.117855
10.682133
22.171061
22.032812
7.470770
6.809510
4.245208
7.559889
10.381445
28.146258
14.280703
23.562109
8.197070
6.441325
4.902320
11.542791
4.248895
13.192556
22.220852
10.737500
14.916500
5.516241
4.765392
7.456630
9.205880
28.517458
20.313828
11.653233
16.464100
3.879626
8.210805
7.187059
4.303979
15.649289
22.880352
12.223398
16.859000
37.574500
62.536794
64.946700
33.994352
100.239316
173.793344
181.156906
122.886312
21.194552
43.451700
43.194684
48.831186
161.970844
85.539967
248.054641
60.595400
50.187647
41.331400
39.471559
48.156723
99.493564
193.800594
181.972500
136.375594
50.036830
27.178233
76.479509
25.351884
192.836094
100.398670
84.298528
263.361234
40.284600
97.008639
75.455361
52.228117
155.992250
171.277656
114.007578
273.703187
34.382123
60.237089
35.406100
53.292800
119.366312
216.382281
92.990006
200.036375
66.120034
43.905655
60.611158
49.975712
126.172016
219.651891
118.744047
206.766844
62.751727
32.118397
48.539400
33.224452
104.994969
204.809922
120.620141
150.737328
18.199819
10.295293
7.882149
13.563902
28.480114
24.791714
31.109402
21.386762
8.741722
6.979595
9.589853
12.008459
17.075745
22.690611
31.999958
20.946525
10.308382
20.205383
9.283995
19.417775
28.043030
26.549770
20.668556
37.805358
16.167608
7.945910
9.003465
7.650801
20.750909
28.990362
17.121069
27.848514
9.290305
14.231589
9.972812
17.899675
23.237394
29.517447
20.765234
27.199692
6.688712
18.737331
5.107623
12.663769
31.384273
17.591139
18.893842
32.828550
11.281283
14.051477
10.267877
5.406630
24.334750
42.181531
22.037592
30.093728
12.733906
16.757770
5.831210
10.206608
34.275406
13.758248
42.341256
21.432805
43.122655
140.917250
99.442450
40.716402
317.349687
510.227016
207.658703
490.852875
80.309336
57.297228
88.018412
54.131434
140.449891
279.942969
353.922516
182.523437
46.362970
104.111806
91.595480
38.847419
966.438922
128.093453
281.332516
654.980156
41.099083
77.114366
74.057672
45.328319
139.851125
346.248484
293.009812
88.604664
59.062048
84.520919
73.105834
47.963794
201.425812
942.706703
170.835797
392.965734
74.375930
52.715973
125.916609
35.489947
316.876578
338.704703
199.725187
256.787578
57.295259
132.591078
85.902562
47.582002
121.052391
905.010031
431.424031
246.084031
45.151231
80.703400
93.842433
52.558836
108.077828
892.184375
186.953375
306.726109
4.565927
11.020864
3.762999
7.713425
35.192423
11.775086
11.594000
19.000537
3.335426
6.891644
5.451553
7.183178
7.974040
15.418000
19.949559
12.913387
4.979835
4.843186
8.354854
6.150438
19.990462
16.984800
15.906083
26.542997
6.631578
5.718324
3.494137
6.641610
15.039636
22.042323
7.933090
18.448459
4.546019
11.454897
4.651732
10.800255
20.691672
9.886310
25.255472
20.739348
4.943579
5.964495
3.571566
7.881379
12.224806
22.820773
26.366500
11.204600
8.674177
8.657719
4.034733
7.654139
31.025633
14.830841
16.707900
14.321036
7.307545
3.889519
7.557770
3.101368
16.299087
11.229700
22.684292
12.875453
49.696316
61.021980
36.581167
63.226598
114.712078
253.624266
126.411250
294.180781
58.441648
32.362303
34.213494
41.613362
146.752766
94.180672
140.323937
77.590177
19.466200
81.978528
69.672406
22.434800
378.774359
125.620047
79.112511
263.021484
40.672777
20.013100
27.619753
56.245927
144.534500
121.487656
102.320650
145.463203
39.485980
85.676748
42.816300
67.525642
159.942141
170.331453
79.658236
439.204094
70.721345
22.458100
37.455172
55.900300
167.316641
86.520305
149.746812
211.735562
51.930239
53.271002
59.517577
37.106300
108.044109
230.841062
87.389127
438.432562
69.514366
32.715922
27.548369
54.662123
99.464841
229.164969
94.680123
153.118391
14.841333
15.692481
8.061473
17.507680
21.178216
37.110161
31.735731
20.735292
8.359719
19.316716
6.085213
10.135208
25.375028
19.374634
24.408323
26.817562
9.956905
10.805434
18.575892
13.740505
21.703816
29.427953
34.857677
19.037941
4.710413
17.857969
9.845386
13.389142
21.429937
22.110302
14.224697
32.146080
14.224289
15.789492
16.902655
9.396466
23.663047
32.269770
33.934362
24.586523
12.302911
10.994981
10.097035
9.589317
33.602208
19.433273
13.430495
41.112816
20.944062
13.489912
16.755305
9.580857
30.200278
26.099922
28.809998
22.531859
4.677345
15.648205
6.017345
18.391159
18.258270
20.173673
20.510112
23.881670
91.740908
52.028623
90.611583
62.523764
1073.495469
190.388656
449.792422
180.493672
72.863334
47.332295
88.856744
47.192577
207.741828
360.667984
247.536828
141.482531
87.521850
56.195858
40.702387
90.031808
139.018172
917.847094
275.471891
480.302734
78.363472
43.908580
83.116620
40.622650
130.947375
337.785641
207.378266
411.939875
60.187541
107.089500
67.688386
109.959812
142.511875
874.041875
356.651891
288.287016
46.843747
69.923959
48.154012
71.432461
555.516344
373.810344
180.226750
374.056656
110.054297
61.266322
59.477152
117.711750
387.501703
253.290781
170.149078
827.154234
72.725470
73.989619
75.002627
45.780166
195.531125
942.785187
169.372281
967.091703
4.137641
6.870746
5.983046
13.238444
11.423700
21.117261
10.635300
22.484555
5.600468
4.663889
4.243754
6.665136
24.233795
12.574650
7.933700
16.520500
6.070106
12.119473
3.822082
6.447057
35.274208
12.885833
17.601556
13.563947
4.216564
6.395099
3.856955
7.816931
20.401070
11.182900
15.489420
18.650070
9.333774
6.258817
9.204351
8.970360
19.730008
14.861891
19.601161
20.957100
4.405302
6.910537
8.182493
3.693555
22.847836
17.256845
11.864973
17.676600
10.799345
8.691721
5.006711
5.876650
26.117627
11.309494
24.461666
9.311840
3.993897
5.854680
3.778485
5.932007
21.105800
10.288318
11.380312
21.968291
55.826805
22.136100
66.670405
33.313887
159.032687
178.643906
145.059156
194.666625
32.639053
65.412217
22.977358
46.428342
290.318734
134.737531
121.565266
233.372266
33.766270
89.819706
43.585700
32.573516
183.721969
217.109828
127.769812
215.679937
31.102708
71.160711
23.711100
50.848075
116.758500
147.985031
129.375922
232.568797
50.548937
45.996311
34.897027
56.365006
123.581266
346.697187
250.634891
109.016234
20.498600
56.072067
61.863870
29.592900
104.813469
200.637922
76.858697
243.938922
93.108969
27.741603
38.301012
76.852312
182.389000
340.814547
189.311719
147.180750
54.520881
21.493200
34.154100
34.636800
149.117797
196.384250
202.282969
123.528516
12.105222
19.077836
7.982762
12.646019
31.072423
22.907984
32.007969
20.430077
10.782427
10.313722
5.181616
17.550969
23.833455
12.338317
26.892020
20.442539
10.931073
20.364902
7.779454
14.028548
20.718408
27.524809
20.543198
25.197530
3.888085
14.336117
15.196211
9.432120
19.357206
12.283997
19.650855
24.486597
9.247772
13.915309
18.838734
7.952662
44.043930
14.866656
28.531756
23.566936
7.486110
15.532769
7.944664
16.681705
20.889805
38.156772
17.651283
25.062166
18.312287
10.099985
20.049841
9.694552
23.425086
24.771977
20.915672
47.370820
17.959130
10.690121
5.674823
12.364181
36.322472
18.505898
15.364022
28.364822
53.613277
68.002842
48.006908
95.004267
351.256875
170.310109
165.177156
1042.973437
53.310569
86.480948
44.989400
38.480183
271.642328
236.133125
372.680953
318.819297
45.137434
97.251619
41.948536
100.438320
689.595406
145.617984
354.342312
152.345250
91.860936
36.028392
121.755203
46.636478
229.140687
267.051531
1036.700594
118.956547
114.596859
42.364687
56.874420
100.611687
313.169016
380.986187
156.592859
336.993687
83.854644
77.726542
35.831470
77.579406
118.926344
391.196969
231.983734
145.544984
46.579934
102.150383
50.013216
99.677489
212.509266
358.623797
259.914516
891.403937
43.190098
84.532358
72.773056
53.786212
365.343609
128.349500
284.314844
1010.769875
5.172855
6.922292
12.109237
7.547500
10.485700
13.069900
14.688047
22.834545
9.675794
5.636920
7.438273
3.553830
14.203358
22.940820
12.176100
10.200322
3.176846
11.209012
9.523117
8.415783
15.814400
17.989514
16.750431
15.582780
5.506346
5.563160
9.521757
3.946707
16.067555
16.231500
16.207078
8.335120
7.148095
12.649092
3.809208
7.241192
9.755710
18.790500
11.072645
34.910497
10.344952
3.047773
3.314528
5.951625
13.008617
13.723500
14.087420
21.473398
4.316475
7.038326
9.655458
9.480497
25.174764
11.674247
21.275522
12.194300
3.652543
6.899496
9.233393
6.712464
14.589097
16.402166
9.367260
13.737700
50.445022
37.653700
58.517806
52.711245
118.689141
299.852359
138.377250
212.386984
64.392180
34.153500
54.307562
28.617791
111.889141
166.168219
82.708400
162.477250
58.687219
19.243400
48.190727
41.198478
203.031875
152.458219
313.683344
101.053900
31.096328
58.676380
37.175400
31.238394
85.640181
197.891641
148.277547
74.546909
35.809611
42.459000
38.010230
86.317352
126.238297
383.712672
103.585719
305.878437
56.577998
25.813900
40.710528
24.292700
196.042203
135.022625
129.383937
140.342141
34.226289
88.445569
32.010772
55.333600
249.053547
117.869594
126.611156
243.606516
24.037252
60.713814
33.355300
55.608189
240.518781
126.535875
184.881750
149.196375
3.516718
5.640781
6.589321
9.191431
2.604748
1.230987
3.651621
1.372737
6.910426
6.225403
2.550411
3.849700
3.851001
1.653601
1.192841
0.772590
6.957331
7.082505
3.632018
7.162761
1.256572
3.590810
1.393181
2.226873
3.504653
5.366711
9.286813
2.511571
2.148427
0.431390
2.741511
0.751705
5.098477
4.842359
7.752875
3.190225
1.410657
1.805636
2.234208
1.749831
4.136150
4.874519
3.536413
5.292003
0.766686
1.887668
0.347411
1.973376
5.066416
4.954820
5.386371
5.165052
1.508771
1.845783
1.854554
3.205271
6.936777
2.567728
4.749532
4.047006
1.308238
1.645864
1.209167
1.266416
0.454268
0.209191
0.193217
0.244104
0.057561
0.084406
0.049917
0.028156
0.228955
0.215133
0.171718
0.123941
0.123927
0.012791
0.023309
0.050783
0.596962
0.102553
0.580963
0.165975
0.052862
0.017234
0.012758
0.046779
0.174695
0.087796
0.316309
0.513703
0.048163
0.037062
0.036969
0.028554
0.192994
0.226251
0.963671
0.165198
0.030497
0.081875
0.072538
0.057577
0.111328
0.551530
0.271524
0.267688
0.036337
0.045069
0.042311
0.023951
0.208253
0.254295
1.196814
0.368786
0.025802
0.056173
0.041281
0.278269
0.932219
0.072722
0.331343
0.087798
0.012775
0.144371
0.066739
0.025921
4.177511
3.720813
2.031856
4.020599
1.227799
0.769428
0.744648
1.019833
3.657771
2.446847
3.528720
2.625178
1.263348
0.263376
1.014518
0.180970
2.327426
4.619701
3.718860
1.600184
0.707505
0.174824
1.086107
2.616682
3.387357
1.574241
3.443101
2.371923
0.924391
0.240871
0.256620
1.615667
2.533488
5.930535
3.141222
2.420589
0.210382
1.162168
1.080559
2.140937
2.269041
3.235829
1.482143
3.590720
0.832183
0.210097
0.898864
0.664380
2.920095
5.311894
3.091645
2.200256
0.187889
0.771288
1.608163
0.891821
4.337238
1.484420
1.960646
3.500416
0.595175
0.211491
1.372330
0.352991
0.151411
0.065739
0.150725
0.147310
0.027430
0.023210
0.047844
0.016913
0.187023
0.055000
0.055732
0.066212
0.008190
0.025650
0.005130
0.042053
0.080384
0.280096
0.204157
0.129488
0.068938
0.007266
0.015155
0.026686
0.061546
0.133061
0.022756
0.168118
0.010909
0.015890
0.026065
0.005028
0.250679
0.031361
0.085388
0.107173
0.013933
0.024469
0.013438
0.024770
0.140866
0.030651
0.104175
0.045096
0.012462
0.008378
0.021068
0.010101
0.140497
0.072463
0.172593
0.098172
0.021634
0.014068
0.011102
0.035848
0.036628
0.111613
0.036925
0.113322
0.018286
0.009988
0.013438
0.011768
3.533294
6.162692
10.098911
6.029523
1.297080
2.658425
0.879011
3.456978
4.639739
8.432410
3.516220
2.849818
1.774924
2.505704
0.435072
1.887852
6.617131
2.512530
8.440120
3.974002
0.898704
1.633428
4.467398
0.927317
2.001781
7.083351
2.655789
4.709796
1.795308
1.825144
1.424625
0.653186
9.119447
3.026711
7.050060
4.916100
2.857176
0.860531
2.950486
2.963388
5.620830
2.093405
8.016376
2.670731
0.658258
1.510119
1.573348
1.494010
8.187719
3.043922
6.660872
9.771897
3.827627
0.442985
3.052587
1.933873
2.517072
5.651221
8.193532
3.224905
0.470812
2.432738
0.318722
0.577877
0.728249
0.074946
0.304426
0.486530
0.077451
0.013192
0.096175
0.064152
0.242413
0.274639
0.140429
0.146218
0.051836
0.038348
0.012582
0.060527
1.572780
0.075226
0.088187
1.107313
0.041638
0.053669
0.061203
0.021964
0.158236
0.130516
0.115589
0.986902
0.060607
0.010126
0.024203
0.208469
0.270802
0.440829
0.685836
0.774802
0.142752
0.050646
0.095861
0.016432
0.188319
0.147459
0.067283
1.013704
0.033206
0.025433
0.029568
0.023149
0.281056
0.047413
0.583917
1.572446
0.053457
0.047738
0.022459
0.211705
0.777208
0.090026
0.067501
0.159782
0.461535
0.010529
0.024875
0.018358
3.593033
2.945738
6.851069
2.570561
0.248736
1.278863
0.907560
1.325617
4.605939
2.065978
2.567435
2.586425
1.138609
0.421408
0.470293
1.104944
3.385105
4.900091
2.298536
5.726072
1.209923
0.691954
0.661648
1.157451
2.099842
2.409526
4.958696
1.519332
0.754364
0.334289
1.343582
0.486298
3.869222
2.582059
5.533444
1.995183
0.560036
1.440802
0.289110
0.648853
2.876412
2.366656
4.447995
1.676199
1.094141
0.234654
0.241511
0.690394
2.010904
2.573777
6.187561
2.201756
0.216656
0.725207
0.822171
0.948678
2.012582
3.904177
1.769463
5.171077
0.315411
0.808998
0.341355
0.900955
0.077736
0.144742
0.377050
0.036946
0.031154
0.014422
0.032818
0.005351
0.038360
0.082482
0.144587
0.086695
0.008714
0.024539
0.012206
0.033872
0.266162
0.022386
0.054318
0.240787
0.005195
0.029714
0.067898
0.008330
0.084882
0.150797
0.138122
0.029417
0.015451
0.016503
0.013696
0.010077
0.191135
0.028126
0.233587
0.065474
0.069329
0.011335
0.052367
0.004947
0.021708
0.140811
0.119796
0.045171
0.012707
0.019924
0.012067
0.005210
0.142224
0.110289
0.064995
0.282818
0.051589
0.019037
0.014504
0.006838
0.036326
0.065747
0.199888
0.026679
0.013697
0.008915
0.014231
0.017632
4.721960
5.637139
9.151950
4.935044
3.938072
1.048112
1.481356
2.217179
3.753134
2.295945
7.808684
3.686322
0.890254
1.885465
1.535606
1.175319
8.358289
6.740946
3.069947
5.990644
3.195169
1.994856
1.091978
3.325243
7.103437
2.231654
7.154457
2.699116
2.178973
0.677779
3.910633
1.163648
4.587566
5.190932
4.754531
7.316917
2.306120
1.321241
1.499246
2.213359
4.641664
3.453242
5.970732
3.819371
1.367937
1.555588
3.415589
0.586100
3.432166
4.082394
4.806412
7.158037
1.862509
2.874650
1.878130
3.066638
7.247777
3.075940
9.604951
2.067081
3.354087
1.248505
1.315771
0.922992
0.251923
0.471604
0.223562
0.752223
0.029697
0.061694
0.059743
0.078937
0.281899
0.240940
0.209356
0.257879
0.044564
0.011857
0.033692
0.101731
0.432577
0.364488
0.770944
0.442100
0.088203
0.049787
0.057097
0.024878
0.096369
1.048999
0.123380
0.456819
0.115777
0.017942
0.023599
0.031524
0.474565
0.216638
0.722494
0.114665
0.080482
0.018140
0.034997
0.086067
0.210255
0.414581
0.248892
0.170106
0.005796
0.048965
0.052867
0.022550
0.120657
0.713311
0.331128
0.116144
0.027554
0.088640
0.061909
0.021641
0.127116
0.197420
0.501169
0.278542
0.048448
0.005080
0.058239
0.025520
4.285225
3.263188
3.799692
1.401752
1.043531
1.205779
1.523251
0.447619
2.703949
2.990073
3.341444
2.266002
0.249599
0.637621
1.952318
0.319377
2.864758
2.429168
6.685144
2.642067
0.275187
1.536998
1.029022
1.557006
4.026531
1.863649
3.777513
2.260063
0.260793
1.048860
0.648807
0.429445
2.443709
3.504872
3.112907
2.256362
0.981735
0.954633
0.639962
1.060267
3.636140
2.436178
1.506130
3.706652
0.239792
0.732136
0.926187
0.308048
1.522320
3.695263
4.670076
2.421719
0.528086
1.988385
0.253735
2.010781
4.141241
2.193909
4.246413
2.503852
0.383715
1.055704
1.286079
0.243628
0.092694
0.564881
0.145756
0.170049
0.021458
0.018692
0.021586
0.010984
0.117454
0.043597
0.195667
0.064539
0.005266
0.013437
0.021747
0.004878
0.161420
0.031243
0.153918
0.383389
0.012048
0.012904
0.021678
0.036839
0.133224
0.031478
0.168997
0.038755
0.014610
0.014944
0.012502
0.006850
0.089898
0.247141
0.164306
0.105766
0.038243
0.008632
0.007165
0.086054
0.176679
0.041480
0.051649
0.112295
0.024947
0.006876
0.030711
0.005725
0.019456
0.487852
0.390794
0.053423
0.045208
0.005877
0.014959
0.015395
0.042590
0.171570
0.069395
0.133392
0.019873
0.010922
0.008826
0.012275
5.414739
4.391498
9.319566
5.506739
1.438265
2.522182
1.970051
3.686686
3.274560
6.077292
8.035244
2.077851
2.012248
2.075270
0.987056
1.201255
4.390419
2.937112
11.622261
5.037413
3.965490
1.360752
2.581632
0.904176
7.622410
2.365767
4.982409
4.082329
1.238884
3.835791
1.733139
0.739037
7.614420
5.532783
3.828286
8.230549
1.221055
4.567752
1.475045
1.710471
3.650710
4.899773
6.250734
2.191845
1.957198
0.239153
2.666047
0.868991
2.552359
8.589993
4.192311
8.262040
3.957763
1.559452
2.455770
0.739127
2.240001
2.317316
8.045759
3.227715
2.004542
1.542241
1.057319
0.750574
0.853829
0.163709
1.120611
0.110940
0.016974
0.216272
0.117644
0.016443
0.245910
0.090415
0.613680
0.455034
0.036329
0.081695
0.016121
0.055635
1.493402
0.230800
0.432275
0.405820
0.023275
0.080054
0.125341
0.046603
0.077704
0.818509
0.092934
0.249612
0.036229
0.019236
0.006604
0.441482
0.105073
1.626758
0.504981
0.118107
0.059801
0.070377
0.084400
0.024098
0.111133
0.146222
1.728178
0.109972
0.076578
0.008926
0.045543
0.065966
1.379661
0.121414
1.183295
0.081949
0.212972
0.017523
0.037272
0.042161
0.209360
0.080529
0.127554
0.709845
0.014448
0.413063
0.017750
0.020957
3.256184
2.793431
2.080932
3.096148
1.553248
0.943414
1.225833
0.256574
1.624014
2.661358
1.705595
4.288245
0.590940
0.183368
0.497885
1.087853
5.220692
2.141840
3.083401
1.870178
0.620345
0.844340
0.446632
1.348900
2.512710
2.034678
1.388449
3.681855
0.638012
0.179704
0.623658
1.090307
3.007202
1.824056
5.644093
2.490817
1.590362
0.528804
1.475250
0.355253
1.326070
5.171691
4.684984
2.743458
0.879905
0.472696
0.897770
0.258408
4.555599
2.710915
2.713556
1.621730
0.650822
1.365825
0.299402
1.558803
3.682794
2.048594
2.092553
2.039523
0.761893
0.509608
1.049102
0.547776
0.060867
0.372318
0.103770
0.145012
0.095241
0.006425
0.014395
0.025179
0.044778
0.079221
0.063268
0.127833
0.014449
0.013001
0.032635
0.019284
0.052311
0.418406
0.276397
0.128116
0.018977
0.015467
0.004466
0.105278
0.131992
0.032087
0.051360
0.163592
0.029242
0.011666
0.012779
0.015296
0.111848
0.189455
0.387099
0.031844
0.050918
0.004608
0.045479
0.011222
0.069519
0.130380
0.042040
0.130282
0.011101
0.018033
0.011393
0.009586
0.079571
0.069451
0.295707
0.076285
0.006451
0.044391
0.011671
0.027303
0.164154
0.029402
0.130394
0.060870
0.008794
0.013458
0.009912
0.010566
