0.000000
3.852801
3.271845
1.545915
6.814481
8.391943
4.901957
7.332944
0.784258
2.403726
3.845344
3.594878
3.293009
5.242116
4.702018
8.320178
2.621792
3.035196
4.732662
3.115390
7.781404
6.130758
5.941875
7.122105
2.577344
1.349059
0.885452
3.565614
5.589878
7.778697
3.766399
5.666990
4.761247
4.415643
2.885324
5.444859
7.971844
6.721260
7.432270
8.082604
1.454423
2.938721
4.223722
0.945378
8.717347
3.180682
9.068448
4.538372
4.239086
2.575458
3.686920
4.131973
8.373294
7.106565
8.222138
2.730362
0.791975
5.051867
2.892079
1.484364
5.033392
6.018073
4.611452
7.420439
11.953719
15.643992
17.330392
16.777531
28.872347
16.060989
24.660869
49.416977
13.429663
12.221705
14.700045
11.872764
18.288386
30.907652
27.364645
22.867202
10.953455
12.270347
15.386633
19.511439
35.560709
80.727898
63.620439
15.089302
7.330757
14.697825
10.945216
16.282092
28.252495
51.991183
14.759270
30.592077
15.484453
14.110720
13.054526
16.218917
28.673620
20.729822
22.347683
43.632033
15.043375
12.752111
14.559358
10.461514
26.144569
28.647088
19.094064
52.393150
18.066895
10.556303
12.755014
14.296038
36.260014
19.639222
47.699706
23.109805
12.056320
20.433358
13.092916
9.942422
32.328542
23.508870
15.151823
42.401152
0.644263
0.908753
1.434770
0.773035
2.835252
2.597786
3.627457
5.098899
0.685795
0.935138
0.724755
0.843349
1.452631
3.658999
2.379881
3.202450
1.023720
0.931050
1.691874
1.121060
5.470333
3.690824
2.278573
1.178303
0.628745
1.383196
0.602381
1.067503
1.282317
3.865860
3.760703
1.095162
1.103809
0.544060
1.191209
1.593688
6.051798
1.896904
5.332829
1.273230
1.031573
0.793116
1.652382
0.683358
1.537590
3.472920
1.603419
2.299906
0.845434
0.719112
1.014618
1.395410
4.677511
5.672525
2.105131
2.965860
0.535289
1.403133
1.135240
0.576618
3.161165
2.371435
2.312728
1.843851
9.482563
11.479981
14.415334
5.388099
14.767544
23.746438
22.847447
13.972570
3.454546
10.526102
9.214918
9.175850
16.580619
14.203291
23.954164
9.495118
9.161704
8.533252
6.587338
12.395858
13.380322
16.274172
22.154947
21.369036
11.590183
5.336083
7.437710
3.020265
21.690566
9.931816
9.322131
28.504603
9.773709
17.578659
13.037236
8.317811
18.712245
19.867222
15.449791
43.492336
8.578385
9.039766
6.797894
10.872352
13.115406
21.752891
14.073511
22.692358
9.909025
5.854332
13.230669
11.801796
18.261553
25.479909
13.445891
35.085728
14.208370
3.791002
5.824899
6.275865
17.524027
22.776848
10.933906
16.357878
4.769356
3.306905
1.638334
3.228302
7.042145
7.262035
6.255169
5.946746
1.496926
1.002896
2.973959
1.762818
2.868954
5.528847
8.287751
5.244455
2.803086
4.076787
2.714659
4.971723
4.925120
7.748776
5.546845
6.085539
2.460492
1.582533
2.594325
0.810447
4.939686
7.432404
2.552833
8.041963
2.595484
4.870697
1.752615
4.309484
6.513006
5.667706
5.305786
7.382059
1.133800
4.051387
0.806692
3.804177
6.117738
3.066061
5.236371
7.830656
2.716455
4.398996
3.340941
0.689879
6.242912
6.529471
5.324076
9.100768
3.878018
3.818457
0.660821
1.775434
5.845282
3.525116
11.369214
2.789279
8.434438
24.755473
23.370705
7.523071
41.011280
70.378095
16.139830
83.440361
17.551203
8.473255
9.997950
13.370641
15.027856
46.850697
42.157283
12.584172
12.693350
8.418741
9.339311
13.290903
82.897131
10.464531
41.733092
33.979539
4.362062
18.711431
7.623841
11.526888
25.149720
18.939689
33.769611
25.434658
11.371247
21.235291
17.133559
8.314270
39.244430
78.176389
16.251134
53.443445
9.729122
7.076976
20.546380
8.184019
17.205591
62.794552
29.123356
30.125412
8.784838
8.583943
21.496278
12.538978
10.839904
65.308275
24.901939
52.865214
10.967064
6.389631
19.812770
6.115164
26.437598
78.344867
12.220839
40.480592
0.798296
3.144148
0.442827
0.825332
8.288487
2.230739
1.315589
2.960706
0.428071
0.755930
1.053893
1.135572
1.000722
1.432752
3.538147
2.650011
0.874349
0.452715
1.391580
0.703808
2.776047
1.362647
3.772400
7.167349
1.212846
1.018025
0.400423
0.503696
1.086671
4.260424
0.811442
3.500320
0.622527
3.070592
0.697142
1.101826
4.372145
1.063121
5.420656
2.921135
0.565140
1.134714
0.493986
1.566820
1.194798
4.607145
5.143512
1.237641
0.839063
2.204591
0.390212
1.351516
3.806087
3.185624
1.923917
3.175233
1.403865
0.316129
1.317322
0.281850
3.914159
0.842040
4.595358
0.914514
11.294261
7.155469
8.755599
6.386419
20.542172
47.244220
13.230514
20.946238
4.933785
3.073488
9.684437
9.105902
14.003714
17.880861
15.227583
16.640728
1.638947
7.079088
17.496914
6.913617
24.640416
27.235480
8.807333
44.577058
8.254207
1.355628
5.977047
4.565178
29.189252
21.870127
8.898324
15.306945
5.631254
16.798292
8.254149
18.011838
27.193614
33.769158
9.481764
24.784056
6.154266
1.804796
6.680975
12.402059
24.694705
8.767023
21.697977
19.585320
11.793234
4.723949
12.740934
4.191147
10.706972
44.238034
8.228968
77.240442
18.053889
1.621873
5.533862
5.418106
10.718477
34.251231
8.628345
34.425353
4.190054
3.929603
1.647022
4.553535
5.265076
7.857844
8.494396
6.357588
2.055759
5.387573
0.939205
1.504196
6.735526
3.966492
4.500601
7.438318
2.846202
2.360721
5.328656
3.547875
5.519816
7.829882
9.403954
4.253080
0.593687
5.811173
1.778875
2.634533
5.938774
6.430607
2.587049
7.223399
4.147719
4.004055
4.498927
2.158199
6.856910
6.782236
7.822991
6.761008
3.527425
1.650088
1.490703
2.003269
6.419695
5.495118
2.149405
9.429381
5.225845
4.326263
4.054691
2.012872
7.428085
6.170536
7.779839
4.532572
0.778949
4.500720
0.974371
3.676741
3.882530
3.756892
5.831825
6.088573
14.846780
14.234997
13.634038
16.310998
81.511356
21.807858
41.459673
30.817730
17.520384
10.743341
13.940622
8.363882
25.280236
26.073200
36.955230
23.204900
12.299425
13.274166
10.476609
18.144478
16.066311
65.403064
37.441634
32.443581
14.276295
11.442878
14.167031
7.764021
20.931863
55.147061
31.303938
22.124161
11.604750
24.473370
11.924708
20.175869
23.774370
41.177531
46.664628
44.225653
10.406941
13.635338
9.332051
15.708464
52.309133
30.925158
30.356009
52.342455
16.355644
18.147750
13.873775
12.161583
51.661345
37.634717
15.143334
61.697327
13.570080
10.349599
14.360123
9.790293
21.349598
48.709630
37.776323
50.090194
0.689135
1.044810
0.959734
2.214732
1.865424
4.050470
2.103375
5.418519
0.949230
0.917654
0.658433
1.048556
3.896650
1.520395
1.286258
3.053106
0.766556
2.877193
0.463965
1.097096
7.833825
1.708740
3.273513
2.340663
0.707523
0.875855
0.517506
1.201774
3.652808
1.899285
1.986179
1.676813
1.342040
0.855253
1.602746
1.233988
3.721237
2.117598
3.752184
4.571304
0.696560
1.025703
1.237522
0.668861
3.534417
2.848911
1.389040
3.245780
1.675501
1.178165
0.873873
0.807801
6.036859
1.952865
3.821394
1.105994
0.494847
0.773937
0.631257
1.091419
3.160455
1.792884
1.244324
3.777154
9.824561
4.843626
14.478656
6.426624
23.261323
20.896350
23.240539
22.906995
4.796378
14.797503
3.194490
7.312360
34.334866
15.836395
15.690927
23.196445
7.087850
9.841407
10.985622
5.697856
22.013795
24.720808
16.740198
38.759136
7.265154
12.858863
3.892463
5.472412
13.718261
23.055234
11.537634
28.995252
10.920122
11.890729
6.871068
12.144313
14.743948
32.354742
25.442164
24.163258
4.924486
10.014623
10.381415
5.019710
12.603719
17.870694
14.009286
31.968919
9.010130
4.958807
8.613241
19.855706
18.384023
38.584081
32.438819
18.650252
7.776216
5.081381
7.352995
5.571737
26.798938
22.512553
19.704812
9.909951
3.945075
4.717540
1.217359
3.681905
7.222519
5.025952
8.304161
5.546305
3.237686
2.206769
0.748173
3.068445
5.546268
1.427169
6.249970
6.366020
3.292315
4.459569
1.874045
2.934526
5.258166
5.782715
6.453843
4.011806
0.386213
5.041385
3.310218
1.823100
2.609890
3.040825
3.329033
7.459463
2.827600
3.790914
4.856241
1.228421
11.475036
3.911139
6.896059
4.605593
0.975859
3.667998
1.332116
5.106412
3.959639
5.206287
4.621122
7.529741
5.950780
1.958267
4.417023
2.389963
6.440458
5.125234
6.443836
6.785127
3.213003
3.502033
0.623874
2.950215
8.412066
3.541709
1.684942
8.300032
13.098770
8.422301
12.182653
12.964969
42.517883
32.448025
14.043930
87.829042
11.807556
8.872961
12.349848
8.079052
17.183431
51.240116
45.659292
35.086911
12.277500
7.835552
7.215751
29.533975
47.688353
27.420661
66.683567
11.018750
8.651428
8.956464
20.667322
5.243414
43.603892
30.946989
49.178392
25.915216
20.754125
12.021827
11.791584
9.032194
53.023636
46.940133
11.659427
33.634497
9.079069
8.249123
8.665790
18.366986
12.488625
25.690964
56.810464
23.848442
12.537670
7.900706
13.011506
11.021292
55.364123
36.435672
18.405122
57.837280
9.799999
7.922555
6.642545
15.916177
59.348619
28.070648
14.959742
95.262578
0.964599
0.751251
1.519179
1.159604
1.446442
2.669328
3.601820
1.593139
0.954796
1.017110
1.279379
0.428435
2.601288
1.691977
1.524319
1.928045
0.379826
2.012191
0.952009
1.588442
1.360803
4.781798
1.265633
3.472611
1.032053
0.445895
1.661316
0.354778
3.258789
1.067636
3.899008
0.510582
1.082856
1.270903
0.550764
1.195046
2.002460
1.719027
1.046620
8.355098
1.721078
0.371506
0.405511
1.070624
3.294981
1.306607
1.209502
4.320646
0.435007
0.653240
2.613173
2.010605
6.735695
2.078889
2.518250
1.147343
0.379718
0.482215
1.373666
1.245177
3.026154
3.482396
0.949897
1.077632
10.486614
5.370271
16.431488
6.014481
21.884028
65.066581
11.141805
26.644853
6.095611
3.084584
13.536888
5.516770
11.967861
29.971128
8.567425
26.387359
4.953448
1.469702
12.539286
9.265040
32.470278
14.630583
28.133927
27.054823
6.287626
4.749551
2.704836
6.312773
19.547995
34.295319
14.877495
6.435120
4.588773
5.690240
10.904345
16.900450
14.633758
31.568023
18.741456
66.892797
15.538777
6.257962
4.617752
2.356729
20.510231
27.996528
11.965812
14.061128
3.483610
22.422245
4.507317
12.937247
35.766641
10.750011
11.756183
72.789761
6.264832
5.793948
3.241065
12.162175
36.937927
12.947836
44.819086
11.588728
0.606945
1.096784
1.375092
2.695202
0.457165
0.153496
0.690856
0.365084
1.508429
1.401078
0.239341
0.684494
0.707295
0.314424
0.119648
0.062684
1.455506
1.663463
0.614104
1.579122
0.178221
0.538570
0.415299
0.353018
0.333380
1.283340
2.370606
0.324484
0.265145
0.032529
0.447500
0.248932
0.864756
0.760546
1.865473
0.510100
0.378205
0.447686
0.288772
0.415542
0.573376
0.804617
0.647851
0.702163
0.094532
0.277475
0.031756
0.397483
1.010918
1.105475
1.016743
1.074555
0.353896
0.300785
0.360600
0.822763
1.599675
0.196744
0.736812
0.579878
0.104551
0.214921
0.288216
0.088384
0.155898
0.022264
0.032075
0.078589
0.005703
0.007672
0.006446
0.000272
0.008218
0.009635
0.021383
0.019113
0.008179
0.000000
0.003488
0.005879
0.159622
0.027667
0.151683
0.020386
0.001199
0.000000
0.000000
0.010704
0.029771
0.010824
0.013238
0.045651
0.006125
0.000000
0.007281
0.002859
0.026573
0.040432
0.249721
0.023085
0.005581
0.015122
0.006347
0.005486
0.008656
0.119307
0.024849
0.037102
0.006115
0.003139
0.008455
0.000047
0.022349
0.056051
0.254583
0.053526
0.003134
0.012663
0.005422
0.043805
0.192758
0.000000
0.070828
0.025678
0.000488
0.006080
0.006746
0.004026
0.566473
0.414496
0.190604
0.654578
0.106571
0.092170
0.071995
0.065065
0.436447
0.263650
0.417231
0.314800
0.138378
0.016669
0.113734
0.011074
0.266677
0.649978
0.396279
0.194078
0.067866
0.046115
0.080580
0.392773
0.421152
0.163026
0.439364
0.239653
0.112356
0.018561
0.016767
0.214544
0.229907
0.852823
0.420442
0.241833
0.011236
0.122549
0.095348
0.204506
0.245552
0.348681
0.182941
0.431454
0.086219
0.016303
0.103365
0.069289
0.359013
0.744407
0.402092
0.217686
0.012223
0.064453
0.116175
0.088570
0.653196
0.164438
0.181751
0.497702
0.067891
0.025902
0.132340
0.054909
0.009125
0.000000
0.004134
0.014249
0.000000
0.000000
0.000000
0.000000
0.010968
0.000000
0.000071
0.000170
0.000000
0.000000
0.000000
0.000000
0.000000
0.019538
0.010766
0.006038
0.002382
0.000000
0.000000
0.000000
0.000000
0.008905
0.003711
0.034917
0.000000
0.000018
0.000000
0.000000
0.007952
0.000000
0.007188
0.000547
0.000000
0.000000
0.000000
0.000000
0.008632
0.004574
0.000331
0.000000
0.000000
0.000000
0.001397
0.000000
0.011083
0.009996
0.000000
0.000952
0.000000
0.000000
0.000000
0.000000
0.000000
0.027121
0.006107
0.002841
0.000000
0.000000
0.000000
0.000000
0.609391
1.076874
2.438896
1.475444
0.190578
0.410907
0.279429
0.535146
0.657118
2.252724
0.445704
0.432001
0.533109
0.225219
0.027905
0.323167
1.162777
0.690235
1.978477
0.718131
0.315055
0.126551
0.699657
0.152203
0.338164
1.251929
0.245350
1.214780
0.306210
0.100900
0.295090
0.034162
2.284033
0.476590
1.742829
0.856183
0.437005
0.273356
0.586532
0.452372
0.968610
0.355762
2.325654
0.190793
0.108129
0.488779
0.132326
0.216689
1.817407
0.342520
1.215652
2.522361
0.525213
0.143166
0.529495
0.295184
0.195085
0.856759
1.832672
0.368704
0.130542
0.258795
0.011114
0.155631
0.125642
0.003324
0.071661
0.138551
0.006336
0.000199
0.009590
0.000228
0.006846
0.056541
0.011937
0.005552
0.006708
0.000000
0.000000
0.009198
0.297417
0.034765
0.034604
0.143301
0.000000
0.018521
0.006200
0.004569
0.056994
0.000000
0.013470
0.088541
0.000000
0.000474
0.000000
0.007168
0.057268
0.040247
0.131922
0.109704
0.021464
0.000278
0.013901
0.000051
0.023009
0.051446
0.000000
0.055128
0.006099
0.000000
0.000000
0.003322
0.095936
0.023529
0.098128
0.217971
0.014316
0.000290
0.005756
0.026397
0.031011
0.029217
0.000000
0.043651
0.035621
0.000000
0.010538
0.000000
0.399522
0.203678
1.043278
0.366125
0.013370
0.096929
0.128588
0.199548
0.665065
0.303739
0.235526
0.239471
0.154191
0.082067
0.039228
0.115587
0.337850
0.798971
0.202538
0.725231
0.198151
0.120181
0.064071
0.045005
0.197327
0.246903
0.630947
0.257466
0.147587
0.026079
0.214511
0.039199
0.512612
0.217077
0.725519
0.267076
0.052287
0.210266
0.021429
0.111103
0.453394
0.201176
0.618539
0.171081
0.151423
0.017150
0.022299
0.131970
0.289823
0.257661
0.822960
0.159294
0.042709
0.071557
0.120159
0.097683
0.189187
0.572059
0.169563
0.723662
0.029033
0.161573
0.027205
0.158975
0.000000
0.009007
0.008890
0.008102
0.000000
0.000000
0.000268
0.000000
0.007958
0.019983
0.008914
0.000147
0.000000
0.000000
0.000000
0.000000
0.051270
0.007374
0.000000
0.010317
0.000000
0.000000
0.008026
0.000000
0.000000
0.028231
0.009809
0.007922
0.000000
0.000000
0.003818
0.000000
0.052787
0.000000
0.028231
0.000000
0.000000
0.000000
0.006926
0.000000
0.001233
0.022765
0.008827
0.000000
0.000000
0.000000
0.000000
0.000000
0.007823
0.039887
0.000000
0.025934
0.006643
0.000000
0.001551
0.000000
0.000000
0.021985
0.010611
0.007453
0.000000
0.000000
0.002169
0.000000
0.822125
1.089466
2.570691
0.772150
0.680917
0.291007
0.306182
0.211423
0.546458
0.326033
2.112402
0.527221
0.076097
0.465800
0.139821
0.117071
2.150398
1.678564
0.502174
1.189493
0.568517
0.411832
0.124433
0.823475
1.455951
0.171389
1.591371
0.356417
0.309111
0.061284
0.738088
0.097317
0.778602
1.115453
0.804310
1.635551
0.411742
0.372019
0.372401
0.382383
0.826024
0.486265
1.297646
0.607342
0.323442
0.134301
0.598879
0.062813
0.640248
0.728495
1.045051
1.661688
0.350529
0.469756
0.285609
0.599946
1.772344
0.245895
2.456078
0.256448
0.511190
0.208361
0.126186
0.119181
0.053628
0.149943
0.031640
0.112745
0.000327
0.006165
0.004175
0.008957
0.068499
0.009640
0.023460
0.038162
0.006445
0.000409
0.001882
0.006522
0.041792
0.029453
0.207610
0.083744
0.009033
0.002967
0.005832
0.005515
0.023161
0.190343
0.000000
0.112707
0.006302
0.000106
0.000000
0.005735
0.121372
0.064477
0.080402
0.026006
0.010726
0.000551
0.000000
0.006018
0.022965
0.076808
0.016577
0.016550
0.000000
0.001203
0.005810
0.000000
0.010527
0.179555
0.068674
0.017688
0.005725
0.006461
0.011681
0.004891
0.014387
0.039604
0.073839
0.020851
0.000000
0.000000
0.000000
0.000000
0.597491
0.436805
0.589494
0.150413
0.097016
0.142204
0.111003
0.038023
0.275420
0.353520
0.476306
0.242517
0.034661
0.063406
0.211381
0.019123
0.412526
0.196995
1.408534
0.276883
0.017818
0.175769
0.097620
0.123912
0.434033
0.238377
0.604656
0.226345
0.023642
0.128029
0.058100
0.071615
0.241603
0.452727
0.408137
0.241511
0.076720
0.130786
0.041184
0.098127
0.445985
0.251985
0.164361
0.460640
0.027648
0.097179
0.077563
0.018636
0.152711
0.499883
0.648329
0.322044
0.051133
0.138517
0.026631
0.320891
0.633230
0.227006
0.460880
0.254723
0.033806
0.134860
0.190918
0.011374
0.000000
0.025084
0.009746
0.010988
0.000000
0.000000
0.000000
0.000000
0.002021
0.000000
0.011601
0.008801
0.000000
0.000000
0.000000
0.000000
0.010690
0.000000
0.000000
0.042474
0.000000
0.000000
0.000000
0.000000
0.009201
0.000000
0.016243
0.009574
0.000000
0.000000
0.000000
0.000000
0.001233
0.023572
0.008618
0.000000
0.000000
0.000000
0.000000
0.000000
0.014508
0.000000
0.000202
0.000903
0.000000
0.000000
0.000231
0.000000
0.000000
0.059535
0.008689
0.000000
0.002490
0.000000
0.000000
0.000000
0.007770
0.010150
0.000000
0.016463
0.000000
0.000000
0.000000
0.000000
1.087640
0.719859
2.517630
1.161273
0.220050
0.595709
0.351719
0.569645
0.311127
1.257639
2.270416
0.308825
0.306241
0.482758
0.135635
0.102150
0.584783
0.710857
2.652235
1.260691
0.673641
0.257310
0.395834
0.323736
1.975677
0.191058
0.797751
0.593202
0.216229
0.590942
0.291805
0.033274
1.332293
1.100310
0.723535
2.296141
0.177393
0.798033
0.232309
0.530636
0.630305
0.920089
1.110812
0.154455
0.509598
0.080856
0.341618
0.046014
0.258177
2.203952
0.776171
1.731318
0.499713
0.389772
0.236669
0.139088
0.418212
0.158871
1.734063
0.513981
0.273816
0.287681
0.334836
0.051471
0.102726
0.027042
0.248225
0.041031
0.003175
0.035427
0.013129
0.000021
0.010117
0.024485
0.017130
0.105669
0.006318
0.000000
0.000055
0.000000
0.209421
0.043797
0.123341
0.048882
0.001770
0.000000
0.009583
0.015296
0.014759
0.030304
0.000000
0.077579
0.000000
0.002537
0.000052
0.027525
0.007920
0.311804
0.085300
0.026706
0.006174
0.002141
0.016279
0.005526
0.015578
0.042636
0.261996
0.007454
0.008444
0.000905
0.000000
0.000000
0.221944
0.047368
0.223894
0.024596
0.034385
0.000255
0.010033
0.000167
0.010537
0.028108
0.023035
0.034984
0.000000
0.030954
0.006051
0.000000
0.314675
0.454318
0.240989
0.338098
0.186111
0.073688
0.097527
0.083559
0.234575
0.249162
0.204603
0.604517
0.062673
0.047886
0.087026
0.100765
0.746348
0.163413
0.518837
0.138671
0.110267
0.078578
0.098146
0.055042
0.226847
0.363102
0.160966
0.569207
0.053538
0.051388
0.064702
0.181840
0.242540
0.267726
0.892494
0.221796
0.088239
0.092553
0.178340
0.037858
0.176522
0.699526
0.706483
0.204378
0.114528
0.072736
0.152587
0.011738
0.678148
0.461952
0.230639
0.119842
0.053557
0.114931
0.051018
0.320026
0.554427
0.342316
0.157622
0.182159
0.080509
0.033202
0.174618
0.095246
0.000000
0.028580
0.000522
0.046355
0.000000
0.000000
0.000000
0.000000
0.000268
0.012557
0.000206
0.007266
0.000073
0.000000
0.004321
0.000000
0.010522
0.067863
0.000556
0.010080
0.000000
0.000000
0.000000
0.000000
0.009741
0.008511
0.010892
0.009771
0.000000
0.000000
0.000000
0.003254
0.022475
0.011836
0.009939
0.000000
0.003185
0.000000
0.000000
0.000000
0.000000
0.005134
0.008023
0.023847
0.000000
0.000000
0.000000
0.000000
0.020938
0.000000
0.036167
0.000000
0.000000
0.006419
0.002437
0.000000
0.013145
0.007676
0.021766
0.000000
0.000000
0.000230
0.000000
0.000000
