0.000000
7.296825
5.667618
3.561426
9.928606
13.359848
6.461097
8.163035
1.806880
4.150128
8.115751
4.950831
4.765215
7.373087
9.605516
12.980616
4.204038
4.706803
6.194728
6.228132
12.161452
8.119848
6.945469
10.033742
4.400923
2.986794
1.357186
8.996336
11.487250
13.084964
6.012687
7.415002
6.674795
6.123986
5.062656
9.974277
9.363784
10.282437
11.788405
12.950258
4.182716
3.975314
7.787898
3.076378
13.256459
5.333986
16.874344
5.862446
5.649265
4.218365
7.582105
6.069489
11.425536
12.735967
11.396263
4.902359
2.167109
7.036445
6.216763
3.769691
7.147490
10.845569
6.420577
12.410522
13.427631
19.739525
20.834164
21.519716
47.398225
22.182413
42.639313
60.241150
14.903305
18.777969
20.045956
20.113883
29.029491
78.613380
67.464475
33.183212
12.150633
19.498833
19.288267
19.874639
40.639350
129.535719
86.337188
31.871662
14.831108
20.219350
17.571387
16.040370
45.863400
65.224875
35.992625
43.885687
20.522306
19.595847
12.314206
20.438759
67.343250
25.215216
32.971028
62.638750
21.366006
15.113430
16.039789
15.546945
49.329845
36.178575
35.330338
71.892675
22.613580
14.137550
12.595797
16.407400
74.795250
33.633500
75.271738
35.080213
15.014311
27.153438
11.999738
21.297813
98.601813
33.317881
25.297123
76.687834
1.247419
2.973554
4.227849
2.785209
5.513558
6.213212
6.830972
7.581949
1.289850
3.010853
2.046032
2.830798
4.213438
7.159844
5.399985
7.346859
3.813618
1.681005
3.619011
3.927596
9.733168
8.926214
6.281417
4.097314
1.691630
4.534018
1.591132
3.094419
4.376023
7.307227
8.101526
3.888770
3.967655
1.358305
3.915822
4.180693
10.794798
5.145015
6.970969
4.070546
3.710009
1.834663
4.183806
0.925656
4.784698
7.246459
4.914791
6.021205
3.149868
0.681640
3.138458
3.843692
9.216067
9.657344
5.417096
6.679203
1.394481
4.690123
3.859000
1.845565
6.091276
7.145255
5.098556
6.399066
10.588200
19.399914
17.281492
10.243181
28.848913
35.450338
34.427550
34.575100
7.720450
13.671750
12.329863
14.108317
50.348013
20.071134
64.412775
16.034375
14.408364
11.980825
11.705550
12.820200
19.600513
61.436308
37.262538
37.226900
15.613613
8.952756
21.095413
7.685413
40.150700
28.740512
18.250000
71.983775
13.193200
29.259216
17.126937
16.841292
42.079138
35.389113
37.106650
55.981750
10.358913
17.246225
10.350750
17.483283
32.167838
48.409488
23.600900
44.273013
14.687628
14.587563
18.807217
16.762389
33.408431
45.793975
40.370913
39.074663
16.597581
10.161000
13.358825
10.694275
27.540025
50.013988
35.142738
36.245775
10.908650
2.430107
1.551851
5.508638
10.367925
9.475902
7.525384
7.346888
3.262310
2.388263
2.877574
5.319588
4.770762
7.737461
13.345003
9.695642
2.076060
5.802069
1.936182
8.356421
6.912454
9.373319
7.666398
11.763270
6.429808
1.049970
2.402462
2.751676
8.792016
8.584316
5.226893
11.184546
2.427518
5.051964
3.293236
9.069993
9.072657
7.641915
7.654193
9.390008
1.734672
7.778443
1.998285
4.336530
10.800873
4.926690
8.140752
10.786353
5.275767
3.389085
2.606725
1.985692
9.634448
10.558856
9.585713
11.364916
3.418558
8.092904
2.126804
1.966444
8.370841
5.011587
15.698095
8.182436
12.866211
27.794223
25.783163
9.301626
46.069638
86.849463
31.601100
92.465213
22.401961
15.615523
17.260038
18.130356
26.017937
49.982438
85.333098
30.600775
14.297686
17.942675
19.569525
14.884484
101.691250
20.538075
43.574444
77.167425
13.942797
20.544781
16.060500
15.333350
31.478891
88.602781
57.480287
30.333538
13.253525
22.704091
20.739062
15.057378
40.574700
91.127175
27.355200
76.960600
14.322700
16.482269
31.102758
9.823399
53.132113
68.981963
44.037475
49.442400
12.952477
24.316262
21.335959
15.306203
20.989138
89.627825
72.604355
46.012563
12.466064
22.625578
27.511217
11.894475
35.495200
126.348109
40.649050
63.263850
0.725468
3.276426
1.475684
2.996312
14.856939
5.513516
4.907988
7.399660
1.244462
3.417094
2.481440
1.353870
3.730698
6.312804
6.769943
5.622498
0.442300
2.396160
1.842460
2.565913
7.149934
6.249779
6.359954
8.482629
1.515081
0.758389
1.378419
3.065962
5.241355
7.273390
3.835811
6.849760
2.471254
3.961875
0.561698
3.960698
6.912385
4.265140
10.098980
7.191561
2.074309
1.399894
1.324019
4.200480
4.537853
7.507868
8.986353
4.896358
3.287370
2.075737
2.047278
1.842245
10.153205
6.024767
6.216643
5.956313
2.931337
1.368817
1.418501
0.980179
6.675935
4.957114
7.571841
4.786670
17.054202
14.053763
11.604583
19.910563
32.442700
51.582538
25.622625
88.299489
17.157450
9.379020
10.004269
12.583350
44.369138
25.070005
32.541138
21.244113
7.821626
24.521088
25.054395
9.084344
115.177328
29.538338
18.989087
78.231813
12.728491
7.786576
9.326192
16.803675
34.279106
32.182025
27.116163
33.894825
11.727745
27.679423
11.421938
19.291803
35.412950
48.808000
18.091525
108.583250
21.315525
8.154769
10.260675
18.671464
39.181475
20.866100
43.775250
57.489763
14.083850
15.518267
19.254736
10.488438
23.154312
45.168338
26.378700
111.957984
24.585027
10.193463
8.398579
15.557112
23.535763
64.370600
26.695025
34.060713
6.863302
5.817153
3.820172
8.415449
7.298826
9.441395
10.571923
10.588740
3.808935
9.684348
2.127081
3.497742
12.563470
5.302853
6.790740
11.677402
3.821289
3.646577
7.976092
7.798969
10.909173
10.388609
12.874195
6.089190
1.704755
7.780474
3.294170
6.721797
11.112400
11.544995
4.017789
8.365339
6.664482
5.785489
7.878050
3.681998
10.251628
10.625038
8.355814
11.290861
5.092104
4.445783
3.089510
4.956464
8.527279
10.367967
4.187460
14.290214
9.549306
5.204314
6.492268
3.174955
10.211834
7.385581
12.160102
6.164193
1.997917
6.217775
2.369541
8.083346
6.497254
5.934433
9.181692
10.676311
20.917513
12.994517
18.888119
17.462647
121.825203
33.373038
66.124738
28.950505
15.288875
18.152031
19.583403
13.912309
42.043163
79.101463
44.357525
35.378900
17.816036
19.235858
9.265012
26.819908
26.372214
90.843563
40.606275
71.715150
23.288594
12.003348
24.095733
10.136981
34.251702
66.924387
52.187822
61.775738
16.801289
20.614380
19.241258
22.553553
21.259900
92.451325
74.208338
50.507694
14.321511
18.174936
16.608889
16.166987
124.548672
61.917888
34.021225
81.333925
24.532663
16.812555
15.173767
21.321833
68.814533
41.098400
31.035775
90.860958
15.519975
21.014245
21.297148
14.055944
41.300375
132.937109
31.514737
115.766719
1.258211
3.349416
3.344932
5.261422
5.260078
8.071347
5.220821
10.366120
2.756961
2.501553
1.434685
3.819778
7.714978
5.091095
4.175115
6.269404
2.594014
5.545780
1.270942
3.571609
12.244778
4.823163
6.504130
5.195101
0.862387
3.494012
1.161906
3.366765
6.747503
4.729743
5.422421
6.031310
4.059629
2.704245
4.645943
3.739600
6.373386
5.556885
6.912738
6.607627
1.325631
2.866812
3.602696
1.033601
7.219640
6.290708
4.387070
6.985884
4.464251
3.546921
1.546493
3.271675
11.027511
4.597205
7.864305
4.068763
1.364239
3.149960
0.667533
2.255907
7.726818
5.244663
4.123896
7.694829
16.949952
8.058710
14.692450
10.430433
44.789986
39.432700
32.040112
58.130989
9.615419
16.272556
8.085444
13.356125
100.091063
31.951875
27.752489
71.834325
11.038258
25.525975
14.770088
9.359914
58.867533
46.181513
33.398516
40.403100
9.600554
20.769916
8.865684
14.053375
25.884487
34.152725
37.870725
65.716625
14.379200
11.395825
12.543005
17.592150
27.810753
85.951805
77.494956
21.707025
8.228996
16.536967
17.280575
10.210244
23.800742
50.718600
18.251250
83.984575
23.041663
8.254275
11.082184
21.623394
35.110825
105.004875
41.707125
50.459141
14.675450
8.491159
11.551113
10.102563
35.416100
46.623263
46.506025
37.842450
3.863983
10.224497
2.538226
4.969682
9.740934
6.810055
9.968784
6.666508
2.965026
2.616203
2.044875
7.171291
8.566869
4.048990
10.389858
8.642446
2.523099
6.617795
0.935248
3.896204
7.551606
10.452334
7.589707
6.298061
1.307453
4.355145
7.968458
1.476054
5.611269
4.458462
7.755637
9.862210
2.070427
5.300976
8.323564
2.500855
16.808875
5.578345
11.856011
6.024253
3.335681
9.286266
2.017366
6.607597
5.642749
11.800534
6.412831
11.003273
6.515096
3.800677
8.006885
1.570520
7.669537
7.923376
8.116577
12.554806
7.339517
2.625685
2.144246
2.626045
11.542513
7.263685
4.863749
10.417388
16.106583
15.687075
15.762598
20.050780
65.939600
38.955150
29.350650
116.015719
18.823844
21.200013
16.489075
9.007811
51.086514
44.616963
72.938113
51.373225
15.193928
17.033463
9.625746
23.644495
93.743233
35.282862
54.869800
23.729650
17.062838
9.601588
29.612938
13.588141
49.824283
50.360200
133.629719
33.416025
29.298042
12.213406
14.276983
17.696250
49.713962
68.466363
26.925525
58.016212
16.514187
20.030747
11.559475
21.230389
22.472950
87.174692
42.759225
35.956578
16.649955
17.846675
17.024247
18.122050
41.659052
72.299363
46.714522
91.761575
15.878308
21.818277
14.378225
14.855841
82.230561
36.292863
59.071313
103.227734
0.993909
3.330246
4.701840
1.757333
4.454611
6.570863
6.613179
7.357676
3.520496
0.855347
4.320726
1.300381
6.216482
7.474893
5.729515
5.262842
1.143429
3.008280
3.662231
1.727494
5.873128
7.797899
5.561656
5.880587
0.659675
2.729135
4.345509
2.020460
6.081223
6.741506
6.921521
3.816853
1.577555
4.485389
1.490801
3.750102
5.205167
6.562410
3.921357
13.078738
4.121566
1.071330
1.310782
1.363604
5.823476
5.238738
4.956118
7.644433
2.338301
2.720053
2.269560
4.928968
10.003248
5.033507
7.828980
4.602236
1.602206
2.668715
3.414555
0.924949
6.075428
6.181919
3.872999
5.756733
18.233423
10.345913
14.792562
15.307994
29.743131
95.074570
36.439838
42.274137
14.571125
10.252163
15.061652
9.520063
27.824775
37.460450
18.998450
38.070313
17.029317
7.286476
16.246850
15.863678
54.680741
33.586975
109.774594
27.683538
8.910321
17.161600
10.831113
10.153888
24.758138
54.369188
31.936412
22.550763
11.368250
12.015663
9.249931
27.556180
27.131612
115.165000
29.954948
84.234594
14.935463
10.465594
13.177588
8.952087
44.176488
28.218012
32.626975
41.858788
12.385475
23.869917
9.662685
18.658105
80.056647
24.619450
41.471875
47.330275
8.425903
17.438262
9.930638
17.924213
56.907025
31.866150
48.014163
41.150950
0.686926
1.508855
1.749886
3.024246
0.198408
0.028397
0.717036
0.075685
3.093135
2.413739
0.140170
1.173234
0.766329
0.218372
0.042631
0.026898
1.462198
3.903257
0.907911
1.428002
0.029804
0.873365
0.092064
0.240275
0.751543
0.781499
5.130230
0.105934
0.066366
0.031695
0.479398
0.078014
0.835744
1.266621
3.169826
0.152762
0.076024
0.087332
0.070657
0.128040
0.713231
2.002722
0.656305
0.811050
0.027169
0.150840
0.019970
0.278394
2.578551
0.713449
1.073621
2.634055
0.112782
0.056347
0.122422
0.347764
1.919188
0.343883
0.784165
2.105662
0.086155
0.051958
0.139937
0.076778
0.039841
0.009540
0.011497
0.013313
0.000000
0.007012
0.000000
0.000000
0.016769
0.017263
0.012021
0.013224
0.008058
0.000000
0.000000
0.000000
0.038207
0.008484
0.021408
0.014317
0.003207
0.000000
0.000000
0.002853
0.017923
0.009494
0.018124
0.035780
0.000000
0.000000
0.000000
0.000000
0.009945
0.017281
0.041357
0.004976
0.000000
0.003456
0.001434
0.000000
0.014121
0.037489
0.015983
0.019869
0.000000
0.000000
0.000000
0.000000
0.024512
0.019731
0.077676
0.014709
0.000000
0.003628
0.000000
0.014841
0.060055
0.004055
0.029603
0.008325
0.000000
0.014226
0.003146
0.000000
1.168365
0.743596
0.126591
0.996303
0.063995
0.045517
0.036703
0.055179
0.765828
0.110720
0.755761
0.113501
0.050020
0.019361
0.040463
0.022105
0.089502
2.481792
0.880308
0.059461
0.040786
0.019864
0.047208
0.190804
0.256642
0.158364
0.255294
0.367022
0.043366
0.020267
0.019365
0.057349
0.286849
2.069223
0.673584
0.093027
0.016218
0.041902
0.061219
0.066538
0.101013
0.787351
0.063525
0.949531
0.040262
0.019696
0.041133
0.028293
0.173110
2.408928
0.165479
0.267056
0.021236
0.077266
0.104767
0.043690
0.621081
0.214797
0.184901
0.293877
0.029246
0.018798
0.082308
0.020974
0.015968
0.013894
0.013461
0.017728
0.000000
0.000000
0.000000
0.000000
0.020281
0.000953
0.007902
0.015821
0.000000
0.000000
0.000000
0.000365
0.016807
0.015482
0.019529
0.026101
0.002488
0.000000
0.000000
0.000000
0.012538
0.012369
0.000000
0.016589
0.000000
0.000000
0.000000
0.000000
0.014784
0.000000
0.003783
0.015921
0.000000
0.000000
0.000000
0.000000
0.011042
0.000000
0.016004
0.000068
0.000000
0.000000
0.000000
0.000000
0.011243
0.013470
0.010457
0.017751
0.000000
0.000000
0.000000
0.000000
0.002176
0.014701
0.002328
0.017401
0.000000
0.000000
0.000000
0.000000
0.138240
2.180834
5.869014
0.495491
0.047353
0.576675
0.055516
1.277777
2.514601
1.820911
1.093218
0.121162
0.218662
0.368711
0.031048
0.066209
2.251259
0.190269
3.843758
0.183084
0.068658
0.190699
2.236150
0.034056
0.075472
4.183096
0.858671
0.499437
0.068617
0.211478
0.098618
0.143600
4.544862
0.857539
1.370992
0.359490
0.541093
0.061183
0.149730
0.745601
3.623315
0.079159
2.221950
0.682595
0.025839
0.171593
0.206556
0.157189
1.318045
0.850405
3.254249
1.918647
1.495674
0.041157
0.104990
0.466248
0.671700
0.283346
1.376957
1.468583
0.043732
0.984009
0.049039
0.035734
0.026946
0.000718
0.013368
0.040327
0.001455
0.000000
0.003724
0.002286
0.021926
0.016841
0.012372
0.016955
0.005182
0.000281
0.000000
0.000432
0.208073
0.012351
0.010290
0.136279
0.000000
0.006643
0.000520
0.000000
0.016323
0.012595
0.013035
0.102455
0.011439
0.000000
0.000000
0.020934
0.020448
0.014208
0.030109
0.023413
0.010842
0.000000
0.006180
0.000000
0.015307
0.013010
0.004763
0.063502
0.000000
0.000000
0.000000
0.000000
0.026017
0.002996
0.029624
0.375944
0.006212
0.000000
0.000000
0.010618
0.045799
0.009172
0.014503
0.021810
0.022751
0.000000
0.000000
0.000000
1.184938
0.500174
1.027492
0.102934
0.024300
0.143322
0.047141
0.056728
0.337555
0.067702
0.590853
0.495629
0.058710
0.032786
0.053952
0.204917
1.326788
0.434152
0.434096
0.333626
0.058164
0.045174
0.170480
0.122932
0.517940
0.801985
0.255502
0.072664
0.041212
0.093661
0.060154
0.117689
0.222960
0.420614
2.460998
0.072693
0.040956
0.067621
0.041822
0.035666
0.153230
0.486623
0.341000
0.242022
0.042895
0.028967
0.022540
0.048716
0.076886
0.881771
0.481996
0.652565
0.019745
0.247127
0.047629
0.203414
0.332719
0.186022
0.431101
0.324881
0.074095
0.055313
0.078167
0.051629
0.016319
0.011157
0.026619
0.009204
0.000000
0.000000
0.000000
0.000000
0.007589
0.012298
0.017423
0.021835
0.000000
0.000000
0.000000
0.000004
0.025839
0.000000
0.015107
0.030076
0.000000
0.000000
0.005612
0.000000
0.034555
0.021081
0.017888
0.004392
0.000000
0.000000
0.000000
0.000000
0.017640
0.000000
0.019290
0.012160
0.002749
0.000000
0.004621
0.000000
0.000000
0.018165
0.029439
0.000491
0.000000
0.000000
0.000000
0.000000
0.016509
0.013478
0.023065
0.020087
0.001978
0.000000
0.000000
0.000000
0.001223
0.012293
0.030006
0.000000
0.000000
0.000000
0.000000
0.000000
1.069968
1.620089
3.434450
0.650056
0.657795
0.062306
0.052940
0.094648
1.197213
0.082947
3.306246
0.920038
0.033458
0.219348
0.102464
0.040613
3.979438
1.523783
0.725443
0.859261
0.127712
0.205688
0.037058
0.345433
2.011115
0.219301
3.760110
0.115124
0.067338
0.060121
0.569939
0.077433
1.025938
0.793542
0.922437
3.975009
0.125454
0.072219
0.110713
0.103309
1.893409
0.599298
1.849932
0.745010
0.139261
0.043091
0.552908
0.025717
0.229053
1.722872
0.463607
4.238024
0.054571
0.654975
0.090955
0.292950
2.160651
0.801776
4.664573
0.069794
0.932022
0.083568
0.112098
0.033837
0.021868
0.030774
0.015221
0.020333
0.000000
0.000801
0.000000
0.007657
0.028083
0.031629
0.015080
0.019369
0.000000
0.000000
0.000000
0.009990
0.013325
0.015141
0.041824
0.022740
0.006423
0.000000
0.000715
0.000000
0.014306
0.072703
0.004223
0.042852
0.012926
0.000000
0.000000
0.000000
0.025011
0.014336
0.018863
0.011974
0.011521
0.000000
0.000000
0.000000
0.030981
0.033008
0.014956
0.011845
0.000000
0.000000
0.000000
0.000000
0.001944
0.040970
0.014652
0.011069
0.000000
0.010331
0.002788
0.000000
0.010241
0.012391
0.034518
0.017516
0.000000
0.000000
0.000473
0.000000
1.315708
0.242512
1.002378
0.091114
0.034563
0.040805
0.058292
0.025396
0.264949
0.565379
0.772456
0.074143
0.021707
0.036817
0.072122
0.022903
0.173431
0.319592
2.227117
0.577241
0.018252
0.049690
0.046940
0.121606
1.205890
0.070824
0.771862
0.318903
0.019707
0.037248
0.037983
0.023253
0.225839
0.470646
0.618801
0.171654
0.045101
0.040532
0.029873
0.056576
0.529722
0.231409
0.068511
0.893985
0.020052
0.038719
0.048033
0.023398
0.171021
0.200999
2.326696
0.098139
0.025843
0.170683
0.026747
0.157870
0.682311
0.082577
1.289111
0.381480
0.020566
0.139959
0.059552
0.018615
0.011106
0.025280
0.010457
0.018472
0.000000
0.000000
0.000000
0.000000
0.010792
0.000000
0.019900
0.012512
0.000000
0.000000
0.000000
0.000000
0.013173
0.000000
0.014543
0.018666
0.000000
0.000000
0.000000
0.000000
0.015909
0.000000
0.015082
0.006979
0.000000
0.000000
0.000000
0.000000
0.015987
0.014950
0.011748
0.002993
0.000000
0.000000
0.000000
0.006537
0.014343
0.000000
0.008411
0.014721
0.000000
0.000000
0.000179
0.000000
0.000000
0.025748
0.016618
0.024420
0.000000
0.000000
0.000000
0.000000
0.006771
0.017639
0.014647
0.014126
0.000000
0.000000
0.000000
0.000000
2.577754
0.178805
1.948299
3.101460
0.046825
0.142806
0.216319
1.479931
0.959089
3.684036
2.109008
0.073553
0.233268
0.192326
0.032401
0.183712
1.709568
0.185683
6.833102
0.366882
2.228329
0.056162
0.608234
0.078008
1.604764
0.464452
0.275231
2.217837
0.071958
2.370822
0.067624
0.205735
3.057768
3.099407
0.239988
1.889478
0.066896
2.741462
0.043092
0.153884
0.406580
0.421128
3.839315
0.314677
0.191057
0.019458
0.611357
0.161846
0.581784
1.404634
0.238607
4.111871
1.232952
0.096698
0.562619
0.037072
0.088681
0.703074
0.966162
1.816215
0.500309
0.071804
0.103520
0.173327
0.028960
0.015602
0.089777
0.011741
0.000000
0.010868
0.005054
0.000000
0.031198
0.007976
0.036179
0.037279
0.000000
0.006986
0.000000
0.000000
0.168463
0.012013
0.036926
0.016928
0.000000
0.000054
0.009663
0.004368
0.010468
0.059065
0.005015
0.019815
0.000000
0.000000
0.000000
0.023427
0.000000
0.204508
0.019046
0.013368
0.000000
0.003206
0.004438
0.000000
0.010426
0.012278
0.138997
0.015233
0.008142
0.000000
0.000000
0.003581
0.140349
0.012797
0.102794
0.009984
0.008535
0.000000
0.000000
0.000000
0.021231
0.009163
0.015952
0.042792
0.000000
0.021403
0.000000
0.000000
1.078692
0.183179
0.064034
0.957481
0.082820
0.128497
0.210950
0.023010
0.066226
0.779494
0.279256
0.187422
0.081531
0.019634
0.030894
0.227924
0.389647
0.556429
0.136241
0.428346
0.042246
0.205765
0.032605
0.207071
0.631345
0.094716
0.256711
0.139908
0.152675
0.021143
0.111216
0.064474
0.622791
0.068826
1.114273
0.675515
0.292193
0.036066
0.054679
0.048512
0.219226
0.343522
0.372132
0.696848
0.130240
0.032470
0.036370
0.038908
0.298242
0.117801
0.843390
0.269030
0.126615
0.235426
0.023884
0.101976
0.143901
0.098550
0.332569
0.477863
0.180233
0.140271
0.054715
0.045502
0.013999
0.021242
0.013610
0.013912
0.006882
0.000000
0.000000
0.000000
0.006449
0.012163
0.024689
0.018806
0.000000
0.000000
0.000000
0.000000
0.009108
0.029526
0.018993
0.024507
0.000000
0.000000
0.000000
0.012965
0.016873
0.005569
0.008903
0.037914
0.000071
0.000000
0.000000
0.000000
0.015353
0.014153
0.029062
0.000000
0.001788
0.000000
0.000000
0.000000
0.015293
0.017042
0.006283
0.015087
0.000000
0.000000
0.000000
0.000000
0.013316
0.020445
0.019830
0.013780
0.000000
0.000000
0.000000
0.000000
0.027190
0.000291
0.016954
0.031228
0.000000
0.000000
0.000000
0.000000
