0.000000
0.000000
0.000000
0.000000
0.040295
0.047310
0.001594
0.050730
0.000000
0.000000
0.000000
0.000000
0.000000
0.008319
0.018569
0.049440
0.000000
0.000000
0.000000
0.000000
0.048942
0.000082
0.047095
0.014329
0.000000
0.000000
0.000000
0.002473
0.036517
0.049829
0.000000
0.051874
0.000000
0.000000
0.000000
0.011267
0.051745
0.044358
0.041026
0.069131
0.000000
0.000000
0.000130
0.000000
0.050879
0.010717
0.083859
0.000945
0.000000
0.001196
0.000000
0.000000
0.050692
0.042924
0.046429
0.001635
0.000000
0.000000
0.000000
0.000000
0.002962
0.039521
0.046562
0.047964
0.068159
0.466761
0.139325
0.350132
1.238526
0.514725
1.156112
1.996271
0.082936
0.105694
0.272928
0.074990
0.593316
1.529935
1.550356
1.046358
0.060327
0.359955
0.185707
0.360730
1.333788
3.422393
10.256816
0.710485
0.061055
0.496349
0.101891
0.123880
1.245134
2.196545
0.760993
1.213882
0.443973
0.077173
0.061817
0.353407
1.848517
0.776521
0.890174
1.799432
0.095707
0.092174
0.081601
0.073015
1.216666
1.221550
0.881025
4.228903
0.519102
0.072594
0.079071
0.075023
2.445886
0.835494
1.862968
0.728864
0.097878
0.631650
0.069902
0.130459
7.131568
0.735998
0.649852
1.966260
0.000000
0.000000
0.000000
0.000000
0.004774
0.000000
0.007793
0.029484
0.000000
0.000000
0.000000
0.000000
0.000000
0.016950
0.000000
0.030805
0.000000
0.000000
0.000000
0.000000
0.010561
0.054120
0.000000
0.000000
0.000000
0.000000
0.000000
0.000000
0.001161
0.000465
0.016252
0.000000
0.000000
0.000000
0.000000
0.000000
0.054927
0.000000
0.021950
0.000000
0.000000
0.000000
0.000000
0.000000
0.000186
0.005831
0.000000
0.004517
0.000000
0.000000
0.000000
0.000000
0.052686
0.003960
0.000000
0.031239
0.000000
0.000000
0.000000
0.000000
0.000000
0.042621
0.000000
0.006054
0.068751
0.100042
0.089567
0.057948
0.562895
0.911684
0.879877
0.748094
0.022518
0.079843
0.073745
0.072702
1.045087
0.166685
1.220230
0.088804
0.089047
0.071787
0.057712
0.094003
0.274168
0.925450
0.837839
0.777946
0.085195
0.062552
0.094823
0.056664
1.109373
0.409978
0.100100
1.700011
0.071885
0.564898
0.091086
0.071178
0.980796
0.741440
0.676423
1.541623
0.067080
0.081688
0.069002
0.100623
0.559715
0.991747
0.150854
1.040860
0.078979
0.067762
0.151426
0.107719
0.793008
0.856572
0.805901
1.270174
0.090061
0.058700
0.081535
0.066149
0.437646
1.148936
0.611900
0.657724
0.019039
0.000000
0.000000
0.004631
0.046020
0.000738
0.050119
0.000000
0.000000
0.000000
0.000000
0.000266
0.008392
0.000000
0.061552
0.036398
0.000000
0.035141
0.000000
0.031856
0.046109
0.000033
0.000000
0.051884
0.004730
0.000000
0.000000
0.000000
0.036845
0.001709
0.029973
0.046327
0.000000
0.000000
0.000000
0.026396
0.003438
0.050680
0.017123
0.000944
0.000000
0.008739
0.000000
0.000000
0.049317
0.010831
0.000000
0.053236
0.000000
0.000000
0.000000
0.000000
0.000000
0.055653
0.036929
0.002759
0.000000
0.025629
0.000000
0.000000
0.056039
0.000000
0.102631
0.034101
0.058023
0.683984
0.546806
0.056490
1.307422
18.554834
0.711951
2.928768
0.240696
0.062555
0.195924
0.160496
0.656011
1.582394
1.769275
0.601522
0.091072
0.270960
0.156218
0.113665
2.912290
0.264159
1.032384
11.531811
0.059716
0.304527
0.079590
0.097028
0.703164
7.115845
8.735219
0.555323
0.068034
0.332465
0.227682
0.060339
1.089945
2.667587
0.671934
14.107833
0.081715
0.064367
0.656170
0.056331
1.005204
2.187146
0.961872
2.019945
0.063339
0.269643
0.218357
0.126111
0.328761
2.476801
5.014994
1.103590
0.094144
0.080932
0.486813
0.069403
0.590216
2.724853
0.534615
18.590764
0.000000
0.000000
0.000000
0.000000
0.055549
0.000000
0.003944
0.019587
0.000000
0.000000
0.000000
0.000000
0.000000
0.041118
0.000000
0.000000
0.000000
0.000000
0.000000
0.000000
0.013733
0.049373
0.000000
0.000000
0.000000
0.000000
0.000000
0.000000
0.016231
0.000000
0.000000
0.000000
0.000000
0.000000
0.000000
0.001171
0.000000
0.006095
0.037804
0.016737
0.000000
0.000000
0.000000
0.000000
0.001479
0.006488
0.002915
0.003883
0.000000
0.000000
0.000000
0.000000
0.054320
0.000000
0.049643
0.000000
0.000000
0.000000
0.000000
0.000000
0.000000
0.010647
0.000000
0.012788
0.111025
0.079363
0.084459
0.079057
0.714828
1.355087
0.461366
8.844213
0.078897
0.065151
0.066766
0.092508
0.701947
0.292801
0.530938
0.211603
0.057703
0.268949
0.237797
0.011787
14.717073
0.631695
0.155792
1.689996
0.088075
0.058956
0.035040
0.079053
0.749143
0.662813
0.240149
0.670963
0.057660
0.534847
0.069006
0.131407
0.846249
1.008199
0.090636
16.029617
0.092840
0.061388
0.064697
0.148724
0.978366
0.136975
0.903033
4.095372
0.121764
0.064459
0.181048
0.067913
0.361621
1.076644
0.297666
2.731215
0.240376
0.064296
0.042725
0.083559
0.217429
1.303106
0.310782
0.731081
0.000000
0.000000
0.000000
0.011699
0.000663
0.054729
0.047692
0.038004
0.000000
0.003396
0.000000
0.000000
0.046093
0.004771
0.048649
0.043562
0.000000
0.000000
0.002045
0.000000
0.036676
0.051221
0.049916
0.004120
0.000000
0.000000
0.000000
0.000798
0.025630
0.044677
0.001973
0.054064
0.000000
0.000000
0.018237
0.000000
0.015337
0.050470
0.051431
0.054733
0.000000
0.000000
0.000000
0.000000
0.052539
0.040093
0.000000
0.053244
0.035894
0.000000
0.000882
0.000000
0.044485
0.000462
0.073906
0.040092
0.000000
0.000000
0.000000
0.001422
0.000044
0.011260
0.000000
0.046191
0.335505
0.063975
0.307002
0.101268
12.861133
0.821464
2.103828
0.989212
0.094436
0.114782
0.334773
0.057837
1.134821
1.222546
1.425246
0.901765
0.254810
0.114501
0.055845
0.415347
0.631317
2.577065
1.411277
1.490993
0.078231
0.062790
0.357466
0.062893
0.769672
12.390044
1.174727
1.242446
0.110239
0.380591
0.251650
0.160942
0.654156
6.022441
2.070355
1.393639
0.058209
0.200360
0.086048
0.079723
9.221614
1.463165
1.172928
7.367742
0.483336
0.118906
0.061122
0.413388
1.543216
1.075651
0.610543
9.230058
0.081508
0.115226
0.216087
0.063471
0.828231
16.183169
1.024300
2.499973
0.000000
0.000000
0.000000
0.000000
0.001084
0.003463
0.000000
0.047735
0.000000
0.000000
0.000000
0.000000
0.012615
0.004510
0.000000
0.004369
0.000000
0.000000
0.000000
0.000000
0.054886
0.003170
0.005155
0.000000
0.000000
0.000000
0.000000
0.000000
0.000837
0.005508
0.000000
0.002284
0.000000
0.000000
0.000000
0.000000
0.002351
0.000000
0.027378
0.051771
0.000000
0.000000
0.000000
0.000000
0.010607
0.000000
0.001732
0.026123
0.000000
0.000000
0.000000
0.000000
0.007532
0.000000
0.050801
0.000000
0.000000
0.000000
0.000000
0.000000
0.054784
0.000000
0.000000
0.021929
0.089428
0.055502
0.079418
0.055760
1.028902
0.705334
0.917844
1.131131
0.065183
0.086129
0.055607
0.071116
3.452507
0.619557
0.370080
3.571234
0.057973
0.322111
0.116238
0.063867
1.021981
1.076003
0.720283
1.377368
0.064485
0.182418
0.062256
0.078319
0.506998
0.719487
0.590486
1.605469
0.066762
0.069702
0.062924
0.158052
0.414371
1.771442
1.383469
0.521965
0.026780
0.102090
0.130738
0.067056
0.344986
0.788583
0.087514
1.732481
0.277566
0.059094
0.094207
0.155131
0.783587
1.992864
1.238562
0.903656
0.079660
0.019747
0.072868
0.068613
0.789811
1.021342
1.035559
0.415493
0.000000
0.031348
0.000000
0.000000
0.048594
0.038329
0.050834
0.000000
0.000000
0.000000
0.000000
0.002928
0.010424
0.002040
0.046869
0.000000
0.000000
0.033497
0.000000
0.015966
0.000000
0.046389
0.000000
0.045409
0.000000
0.000000
0.020942
0.000000
0.046142
0.000000
0.009368
0.044500
0.000000
0.000000
0.003405
0.000000
0.095091
0.000000
0.053188
0.022312
0.000000
0.024744
0.000000
0.000000
0.042871
0.054525
0.000000
0.053189
0.000000
0.000000
0.033318
0.000000
0.000000
0.043442
0.002878
0.055893
0.004871
0.000000
0.000000
0.000000
0.057523
0.038016
0.015334
0.000000
0.158208
0.082565
0.116876
0.075404
8.308301
0.801773
0.552652
3.087953
0.111856
0.152336
0.134871
0.058099
0.855429
1.294780
12.022555
1.060657
0.129290
0.115032
0.057665
0.404048
11.620744
0.661691
1.660801
0.337555
0.247868
0.057965
0.554489
0.057507
1.010213
7.908240
19.244586
0.640475
0.565879
0.069322
0.060306
0.167316
1.267188
1.836527
0.392882
1.937777
0.082147
0.079162
0.105069
0.172346
0.475741
9.667678
1.392746
0.689285
0.085886
0.134615
0.162008
0.249511
1.048608
13.076252
0.784017
2.268338
0.112810
0.273880
0.099707
0.116557
22.620806
0.705851
5.138611
2.834047
0.000000
0.000000
0.002749
0.000000
0.004432
0.000000
0.000000
0.033164
0.000000
0.000000
0.000000
0.000000
0.000000
0.051962
0.001587
0.000000
0.000000
0.000000
0.000000
0.000000
0.018184
0.000000
0.033590
0.000000
0.000000
0.000000
0.000000
0.000000
0.000000
0.018743
0.000000
0.014629
0.000000
0.000000
0.000000
0.000000
0.000000
0.037477
0.001871
0.050861
0.000000
0.000000
0.000000
0.000000
0.000000
0.027830
0.000054
0.008445
0.000000
0.000000
0.000000
0.000000
0.000000
0.000000
0.048668
0.002857
0.000000
0.000836
0.000000
0.000000
0.000000
0.000000
0.000000
0.047476
0.138522
0.066619
0.114867
0.061781
0.651210
2.169290
0.472955
3.467465
0.084022
0.068030
0.111513
0.062260
0.491661
0.846570
0.135290
0.775898
0.071369
0.055102
0.150017
0.061823
1.048680
0.288348
18.018066
0.410175
0.024594
0.078450
0.071753
0.059804
0.398590
0.880326
0.404917
0.092838
0.059127
0.074906
0.061893
0.485576
0.543816
16.241553
0.471345
2.006092
0.110717
0.067042
0.078304
0.062842
0.922409
0.616689
0.369673
0.580093
0.065068
0.420872
0.064304
0.202148
1.624376
0.264307
0.475044
1.271187
0.002235
0.082010
0.067162
0.179374
1.014496
0.336174
1.069126
0.638619
0.000000
0.000000
0.000000
0.000000
0.000000
0.000000
0.000000
0.000000
0.000000
0.000000
0.000000
0.000000
0.000000
0.000000
0.000000
0.000000
0.000000
0.000000
0.000000
0.000000
0.000000
0.000000
0.000000
0.000000
0.000000
0.000000
0.000000
0.000000
0.000000
0.000000
0.000000
0.000000
0.000000
0.000000
0.000000
0.000000
0.000000
0.000000
0.000000
0.000000
0.000000
0.000000
0.000000
0.000000
0.000000
0.000000
0.000000
0.000000
0.000000
0.000000
0.000000
0.000000
0.000000
0.000000
0.000000
0.000000
0.000000
0.000000
0.000000
0.000000
0.000000
0.000000
0.000000
0.000000
0.000000
0.000000
0.000000
0.000000
0.000000
0.000000
0.000000
0.000000
0.000000
0.000000
0.000000
0.000000
0.000000
0.000000
0.000000
0.000000
0.000000
0.000000
0.000000
0.000000
0.000000
0.000000
0.000000
0.000000
0.000000
0.000000
0.000000
0.000000
0.000000
0.000000
0.000000
0.000000
0.000000
0.000000
0.000000
0.000000
0.000000
0.000000
0.000000
0.000000
0.000000
0.000000
0.000000
0.000000
0.000000
0.000000
0.000000
0.000000
0.000000
0.000000
0.000000
0.000000
0.000000
0.000000
0.000000
0.000000
0.000000
0.000000
0.000000
0.000000
0.000000
0.000000
0.000000
0.000000
0.000000
0.000000
0.000000
0.000000
0.000000
0.000000
0.000000
0.000000
0.000000
0.000000
0.000000
0.000000
0.000000
0.000000
0.000000
0.000000
0.000000
0.000000
0.000000
0.000000
0.000000
0.000000
0.000000
0.000000
0.000000
0.000000
0.000000
0.000000
0.000000
0.000000
0.000000
0.000000
0.000000
0.000000
0.000000
0.000000
0.000000
0.000000
0.000000
0.000000
0.000000
0.000000
0.000000
0.000000
0.000000
0.000000
0.000000
0.000000
0.000000
0.000000
0.000000
0.000000
0.000000
0.000000
0.000000
0.000000
0.000000
0.000000
0.000000
0.000000
0.000000
0.000000
0.000000
0.000000
0.000000
0.000000
0.000000
0.000000
0.000000
0.000000
0.000000
0.000000
0.000000
0.000000
0.000000
0.000000
0.000000
0.000000
0.000000
0.000000
0.000000
0.000000
0.000000
0.000000
0.000000
0.000000
0.000000
0.000000
0.000000
0.000000
0.000000
0.000000
0.000000
0.000000
0.000000
0.000000
0.000000
0.000000
0.000000
0.000000
0.000000
0.000000
0.000000
0.000000
0.000000
0.000000
0.000000
0.000000
0.000000
0.000000
0.000000
0.000000
0.000000
0.000000
0.000000
0.000000
0.000000
0.000000
0.000000
0.000000
0.000000
0.000000
0.000000
0.000000
0.000000
0.000000
0.000000
0.000000
0.000000
0.000000
0.000000
0.000000
0.000000
0.000000
0.000000
0.000000
0.000000
0.000000
0.000000
0.000000
0.000000
0.000000
0.000000
0.000000
0.000000
0.000000
0.000000
0.000000
0.000000
0.000000
0.000000
0.000000
0.000000
0.000000
0.000000
0.000000
0.000000
0.000000
0.000000
0.000000
0.000000
0.000000
0.000000
0.000000
0.000000
0.000000
0.000000
0.000000
0.000000
0.000000
0.000000
0.000000
0.000000
0.000000
0.000000
0.000000
0.000000
0.000000
0.000000
0.000000
0.000000
0.000000
0.000000
0.000000
0.000000
0.000000
0.000000
0.000000
0.000000
0.000000
0.000000
0.000000
0.000000
0.000000
0.000000
0.000000
0.000000
0.000000
0.000000
0.000000
0.000000
0.000000
0.000000
0.000000
0.000000
0.000000
0.000000
0.000000
0.000000
0.000000
0.000000
0.000000
0.000000
0.000000
0.000000
0.000000
0.000000
0.000000
0.000000
0.000000
0.000000
0.000000
0.000000
0.000000
0.000000
0.000000
0.000000
0.000000
0.000000
0.000000
0.000000
0.000000
0.000000
0.000000
0.000000
0.000000
0.000000
0.000000
0.000000
0.000000
0.000000
0.000000
0.000000
0.000000
0.000000
0.000000
0.000000
0.000000
0.000000
0.000000
0.000000
0.000000
0.000000
0.000000
0.000000
0.000000
0.000000
0.000000
0.000000
0.000000
0.000000
0.000000
0.000000
0.000000
0.000000
0.000000
0.000000
0.000000
0.000000
0.000000
0.000000
0.000000
0.000000
0.000000
0.000000
0.000000
0.000000
0.000000
0.000000
0.000000
0.000000
0.000000
0.000000
0.000000
0.000000
0.000000
0.000000
0.000000
0.000000
0.000000
0.000000
0.000000
0.000000
0.000000
0.000000
0.000000
0.000000
0.000000
0.000000
0.000000
0.000000
0.000000
0.000000
0.000000
0.000000
0.000000
0.000000
0.000000
0.000000
0.000000
0.000000
0.000000
0.000000
0.000000
0.000000
0.000000
0.000000
0.000000
0.000000
0.000000
0.000000
0.000000
0.000000
0.000000
0.000000
0.000000
0.000000
0.000000
0.000000
0.000000
0.000000
0.000000
0.000000
0.000000
0.000000
0.000000
0.000000
0.000000
0.000000
0.000000
0.000000
0.000000
0.000000
0.000000
0.000000
0.000000
0.000000
0.000000
0.000000
0.000000
0.000000
0.000000
0.000000
0.000000
0.000000
0.000000
0.000000
0.000000
0.000000
0.000000
0.000000
0.000000
0.000000
0.000000
0.000000
0.000000
0.000000
0.000000
0.000000
0.000000
0.000000
0.000000
0.000000
0.000000
0.000000
0.000000
0.000000
0.000000
0.000000
0.000000
0.000000
0.000000
0.000000
0.000000
0.000000
0.000000
0.000000
0.000000
0.000000
0.000000
0.000000
0.000000
0.000000
0.000000
0.000000
0.000000
0.000000
0.000000
0.000000
0.000000
0.000000
0.000000
0.000000
0.000000
0.000000
0.000000
0.000000
0.000000
0.000000
0.000000
0.000000
0.000000
0.000000
0.000000
0.000000
0.000000
0.000000
0.000000
0.000000
0.000000
0.000000
0.000000
0.000000
0.000000
0.000000
0.000000
0.000000
0.000000
0.000000
0.000000
0.000000
0.000000
0.000000
0.000000
0.000000
0.000000
0.000000
0.000000
0.000000
0.000000
0.000000
0.000000
0.000000
0.000000
0.000000
0.000000
0.000000
0.000000
0.000000
0.000000
0.000000
0.000000
0.000000
0.000000
0.000000
0.000000
0.000000
0.000000
0.000000
0.000000
0.000000
0.000000
0.000000
0.000000
0.000000
0.000000
0.000000
0.000000
0.000000
0.000000
0.000000
0.000000
0.000000
0.000000
0.000000
0.000000
0.000000
0.000000
0.000000
0.000000
0.000000
0.000000
0.000000
0.000000
0.000000
0.000000
0.000000
0.000000
0.000000
0.000000
0.000000
0.000000
0.000000
0.000000
0.000000
0.000000
0.000000
0.000000
0.000000
0.000000
0.000000
0.000000
0.000000
0.000000
0.000000
0.000000
0.000000
0.000000
0.000000
0.000000
0.000000
0.000000
0.000000
0.000000
0.000000
0.000000
0.000000
0.000000
0.000000
0.000000
0.000000
0.000000
0.000000
0.000000
0.000000
0.000000
0.000000
0.000000
0.000000
0.000000
0.000000
0.000000
0.000000
0.000000
0.000000
0.000000
0.000000
0.000000
0.000000
0.000000
0.000000
0.000000
0.000000
0.000000
0.000000
0.000000
0.000000
0.000000
0.000000
0.000000
0.000000
0.000000
0.000000
0.000000
0.000000
0.000000
0.000000
0.000000
0.000000
0.000000
0.000000
0.000000
0.000000
0.000000
0.000000
0.000000
0.000000
0.000000
0.000000
0.000000
0.000000
0.000000
0.000000
0.000000
0.000000
0.000000
0.000000
0.000000
0.000000
0.000000
0.000000
0.000000
0.000000
0.000000
0.000000
0.000000
0.000000
0.000000
0.000000
0.000000
0.000000
0.000000
0.000000
0.000000
0.000000
0.000000
0.000000
0.000000
0.000000
0.000000
0.000000
0.000000
0.000000
0.000000
0.000000
0.000000
0.000000
0.000000
0.000000
0.000000
0.000000
0.000000
0.000000
0.000000
0.000000
0.000000
0.000000
0.000000
0.000000
0.000000
0.000000
0.000000
0.000000
0.000000
0.000000
0.000000
0.000000
0.000000
0.000000
0.000000
0.000000
0.000000
0.000000
0.000000
0.000000
0.000000
0.000000
0.000000
0.000000
0.000000
0.000000
0.000000
0.000000
0.000000
0.000000
0.000000
0.000000
0.000000
0.000000
0.000000
0.000000
0.000000
0.000000
0.000000
0.000000
0.000000
0.000000
0.000000
0.000983
0.000000
0.000000
0.000000
0.000000
0.000000
0.000000
0.000000
0.000000
0.000000
0.000000
0.000000
0.000000
0.000000
0.000000
0.000000
0.000000
0.000000
0.000000
0.000000
0.000000
0.000000
0.000000
0.000000
0.000000
0.000000
0.000000
0.000000
0.000000
0.000000
0.000000
0.000000
0.000000
0.000000
0.000000
0.000000
0.000000
0.000000
0.000000
0.000000
0.000000
0.000000
0.000000
0.000000
0.000000
0.000000
0.000000
0.000000
0.000000
0.000000
0.000000
0.000000
0.000000
0.000000
0.000000
0.000000
0.000000
0.000000
0.000000
0.000000
0.000000
0.000000
0.000000
0.000000
0.000000
0.000000
0.000000
0.000000
0.000000
0.000000
0.000000
0.000000
0.000000
0.000000
0.000000
0.000000
0.000000
0.000000
0.000000
0.000000
0.000000
0.000000
0.000000
0.000000
0.000000
0.000000
0.000000
0.000000
0.000000
0.000000
0.000000
0.000000
0.000000
0.000000
0.000000
0.000000
0.000000
0.000000
0.000000
0.000000
0.000000
0.000000
0.000000
0.000000
0.000000
0.000000
0.000000
0.000000
0.000000
0.000000
0.000000
0.000000
0.000000
0.000000
0.000000
0.000000
0.000000
0.000000
0.000000
0.000000
0.000000
0.000000
0.000000
0.000000
0.000000
0.000000
0.000000
0.000000
0.000000
0.000000
0.000000
0.000000
0.000000
0.000000
0.000000
0.000000
0.000000
0.000000
0.000000
0.000000
0.000000
0.000000
0.000000
0.000000
0.000000
0.000000
0.000000
0.000000
0.000000
0.000000
0.000000
0.000000
0.000000
0.000000
0.000000
0.000000
0.000000
0.000000
0.000000
0.000000
0.000000
0.000000
0.000000
0.000000
0.000000
0.000000
0.000000
0.000000
0.000000
0.000000
0.000000
0.000000
0.000000
0.000000
0.000000
0.000000
0.000000
0.000000
0.000000
0.000000
0.000000
0.000000
0.000000
0.000000
0.000000
0.000000
0.000000
0.000000
0.000000
0.000000
0.000000
0.000000
0.000000
0.000000
0.000000
0.000000
0.000000
0.000000
0.000000
0.000000
0.000000
0.000000
0.000000
0.000000
0.000000
0.000000
0.000000
0.000000
0.000000
0.000000
0.000000
0.000000
0.000000
0.000000
0.000000
0.000000
0.000000
0.000000
0.000000
0.000000
0.000000
0.000000
0.000000
0.000000
0.000000
0.000000
0.000000
0.000000
0.000000
0.000000
0.000000
0.000000
0.000000
0.000000
0.000000
0.000000
0.000000
0.000000
