0.000000
2.022825
1.078002
0.083841
6.146662
11.249746
3.335741
9.084347
0.033104
0.248910
3.066238
1.123119
3.708110
4.551906
6.821709
8.388084
2.013970
0.384953
2.095230
1.888385
13.503584
3.055899
8.235953
5.479281
0.940515
0.791332
0.027200
5.473299
7.256376
7.811841
1.328978
8.124876
2.298064
2.071272
0.736380
5.510220
9.397670
8.130280
6.561328
8.038292
0.288543
0.733255
3.697525
0.297519
12.583462
4.733304
13.570450
3.475655
1.246082
3.090544
2.087977
1.118190
7.467935
11.905711
6.916441
4.233289
0.143785
2.490837
2.285520
0.106299
3.771491
9.377236
5.271604
7.174365
15.219923
25.578380
21.769262
23.767500
59.169212
40.235137
47.798647
76.535962
21.893425
16.702987
30.132150
21.592250
38.645625
76.687141
68.451723
48.639688
16.324662
24.452987
17.891950
18.804775
63.123137
118.184500
98.136412
38.746975
17.628180
35.015950
13.128196
19.813037
54.184209
88.487088
42.481552
51.910825
27.660925
21.060025
12.485897
21.672614
71.953037
39.179187
50.376038
67.696673
23.386637
19.803036
24.343925
19.966287
59.399337
56.988413
38.230503
93.878200
27.648078
19.594531
11.660146
20.982950
83.110034
42.522038
73.699841
47.231887
14.412230
28.902572
16.125425
27.504512
93.114880
40.424062
40.070600
85.807105
0.030714
0.076601
0.911133
0.111692
4.736492
2.945251
5.624507
5.351859
0.028815
0.707417
0.048053
0.312810
2.228290
6.682091
2.666430
7.022585
1.193830
0.037846
0.576616
3.905672
6.257063
10.396537
1.632007
2.797204
0.247834
0.260442
0.241756
0.118890
3.663048
4.992875
6.431338
2.172530
0.269662
0.033473
0.384970
2.372987
11.502677
5.230359
5.576825
1.142340
0.529175
0.030949
2.500713
0.028239
3.190683
7.524284
2.434457
4.264350
0.712907
0.026870
1.537896
0.347878
11.396202
5.485017
0.686084
6.174202
0.084475
0.139430
0.299994
0.174012
3.581225
6.293560
1.070816
4.829541
14.367899
21.844870
27.590450
11.982430
35.127614
56.673887
57.914713
45.292923
8.145790
20.281762
18.061337
17.436887
59.215287
32.458687
82.164550
28.735462
17.155387
17.709362
14.763260
15.785894
34.609062
68.514275
64.066450
41.629748
19.580311
8.551402
28.344025
8.843054
60.513438
33.228862
32.238050
92.643984
17.208762
32.108587
26.776675
19.935225
53.052036
58.691100
44.099537
66.812250
11.837675
21.099325
17.272734
26.016200
41.224220
70.400650
27.285337
71.902150
23.184112
17.214383
27.724162
15.060175
44.593219
69.653962
47.560137
51.252550
25.086150
12.054563
24.240050
12.650631
33.145269
76.413112
41.639095
47.014450
6.952994
0.709956
0.080531
3.633263
14.748047
5.193150
9.363660
3.599547
0.085806
0.626158
0.825768
4.668560
4.140759
1.831090
8.288955
10.386190
0.454110
7.300410
0.301054
9.325935
8.376860
5.251506
2.349824
18.043877
7.851525
0.062661
0.669621
1.573985
11.861502
3.077230
4.266218
6.441118
0.339016
2.016600
1.687082
5.431383
4.738851
9.739590
6.914404
4.800466
0.035945
9.510357
0.283482
1.796865
14.975326
4.064264
3.792319
5.254988
2.072389
1.853193
0.488752
0.880607
3.248326
13.412328
11.576476
5.881374
1.553957
8.112084
0.887511
0.125907
10.050697
0.601760
8.934599
10.660257
17.595600
34.464862
29.774762
10.633722
66.341187
98.683787
39.309650
99.029100
29.169737
19.840850
30.349125
15.013462
38.053863
78.346300
81.341189
38.111784
9.026282
21.422750
23.364612
9.490430
99.821694
26.805000
54.422875
76.908467
16.113675
17.608400
22.546275
10.595059
36.574220
87.019250
68.244563
32.431462
17.033880
18.912475
22.923337
21.080912
51.571162
108.675750
32.385625
101.613600
22.759925
18.160980
35.603044
5.348240
59.186083
83.132125
50.948025
55.725748
17.296087
29.003897
18.945350
10.052227
34.624837
103.336908
68.626562
58.414775
9.997075
24.827475
27.362425
17.430925
35.615712
120.032562
48.810900
69.166320
0.028546
1.006702
0.274014
3.008691
9.682665
0.777936
3.227534
10.235929
0.274598
1.798223
0.041925
0.103866
2.846300
4.586932
2.453429
0.581874
0.028052
1.387705
0.170212
2.627050
10.080768
4.350149
1.656470
2.985616
0.047617
0.061788
0.729436
2.030137
5.170465
1.828331
2.515566
1.192379
0.857939
0.993931
0.026497
4.853980
2.491924
3.459605
6.526192
9.843804
0.808988
0.074378
0.252910
0.117712
4.593127
4.815608
6.985054
3.041044
3.301853
0.496031
1.031009
0.196694
12.782707
1.226691
5.797630
0.583415
0.075860
0.786787
0.199523
0.499761
1.407739
3.272494
2.770073
4.708888
16.861237
22.337163
9.366831
23.326097
38.560784
77.820112
42.160525
90.791400
20.008258
13.075375
9.240082
15.655475
57.600672
33.673187
43.137087
27.322534
9.265434
28.955062
23.156275
3.628968
109.122237
42.829137
30.408475
91.960606
14.403076
9.607478
6.085900
19.793987
55.326900
40.273237
32.035725
42.075050
14.157020
31.363673
18.837650
20.042012
54.965950
62.990123
26.724250
107.027678
26.427600
10.585419
10.827362
28.068712
54.113800
34.419487
57.124975
65.589837
11.121769
17.469314
19.763900
14.785400
31.670138
74.679062
34.920098
118.278625
23.938987
11.719075
4.684361
17.179375
36.064600
84.158112
31.053467
44.842327
1.291154
1.402476
0.059443
4.275970
3.087676
11.428101
8.052005
6.106691
0.854733
5.908994
0.071072
0.119141
10.142884
4.531987
5.846046
7.143154
0.241978
2.547976
3.903438
2.205066
7.311784
6.877982
7.971705
5.232648
0.064373
4.060082
0.113019
4.475639
6.852999
6.665202
3.080891
6.360214
1.172662
2.486422
3.915496
0.366090
5.936361
10.381234
8.738016
6.718349
1.750510
0.236917
0.246113
0.747138
7.503327
7.698889
0.616443
11.013470
6.202007
1.073252
3.614268
0.292394
9.425622
4.849580
7.252550
5.893649
0.192657
3.237601
0.027539
5.775822
2.310385
6.419370
5.014942
13.603117
28.729012
16.557087
23.606155
16.036837
111.052712
53.941975
85.051925
37.954337
21.526012
14.720650
30.554475
16.170280
46.455112
81.833864
53.392275
52.748037
23.854200
13.361287
12.215022
32.921862
38.820562
99.347275
52.188092
71.913712
25.184462
10.055531
23.610008
14.338950
46.837087
76.060700
57.016737
70.996775
17.783137
24.316500
18.388162
24.105537
27.391900
92.934528
100.004687
52.328837
15.152452
24.329650
19.078837
20.077300
120.503844
68.917987
40.108162
107.251625
25.112456
14.010300
17.986125
31.264625
64.370250
64.624487
42.451317
92.689505
23.009975
25.861975
27.390575
12.030716
60.674950
127.190812
36.393173
114.581352
0.033725
0.435844
0.415980
2.124837
2.775650
6.119268
1.661366
8.316886
0.139258
0.039173
0.028560
0.856950
7.956740
4.041542
0.727554
4.183824
0.382755
1.251339
0.062549
0.054305
10.996521
5.115070
6.102833
0.776114
0.027540
1.310107
0.040159
0.103368
5.062309
4.024144
2.330504
5.460007
0.578979
0.327740
0.485815
0.761907
4.992684
5.522747
5.896988
7.039129
0.056452
0.313605
1.030752
0.026815
6.844512
4.045720
2.696900
5.265601
0.837675
1.956156
0.029333
1.123450
6.812695
0.680760
9.186018
3.235336
0.040702
1.317971
0.026413
0.035070
6.877534
0.418146
4.352605
6.076785
21.719575
7.132237
21.636687
10.851891
51.247275
63.566075
45.424812
66.013102
13.828139
23.008725
8.665702
16.003162
115.701422
40.896925
48.129800
88.690275
11.749505
34.832912
22.098400
11.732782
63.574375
68.177362
40.537667
51.991450
8.805609
32.962512
11.468832
17.988337
36.964512
56.171325
49.249262
72.593591
16.940823
15.130662
13.627956
27.766450
45.035975
92.503281
80.039680
25.898562
7.458544
28.592828
20.841859
15.689412
39.011888
76.162700
21.518312
96.795753
31.987462
9.889799
13.973551
23.435562
55.095212
98.151783
49.066895
52.684962
18.602700
6.985283
19.579281
15.835525
43.606369
71.496200
54.112087
46.612137
0.750093
8.280512
0.524062
1.112994
15.681314
8.982845
7.520598
3.461048
1.057662
0.124561
0.554798
8.034879
2.911770
3.791185
13.922019
4.490139
1.181845
8.137708
0.069380
3.942718
2.326359
16.837812
2.704228
6.411338
0.713009
1.921499
7.668996
0.161529
4.944779
0.439842
10.972627
6.147967
0.644093
0.453832
5.261999
0.992200
8.754944
1.362251
15.527022
6.776567
1.201962
5.392273
0.112533
2.109386
5.283430
14.222249
1.321693
6.719594
2.363386
2.086141
7.755545
0.383036
2.585765
11.825721
4.781405
16.798687
8.749189
1.441805
1.041948
0.156831
6.626678
13.253963
3.740306
5.915089
14.714425
22.680337
9.902406
22.602675
72.179337
52.349512
38.229562
109.245844
13.432809
26.295075
21.120200
11.362305
51.207075
55.981288
94.058787
61.338887
10.309875
22.528364
11.482421
19.952987
88.184344
42.501475
63.198220
38.342825
30.178212
4.253461
30.589683
16.564875
50.062162
53.242487
121.240781
38.392762
35.402162
9.189195
17.787187
24.404077
55.436212
90.899437
35.208912
61.463262
20.677987
24.035308
8.716549
17.461150
38.050575
86.448292
50.997902
42.367881
9.297877
21.870092
12.835987
21.107762
43.679977
91.913150
45.028680
105.887941
11.098544
24.122712
24.775125
12.203801
73.042875
48.622500
69.768597
106.306284
0.042227
1.618071
4.819344
0.125667
3.633178
0.873477
2.277592
9.016303
3.265772
0.058882
0.074187
0.731779
0.893736
8.081026
3.801126
0.645478
0.631718
0.123428
4.088979
0.534831
4.264620
2.087797
5.955868
1.055767
0.047328
1.850982
0.134077
1.137872
1.540260
8.531584
1.055977
2.797662
0.195144
5.529377
0.249770
0.051227
0.812972
5.186513
3.953432
7.337878
0.307714
0.317620
0.176785
0.060142
0.784223
3.521228
4.911199
4.412033
1.276170
2.584651
0.977349
0.120406
4.986835
0.498034
9.246904
3.233752
0.763501
2.066185
0.221149
0.038619
0.499762
2.242725
2.623397
4.007998
20.229308
15.187325
17.751750
17.861534
47.917125
102.772750
44.630931
49.996462
19.941587
14.078087
18.310386
8.230245
32.435412
51.956450
33.528900
55.158048
20.405581
7.192292
14.998289
11.366381
65.613920
49.088500
113.007000
27.452600
6.866626
20.821634
16.302312
7.205011
29.358887
73.571062
38.527162
30.183037
14.104009
20.295200
7.467074
34.586697
29.529050
114.761172
42.798387
92.820191
18.265862
8.448152
22.050912
11.230034
70.250275
35.178080
54.794650
49.183262
15.519819
22.430825
12.202420
21.630200
85.813525
41.582087
44.838950
54.746075
5.245415
20.107550
13.490950
23.647525
86.958012
33.060162
59.729495
50.789412
0.019316
0.037387
0.052310
0.574550
0.009423
0.003148
0.017698
0.011603
0.411190
0.168399
0.012649
0.030814
0.041742
0.012518
0.005108
0.000828
0.094050
0.200486
0.020328
0.084341
0.005351
0.015018
0.012512
0.006956
0.022623
0.118777
0.980786
0.014416
0.010191
0.000008
0.020141
0.011376
0.022556
0.021678
0.105425
0.013849
0.011230
0.011868
0.007182
0.009224
0.037181
0.051348
0.021235
0.084862
0.001792
0.013410
0.000005
0.016431
0.029659
0.056825
0.038374
0.031906
0.006997
0.009215
0.007970
0.047748
0.382488
0.012654
0.024404
0.064915
0.011160
0.009729
0.012821
0.001700
0.007404
0.000002
0.000003
0.000003
0.000000
0.000000
0.000000
0.000000
0.002176
0.000003
0.000795
0.000003
0.000001
0.000000
0.000000
0.000000
0.006022
0.000000
0.000786
0.000592
0.000000
0.000000
0.000000
0.000000
0.000386
0.000004
0.000005
0.005727
0.000000
0.000000
0.000000
0.000000
0.000002
0.000003
0.007629
0.000000
0.000000
0.000000
0.000000
0.000000
0.000000
0.006316
0.002530
0.000004
0.000000
0.000000
0.000000
0.000000
0.000000
0.005423
0.009707
0.002252
0.000000
0.000000
0.000000
0.000580
0.008754
0.000000
0.005510
0.000000
0.000000
0.001068
0.000000
0.000000
0.025438
0.020863
0.009723
0.026188
0.011643
0.002238
0.001947
0.007318
0.023730
0.012905
0.023959
0.013841
0.004645
0.000006
0.003681
0.000024
0.016278
0.143178
0.023124
0.010114
0.000347
0.001055
0.004394
0.016321
0.021821
0.007714
0.022216
0.013301
0.007318
0.000007
0.000005
0.009814
0.014241
0.122742
0.022496
0.011716
0.000007
0.006435
0.010791
0.009220
0.009904
0.022158
0.007037
0.024013
0.006231
0.000006
0.007483
0.000733
0.018812
0.355418
0.019574
0.011869
0.000418
0.007684
0.010226
0.008075
0.024201
0.009979
0.010388
0.023466
0.000715
0.001072
0.003915
0.004757
0.000003
0.002129
0.000002
0.000005
0.000000
0.000000
0.000000
0.000000
0.000005
0.000000
0.000000
0.002954
0.000000
0.000000
0.000000
0.000000
0.002270
0.002744
0.000005
0.000002
0.000000
0.000000
0.000000
0.000000
0.000000
0.000003
0.000000
0.002871
0.000000
0.000000
0.000000
0.000000
0.000003
0.000000
0.000000
0.000004
0.000000
0.000000
0.000000
0.000000
0.000002
0.000000
0.000003
0.000000
0.000000
0.000000
0.000000
0.000000
0.001111
0.000004
0.000002
0.003443
0.000000
0.000000
0.000000
0.000000
0.000000
0.001288
0.000000
0.003397
0.000000
0.000000
0.000000
0.000000
0.018133
0.484313
1.662827
0.059131
0.007940
0.012044
0.011644
0.015466
0.135346
0.312345
0.171323
0.020509
0.032154
0.012991
0.005297
0.013129
1.130338
0.020240
1.229657
0.018731
0.013014
0.011917
0.015725
0.011460
0.015493
2.304260
0.281394
0.150052
0.014290
0.010898
0.013797
0.009788
0.463953
0.029101
0.204217
0.020183
0.011271
0.011703
0.016165
0.012804
0.626005
0.016899
0.344310
0.020806
0.005124
0.028575
0.007300
0.010955
0.128640
0.216263
0.296832
0.363127
0.013825
0.011185
0.016070
0.007212
0.120221
0.022127
0.336510
0.229956
0.010889
0.023287
0.009690
0.013313
0.006554
0.000000
0.000003
0.010654
0.000000
0.000000
0.000000
0.000000
0.003040
0.005180
0.000412
0.000538
0.000000
0.000000
0.000000
0.000000
0.006889
0.000757
0.000005
0.007912
0.000000
0.000000
0.000000
0.000000
0.002859
0.000000
0.002955
0.007447
0.001335
0.000000
0.000000
0.002403
0.008219
0.000003
0.003062
0.009202
0.000001
0.000000
0.000000
0.000000
0.002461
0.001668
0.000000
0.008579
0.000000
0.000000
0.000000
0.000000
0.009545
0.000000
0.000003
0.007595
0.000000
0.000000
0.000000
0.000002
0.006010
0.000000
0.003422
0.008393
0.001992
0.000000
0.000000
0.000000
0.128406
0.014727
0.199522
0.019308
0.005287
0.005017
0.009872
0.010811
0.024872
0.012909
0.020453
0.016189
0.009325
0.009476
0.000151
0.009847
0.501216
0.117169
0.018215
0.025622
0.011244
0.011927
0.012072
0.007656
0.034118
0.467416
0.023371
0.016773
0.010690
0.010547
0.015339
0.009600
0.021220
0.016497
0.600740
0.012463
0.000320
0.013808
0.005345
0.009256
0.021913
0.018602
0.024313
0.014994
0.008850
0.000005
0.000006
0.010972
0.013956
0.418044
0.129665
0.086308
0.010082
0.015941
0.011815
0.011737
0.015707
0.022707
0.017284
0.027015
0.008118
0.014071
0.006920
0.012164
0.004070
0.001071
0.003331
0.000000
0.000000
0.000000
0.000000
0.000000
0.000000
0.000284
0.004287
0.004031
0.000000
0.000000
0.000000
0.000000
0.010285
0.000000
0.000012
0.004457
0.000000
0.000000
0.000000
0.000000
0.004040
0.009884
0.004393
0.000000
0.000000
0.000000
0.000000
0.000000
0.003832
0.000000
0.006546
0.000000
0.000000
0.000000
0.000000
0.000000
0.000000
0.008797
0.006572
0.000000
0.000000
0.000000
0.000000
0.000000
0.002412
0.001642
0.000891
0.008373
0.000000
0.000000
0.000000
0.000000
0.000000
0.000142
0.005461
0.000000
0.000000
0.000000
0.000000
0.000000
0.021897
0.024424
0.697471
0.019616
0.016342
0.010678
0.007790
0.008307
0.025583
0.010210
0.310528
0.056943
0.001585
0.031993
0.011663
0.005466
0.343576
0.080728
0.017729
0.069056
0.013206
0.009613
0.001634
0.038660
0.471996
0.009736
0.222178
0.015115
0.011313
0.000012
0.038481
0.010748
0.022011
0.047975
0.020034
0.162195
0.009484
0.010354
0.011407
0.007096
0.027044
0.044397
0.092213
0.024587
0.011868
0.005812
0.057180
0.000918
0.016911
0.024009
0.053209
0.230387
0.009509
0.016134
0.004198
0.015192
0.206711
0.018897
1.167537
0.013883
0.020096
0.012741
0.003851
0.003520
0.002343
0.005114
0.000000
0.000662
0.000000
0.000000
0.000000
0.000001
0.004774
0.000004
0.001025
0.000492
0.000000
0.000000
0.000000
0.000002
0.000408
0.000003
0.008583
0.001883
0.000000
0.000000
0.000000
0.000000
0.000002
0.009402
0.000000
0.008093
0.000859
0.000000
0.000000
0.000000
0.002180
0.000730
0.000005
0.000124
0.000001
0.000000
0.000000
0.000000
0.000202
0.004713
0.000005
0.001524
0.000000
0.000000
0.000000
0.000000
0.000000
0.001390
0.001289
0.000003
0.000000
0.000000
0.000000
0.000000
0.000926
0.000004
0.004522
0.000004
0.000000
0.000000
0.000001
0.000000
0.031309
0.018302
0.025209
0.006082
0.005599
0.006530
0.009493
0.000011
0.014359
0.020846
0.024246
0.009273
0.000841
0.004578
0.009609
0.000095
0.021921
0.010643
0.258972
0.019809
0.000005
0.007383
0.011458
0.003765
0.029009
0.013541
0.024956
0.013957
0.000278
0.007220
0.000263
0.003458
0.016894
0.023002
0.022087
0.016528
0.007994
0.007784
0.000015
0.010332
0.022503
0.011314
0.011316
0.025882
0.000913
0.003762
0.004750
0.000008
0.005206
0.022180
0.251836
0.013263
0.000888
0.008960
0.000009
0.020389
0.025870
0.011605
0.040316
0.019489
0.000428
0.006221
0.010609
0.000007
0.000000
0.000941
0.000723
0.000004
0.000000
0.000000
0.000000
0.000000
0.000004
0.000000
0.000005
0.000002
0.000000
0.000000
0.000000
0.000000
0.000004
0.000000
0.000003
0.006113
0.000000
0.000000
0.000000
0.000000
0.000003
0.000000
0.000667
0.000000
0.000000
0.000000
0.000000
0.000000
0.000003
0.002979
0.003173
0.000000
0.000000
0.000000
0.000000
0.000001
0.000332
0.000000
0.000002
0.000004
0.000000
0.000000
0.000000
0.000000
0.000000
0.008389
0.000951
0.004091
0.000000
0.000000
0.000000
0.000000
0.000000
0.000003
0.000000
0.000239
0.000000
0.000000
0.000000
0.000000
0.126756
0.019180
0.509688
0.055661
0.009882
0.015304
0.011728
0.016501
0.074401
0.578177
0.253362
0.017092
0.012621
0.036886
0.006448
0.005493
0.426337
0.021898
2.796745
0.050196
0.017096
0.013194
0.015816
0.018654
0.410193
0.049031
0.022247
0.404052
0.013193
0.205172
0.015778
0.011649
0.449224
0.253038
0.018359
0.188854
0.001135
0.034647
0.007589
0.015201
0.096882
0.022888
0.268571
0.012161
0.014870
0.010164
0.021976
0.008164
0.017474
0.332397
0.018637
1.524269
0.020245
0.013875
0.015634
0.011158
0.018462
0.369130
0.148231
0.295907
0.011238
0.014151
0.021034
0.011842
0.000005
0.003144
0.002480
0.001909
0.000000
0.000000
0.000000
0.000000
0.004541
0.000000
0.004899
0.010652
0.000000
0.000001
0.000000
0.000000
0.006811
0.000000
0.010477
0.006241
0.000000
0.000000
0.000000
0.000000
0.000000
0.006334
0.000000
0.010396
0.000000
0.000000
0.000000
0.001349
0.000000
0.007903
0.006131
0.000735
0.000000
0.000000
0.000000
0.000000
0.002389
0.000004
0.009890
0.005157
0.000000
0.000000
0.000000
0.000000
0.002683
0.000003
0.001932
0.001622
0.000001
0.000000
0.000000
0.000000
0.001327
0.000000
0.001597
0.006142
0.000000
0.000590
0.000000
0.000000
0.098425
0.026823
0.010147
0.134953
0.013859
0.002347
0.005064
0.008388
0.011726
0.130707
0.013645
0.022739
0.001557
0.002960
0.007549
0.006513
0.031713
0.053655
0.021168
0.020924
0.011813
0.011228
0.007334
0.011415
0.088712
0.018298
0.007303
0.021810
0.008796
0.011096
0.008240
0.013470
0.020108
0.016997
0.058015
0.039601
0.010122
0.010814
0.009669
0.005297
0.009942
0.025351
0.025434
0.027713
0.002549
0.007546
0.008217
0.008502
0.034609
0.021518
0.159218
0.017882
0.010525
0.010718
0.003562
0.020182
0.022361
0.018232
0.012373
0.063186
0.006888
0.010847
0.013786
0.011867
0.000000
0.008446
0.002951
0.005096
0.000002
0.000000
0.000000
0.000000
0.000000
0.000005
0.000003
0.002407
0.000000
0.000000
0.000000
0.000000
0.000000
0.010982
0.000729
0.002548
0.000000
0.000000
0.000000
0.000002
0.008482
0.000000
0.000000
0.002528
0.000000
0.000000
0.000000
0.000000
0.002175
0.000155
0.004505
0.000000
0.000000
0.000000
0.000000
0.000000
0.000002
0.003373
0.000000
0.008598
0.000000
0.000000
0.000000
0.000000
0.000005
0.003622
0.009208
0.000000
0.000000
0.000000
0.000000
0.000000
0.004793
0.000000
0.003583
0.000511
0.000000
0.000000
0.000000
0.000000
