0.000000
4.354300
4.078816
2.659022
8.788246
11.895692
7.556823
13.188108
2.390147
3.708879
5.526898
3.329391
6.417281
8.964531
7.095370
12.749922
4.519497
3.553008
3.830122
4.396922
11.458543
7.342262
11.395475
8.437777
3.069410
4.660199
1.065181
5.650315
6.734920
11.851468
6.547923
11.819790
6.164482
4.006527
3.668020
6.859252
14.641318
9.630270
9.597363
13.563963
4.032708
1.216515
4.559420
3.486174
13.916794
7.589342
18.559364
8.416544
3.800320
5.512811
4.276612
4.248580
10.498736
10.478828
11.842438
5.643537
2.832358
4.629696
3.439781
3.415283
8.572313
8.487551
9.698982
9.694294
23.390394
54.374670
38.623752
40.183114
188.638312
57.472677
141.464609
245.341594
27.823436
29.277714
40.380169
35.740147
56.127888
163.723750
201.635828
106.912506
19.625622
52.075261
31.238103
45.381464
144.153516
536.203312
349.855797
100.486580
20.527947
50.863539
21.443189
31.790881
147.945052
202.793109
86.500336
139.034938
47.638670
32.911908
19.611394
44.557280
236.907109
88.919380
84.400100
231.684984
41.074431
24.543714
29.768833
27.199859
158.986939
123.869384
80.579180
190.593984
55.917284
29.262305
18.967648
36.902998
295.209156
116.117747
253.996891
62.206559
23.381497
63.310967
26.184406
39.967923
280.899359
59.381925
67.550938
281.934484
0.966548
2.980681
3.829773
2.355905
8.364936
5.449397
7.989368
10.971979
1.119425
3.289515
2.189537
3.191500
4.716129
11.093792
6.883633
11.783349
4.910438
1.148879
1.160487
4.339066
7.828532
12.954175
6.888280
4.890628
2.502424
3.961999
2.420131
3.062762
5.731700
9.041955
11.370041
4.890653
3.730196
1.017409
1.537902
3.951475
11.459914
5.748730
10.399792
5.093645
3.804039
2.410015
4.810109
0.972682
5.388449
9.484584
6.595011
8.097305
3.489342
0.537008
2.802339
3.138920
12.180177
7.355343
5.387862
9.883688
1.263613
3.984605
3.446665
2.406359
5.943717
11.638554
6.531318
10.007802
21.607406
33.121500
34.747233
15.232076
58.175720
103.967475
100.192133
70.755455
10.789306
28.961256
24.044856
21.866058
106.048572
45.098930
152.604219
40.256447
22.783458
25.661762
16.560598
23.730628
52.146763
116.915602
104.167639
80.474319
25.318823
15.689398
42.711205
13.691864
120.582439
54.928236
46.057895
166.108516
21.776256
57.987231
40.124744
25.855281
91.211230
97.482486
66.307472
171.841891
21.079948
29.993955
20.222042
31.260513
67.136359
128.792763
49.798975
117.616100
33.343603
21.461061
33.267238
24.110102
73.532733
126.404234
74.114513
118.920491
31.319989
15.134045
27.896256
16.412869
55.241523
125.089988
75.783859
88.485161
6.183254
0.733359
1.024606
4.904680
10.534948
8.456650
12.645106
6.751351
3.183194
3.529435
0.808233
4.808482
7.599977
8.564743
12.830487
7.514715
0.291343
8.315143
0.858525
7.160780
10.773950
8.834418
6.617701
15.679281
6.694834
1.528523
0.896150
4.582146
7.492605
11.415275
8.125087
10.214420
0.994843
1.898959
3.919819
5.844409
7.758667
11.370328
7.742829
9.700225
1.414543
6.755592
2.860202
3.395575
12.645206
8.265055
5.889891
12.972289
4.438316
1.217020
0.832039
2.870708
8.876555
17.690772
8.269686
10.779170
1.805965
6.268519
3.220905
3.598946
15.487011
4.768206
18.105965
8.879375
17.643128
72.637570
49.674778
16.812924
168.961781
332.207297
105.769720
309.178531
36.779264
26.399159
43.786295
26.836316
69.548231
162.446344
199.787578
90.503186
18.790967
45.120198
46.878125
15.185480
407.130750
62.632483
151.424053
299.720969
18.958238
40.420695
34.561270
19.059421
77.050753
191.049203
166.824500
44.033445
26.257309
40.533925
31.463197
22.109589
113.705706
399.069969
85.763277
230.160422
33.231511
23.745363
67.637442
14.966568
165.649734
222.209188
109.370044
149.276484
24.447027
69.148734
40.139670
20.755725
54.490523
368.772359
228.211469
142.019745
19.428148
41.118194
46.758817
22.772658
50.901870
342.019531
95.451639
195.699047
0.670618
1.404898
1.842084
3.560664
14.648089
5.443936
6.963406
8.070198
1.872650
4.394228
2.692945
1.285117
5.092801
9.999950
8.206495
6.022705
0.401797
3.145190
3.005225
2.668910
8.329908
11.084128
5.396713
10.462229
1.707690
0.624658
2.228607
4.423376
7.265318
8.922090
5.239831
7.226058
2.914569
3.399088
0.429445
4.775373
9.431790
5.969814
10.763678
9.067488
2.840544
1.399869
1.906129
3.716829
5.353598
11.072413
11.343311
7.224980
4.093601
0.511791
2.597701
1.691293
13.412288
5.043547
9.344314
6.173969
3.128614
2.283712
1.518573
1.848168
8.360988
7.662295
9.410478
5.980501
24.510516
31.445255
18.578047
35.761892
68.369469
158.864438
68.280013
165.229000
28.572695
17.100704
19.745344
20.673905
92.785194
49.593494
77.460966
39.993494
13.076185
47.513244
38.933427
13.312427
218.927688
68.849509
45.334131
161.222219
19.738202
13.953312
16.161757
28.521173
89.184855
64.318097
55.862131
86.733344
16.853017
51.152509
24.572358
33.916541
87.499864
106.781406
41.436888
243.275297
39.004042
15.519660
17.044352
35.934677
102.684391
51.319363
91.298964
127.351673
24.303506
24.396653
31.032013
22.453833
58.125113
135.123459
57.536461
259.017406
39.250288
17.517831
12.928029
28.762344
61.818797
132.961772
50.677792
90.919688
4.248484
4.948110
2.819500
5.530746
7.464027
14.758471
12.216920
7.221745
2.529354
6.287550
2.884294
4.625449
10.326317
8.202214
10.770560
10.137234
2.857055
4.117452
5.446753
4.554934
7.442097
11.652860
13.805556
7.464414
2.125792
5.097422
3.338850
4.879586
7.727939
7.814529
5.559327
14.371789
4.174011
5.569634
5.252805
2.968751
8.770493
13.007011
14.084970
8.980040
3.328990
4.509499
3.961410
3.451752
14.672441
6.654012
5.710319
16.876402
7.351065
3.631351
6.417645
2.910773
11.475739
10.373205
10.866652
9.172730
2.590321
4.264506
2.638911
7.326747
6.988261
9.555800
7.280542
10.211029
41.697997
22.465723
37.999233
27.349734
454.896547
93.346594
240.632125
93.619311
34.580328
21.690123
41.222688
20.317172
108.696166
194.015500
138.430770
71.382081
40.431275
24.110047
16.741231
41.345948
64.706445
374.877203
153.579063
234.911844
40.539308
18.058306
40.607528
18.867065
66.255508
208.657141
113.913080
196.447266
24.662459
53.146381
28.644014
51.469856
72.941058
333.061766
199.049109
158.663516
21.025550
33.468613
21.657416
35.811583
302.204797
186.253953
98.144595
214.203031
54.111947
27.213978
26.075722
51.979942
208.950016
125.256134
84.722397
346.401781
35.920763
34.960723
32.421248
19.740264
98.573256
344.270047
94.872098
400.599187
0.990142
4.158680
0.899480
5.416150
6.291107
8.319399
6.084192
8.450058
2.967473
2.653580
2.109283
3.963749
10.604158
6.415058
5.054997
8.661231
3.050090
3.984156
0.919209
3.280135
14.725522
5.263641
8.955750
5.982736
0.683085
4.141070
1.048555
3.462242
9.567694
6.869794
6.545597
8.837193
4.760457
2.799206
3.274700
5.551678
9.427916
6.151772
8.402689
11.277195
1.320970
3.164150
4.598641
0.744257
11.372646
7.381425
5.469392
10.501927
4.028588
3.531716
1.168968
3.813844
10.657098
5.379989
11.510257
5.512191
1.044577
3.506750
0.477984
2.908900
12.215423
5.118213
5.682405
11.167959
27.352300
12.767038
32.387305
14.307040
94.798748
101.260183
94.243783
115.346261
15.534270
37.162072
12.279074
22.693550
186.203109
74.700283
69.572939
147.114931
14.431964
57.893852
27.459297
18.598141
110.813400
128.930323
70.280880
124.981730
18.871484
38.517463
15.147122
25.452517
69.072936
90.965036
76.728878
145.195763
23.513552
24.283639
17.423686
37.980647
64.208703
201.222141
149.076652
57.643200
14.715744
31.830548
30.608344
19.602120
58.476739
109.533288
41.201889
155.737063
50.324480
16.184738
21.542553
39.881181
101.414473
196.546672
112.968589
89.101461
27.606805
15.207195
21.970627
21.256083
84.835928
117.414658
122.262367
71.537672
1.734493
6.718526
3.564835
2.113486
11.915093
8.823567
12.912765
6.451259
1.116689
3.106913
2.973638
6.853632
9.138765
6.694715
9.826717
6.899248
0.863688
8.618637
0.744810
5.932788
6.928424
10.785130
6.539593
11.592717
2.260730
1.913340
5.673333
1.466525
10.084619
3.956178
7.830160
9.330732
0.595403
4.787559
7.431447
3.412407
18.290845
4.492952
11.383064
10.053251
4.567689
5.412340
1.236757
4.875587
8.719363
16.986777
7.067528
9.272042
5.787826
4.331912
7.736056
0.784131
9.009771
10.035558
7.101454
20.316734
6.920326
0.937789
3.322586
4.403650
14.966127
7.466606
8.091979
10.560110
22.843350
34.852981
20.122497
43.318600
217.787219
86.822144
82.612881
438.258422
23.691913
42.386925
27.166964
18.461617
139.491609
135.119220
227.714844
154.777239
18.548880
41.524142
17.396219
46.539980
328.874016
72.857069
201.334313
70.934692
43.948245
15.377557
60.950608
20.171386
125.553791
149.303594
429.684656
57.532728
62.190208
17.624923
24.796213
45.907558
169.004469
216.433828
71.096722
195.418609
37.602294
36.066170
14.062516
39.261823
60.981383
221.398125
133.266527
77.878986
19.681241
43.925331
21.615408
49.849270
126.008617
195.272062
135.498217
353.655187
19.067947
45.014458
33.042508
25.660834
235.324500
67.547698
150.224920
390.465953
0.975830
4.383265
5.152756
0.595151
5.978357
6.104720
5.085036
11.024142
4.658618
0.860832
3.477648
2.154558
6.004211
10.629770
7.832063
4.666136
1.915048
4.183154
4.319651
0.732536
9.663045
6.580408
7.471457
5.532432
0.823809
3.477323
3.929708
2.679593
6.080148
10.066493
7.917804
5.420028
1.478878
5.794872
1.913651
3.043157
4.388474
11.068254
4.784942
14.576466
4.032645
1.715156
1.688150
1.401877
6.769323
7.817195
6.674928
11.044355
2.770469
3.441501
1.022920
3.853740
9.601290
4.627053
10.122825
7.382793
2.377828
3.776236
3.521428
1.280373
6.215870
6.134169
6.184386
8.927358
30.813691
21.659466
28.387888
23.787084
62.593875
182.596531
74.422297
120.872516
33.096683
18.935950
27.006327
15.573722
61.547795
97.097295
47.930241
87.557086
29.113275
13.692316
25.562897
18.284999
114.315084
86.544222
192.241047
53.817698
13.984561
30.352958
20.365689
13.346086
46.539114
110.090234
89.238689
43.020386
16.058532
27.253252
18.288489
47.945722
70.952191
231.226734
60.703309
186.669484
28.012278
17.707531
29.054469
17.840772
104.244894
76.982775
72.335273
80.731708
17.400724
48.418669
20.259008
32.960413
147.000933
61.083633
73.848713
143.107241
14.846576
32.231173
20.412231
28.948923
138.519403
76.157000
109.385495
88.543367
0.602292
0.463314
0.430577
1.015148
0.029920
0.014777
0.035268
0.011482
0.785143
0.467869
0.107103
1.079205
0.030334
0.014102
0.017408
0.014504
0.233721
2.466541
0.701919
0.341858
0.014048
0.074702
0.012299
0.142707
0.498916
0.038463
3.044900
0.072540
0.041184
0.014128
0.018254
0.010427
0.088681
0.450520
0.781329
0.121467
0.011394
0.015326
0.063970
0.013917
0.073238
2.356537
0.539639
0.084084
0.013739
0.015687
0.011823
0.015334
1.039865
0.036641
0.317302
0.547368
0.014058
0.017146
0.014884
0.018455
0.450008
0.242182
0.559598
0.198864
0.014510
0.017664
0.011960
0.057573
0.008666
0.006750
0.008054
0.007085
0.005008
0.006051
0.005274
0.004612
0.007177
0.010106
0.006563
0.008320
0.006121
0.004614
0.004842
0.005180
0.009674
0.007121
0.008452
0.007991
0.005096
0.003942
0.004170
0.005977
0.009544
0.006319
0.011691
0.007342
0.005490
0.004202
0.005952
0.005144
0.006795
0.008604
0.009792
0.007622
0.004897
0.005955
0.005581
0.004449
0.008051
0.007614
0.006980
0.009270
0.004987
0.004766
0.006055
0.004383
0.007372
0.008053
0.009854
0.007747
0.004666
0.005593
0.004642
0.005563
0.008832
0.006620
0.007963
0.007764
0.004535
0.005476
0.005886
0.004535
0.731337
0.401550
0.070221
0.654370
0.015123
0.017076
0.016467
0.013123
0.483628
0.069719
0.477470
0.097945
0.027717
0.012753
0.024084
0.009914
0.036571
0.683556
0.545550
0.020325
0.015701
0.010531
0.025178
0.023472
0.141834
0.090165
0.145090
0.198177
0.017143
0.013497
0.012733
0.018587
0.098459
1.042987
0.349734
0.056043
0.010665
0.017838
0.013102
0.039233
0.066931
0.304978
0.035903
0.551040
0.016479
0.012036
0.016819
0.014147
0.107535
1.271219
0.129025
0.197835
0.009559
0.017998
0.056453
0.013332
0.485819
0.159725
0.098494
0.207742
0.015695
0.010714
0.038938
0.011490
0.008265
0.007583
0.006642
0.008950
0.005884
0.004787
0.004905
0.005551
0.010180
0.006788
0.007162
0.007493
0.004541
0.005335
0.003969
0.006221
0.008018
0.007728
0.009917
0.008897
0.005848
0.005014
0.004166
0.005762
0.007179
0.010133
0.006433
0.009840
0.004379
0.005726
0.005894
0.003814
0.009724
0.006219
0.006301
0.008315
0.005155
0.004804
0.005178
0.004274
0.008540
0.006452
0.008036
0.006673
0.005332
0.004330
0.005467
0.004088
0.007227
0.008474
0.006908
0.008621
0.005599
0.004430
0.005492
0.004652
0.005878
0.009384
0.006687
0.008851
0.004582
0.004093
0.005557
0.005004
0.082298
2.710029
3.366393
0.048307
0.014951
0.065564
0.011281
0.244502
0.395968
0.348135
1.606856
0.062070
0.015127
0.021929
0.015214
0.018670
3.174838
0.019298
3.348002
0.053293
0.012173
0.191801
0.329696
0.011577
0.020245
2.807801
0.636746
0.022258
0.018246
0.041576
0.013373
0.050847
3.256240
1.368276
0.211816
0.032677
0.077799
0.011368
0.018891
0.042498
1.041903
0.021735
0.636253
0.329855
0.012039
0.013415
0.117451
0.012957
0.285919
1.567449
2.483582
0.230543
0.120358
0.010127
0.027608
0.054406
0.445243
0.116810
0.171511
0.688926
0.009848
0.309956
0.016748
0.012814
0.010122
0.006581
0.006945
0.009598
0.003857
0.000191
0.005966
0.003946
0.006788
0.009471
0.012190
0.010520
0.006106
0.002570
0.003909
0.006142
0.011732
0.007448
0.007587
0.056643
0.003680
0.006585
0.005524
0.004588
0.009573
0.010027
0.007383
0.010920
0.006783
0.004739
0.000353
0.007705
0.008077
0.013374
0.007391
0.010062
0.005423
0.003550
0.006200
0.000256
0.007168
0.009020
0.006722
0.017800
0.005295
0.003464
0.005570
0.003776
0.008677
0.006607
0.009713
0.011516
0.006380
0.004506
0.005065
0.005192
0.016558
0.007768
0.008455
0.008666
0.007309
0.003911
0.005730
0.000286
0.947536
0.390640
0.201019
0.026372
0.012802
0.077100
0.013498
0.017769
0.267696
0.022777
0.318540
0.384618
0.018313
0.011267
0.014291
0.105306
1.577674
0.036676
0.365935
0.184504
0.017315
0.011783
0.048486
0.035685
0.383727
0.695656
0.141029
0.019757
0.014277
0.020167
0.018048
0.023586
0.130862
0.306200
2.242208
0.020566
0.014294
0.016170
0.013853
0.013842
0.094429
0.408844
0.261310
0.231512
0.017521
0.012781
0.013284
0.013537
0.021507
0.799949
0.121941
0.383438
0.010715
0.123316
0.012214
0.137160
0.336141
0.076724
0.324058
0.187210
0.020214
0.014098
0.019683
0.014566
0.009092
0.006885
0.010933
0.007156
0.005996
0.003398
0.005374
0.004612
0.007015
0.008223
0.010150
0.008901
0.005023
0.005468
0.005101
0.006588
0.009696
0.006536
0.008145
0.014078
0.004248
0.005697
0.006209
0.004053
0.008876
0.009559
0.010832
0.007048
0.004669
0.004959
0.005795
0.005017
0.010015
0.006216
0.007941
0.007084
0.005164
0.004685
0.006140
0.004410
0.006352
0.012114
0.009251
0.006324
0.003996
0.005758
0.003228
0.004433
0.009837
0.009043
0.008196
0.008364
0.005973
0.004389
0.006131
0.003876
0.006456
0.008649
0.012154
0.006747
0.005406
0.004047
0.005789
0.004732
0.402426
0.240498
2.439232
0.106705
0.047391
0.010522
0.014397
0.078228
0.869734
0.068629
1.180319
0.252472
0.015238
0.014974
0.014175
0.036023
2.786075
0.231394
0.470115
0.331286
0.079284
0.016452
0.026375
0.019012
0.514721
0.154174
1.991714
0.079893
0.035371
0.019131
0.019797
0.013101
0.467666
0.090243
0.242190
2.127496
0.093991
0.012093
0.011569
0.023615
2.140433
0.159442
0.321603
0.493354
0.011589
0.024890
0.019295
0.013145
0.020912
0.677451
0.039336
2.294490
0.016592
0.020680
0.024768
0.017028
0.477882
0.342521
2.872641
0.032632
0.035878
0.014055
0.059895
0.014895
0.007007
0.008855
0.007698
0.011450
0.004163
0.005436
0.004690
0.005476
0.006932
0.010668
0.006657
0.010025
0.005412
0.004847
0.004650
0.005600
0.007731
0.011377
0.009690
0.006931
0.006094
0.004118
0.005096
0.004974
0.007544
0.009075
0.007983
0.008916
0.005180
0.003989
0.005046
0.004992
0.008459
0.006696
0.010815
0.007610
0.006062
0.004581
0.004479
0.004996
0.010802
0.006383
0.009267
0.006807
0.004209
0.004982
0.004786
0.004299
0.007358
0.009055
0.009326
0.006571
0.004759
0.005082
0.006134
0.004407
0.006662
0.008679
0.007207
0.012219
0.005185
0.004178
0.004753
0.004349
0.857184
0.101587
0.638515
0.050006
0.016685
0.017452
0.027514
0.014522
0.150754
0.400433
0.414491
0.043732
0.012698
0.016653
0.051706
0.014057
0.138439
0.149001
0.610110
0.290798
0.012867
0.019295
0.013657
0.059838
0.898738
0.020627
0.477551
0.221163
0.013253
0.016406
0.015969
0.012867
0.072060
0.308485
0.361898
0.067027
0.019590
0.017755
0.015568
0.013233
0.390179
0.122986
0.040588
0.673232
0.012040
0.016702
0.017265
0.013307
0.104652
0.147674
1.866722
0.059260
0.014512
0.080354
0.011476
0.022614
0.580463
0.026236
1.792105
0.297896
0.011280
0.081122
0.018701
0.012837
0.007774
0.012315
0.006507
0.010114
0.005369
0.004701
0.004761
0.004963
0.008589
0.006055
0.009672
0.007720
0.003916
0.005112
0.005075
0.004203
0.010335
0.006411
0.007944
0.008790
0.005257
0.004295
0.005634
0.003228
0.009037
0.006272
0.009294
0.007220
0.005313
0.004359
0.005423
0.004019
0.007883
0.008304
0.009488
0.006294
0.005332
0.004606
0.004425
0.005497
0.010162
0.006757
0.007285
0.007743
0.005138
0.004461
0.006037
0.003930
0.006271
0.010575
0.010573
0.007437
0.005162
0.003750
0.004208
0.005562
0.006805
0.010467
0.007589
0.007952
0.004834
0.004092
0.004526
0.005629
2.014813
0.105588
0.582229
1.735873
0.014280
0.017068
0.013300
0.299785
0.719072
1.833903
0.475228
0.020612
0.014664
0.019181
0.014625
0.105865
2.354957
0.019871
4.082206
0.022371
0.345660
0.016666
0.296717
0.020817
0.229552
0.467488
0.102633
1.663649
0.012698
0.405152
0.018928
0.068218
3.119157
1.627020
0.022129
0.392260
0.045271
0.428341
0.013711
0.014765
0.020940
0.467203
2.147746
0.211552
0.015148
0.010573
0.034923
0.071458
0.411594
0.324448
0.020672
3.499030
0.101477
0.013674
0.379623
0.010285
0.027558
0.714564
0.097488
0.385542
0.013024
0.018313
0.012686
0.094734
0.024860
0.007254
0.011930
0.008021
0.004499
0.005945
0.006037
0.003531
0.011352
0.007522
0.009760
0.009390
0.005587
0.003449
0.000056
0.005598
0.010934
0.007510
0.009650
0.011767
0.003407
0.008129
0.004600
0.000633
0.006839
0.019463
0.008524
0.010039
0.005573
0.004482
0.003660
0.007224
0.006960
0.012294
0.009634
0.006969
0.004910
0.004126
0.006487
0.004927
0.006645
0.008057
0.012056
0.009624
0.006199
0.004600
0.003842
0.006498
0.012984
0.007627
0.011856
0.007172
0.005052
0.000321
0.005614
0.004496
0.011972
0.007652
0.007708
0.010514
0.003429
0.006238
0.005212
0.004638
0.738615
0.022899
0.020586
0.656735
0.016318
0.047996
0.087323
0.011477
0.020094
0.509476
0.183534
0.131434
0.022780
0.010769
0.012679
0.086390
0.222197
0.259789
0.057362
0.391401
0.011750
0.073177
0.012683
0.082038
0.534902
0.021134
0.167345
0.062398
0.033182
0.010687
0.039384
0.015231
0.425811
0.020569
0.756595
0.350967
0.068643
0.011103
0.019161
0.013734
0.154594
0.240792
0.423519
0.395449
0.057660
0.012496
0.017033
0.013191
0.070647
0.034617
0.629691
0.214144
0.027827
0.145315
0.011653
0.016265
0.105917
0.021324
0.234892
0.467342
0.060021
0.026875
0.017070
0.012029
0.008004
0.008290
0.008114
0.009399
0.005622
0.003975
0.005719
0.004573
0.006494
0.008192
0.007914
0.010218
0.005556
0.004106
0.005928
0.004726
0.007960
0.010206
0.009984
0.011629
0.005056
0.004857
0.004095
0.006312
0.010522
0.007305
0.007954
0.011658
0.006511
0.004215
0.005005
0.005872
0.009021
0.007311
0.010969
0.006461
0.005627
0.004204
0.005490
0.004246
0.007387
0.010312
0.007112
0.008883
0.003684
0.004990
0.004773
0.005375
0.008567
0.007851
0.008311
0.007955
0.004120
0.005602
0.005697
0.004447
0.011294
0.006948
0.008485
0.008957
0.003924
0.005178
0.004335
0.005242
