0.000000
4.125484
3.503297
1.715453
7.382775
9.202150
5.231806
7.838529
0.832333
2.602413
4.134305
3.812515
3.554300
5.582704
5.015380
8.989410
2.872265
3.206840
4.998556
3.401655
8.536329
6.581383
6.549098
7.690400
2.772552
1.457028
0.964528
3.866293
6.000902
8.380798
4.003666
6.283371
5.062197
4.685539
3.080020
5.856922
8.643880
7.367560
8.077907
8.908603
1.548294
3.109830
4.460197
1.001438
9.593919
3.538977
10.070453
4.866190
4.490463
2.853848
3.972805
4.354311
9.153024
7.765726
8.897916
2.892818
0.842322
5.332125
3.109277
1.575734
5.362744
6.559705
5.067787
8.095083
11.432359
17.043075
16.291461
16.794598
30.527203
16.609294
25.629455
46.747958
11.586856
13.285416
14.783675
12.555413
19.988611
32.459220
29.391947
25.004113
11.229780
13.910602
15.886670
19.018247
33.890772
79.815352
61.707456
15.829403
8.046423
16.328081
12.132709
14.585323
29.672448
48.026261
16.519245
28.330664
16.399783
13.847672
11.266930
16.891872
30.450917
21.238302
23.813478
38.822886
14.489217
11.541438
12.550147
11.246592
27.949931
28.836198
18.888166
49.899270
19.301216
11.229638
11.430456
13.402663
37.105491
20.724355
39.413917
24.442552
11.634339
21.535883
10.325667
11.272175
32.062003
22.953775
16.591122
40.422769
0.681553
0.975291
1.529676
0.825192
2.992034
2.776781
3.888850
5.452821
0.722640
0.977062
0.778993
0.886074
1.557418
3.923539
2.502678
3.441956
1.093202
0.995470
1.848321
1.203002
5.814658
3.967034
2.398728
1.263908
0.669599
1.462583
0.644869
1.141393
1.379445
4.154727
4.077680
1.156553
1.169351
0.580412
1.279671
1.664108
6.424629
2.023875
5.782452
1.340802
1.090630
0.854870
1.746966
0.722728
1.611768
3.708315
1.661097
2.395060
0.895170
0.763491
1.068127
1.486432
5.179017
5.968585
2.199363
3.189364
0.572784
1.497289
1.204975
0.612514
3.427442
2.489745
2.409220
1.972331
8.191187
11.664559
12.213389
5.907003
15.615184
23.463609
22.433636
15.702448
3.287158
8.315039
7.194068
8.546556
17.590063
11.537500
24.401716
9.252222
9.337941
7.987240
7.223730
9.832855
12.223000
17.628167
21.552444
22.994256
9.579414
5.730501
8.317869
3.247134
20.203152
9.845988
9.702901
28.512781
9.314513
17.768206
11.774386
9.101786
20.422086
19.610234
16.647102
41.472758
7.299440
8.320693
6.836428
9.672120
13.612989
21.560747
11.854859
22.156758
10.288635
6.495715
12.175411
10.729655
19.933986
24.053130
13.879861
28.485942
10.061702
4.060244
6.487864
6.686903
15.208155
22.538672
12.057295
16.337525
5.204376
3.491957
1.717342
3.571433
7.707001
7.764548
6.978387
6.355087
1.571665
1.060253
3.132000
1.876948
3.054033
5.937730
9.010209
5.797895
2.935237
4.602925
2.830203
5.551189
5.552318
8.320203
5.888293
6.896457
2.628692
1.629732
2.725010
0.854706
5.504962
8.013926
2.726326
8.658279
2.749439
5.174122
1.868334
4.711511
7.023546
6.318971
5.852138
7.925397
1.192674
4.503524
0.862792
4.024219
6.714695
3.294480
5.526034
8.498807
3.006451
4.623731
3.537888
0.738184
6.630102
7.367072
5.875525
9.812971
4.102985
4.268909
0.699179
1.868065
6.531394
3.720914
12.198928
2.996750
9.039668
24.460150
23.242158
7.854018
35.280998
66.403703
17.060797
81.669480
17.504559
9.059634
11.038502
14.371309
16.485423
39.625559
40.341936
14.233058
13.581808
9.510033
10.578330
14.210619
81.076967
11.553745
37.090541
34.398878
4.695631
20.081952
8.609638
12.274908
26.605517
19.345214
30.701664
22.437250
9.590089
20.876252
16.914464
9.195900
33.539372
76.530037
15.826838
50.201303
9.814052
7.892651
21.955044
8.785844
18.492047
60.622042
29.575430
28.124834
9.032906
9.326037
21.178467
13.385530
11.904905
63.684887
25.589214
43.172119
11.853348
7.084167
21.077878
6.971020
25.525116
74.621959
12.397105
38.030897
0.843988
3.285741
0.478935
0.882589
8.910159
2.287325
1.398676
3.158313
0.455134
0.817770
1.121346
1.179057
1.056754
1.540316
3.743774
2.835137
0.922102
0.475511
1.451306
0.742830
2.999738
1.477609
3.968580
7.701998
1.271163
1.063747
0.431110
0.536544
1.147181
4.441653
0.869671
3.698672
0.660662
3.272593
0.734277
1.191240
4.656903
1.141005
5.712350
3.127285
0.605268
1.187498
0.528855
1.638598
1.276432
4.890025
5.486123
1.303541
0.902469
2.342950
0.407837
1.452588
4.117924
3.328604
2.064983
3.340631
1.466695
0.341762
1.391813
0.289852
4.143884
0.892748
4.841525
0.976663
11.439216
8.071354
8.684532
7.160710
21.445205
37.951734
13.202548
21.196186
5.349355
3.282461
7.780370
8.640164
14.011452
14.489902
15.222577
15.402125
1.773837
7.221048
18.808327
7.341831
25.176228
23.253272
8.596606
40.452922
8.571471
1.625180
6.330622
5.056978
22.675294
21.194986
9.068083
15.251117
6.291210
17.996848
8.036619
12.996031
25.720769
30.319430
10.046278
25.504577
6.388925
1.942692
7.087541
11.426650
21.457822
8.974571
22.898405
19.705830
11.489814
5.157735
13.097534
4.493655
10.593059
37.191834
8.373025
72.614802
17.428402
2.070795
5.830565
5.687668
10.760333
32.448814
8.960676
25.320503
4.480077
4.133674
1.744282
4.861674
5.643223
7.954908
9.313545
6.866457
2.212629
5.745058
0.992649
1.573803
7.287669
4.370992
4.845916
7.996251
3.047973
2.600182
5.756500
3.875448
5.957367
8.568039
10.189120
4.692163
0.625808
6.178208
1.856818
2.866775
6.432542
6.900836
2.848893
7.759486
4.491385
4.386796
4.825364
2.270807
7.357735
7.486063
8.422321
7.417992
3.746833
1.757717
1.562928
2.191962
7.031546
5.874632
2.258158
10.269402
5.709123
4.600644
4.438605
2.132202
8.088572
6.668498
8.554321
4.895037
0.814483
4.738069
1.028550
4.034720
4.091915
4.042561
6.198457
6.607890
15.050258
12.467338
14.522113
14.036025
80.940602
23.589797
40.114877
27.616875
14.504778
11.720655
13.816886
9.132369
25.313133
27.974423
34.484081
24.705755
13.708152
13.797566
9.513190
18.162872
17.692000
62.334416
33.296514
32.898231
13.241733
11.130800
15.444325
7.423851
22.292273
51.840106
30.152495
24.086234
12.017013
20.391331
13.024803
18.002130
20.761395
41.651767
44.137025
33.242880
9.322369
13.116627
10.494934
12.576041
45.722400
31.837566
25.469391
49.529384
17.921034
15.850161
11.370570
13.735111
38.950488
32.856744
16.787822
60.737473
11.406748
11.559280
13.928589
10.559875
22.717963
49.953148
27.219320
49.878467
0.728650
1.116916
1.026550
2.316519
1.973888
4.389931
2.240217
5.725598
1.030025
0.975512
0.694123
1.108701
4.262338
1.627622
1.353610
3.276804
0.814982
3.019486
0.497824
1.171890
8.339880
1.831661
3.481813
2.493024
0.766708
0.928849
0.549773
1.269801
3.962321
1.545418
2.091538
1.786164
1.422438
0.901771
1.710703
1.302302
4.084657
2.295311
3.998714
4.946840
0.733365
1.085970
1.312239
0.702276
3.781290
3.091420
1.486900
3.505840
1.768278
1.230227
0.931761
0.866539
6.429817
2.041607
4.180147
1.174750
0.527271
0.834906
0.663150
1.152014
3.381448
1.903337
1.299427
4.001391
10.632817
5.203981
11.370194
6.861608
22.206375
20.667641
18.813141
24.771805
5.212431
10.483811
3.318461
7.538528
33.343156
14.688544
14.296636
23.384031
7.483176
10.724587
10.036541
6.404182
20.313275
23.791986
18.149497
30.814184
6.833265
12.001572
4.201905
5.897168
13.464248
18.758067
12.546792
26.541627
9.605833
9.681281
7.241672
11.534581
15.389769
31.454136
26.841681
17.514139
5.452085
8.486738
9.004803
5.488819
12.728147
17.445361
10.824245
27.369248
10.115592
5.504085
8.518449
16.264256
18.192697
38.960303
26.145492
16.511859
7.118244
5.470036
6.434174
6.137001
19.514141
21.225336
20.262734
11.078530
4.172604
5.145645
1.305423
3.839699
8.022517
5.534022
8.939433
5.910769
3.384867
2.337028
0.795742
3.319702
5.889675
1.531499
6.828828
6.748734
3.463490
5.039128
1.995970
3.317788
5.564317
6.516438
6.874027
4.329933
0.402597
5.314467
3.676846
1.916602
2.800425
3.205172
3.539192
8.088648
2.997462
3.983370
5.397060
1.311266
12.464161
4.136422
7.684663
5.228681
1.029683
3.981155
1.393926
5.460240
4.364407
5.802102
4.947813
8.254507
6.326453
2.081809
4.844453
2.489608
6.854945
5.764608
6.973852
7.133904
3.442637
3.689583
0.674029
3.076469
9.109306
3.991617
1.807575
8.870541
14.140678
8.080101
13.297530
11.112148
40.430473
29.652219
15.461202
83.028052
12.915422
9.983303
12.302414
7.914724
18.065500
38.875531
43.978133
33.201080
13.068514
8.830295
7.676402
23.729175
46.653006
26.346864
56.157858
12.039414
9.536929
9.598142
22.231873
5.889432
34.778194
28.701236
50.659859
25.393775
21.854930
12.566927
9.582298
10.043408
40.210648
44.173752
12.755498
33.199897
9.683928
9.219623
9.453342
17.098983
14.122048
26.567652
39.760881
24.234878
13.493763
8.923336
14.027738
10.924922
42.160809
34.099644
18.663362
56.686730
10.564803
8.148980
7.407190
13.968522
56.834080
27.267503
15.222941
91.887270
1.034426
0.804916
1.618711
1.240570
1.419990
2.764563
3.766419
1.699762
1.029056
1.070808
1.342924
0.459861
2.807894
1.761844
1.507650
2.027995
0.408421
2.087891
1.008707
1.673754
1.465377
5.021798
1.364416
3.659197
1.082211
0.479807
1.716789
0.373384
3.460871
1.135557
4.159794
0.548463
1.147374
1.334811
0.590326
1.241012
2.090451
1.863408
1.117475
8.912472
1.809802
0.400208
0.422896
1.132818
3.595068
1.357294
1.281994
4.550404
0.471321
0.684237
2.741865
2.112053
7.137982
2.178848
2.700547
1.207987
0.392535
0.527194
1.443919
1.288482
3.208570
3.644122
0.989917
1.154078
11.526863
5.947813
11.628952
6.633030
20.339155
52.425131
12.008317
25.798122
6.516713
3.282234
10.882731
5.922182
11.799187
23.399250
8.759208
21.365205
5.328152
1.571166
12.697305
9.924493
33.146997
14.603392
27.633031
22.594831
6.650408
5.298901
3.015411
6.780983
18.146394
27.470316
15.264253
6.611583
4.944902
6.337540
9.047648
17.906347
14.662927
32.272855
17.154945
53.280944
11.129267
6.769104
4.994207
2.553474
20.572584
20.465536
11.764217
14.478362
3.742620
21.735647
4.882260
13.268041
37.141813
10.651858
12.263964
57.910983
6.624506
6.189434
3.444523
11.577834
28.879877
12.910681
31.423398
11.553230
0.661161
1.173983
1.500371
2.863691
0.494838
0.162455
0.743285
0.390923
1.653558
1.549548
0.260939
0.737254
0.756648
0.344738
0.129349
0.068772
1.567880
1.833162
0.649594
1.674569
0.190330
0.577447
0.453026
0.379759
0.356117
1.360366
2.544135
0.343175
0.280706
0.035043
0.483730
0.271991
0.930465
0.799964
2.068409
0.534785
0.406478
0.479273
0.309370
0.446782
0.612431
0.845981
0.694906
0.744674
0.101839
0.304130
0.034157
0.435176
1.089592
1.197715
1.084648
1.202771
0.387029
0.317540
0.391239
0.869575
1.722276
0.210280
0.776598
0.617451
0.114488
0.232534
0.314272
0.089816
0.171467
0.029031
0.033732
0.090753
0.006740
0.012408
0.008605
0.004098
0.008260
0.009643
0.029068
0.020584
0.014884
0.000049
0.005630
0.006061
0.178683
0.032521
0.165070
0.020514
0.005561
0.000544
0.000970
0.016866
0.032705
0.016931
0.014659
0.054313
0.006128
0.000000
0.009760
0.005603
0.034207
0.042764
0.272082
0.023961
0.005948
0.020644
0.007604
0.005546
0.008665
0.134251
0.033203
0.039954
0.007650
0.005562
0.011108
0.002323
0.024775
0.064155
0.280630
0.059833
0.005407
0.019080
0.005459
0.052614
0.212114
0.000000
0.084181
0.029893
0.004919
0.006719
0.008843
0.005361
0.603595
0.446795
0.203816
0.693495
0.118871
0.099039
0.078716
0.072324
0.464147
0.285245
0.448111
0.341078
0.152102
0.020934
0.123728
0.011799
0.286987
0.692615
0.421930
0.209100
0.072746
0.049463
0.084103
0.420955
0.446230
0.173594
0.464637
0.253103
0.121906
0.021607
0.021346
0.232383
0.246791
0.906137
0.452220
0.258804
0.011330
0.134008
0.109360
0.221356
0.264024
0.369668
0.199628
0.452429
0.093767
0.020505
0.113171
0.077018
0.383932
0.777268
0.431682
0.231665
0.015616
0.068521
0.127242
0.099978
0.682539
0.175371
0.194237
0.528040
0.074073
0.029035
0.141188
0.059818
0.011754
0.000000
0.007481
0.016687
0.000000
0.000009
0.000000
0.000000
0.011806
0.000000
0.001611
0.003011
0.000000
0.000000
0.000000
0.000000
0.001763
0.024860
0.012059
0.008136
0.006639
0.000000
0.000000
0.000000
0.000000
0.009762
0.007288
0.039441
0.000000
0.001913
0.000000
0.000000
0.008803
0.000000
0.007488
0.005193
0.000000
0.000000
0.000000
0.000000
0.009166
0.007629
0.004878
0.000000
0.000000
0.000000
0.006765
0.000000
0.014836
0.011353
0.000000
0.006150
0.000000
0.000000
0.000000
0.000000
0.000000
0.029331
0.007670
0.008429
0.000000
0.000000
0.000048
0.000000
0.631638
1.138069
2.655453
1.570899
0.204701
0.441176
0.297858
0.577239
0.702524
2.361603
0.477682
0.453564
0.566122
0.234653
0.029480
0.341225
1.258419
0.721466
2.198104
0.749426
0.330129
0.132222
0.749512
0.158528
0.358041
1.329549
0.260950
1.287529
0.321854
0.105548
0.318063
0.035290
2.516868
0.506462
1.846468
0.908736
0.465184
0.291212
0.635667
0.493101
1.032028
0.375072
2.518533
0.202504
0.119110
0.519881
0.140503
0.229236
1.936350
0.360613
1.284519
2.646307
0.559624
0.154063
0.549626
0.320725
0.203618
0.904808
1.929485
0.393384
0.146201
0.273453
0.011090
0.163706
0.134126
0.000604
0.080491
0.150158
0.009093
0.004262
0.015813
0.003515
0.007489
0.061775
0.018244
0.008407
0.010768
0.000000
0.000000
0.014772
0.322223
0.042759
0.041451
0.150013
0.000126
0.025475
0.006196
0.005748
0.061768
0.000050
0.020576
0.094048
0.000000
0.005414
0.000761
0.007164
0.067175
0.042891
0.146340
0.118490
0.028231
0.001302
0.020403
0.002625
0.031808
0.055238
0.000000
0.058768
0.008895
0.000000
0.000000
0.005530
0.103431
0.030706
0.106243
0.234878
0.021318
0.000349
0.009469
0.032174
0.033328
0.035241
0.000000
0.053176
0.040543
0.000000
0.016326
0.000026
0.422396
0.216337
1.090055
0.391413
0.014162
0.099664
0.141245
0.214063
0.700491
0.327394
0.248879
0.255126
0.167276
0.090283
0.042657
0.121487
0.359809
0.847046
0.215732
0.764027
0.211498
0.131795
0.065976
0.047612
0.210029
0.260507
0.659550
0.275119
0.157262
0.026599
0.232056
0.041578
0.543872
0.232181
0.775729
0.285549
0.056127
0.225012
0.023139
0.121310
0.486934
0.206998
0.648381
0.181910
0.162632
0.019210
0.024776
0.145043
0.307257
0.279986
0.868964
0.167416
0.045849
0.074244
0.131898
0.103151
0.197872
0.595338
0.177753
0.754232
0.030436
0.171917
0.028285
0.166846
0.000000
0.014557
0.009424
0.008235
0.000000
0.000000
0.004576
0.000000
0.007967
0.022326
0.009213
0.001603
0.000000
0.000000
0.000000
0.000000
0.058556
0.007381
0.000000
0.011141
0.000000
0.000000
0.013018
0.000000
0.000697
0.033374
0.009801
0.008297
0.000000
0.000000
0.006531
0.000000
0.056648
0.000000
0.034668
0.000000
0.000000
0.000000
0.007039
0.000000
0.007176
0.025642
0.009432
0.000000
0.000000
0.000000
0.000000
0.000000
0.008229
0.045612
0.000000
0.033948
0.008496
0.000000
0.007010
0.000000
0.000000
0.026131
0.010599
0.007666
0.000257
0.000000
0.006552
0.000000
0.882103
1.150937
2.727805
0.816429
0.728666
0.315558
0.324086
0.223225
0.577301
0.346302
2.302856
0.573786
0.081654
0.506556
0.152751
0.127492
2.326014
1.792082
0.534813
1.272590
0.603114
0.446469
0.133256
0.876974
1.558718
0.182378
1.741532
0.373067
0.328903
0.066027
0.781748
0.110671
0.833717
1.203526
0.851964
1.772778
0.430594
0.400956
0.404620
0.411466
0.881992
0.533033
1.396796
0.642598
0.348354
0.140886
0.640581
0.069408
0.678367
0.780999
1.127243
1.864236
0.368876
0.504032
0.305574
0.644824
1.906470
0.256800
2.629635
0.276335
0.548900
0.235272
0.137994
0.126026
0.065848
0.165687
0.036683
0.121448
0.004388
0.006867
0.005437
0.015403
0.081103
0.010010
0.033041
0.041117
0.006489
0.004240
0.005286
0.010474
0.048990
0.031357
0.227453
0.094664
0.013960
0.004968
0.006790
0.005744
0.027262
0.214446
0.000052
0.128542
0.007313
0.003134
0.000000
0.006082
0.135724
0.075791
0.088172
0.030701
0.015347
0.005207
0.000214
0.007095
0.025829
0.090233
0.017978
0.022105
0.000019
0.005850
0.005814
0.000829
0.011254
0.196900
0.074661
0.023512
0.005746
0.011329
0.016140
0.005068
0.019095
0.045655
0.085213
0.023962
0.000144
0.000489
0.000000
0.000000
0.639486
0.454523
0.623491
0.165601
0.106228
0.155742
0.122259
0.043322
0.286521
0.380597
0.509605
0.258568
0.038807
0.069739
0.229965
0.023571
0.440916
0.202963
1.476315
0.296863
0.021805
0.187041
0.109620
0.130219
0.457824
0.258985
0.637234
0.246913
0.028127
0.138296
0.060588
0.080400
0.258188
0.484478
0.444692
0.267458
0.084519
0.141533
0.045485
0.109191
0.476367
0.265908
0.182116
0.494232
0.032219
0.106997
0.084209
0.022839
0.158528
0.525389
0.696787
0.341339
0.055308
0.144945
0.029327
0.345957
0.663363
0.241948
0.491150
0.270120
0.038432
0.144563
0.207172
0.011878
0.000454
0.030185
0.013054
0.011407
0.000000
0.000000
0.000037
0.000000
0.008429
0.000000
0.016096
0.010679
0.000000
0.000000
0.000000
0.000000
0.010690
0.000090
0.001074
0.049954
0.000000
0.000000
0.000000
0.000000
0.009438
0.000000
0.019727
0.010509
0.000231
0.000000
0.000020
0.000000
0.007959
0.028665
0.009725
0.000000
0.000103
0.000237
0.000000
0.000000
0.018194
0.000000
0.006555
0.007146
0.000000
0.000000
0.004970
0.000000
0.000000
0.069065
0.009358
0.000000
0.005860
0.000000
0.000000
0.000000
0.007778
0.012677
0.000000
0.019821
0.000000
0.000000
0.000000
0.000000
1.138407
0.763095
2.671958
1.309273
0.232252
0.629607
0.384764
0.602351
0.325185
1.403243
2.402060
0.329044
0.331561
0.517247
0.145941
0.107171
0.629488
0.751304
2.907105
1.353287
0.725636
0.267185
0.423088
0.340015
2.098050
0.201221
0.837923
0.630112
0.232365
0.642909
0.312453
0.034348
1.428593
1.219526
0.766005
2.441316
0.192420
0.865662
0.244786
0.562004
0.674432
0.954100
1.201389
0.165811
0.539404
0.084601
0.370679
0.047471
0.280527
2.347568
0.808502
1.839195
0.531595
0.401647
0.248045
0.147852
0.437905
0.160588
1.854503
0.549247
0.287906
0.294885
0.351214
0.054554
0.109917
0.035324
0.271432
0.046454
0.005192
0.041489
0.019474
0.000246
0.010792
0.029283
0.021231
0.117701
0.009451
0.001661
0.002657
0.000000
0.227343
0.051888
0.133893
0.053010
0.005045
0.000000
0.014599
0.022054
0.021819
0.032756
0.000000
0.082743
0.000000
0.005256
0.002686
0.032096
0.007635
0.339605
0.090771
0.034176
0.006961
0.005176
0.022343
0.006509
0.021387
0.047636
0.284802
0.008263
0.014217
0.005217
0.000000
0.000000
0.240005
0.053038
0.237934
0.031106
0.042473
0.004907
0.015249
0.000227
0.010570
0.034207
0.032350
0.037769
0.000966
0.035113
0.009367
0.000000
0.330285
0.480508
0.259242
0.364488
0.203847
0.076795
0.100653
0.089096
0.253811
0.262772
0.216229
0.631846
0.066486
0.050458
0.096096
0.102959
0.803140
0.171689
0.543585
0.141163
0.120309
0.083375
0.103663
0.057030
0.234539
0.379705
0.170358
0.592023
0.054871
0.055834
0.067140
0.189674
0.257733
0.291070
0.948827
0.240730
0.091147
0.101278
0.190878
0.039887
0.185769
0.737095
0.731180
0.212547
0.122118
0.079481
0.164308
0.012538
0.724512
0.483192
0.234095
0.126263
0.055260
0.116574
0.053713
0.334550
0.583464
0.355466
0.159294
0.193667
0.084445
0.033834
0.190581
0.104134
0.000000
0.035619
0.005137
0.050300
0.000000
0.000000
0.000000
0.000538
0.005033
0.014072
0.003144
0.008949
0.002131
0.000000
0.006732
0.000000
0.012044
0.076510
0.002735
0.010066
0.000000
0.000580
0.000000
0.000000
0.009731
0.011218
0.013659
0.009955
0.000000
0.000000
0.000000
0.006789
0.024550
0.016564
0.011088
0.000000
0.006238
0.000000
0.000000
0.000000
0.001357
0.008389
0.008030
0.026758
0.000000
0.000000
0.000000
0.001219
0.022925
0.000000
0.042467
0.000000
0.000000
0.006647
0.006314
0.000000
0.014649
0.007957
0.028630
0.000000
0.000000
0.004232
0.000000
0.000234
