0.000000
0.032521
0.021968
0.000000
0.343646
0.501678
0.105220
0.500470
0.000000
0.000000
0.037668
0.000000
0.060765
0.141335
0.157707
0.482630
0.040070
0.000000
0.018668
0.030516
0.506312
0.080185
0.302166
0.216256
0.000000
0.036547
0.000000
0.105088
0.220210
0.409246
0.047432
0.331593
0.060443
0.027579
0.010397
0.158893
0.522803
0.439346
0.387182
0.558425
0.000000
0.000000
0.069856
0.000000
0.558132
0.134537
0.765673
0.098121
0.009478
0.072253
0.030009
0.000000
0.469922
0.449722
0.384150
0.102772
0.000000
0.023351
0.027012
0.000000
0.119059
0.265003
0.237679
0.436496
0.868032
3.377515
1.295239
2.157758
7.524149
3.913398
6.332779
8.698348
0.976203
0.917154
2.034126
1.041255
3.928358
7.833466
8.047919
7.323757
0.803066
2.824355
1.264495
2.078195
6.848167
12.779079
23.667700
5.719969
0.604381
3.973172
0.841038
1.016755
6.321723
9.084675
5.680923
9.303944
2.877996
1.060617
0.806661
2.138148
8.332755
5.227180
5.402741
8.379489
1.102816
0.914878
1.031106
0.931039
6.918877
7.130420
5.034971
11.858737
3.118569
1.075137
0.769089
1.183420
12.812667
6.484983
8.542444
4.185981
0.831166
3.613911
0.873206
1.487450
20.075500
4.076474
4.866250
8.429583
0.000000
0.000000
0.000000
0.000000
0.119539
0.045132
0.125195
0.175755
0.000000
0.000000
0.000000
0.000000
0.021230
0.140648
0.049272
0.186662
0.031496
0.000000
0.000000
0.040411
0.153292
0.282355
0.046455
0.056181
0.000000
0.000000
0.000000
0.000000
0.088246
0.086214
0.140348
0.039929
0.000000
0.000000
0.000000
0.025284
0.388144
0.049579
0.175278
0.041380
0.000000
0.000000
0.016883
0.000000
0.062508
0.139930
0.046683
0.093526
0.000000
0.000000
0.000000
0.000000
0.299377
0.117977
0.000000
0.186731
0.000000
0.000000
0.000000
0.000000
0.050204
0.177627
0.043514
0.135201
0.577691
1.030523
1.119578
0.367077
3.555935
6.724435
5.872824
5.307441
0.161655
0.664526
0.608085
0.801374
6.991180
1.483094
8.004601
1.062901
0.814354
0.606961
0.483623
0.825827
2.426094
8.427738
5.145060
4.473500
0.868783
0.238293
1.387726
0.231997
6.113674
3.393534
1.320609
8.309138
0.773262
3.433507
1.209404
0.826197
5.544921
6.073017
4.666798
8.900881
0.525420
0.857790
0.620223
1.012945
4.316410
8.009622
1.642251
5.986258
0.918152
0.518205
1.155213
0.900570
4.420875
8.052962
5.969513
6.394262
0.998567
0.325041
0.663729
0.555059
2.663078
6.011289
5.187447
6.091747
0.164548
0.000000
0.000000
0.120007
0.393031
0.110192
0.333163
0.046482
0.000000
0.002409
0.000000
0.060814
0.145782
0.054595
0.532775
0.239566
0.000000
0.232088
0.000000
0.216850
0.294597
0.101623
0.036227
0.444422
0.133679
0.000000
0.000000
0.043863
0.254501
0.112334
0.166166
0.300818
0.000000
0.000000
0.032843
0.194766
0.118947
0.377879
0.215365
0.107191
0.000000
0.153242
0.000000
0.000000
0.427524
0.156761
0.035181
0.329589
0.054137
0.000000
0.000000
0.000328
0.077516
0.416123
0.321277
0.159739
0.000000
0.173549
0.000000
0.000000
0.413302
0.000000
0.715488
0.160230
0.694065
3.833134
3.142277
0.427431
6.484982
35.063700
6.395963
10.830736
1.531656
0.768059
2.129957
1.019737
5.969802
7.079667
7.662357
5.696687
0.712361
3.157496
2.103683
0.773581
10.732789
4.142255
5.287515
26.097000
0.362082
1.741683
1.115720
0.713855
3.779632
24.249300
19.360400
3.090180
0.756895
1.972975
1.393330
0.794302
5.629212
10.183240
5.233828
26.267800
1.166612
0.530644
3.650054
0.407890
11.060247
8.869538
5.280710
13.627964
0.747192
4.123264
1.379046
0.809506
4.222953
9.296265
19.468519
5.657359
0.763052
1.645221
2.466916
0.520685
3.233486
9.960870
6.746494
34.017600
0.000000
0.000000
0.000000
0.012070
0.482847
0.000000
0.104912
0.171551
0.000000
0.037473
0.000000
0.000000
0.043086
0.182434
0.056215
0.000000
0.000000
0.000173
0.000000
0.000000
0.148839
0.172390
0.011689
0.077414
0.000000
0.000000
0.000000
0.049256
0.149230
0.044013
0.055884
0.033168
0.000000
0.000000
0.000000
0.076931
0.058958
0.108284
0.171204
0.156737
0.000000
0.000000
0.000000
0.000000
0.082072
0.119962
0.128800
0.108700
0.040476
0.000000
0.000000
0.000000
0.308106
0.000000
0.192543
0.000000
0.000000
0.000000
0.000000
0.000000
0.048494
0.125910
0.052887
0.104863
0.894995
0.832944
0.634564
1.155468
3.980310
6.699866
5.232227
26.432800
0.726843
0.308646
0.535065
0.698217
6.982600
1.817746
5.746044
1.401237
0.220444
3.658321
1.451128
0.142871
32.722400
3.497627
2.333309
7.098354
0.659524
0.172740
0.188174
0.684918
4.107119
3.646905
4.910635
11.253701
0.408281
3.065461
0.817643
1.000902
4.682575
5.492472
1.369085
30.015600
1.371725
0.236880
0.380155
1.088420
5.152914
2.067401
4.962965
17.057100
0.868593
0.449656
1.082276
0.420830
4.311257
5.684339
5.250252
9.844120
1.427056
0.231976
0.178925
0.427152
3.735687
6.290280
4.267817
4.063935
0.017806
0.037974
0.000000
0.140519
0.097931
0.591615
0.509772
0.314112
0.000000
0.138376
0.000000
0.000000
0.394348
0.135220
0.195406
0.327621
0.000000
0.047664
0.094016
0.032331
0.339339
0.455010
0.498229
0.124698
0.000000
0.039436
0.000000
0.065132
0.188579
0.188927
0.077282
0.317534
0.004436
0.047182
0.141555
0.000000
0.187700
0.540073
0.365840
0.433017
0.020032
0.000000
0.016466
0.000000
0.489384
0.347647
0.033156
0.556949
0.326108
0.000000
0.101766
0.000000
0.412783
0.109749
0.577427
0.267315
0.000000
0.035213
0.000000
0.104916
0.061201
0.177063
0.074558
0.421957
2.118405
0.865101
1.952913
0.986363
29.658800
5.824595
8.593797
5.240673
1.169498
0.895672
2.132013
0.538798
5.985380
9.186521
8.821948
4.977628
2.022067
0.920878
0.473123
2.282011
4.782595
9.844550
6.931032
16.146728
1.226352
0.650154
2.104054
0.687252
4.343973
26.450400
5.898954
13.076409
1.054565
2.347407
1.574690
1.749332
3.967634
15.323400
8.810502
6.858152
0.548194
1.400834
0.902190
0.957568
24.097100
7.096949
6.622071
15.419500
2.835859
0.992575
0.898024
3.777315
7.641940
5.757220
4.714232
27.032500
0.984147
1.320917
1.440352
0.682162
6.503502
37.164100
5.494232
9.231790
0.000000
0.000000
0.000000
0.004744
0.080280
0.123769
0.034564
0.257930
0.000000
0.000000
0.000000
0.005269
0.146697
0.106493
0.000000
0.091682
0.000000
0.000000
0.000000
0.000000
0.536707
0.083611
0.155487
0.041057
0.000000
0.001458
0.000000
0.000000
0.095535
0.119865
0.055668
0.106048
0.017182
0.000000
0.000000
0.027671
0.119457
0.069016
0.129585
0.262657
0.000000
0.000000
0.000000
0.000000
0.160054
0.048054
0.070112
0.133226
0.000000
0.000000
0.000000
0.028517
0.181536
0.019000
0.300789
0.047629
0.000000
0.024063
0.000000
0.000000
0.267380
0.000000
0.054372
0.123447
0.958676
0.231159
0.987627
0.300155
6.074322
5.853458
5.601800
6.322460
0.426992
0.997760
0.209318
0.492026
17.042900
4.489698
2.587040
12.008775
0.458733
2.954546
0.957181
0.391214
7.604759
9.442139
4.086342
6.669581
0.333738
1.301020
0.366930
0.495094
4.043612
4.209947
5.239515
7.601473
0.736971
0.529051
0.648391
1.214633
3.520703
16.462137
7.570801
3.137774
0.206097
0.989970
0.851694
0.498893
2.309466
6.784719
1.079447
9.784997
2.279190
0.353109
0.779736
1.230962
6.484880
8.538901
6.192591
7.050728
0.622675
0.188898
0.549814
0.496511
4.572456
5.636936
8.117760
4.809921
0.000000
0.237494
0.000000
0.000000
0.458531
0.282560
0.301456
0.044111
0.000000
0.000000
0.000000
0.116662
0.125666
0.105018
0.413996
0.045381
0.000000
0.221948
0.000000
0.138321
0.038733
0.397753
0.031421
0.269107
0.000000
0.000000
0.143345
0.000000
0.222224
0.000000
0.154449
0.267647
0.000000
0.000000
0.135243
0.042957
0.792404
0.017987
0.617289
0.207387
0.019221
0.143997
0.000000
0.000000
0.243474
0.389519
0.034907
0.457363
0.006207
0.032298
0.248548
0.000000
0.051853
0.345993
0.109835
0.518359
0.123675
0.000000
0.031166
0.000000
0.509730
0.228936
0.141359
0.090066
0.992387
1.242239
0.860060
1.406790
19.501000
4.295699
5.306668
10.740658
0.878427
1.730598
0.986959
0.470868
8.825271
6.464592
25.267100
5.319304
0.859790
1.895448
0.450128
2.510624
30.604600
3.431910
7.018761
4.932125
3.171611
0.249071
2.994801
0.446938
5.221720
20.986000
38.107600
3.319028
3.113158
0.701503
0.770565
1.957444
6.355105
7.466298
4.538432
17.519856
0.988400
1.206050
0.681750
1.167709
4.723168
28.935500
6.678308
3.754272
0.762594
1.782911
0.966791
3.606013
5.507158
24.594700
10.491674
8.576051
0.754284
3.015413
1.611833
0.913404
44.070500
3.654659
17.456500
9.973978
0.000000
0.029323
0.092467
0.000000
0.096654
0.000000
0.032327
0.161238
0.024266
0.000000
0.000000
0.000000
0.020410
0.203904
0.107526
0.000000
0.000000
0.000000
0.026302
0.000000
0.149163
0.000779
0.166330
0.003337
0.000000
0.039888
0.000000
0.000000
0.030648
0.119921
0.010534
0.104992
0.000000
0.070213
0.000000
0.000000
0.000269
0.172633
0.071330
0.375242
0.000000
0.000000
0.000000
0.000000
0.008213
0.156679
0.078877
0.095661
0.000000
0.000651
0.000000
0.000000
0.063486
0.000000
0.232259
0.109577
0.000000
0.060366
0.000000
0.000000
0.000000
0.036552
0.053079
0.153094
0.964188
0.597918
0.953474
0.463579
3.616862
8.732374
5.161094
15.274009
0.686071
0.325837
0.944550
0.255890
4.694435
4.722385
1.948019
4.269915
0.761067
0.167178
0.917084
0.523690
5.287256
5.810574
37.848800
2.308007
0.190846
0.649878
0.379965
0.238908
2.233337
4.586038
8.870357
2.922576
0.346983
0.769586
0.506646
2.457512
5.281539
32.678700
2.599656
8.116598
0.944879
0.515488
0.719665
0.306623
5.130135
3.545958
4.651978
8.380511
0.403691
2.559011
0.393024
1.161675
6.727729
4.775448
7.525059
6.273350
0.126367
0.687417
0.405435
1.057229
5.334991
7.254694
5.719474
10.261281
0.000000
0.000000
0.000000
0.000000
0.000000
0.000000
0.000000
0.000000
0.000000
0.000000
0.000000
0.000000
0.000000
0.000000
0.000000
0.000000
0.000000
0.000000
0.000000
0.000000
0.000000
0.000000
0.000000
0.000000
0.000000
0.000000
0.000000
0.000000
0.000000
0.000000
0.000000
0.000000
0.000000
0.000000
0.000000
0.000000
0.000000
0.000000
0.000000
0.000000
0.000000
0.000000
0.000000
0.000000
0.000000
0.000000
0.000000
0.000000
0.000000
0.000000
0.000000
0.000000
0.000000
0.000000
0.000000
0.000000
0.000000
0.000000
0.000000
0.000000
0.000000
0.000000
0.000000
0.000000
0.000000
0.000000
0.000000
0.000000
0.000000
0.000000
0.000000
0.000000
0.000000
0.000000
0.000000
0.000000
0.000000
0.000000
0.000000
0.000000
0.000000
0.000000
0.000000
0.000000
0.000000
0.000000
0.000000
0.000000
0.000000
0.000000
0.000000
0.000000
0.000000
0.000000
0.000000
0.000000
0.000000
0.000000
0.000000
0.000000
0.000000
0.000000
0.000000
0.000000
0.000000
0.000000
0.000000
0.000000
0.000000
0.000000
0.000000
0.000000
0.000000
0.000000
0.000000
0.000000
0.000000
0.000000
0.000000
0.000000
0.000000
0.000000
0.000000
0.000000
0.000000
0.000000
0.000000
0.000000
0.000000
0.000000
0.000000
0.000000
0.000000
0.000000
0.000000
0.000000
0.000000
0.000000
0.000000
0.000000
0.000000
0.000000
0.000000
0.000000
0.000000
0.000000
0.000000
0.000000
0.000000
0.000000
0.000000
0.000000
0.000000
0.000000
0.000000
0.000000
0.000000
0.000000
0.000000
0.000000
0.000000
0.000000
0.000000
0.000000
0.000000
0.000000
0.000000
0.000000
0.000000
0.000000
0.000000
0.000000
0.000000
0.000000
0.000000
0.000000
0.000000
0.000000
0.000000
0.000000
0.000000
0.000000
0.000000
0.000000
0.000000
0.000000
0.000000
0.000000
0.000000
0.000000
0.000000
0.000000
0.000000
0.000000
0.000000
0.000000
0.000000
0.000000
0.000000
0.000000
0.000000
0.000000
0.000000
0.000000
0.000000
0.000000
0.000000
0.000000
0.000000
0.000000
0.000000
0.000000
0.000000
0.000000
0.000000
0.000000
0.000000
0.000000
0.000000
0.000000
0.000000
0.000000
0.000000
0.000000
0.000000
0.000000
0.000000
0.000000
0.000000
0.000000
0.000000
0.000000
0.000000
0.000000
0.000000
0.000000
0.000000
0.000000
0.000000
0.000000
0.000000
0.000000
0.000000
0.000000
0.000000
0.000000
0.000000
0.000000
0.000000
0.000000
0.000000
0.000000
0.000000
0.000000
0.000000
0.000000
0.000000
0.000000
0.020228
0.000000
0.000000
0.000000
0.000000
0.000000
0.000000
0.000000
0.000000
0.000000
0.000000
0.000000
0.000000
0.000000
0.015977
0.000000
0.024683
0.000000
0.000000
0.000000
0.000000
0.000000
0.000000
0.013347
0.000000
0.000000
0.000000
0.000000
0.000000
0.000000
0.000000
0.000000
0.000000
0.000000
0.000000
0.000000
0.000000
0.000000
0.000000
0.000000
0.000000
0.000000
0.000000
0.000000
0.000000
0.000000
0.000000
0.000000
0.000000
0.000000
0.000000
0.000000
0.000000
0.000000
0.000000
0.000000
0.000000
0.000000
0.000000
0.000000
0.000000
0.000000
0.000000
0.000000
0.000000
0.000000
0.000000
0.000000
0.000000
0.000000
0.000000
0.000000
0.000000
0.000000
0.000000
0.000000
0.000000
0.000000
0.000000
0.000000
0.000000
0.000000
0.000000
0.000000
0.000000
0.000000
0.000000
0.000000
0.000000
0.000000
0.000000
0.000000
0.000000
0.000000
0.000000
0.000000
0.000000
0.000000
0.000000
0.000000
0.000000
0.000000
0.000000
0.000000
0.000000
0.000000
0.000000
0.000000
0.000000
0.000000
0.000000
0.000000
0.000000
0.000000
0.000000
0.000000
0.000000
0.000000
0.000000
0.000000
0.000000
0.000000
0.000000
0.000000
0.000000
0.000000
0.000000
0.000000
0.000000
0.000000
0.000000
0.000000
0.000000
0.000000
0.000000
0.000000
0.000000
0.000000
0.000000
0.000000
0.000000
0.000000
0.000000
0.000000
0.000000
0.000000
0.000000
0.000000
0.000000
0.000000
0.000000
0.000000
0.000000
0.000000
0.000000
0.000000
0.000000
0.000000
0.000000
0.000000
0.000000
0.000000
0.000000
0.000000
0.000000
0.000000
0.000000
0.000000
0.000000
0.000000
0.000000
0.000000
0.000000
0.000000
0.000000
0.000000
0.000000
0.000000
0.000000
0.000000
0.000000
0.000000
0.000000
0.000000
0.000000
0.000000
0.000000
0.000000
0.000000
0.000000
0.000000
0.000000
0.000000
0.000000
0.000000
0.000000
0.000000
0.000000
0.000000
0.000000
0.000000
0.000000
0.000000
0.000000
0.000000
0.000000
0.000000
0.000000
0.000000
0.000000
0.000000
0.000000
0.000000
0.000000
0.000000
0.000000
0.000000
0.000000
0.000000
0.000000
0.000000
0.000000
0.000000
0.000000
0.000000
0.000000
0.000000
0.000000
0.000000
0.000000
0.000000
0.000000
0.000000
0.000000
0.000000
0.000000
0.000000
0.000000
0.000000
0.000000
0.000000
0.000000
0.000000
0.000000
0.000000
0.000000
0.000000
0.000000
0.000000
0.000000
0.000000
0.000000
0.000000
0.000000
0.000000
0.000000
0.000000
0.000000
0.000000
0.000000
0.000000
0.000000
0.000000
0.000000
0.000000
0.000000
0.000000
0.000000
0.000000
0.000000
0.000000
0.000000
0.000000
0.000000
0.000000
0.000000
0.000000
0.000000
0.000000
0.000000
0.000000
0.000000
0.000000
0.000000
0.000000
0.000000
0.000000
0.000000
0.000000
0.000000
0.000000
0.000000
0.000000
0.000000
0.000000
0.000000
0.000000
0.000000
0.000000
0.000000
0.000000
0.000000
0.000000
0.000000
0.000000
0.000000
0.000000
0.000000
0.000000
0.000000
0.000000
0.000000
0.015536
0.000000
0.000000
0.000000
0.000000
0.000000
0.000000
0.000000
0.000000
0.000000
0.000000
0.000000
0.000000
0.000000
0.000000
0.000000
0.000000
0.000000
0.000000
0.000000
0.000000
0.000000
0.000000
0.000000
0.000000
0.000000
0.000000
0.000000
0.000000
0.000000
0.000000
0.000000
0.000000
0.000000
0.000000
0.000000
0.000000
0.000000
0.000000
0.000000
0.000000
0.000000
0.000000
0.000000
0.000000
0.000000
0.000000
0.000000
0.000000
0.000000
0.000000
0.000000
0.000000
0.000000
0.000000
0.000000
0.000000
0.000000
0.000000
0.000000
0.000000
0.000000
0.000000
0.000000
0.000000
0.000000
0.000000
0.000000
0.000000
0.000000
0.000000
0.000000
0.000000
0.000000
0.000000
0.000000
0.000000
0.000000
0.000000
0.000000
0.000000
0.000000
0.000000
0.000000
0.000000
0.000000
0.000000
0.000000
0.000000
0.000000
0.000000
0.000000
0.000000
0.000000
0.000000
0.000000
0.000000
0.000000
0.000000
0.000000
0.000000
0.000000
0.000000
0.000000
0.000000
0.000000
0.000000
0.000000
0.000000
0.000000
0.000000
0.000000
0.000000
0.000000
0.000000
0.000000
0.000000
0.000000
0.000000
0.000000
0.000000
0.000000
0.000000
0.000000
0.000000
0.000000
0.000000
0.000000
0.000000
0.000000
0.000000
0.000000
0.000000
0.000000
0.000000
0.000000
0.000000
0.000000
0.000000
0.000000
0.000000
0.000000
0.000000
0.000000
0.000000
0.000000
0.000000
0.000000
0.000000
0.000000
0.000000
0.000000
0.000000
0.000000
0.000000
0.000000
0.000000
0.000000
0.000000
0.000000
0.000000
0.000000
0.000000
0.000000
0.000000
0.000000
0.000000
0.000000
0.000000
0.000000
0.000000
0.000000
0.000000
0.000000
0.000000
0.000000
0.000000
0.000000
0.000000
0.000000
0.000000
0.000000
0.000000
0.000000
0.000000
0.000000
0.000000
0.000000
0.000000
0.000000
0.000000
0.000000
0.000000
0.000000
0.000000
0.000000
0.000000
0.000000
0.000000
0.000000
0.000000
0.000000
0.000000
0.000000
0.000000
0.000000
0.000000
0.000000
0.000000
0.000000
0.000000
0.000000
0.000000
0.000000
0.000000
0.000000
0.069782
0.000000
0.000000
0.000000
0.000000
0.000000
0.000000
0.000000
0.000000
0.000000
0.000000
0.000000
0.000000
0.000000
0.000000
0.000000
0.000000
0.000000
0.000000
0.000000
0.000000
0.000000
0.000000
0.000000
0.000000
0.000000
0.000000
0.000000
0.000000
0.000000
0.000000
0.000000
0.000000
0.015224
0.000000
0.000000
0.000000
0.000000
0.000000
0.000000
0.000000
0.000000
0.000000
0.000000
0.000000
0.000000
0.000000
0.000000
0.000000
0.000000
0.000000
0.000000
0.000000
0.000000
0.000000
0.000000
0.000000
0.000000
0.000000
0.000000
0.000000
0.000000
0.000000
0.000000
0.000000
0.000000
0.000000
0.000000
0.000000
0.000000
0.000000
0.000000
0.000000
0.000000
0.000000
0.000000
0.000000
0.000000
0.000000
0.000000
0.000000
0.000000
0.000000
0.000000
0.000000
0.000000
0.000000
0.000000
0.000000
0.000000
0.000000
0.000000
0.000000
0.000000
0.000000
0.000000
0.000000
0.000000
0.000000
0.000000
0.000000
0.000000
0.000000
0.000000
0.000000
0.000000
0.000000
0.000000
0.000000
0.000000
0.000000
0.000000
0.000000
0.000000
0.000000
0.000000
0.000000
0.000000
0.000000
0.000000
0.000000
0.000000
0.000000
0.000000
0.000000
0.000000
0.000000
0.000000
0.000000
0.000000
0.000000
0.000000
0.000000
0.000000
0.000000
0.000000
0.000000
0.000000
0.000000
0.000000
0.000000
0.000000
0.000000
0.000000
0.000000
0.000000
0.000000
0.000000
0.000000
0.000000
0.000000
0.000000
0.000000
0.000000
0.000000
0.000000
0.000000
0.000000
0.000000
0.000000
0.000000
0.000000
0.000000
0.000000
0.000000
0.000000
0.000000
0.000000
0.000000
0.000000
0.000000
0.000000
0.000000
0.000000
0.000000
0.000000
0.000000
0.000000
0.000000
0.000000
0.000000
0.000000
0.000000
0.000000
0.000000
0.000000
0.000000
0.000000
0.000000
0.000000
0.000000
0.000000
0.000000
0.000000
0.000000
0.000000
0.000000
0.000000
0.000000
0.000000
0.000000
0.000000
0.000000
0.000000
0.000000
0.000000
0.000000
0.000000
0.000000
0.000000
0.000000
0.000000
0.000000
0.000000
0.000000
0.000000
0.000000
0.000000
0.000000
0.000000
0.000000
0.000000
0.000000
0.000000
0.000000
0.000000
0.000000
0.000000
0.000000
0.000000
0.000000
0.000000
0.000000
0.000000
0.000000
0.000000
0.000000
0.000000
