0.000000
8.033228
6.663889
4.101182
12.345073
14.564000
9.195122
13.268383
1.897933
5.180787
7.521664
7.554643
6.525203
9.662440
8.612854
15.030687
5.762573
5.887730
8.868735
7.202115
14.500808
10.937065
10.022740
12.655916
5.331795
3.247036
2.354641
7.069760
10.442687
13.479606
7.366559
9.511365
9.506367
8.673566
6.199741
10.242963
14.217041
12.359072
13.868334
14.741541
3.432112
6.409917
8.523603
1.823701
15.003473
6.358216
16.091484
8.458459
8.191315
5.597698
7.810336
7.851436
14.502773
13.301297
14.616197
6.651680
1.756581
9.327493
6.218122
3.524191
9.184684
10.220381
8.268496
13.279786
17.981341
24.550062
25.003728
25.556530
46.628069
25.526069
36.926409
60.605620
17.867630
20.267723
21.896961
18.835378
30.473830
59.869764
53.546338
36.429914
17.302461
19.834023
23.595511
27.627103
48.335889
130.106516
80.381733
25.297795
12.468315
23.292950
19.299308
21.707687
47.195486
61.990403
26.373736
39.058419
24.103125
21.589720
17.678308
25.942878
55.867228
30.957366
34.373694
62.428077
22.308611
18.022387
18.353598
17.296862
42.130097
41.924066
28.480205
55.265033
28.200614
15.723356
18.094383
19.670862
68.343192
31.365922
70.833292
36.512816
17.627891
31.401936
15.476122
16.142962
80.038945
35.043664
24.970734
69.881539
1.723718
2.132463
3.531572
1.868728
5.823430
5.089940
6.608546
9.214409
1.829519
1.815938
1.903197
1.657374
3.435577
6.816017
4.535663
5.408451
1.808900
2.372512
3.861737
1.841806
10.019339
6.076589
5.229255
1.989371
1.419964
3.177024
1.387127
2.612883
2.347942
7.024054
7.242437
1.664567
2.376608
1.638641
3.163866
3.673944
10.222279
4.217330
9.424659
2.528597
2.004843
2.068693
3.583583
1.792095
3.458400
6.182551
3.318223
5.227060
1.511669
1.992257
2.517855
3.451543
8.110920
10.216785
4.543148
5.629681
1.481962
3.200208
2.512328
1.319724
5.459424
4.180540
4.180354
3.675260
12.428420
18.074512
17.580292
8.760221
23.069464
30.230011
29.741692
22.791658
5.377732
12.531710
9.559778
13.220525
33.294177
16.487984
45.002211
13.277075
15.179616
11.878817
10.985632
15.309889
17.159406
40.678670
31.265733
32.818967
14.364569
8.686521
13.123163
5.031529
35.095155
18.922508
14.220441
49.800538
14.202981
26.181841
16.952420
13.647319
28.919259
27.552525
24.695661
53.246425
10.662656
11.567830
10.529117
14.164355
19.644108
37.984864
17.664800
33.844919
15.082953
8.954652
18.411319
17.268747
27.791344
36.374439
27.101689
38.491464
14.692522
6.060222
9.613296
10.420455
22.153558
33.774863
21.777364
28.788017
9.358589
6.325065
4.160010
6.661894
12.242652
12.396144
10.168990
10.350789
3.618730
2.233875
6.256286
3.877616
5.993940
10.076530
14.521962
9.535185
5.608895
7.547037
5.658512
8.874682
8.537268
13.946427
9.486504
10.863081
4.804565
3.637631
5.342774
1.932739
8.700368
12.056655
4.073724
13.890203
5.553622
8.968362
4.185923
8.595335
11.673425
9.513738
9.933553
12.781734
2.962429
7.747704
1.570075
6.994044
10.061143
5.550093
9.669460
12.902092
6.138812
7.693912
6.400812
1.284527
10.342920
10.470961
9.254957
14.996322
7.325931
7.048098
1.160854
3.890866
9.657442
6.139977
18.615667
3.666156
13.951383
34.760136
33.036867
11.397468
51.182598
89.327213
28.546603
94.111178
25.192484
13.317558
15.580075
21.826203
22.730362
53.306234
62.987441
23.482013
19.042012
13.768588
16.145394
20.587561
107.262345
17.960138
51.556878
67.690041
7.825500
29.731508
12.438023
16.789112
38.506584
62.117538
49.255773
32.063047
14.001061
30.073661
23.339698
13.348991
45.615248
96.766881
24.563795
59.479103
14.367806
11.313286
32.811408
14.087202
41.102941
70.635806
40.899428
44.808572
13.170581
18.579569
29.175564
18.052864
16.555116
92.080986
61.291180
50.962494
17.425462
15.062006
31.709917
10.053888
35.933977
109.021936
28.818763
61.962300
2.204634
5.768097
1.111040
1.373909
13.849477
4.798118
1.832497
5.811467
1.104190
1.397234
2.590277
3.024539
1.741060
3.493231
6.043113
4.943660
2.272144
0.991727
3.450549
1.314238
4.862703
4.169393
6.332264
11.744956
3.037186
2.490894
0.988319
1.459938
3.072617
7.482072
1.835620
6.051572
1.174002
5.639246
1.970629
2.186890
8.162876
1.590756
9.663945
4.914280
1.138217
2.703272
1.211657
3.745151
2.092438
7.591554
8.483764
2.640095
1.256749
4.602657
0.777292
3.280048
6.670014
5.452493
3.313427
5.384238
3.523565
0.663803
3.247002
0.694840
6.783624
2.776736
7.998130
2.540490
17.463489
11.902852
13.808161
12.257781
30.276631
45.094773
20.089013
66.223884
9.970738
5.984806
12.103187
13.733320
30.648181
21.551375
26.662763
22.369623
4.597627
16.088561
28.330419
10.996480
78.056509
32.420202
13.714170
61.022386
13.212687
5.194396
10.365072
10.042765
31.081672
30.595311
18.681036
28.116275
8.625853
26.807112
12.163415
19.563494
38.723272
43.407475
14.301902
82.557041
13.068975
5.428766
11.350706
17.212664
30.147295
16.590345
32.517669
39.708941
17.516791
9.339869
19.346237
7.102658
18.275553
40.394061
16.847038
97.134278
25.209717
5.981454
9.148520
10.236538
17.926663
48.489867
19.258852
32.093720
8.521874
7.583571
4.324888
9.284720
10.101536
13.002875
15.549216
11.695379
4.382920
10.141196
2.203132
3.467623
12.030134
7.727786
7.782747
13.637309
6.321948
5.119509
9.951717
8.197369
10.475782
13.377330
16.740392
7.975338
1.565524
10.539902
4.067303
5.264949
11.046268
10.934380
5.547507
12.842316
8.580819
8.117866
8.820165
4.505391
12.925075
12.628105
13.512220
12.401877
7.305032
3.607696
3.376026
4.543284
11.546400
10.116917
4.918494
16.403433
9.881844
8.824106
8.510562
4.358580
12.694946
11.368301
14.211530
7.717105
1.597107
8.138206
2.771008
7.155599
7.516840
6.450887
10.747028
10.353851
22.020642
19.642466
21.647386
22.551547
119.221563
34.378811
59.462586
39.273525
22.226767
18.005387
20.550053
14.231550
37.260758
57.892970
48.109628
37.746545
20.453253
20.779120
14.306120
28.028708
27.347547
93.818894
45.759558
65.040308
19.710877
17.219530
23.378561
11.360841
33.777441
68.206811
42.916903
50.004966
17.768473
29.991120
20.457487
27.140745
31.539908
81.764983
57.949541
50.146770
13.890737
19.192627
16.481423
16.828216
97.825234
50.249367
37.774822
68.019459
27.186909
23.184559
18.365722
21.144008
61.332902
47.171580
24.562784
94.856989
16.671355
16.784852
20.687027
17.107609
33.605834
112.413172
38.004588
88.333363
1.807554
2.001025
2.528846
4.605877
4.016199
7.751820
4.661367
9.505759
1.965932
2.139960
1.852392
1.953536
6.422674
3.122148
2.332930
5.907991
1.646372
5.288415
1.285763
2.668209
13.577991
3.816514
5.791257
4.459468
1.919907
1.521030
1.458260
3.019187
6.642050
2.463793
4.733905
3.790824
3.013891
2.074788
3.825415
2.524845
6.843701
4.713733
6.557226
7.846472
1.725302
2.187387
2.320005
1.981521
6.007380
5.227988
3.115219
5.859117
3.764850
2.679755
2.418551
1.430241
10.387219
3.870982
6.308494
2.224690
1.519143
1.418522
1.728069
2.756485
5.626190
3.867351
2.568912
6.300375
16.686512
8.210816
16.940431
10.311332
35.655766
29.375316
31.305939
41.101684
7.828230
15.325803
5.528755
9.789968
73.050303
26.902395
19.923383
41.755566
12.087982
15.665467
15.460125
9.409318
45.375789
37.206192
26.616822
41.570241
10.117732
17.698912
6.897022
9.774501
23.688683
25.572652
23.025270
49.489791
13.737153
13.436088
11.138586
16.859503
22.135542
73.521250
53.716395
25.768895
8.407484
12.113941
12.408424
8.107737
17.771758
31.895088
16.051559
61.715945
14.315473
7.846210
13.710319
24.667584
27.404138
69.570270
38.304042
37.281275
10.573547
8.621414
9.260871
8.871175
32.361698
32.750333
41.157520
19.893984
7.856685
8.929240
3.184280
6.456528
11.915295
8.724719
14.246111
9.384301
6.230108
5.401831
1.447562
5.400633
9.811916
2.891085
10.466421
11.324289
6.062576
8.356203
4.470028
5.765012
8.855488
10.615905
11.217950
6.574121
0.875987
8.651177
6.071602
4.186093
4.340130
5.759901
6.004035
13.179683
5.423874
6.933601
9.306009
3.069833
19.804953
6.857926
12.155344
8.769263
1.745033
7.339479
3.440930
9.458090
6.927512
7.468233
8.613472
13.828542
10.239659
4.547175
7.726023
4.747908
11.479536
8.485996
11.463149
9.051206
6.621302
6.228098
1.204476
5.744597
12.953794
6.184068
3.384321
14.189823
21.392395
11.186186
20.214323
17.156167
61.786402
39.752280
23.041220
117.738094
20.692859
14.341275
17.528619
11.062312
45.028550
51.185870
74.935533
49.256678
18.003886
12.286442
10.417593
32.358775
83.296091
38.115362
62.001511
17.224597
12.904555
14.584581
33.825386
7.894630
50.336630
52.402059
111.204313
39.633753
32.577148
18.711995
14.781231
14.196800
53.088592
56.341547
18.452128
58.273847
14.841845
13.146166
13.680650
26.001444
22.209211
78.210825
47.921442
35.529047
20.407680
12.964431
21.354430
16.858531
47.349133
58.426430
44.425367
84.480436
16.652216
17.280117
10.288265
19.500416
89.428886
41.201848
40.867175
110.734722
2.372444
1.570246
3.428347
3.211273
1.987615
5.760717
6.414117
4.758220
1.595800
2.447400
3.053010
0.968205
5.491703
4.119698
2.437119
3.979464
0.900989
4.864364
2.074445
3.780431
3.583790
8.628896
3.050555
5.876192
2.464856
1.076246
3.837148
0.723860
5.547277
3.494988
7.312210
1.793620
2.721828
2.749897
1.188873
3.282254
4.474783
4.318015
1.890774
14.405050
3.971346
0.922077
1.168678
2.487435
5.837942
2.495235
2.996096
6.834098
0.912130
0.961639
4.814007
4.591613
11.664279
4.029652
4.261705
3.004888
0.855158
1.264133
3.330348
3.211038
5.707028
5.838194
2.637087
2.893483
16.831884
9.142708
17.886761
9.174551
28.181837
73.354402
21.571748
41.638122
11.606776
6.259632
16.460727
9.469834
21.582978
32.419028
14.232005
31.963672
10.116509
5.017828
17.753937
15.392855
48.104548
26.326642
78.046448
30.170209
10.618155
11.935246
6.415841
10.316840
26.435711
32.166627
30.733103
13.095542
7.195488
9.742069
14.009694
27.972878
25.682280
80.533223
23.772239
71.853741
16.800467
10.665577
9.939463
6.428160
28.844117
29.157372
20.721333
34.494217
6.249252
31.767142
7.263023
19.819359
57.916383
17.991534
32.216681
48.716034
10.986607
12.084433
6.458800
16.950314
42.598217
27.311102
43.906155
25.632663
1.858029
3.273419
3.985874
6.028474
1.560223
0.553807
2.465825
1.360935
3.981329
3.534640
1.038116
1.941178
2.454174
1.152820
0.650928
0.415857
4.063524
4.592815
1.884757
4.075498
0.621405
2.077797
1.357136
1.385938
1.194169
3.324431
5.005544
1.215377
0.894860
0.292994
1.424708
1.110058
2.825217
2.372864
5.108715
1.523160
1.343568
1.573476
1.062676
1.622105
1.876460
1.912781
1.964423
2.046406
0.440196
1.034375
0.275359
1.243727
3.156364
3.155542
2.835302
3.126770
1.517584
0.985525
1.364576
2.512817
3.705167
0.762159
2.101576
1.626190
0.502097
0.756025
1.098410
0.469316
0.756821
0.178092
0.162673
0.525366
0.079845
0.187990
0.068325
0.065809
0.166680
0.163283
0.307726
0.150455
0.243413
0.019981
0.035605
0.089592
0.722465
0.142469
0.807384
0.119832
0.193819
0.016220
0.038835
0.075166
0.206782
0.195826
0.203576
0.375552
0.028174
0.056180
0.060700
0.086466
0.263343
0.223987
0.958652
0.110774
0.039724
0.122067
0.153640
0.052823
0.122788
0.690720
0.307466
0.245995
0.041495
0.056478
0.071939
0.064653
0.187740
0.347110
1.114912
0.296124
0.032478
0.094718
0.040513
0.435551
0.890290
0.051905
0.479738
0.132878
0.021847
0.160166
0.121765
0.012390
1.637211
1.405808
0.885042
1.818249
0.519081
0.567003
0.494226
0.416105
1.525001
1.113195
1.403798
1.266484
0.723394
0.249614
0.637065
0.202674
1.011386
1.550569
1.391679
0.816044
0.470644
0.257503
0.496520
1.329334
1.532989
0.776933
1.488428
0.978989
0.575206
0.219442
0.264831
0.853766
0.986033
2.296574
1.421800
1.109586
0.211413
0.632717
0.476038
0.967737
1.122281
1.198876
0.863619
1.485102
0.539680
0.237921
0.572809
0.492578
1.299702
1.565650
1.545448
0.884940
0.219816
0.407475
0.580775
0.515850
1.997361
0.725776
0.829971
1.577497
0.458172
0.256976
0.689353
0.326958
0.181146
0.076940
0.149343
0.196256
0.046668
0.053220
0.070924
0.035137
0.213445
0.077966
0.112103
0.098291
0.017358
0.042107
0.006959
0.091858
0.093360
0.257938
0.206919
0.142179
0.116200
0.014467
0.020823
0.018973
0.080300
0.147743
0.066121
0.255045
0.017789
0.039813
0.070168
0.005031
0.189072
0.036585
0.145172
0.128251
0.021382
0.054223
0.033497
0.042967
0.181284
0.077784
0.143939
0.053817
0.025738
0.018117
0.046699
0.016126
0.170459
0.147013
0.069099
0.090905
0.021501
0.036903
0.029490
0.022113
0.051217
0.198140
0.090843
0.113593
0.024247
0.007262
0.040329
0.028797
1.591050
2.929800
5.561948
3.528220
0.608618
1.616854
1.070662
1.948106
1.964629
4.880835
1.159108
1.449382
1.714888
0.887372
0.251836
0.956821
2.867952
1.893081
4.686613
1.721913
1.121874
0.533479
2.411927
0.508669
1.066443
3.032105
0.775136
3.007956
0.968290
0.492214
1.151516
0.197009
5.625709
1.402583
4.055047
2.510945
1.621583
1.079274
1.662139
1.719535
2.653973
1.138498
5.302518
0.693931
0.485677
1.509606
0.647100
0.901748
4.130302
0.998013
3.726879
5.316244
1.875795
0.528611
1.601517
1.190546
0.547424
2.155643
4.071015
0.819707
0.684898
0.884837
0.098802
0.511689
0.526218
0.036035
0.534698
0.628367
0.151809
0.032672
0.107830
0.133545
0.138284
0.284031
0.217368
0.081708
0.131706
0.027009
0.005518
0.088090
1.182533
0.186563
0.139049
0.785330
0.091353
0.135971
0.028894
0.038007
0.221943
0.038115
0.212639
0.478863
0.016062
0.019871
0.055011
0.117560
0.355349
0.308088
0.711528
0.490524
0.307527
0.077362
0.109211
0.048033
0.287717
0.198757
0.033830
0.337253
0.047366
0.004649
0.020889
0.070278
0.353697
0.097234
0.615246
1.000832
0.144417
0.028198
0.037313
0.319022
0.219584
0.138298
0.025761
0.332718
0.330867
0.001941
0.049697
0.040413
1.153816
0.792736
2.959738
1.224664
0.171991
0.505228
0.604643
0.734260
1.988750
1.059733
0.859858
0.867442
0.641596
0.429011
0.285515
0.570954
0.832084
2.292605
0.759472
2.049891
0.724366
0.590191
0.340263
0.249756
0.667673
0.743079
1.914018
0.880172
0.564188
0.172969
0.791528
0.219284
1.605924
0.820146
1.562251
0.946448
0.369349
0.831168
0.208218
0.493519
1.507276
0.754823
2.024690
0.714626
0.664852
0.204790
0.231764
0.561426
0.981887
0.804255
2.386074
0.534920
0.293600
0.327891
0.601030
0.422002
0.706123
1.750073
0.716286
1.904785
0.195506
0.630332
0.190627
0.625257
0.052692
0.172805
0.111324
0.080211
0.021010
0.005823
0.073779
0.010967
0.084383
0.154591
0.147596
0.056448
0.026010
0.025364
0.035839
0.029729
0.306679
0.052258
0.019353
0.120632
0.008619
0.016249
0.102668
0.001449
0.043064
0.227593
0.130140
0.077764
0.007852
0.009969
0.036225
0.018000
0.258997
0.018482
0.244759
0.059445
0.014260
0.005802
0.098513
0.010580
0.054015
0.221636
0.120531
0.039691
0.011323
0.052839
0.009757
0.011145
0.089504
0.178309
0.027408
0.273395
0.081409
0.006409
0.042310
0.001458
0.016902
0.135182
0.127598
0.070500
0.044220
0.001995
0.035610
0.008341
2.470340
3.520072
5.971709
2.554095
2.391865
1.250903
1.140059
0.914772
1.632445
1.071082
4.814910
1.523169
0.512690
1.570054
0.670574
0.563460
5.095692
4.375660
1.796390
3.117506
1.772353
1.598714
0.594684
2.517359
3.447935
0.715270
4.286004
1.378612
0.966907
0.408416
2.613557
0.464683
2.280250
3.185962
2.955476
4.716700
1.381214
1.414951
1.301094
1.549723
2.267986
1.404560
3.593485
1.631054
1.270990
0.727048
1.859820
0.359568
1.963939
2.069940
2.835230
4.286031
1.184344
1.652915
1.241835
2.246263
4.027181
0.863973
5.154789
0.918278
1.711200
0.822162
0.643433
0.548009
0.482778
0.697936
0.191338
0.535460
0.034565
0.134826
0.060318
0.229816
0.478882
0.179440
0.367467
0.237103
0.068143
0.022901
0.046728
0.266609
0.259556
0.222488
0.877423
0.624558
0.173748
0.055392
0.163461
0.042250
0.135899
0.871441
0.088034
0.669309
0.220398
0.029539
0.020798
0.039147
0.692208
0.452606
0.484508
0.146925
0.167843
0.032203
0.076115
0.085647
0.214716
0.570659
0.201712
0.178916
0.013176
0.038654
0.067043
0.063523
0.080514
0.874755
0.281279
0.192661
0.026754
0.241323
0.090383
0.035042
0.159978
0.217009
0.564788
0.239491
0.098669
0.011271
0.045001
0.006774
1.785267
1.357948
1.763112
0.728996
0.611408
0.679105
0.552669
0.372995
1.116096
1.206893
1.530800
1.122140
0.278192
0.448363
0.931172
0.273117
1.408730
0.892274
3.498356
0.969909
0.252303
0.769645
0.450251
0.659621
1.418521
0.887673
1.940984
0.848483
0.265771
0.642543
0.418099
0.381402
0.930147
1.607472
1.350400
0.909145
0.422869
0.617615
0.406254
0.548107
1.634644
1.056448
0.758161
1.380869
0.246044
0.547694
0.539157
0.273211
0.743025
1.553865
1.511812
1.308690
0.362165
0.690189
0.285172
1.033852
1.800119
0.983107
1.441464
0.862760
0.328257
0.635155
0.743543
0.189063
0.110652
0.332755
0.153159
0.180118
0.044180
0.043842
0.051418
0.014983
0.143085
0.064868
0.222635
0.123881
0.010675
0.033443
0.043422
0.008245
0.168308
0.067097
0.100709
0.332496
0.031693
0.033322
0.015567
0.023917
0.165651
0.032711
0.236137
0.083985
0.040648
0.012290
0.036844
0.006798
0.110098
0.210308
0.162741
0.086591
0.076011
0.019749
0.005365
0.058198
0.208066
0.047407
0.113118
0.163297
0.041383
0.015388
0.072656
0.008292
0.047055
0.367270
0.169550
0.048804
0.059158
0.001231
0.029126
0.034052
0.094732
0.189040
0.084960
0.228119
0.020430
0.013290
0.023225
0.041112
3.038181
1.912204
5.138972
3.551584
0.693229
1.721509
1.320236
2.048297
0.945842
3.162902
5.146233
0.950313
1.122443
1.458279
0.572442
0.527713
1.472529
1.732444
5.342049
3.421964
2.479121
0.777938
1.307980
1.078437
4.000335
0.580341
1.979688
1.601690
0.877638
1.725792
0.916082
0.169165
3.477081
3.308944
1.859482
5.128645
0.839439
2.772202
0.876608
1.574662
1.860065
2.545507
3.180926
0.607954
1.733237
0.294267
1.058336
0.262739
0.876995
4.442565
2.164309
3.713010
1.656560
1.331599
0.986736
0.479352
1.180366
0.423110
4.188616
1.287838
1.114875
0.936642
1.106941
0.198757
0.641193
0.272102
1.108021
0.158467
0.048131
0.382933
0.119209
0.006274
0.160267
0.126587
0.244794
0.557286
0.052035
0.098914
0.033948
0.014076
0.978918
0.218183
0.532412
0.380319
0.039040
0.011104
0.232441
0.130380
0.198706
0.219895
0.018449
0.281953
0.014129
0.038566
0.010323
0.284210
0.048126
1.234882
0.328674
0.204631
0.060849
0.168571
0.111085
0.054392
0.145390
0.194441
1.136991
0.084302
0.184392
0.019320
0.017410
0.019273
1.011001
0.168420
1.069068
0.155344
0.345828
0.048597
0.064437
0.020502
0.096025
0.128445
0.277923
0.250048
0.029756
0.314782
0.035866
0.004563
1.062049
1.417677
0.991384
0.985288
0.757340
0.446955
0.509954
0.339825
0.847482
0.796743
0.766932
2.066977
0.397847
0.296689
0.427824
0.501767
2.213428
0.446342
1.483278
0.562845
0.536796
0.357296
0.442949
0.254260
0.694563
1.144672
0.662957
1.653922
0.301252
0.247544
0.387198
0.702852
0.907856
0.889141
2.622862
0.740976
0.441939
0.473636
0.818019
0.286472
0.730599
2.153725
1.869962
0.762389
0.581704
0.413532
0.569637
0.139653
1.915318
1.311759
0.756836
0.487623
0.312355
0.533152
0.330879
1.024131
1.595485
1.174238
0.656444
0.645029
0.375735
0.198055
0.633903
0.521027
0.049824
0.312154
0.092304
0.213123
0.024773
0.001289
0.027508
0.044583
0.093810
0.148919
0.076398
0.087907
0.037077
0.008259
0.081480
0.007131
0.105948
0.382910
0.053291
0.105389
0.006177
0.039359
0.004493
0.007133
0.117249
0.085031
0.116379
0.069292
0.025873
0.005188
0.022772
0.046220
0.188281
0.219447
0.146019
0.016904
0.084726
0.000000
0.029823
0.005292
0.068198
0.093305
0.098575
0.205760
0.007921
0.018424
0.030169
0.028299
0.155606
0.031519
0.267996
0.029695
0.001572
0.073023
0.033357
0.005016
0.156394
0.063373
0.224263
0.025742
0.002429
0.022681
0.005502
0.030354
