0.000000
0.049828
0.048312
0.022948
0.102724
0.112700
0.070992
0.200483
0.000052
0.040500
0.055157
0.043223
0.061180
0.099710
0.070918
0.165141
0.043692
0.041750
0.052457
0.039688
0.178714
0.095262
0.115793
0.104367
0.038691
0.025569
0.000045
0.055024
0.070684
0.212930
0.062685
0.144749
0.059075
0.049142
0.040431
0.063701
0.133526
0.106162
0.073233
0.342090
0.034674
0.031501
0.048707
0.021253
0.133218
0.068352
0.542148
0.074637
0.047817
0.048840
0.042375
0.047197
0.261515
0.121125
0.120224
0.050095
0.000059
0.060054
0.039282
0.034253
0.086036
0.079058
0.071962
0.282844
0.584679
7.130035
2.481650
4.175006
29.384525
8.578681
24.961750
40.116737
1.015598
0.960581
4.871704
1.080524
8.982051
35.276016
37.115875
26.499737
0.437281
7.232320
3.191729
3.831650
31.585612
63.109875
54.967487
14.311225
0.329973
8.587639
0.673286
1.029176
28.450914
43.137550
18.546125
26.715217
5.828458
0.864691
0.350035
4.761102
33.234894
11.974019
21.754350
40.134412
2.546186
0.934259
0.966569
0.954681
27.224612
30.534137
14.542539
44.822739
7.332609
2.149725
0.386101
2.260769
41.424575
17.304675
40.574323
17.145133
0.792253
9.524647
0.527657
5.140689
47.502225
8.848357
15.285775
36.713434
0.000050
0.020985
0.032696
0.000051
0.069175
0.056868
0.065435
0.116780
0.000049
0.019492
0.000049
0.000075
0.032987
0.074184
0.056150
0.090056
0.000091
0.000052
0.027828
0.025298
0.093371
0.116881
0.061844
0.032316
0.000062
0.036639
0.000058
0.024680
0.035010
0.076287
0.108663
0.000097
0.030700
0.000045
0.022578
0.030509
0.174110
0.038185
0.085337
0.032801
0.027324
0.000054
0.030270
0.005170
0.043601
0.085809
0.037701
0.066713
0.000077
0.000043
0.019886
0.029562
0.087304
0.126836
0.044526
0.079802
0.000049
0.032703
0.030269
0.000054
0.059090
0.117241
0.053545
0.059296
0.419093
1.322158
2.101557
0.183011
11.288670
23.068187
26.395812
17.736625
0.084855
0.602309
0.626513
0.511937
27.468525
6.657186
30.607667
4.608031
0.564862
1.124890
0.226493
0.615278
9.371547
29.496250
25.206300
19.472581
0.905648
0.194026
9.107920
0.123840
26.677925
14.720487
8.383023
38.856025
0.653900
9.363020
4.702811
0.872224
22.432534
19.844737
14.276959
35.215594
0.326430
3.622942
0.499914
1.834325
14.944008
26.160150
7.947117
24.764897
3.570875
1.414894
3.728754
0.634375
18.521916
23.476087
18.792498
31.127725
1.357826
0.227828
2.039941
0.364483
9.814690
28.632097
17.465364
22.534762
0.057122
0.037467
0.024919
0.046319
0.136895
0.125455
0.141908
0.104769
0.031480
0.000066
0.035681
0.029311
0.054393
0.093937
0.347665
0.066753
0.032306
0.054034
0.033358
0.058457
0.098114
0.196071
0.093325
0.254865
0.037406
0.024791
0.035400
0.000079
0.064653
0.205534
0.056548
0.325583
0.033779
0.054416
0.022046
0.057659
0.114372
0.199431
0.058203
0.108255
0.019424
0.056300
0.000059
0.044852
0.199404
0.051607
0.065861
0.295805
0.033572
0.059346
0.038244
0.000059
0.143176
0.471158
0.116909
0.230805
0.045264
0.049957
0.000069
0.035852
0.359947
0.057287
0.790831
0.071961
0.309640
14.805446
7.174136
0.303282
32.377225
54.402498
19.388925
54.405237
4.505749
0.675494
8.011161
2.148084
12.295325
37.101773
37.736106
14.872062
0.643232
10.242287
8.617165
1.414844
53.357900
13.013987
29.385575
39.048600
1.105310
4.470779
8.133494
0.735719
16.647606
39.327662
40.659737
7.160917
1.558598
4.294063
4.005215
0.537018
29.608545
45.112900
13.980225
45.959112
3.656633
1.376149
14.453491
0.189996
28.701562
41.088900
25.248603
32.156400
1.492552
13.197225
3.694990
1.494607
12.619450
43.717942
38.281327
31.677075
0.526722
6.978412
11.641594
4.162940
13.066373
56.625025
21.546762
37.200458
0.000046
0.045070
0.000051
0.000078
0.311299
0.054666
0.040513
0.063150
0.012892
0.000096
0.021186
0.022495
0.000102
0.081857
0.069585
0.053533
0.004824
0.000078
0.026426
0.000061
0.047385
0.110742
0.072679
0.167389
0.022343
0.002357
0.000062
0.000091
0.041438
0.084382
0.004490
0.072430
0.000072
0.045716
0.004887
0.027354
0.078468
0.035416
0.170160
0.053409
0.000066
0.021116
0.000057
0.032147
0.033969
0.125860
0.089466
0.038876
0.000088
0.032599
0.000069
0.029293
0.207695
0.070543
0.129876
0.057862
0.027081
0.000066
0.029374
0.012082
0.087127
0.066806
0.081168
0.036937
0.787251
5.787863
0.483542
8.727755
16.059225
33.717431
13.070687
38.846302
6.464821
0.948386
0.295620
0.579235
24.471462
6.923260
22.458112
4.610013
0.371262
14.636475
4.315527
0.241841
51.826287
14.910155
10.066671
41.963864
0.523819
1.420637
0.188069
9.758381
22.252197
16.586783
15.440838
23.676075
0.291196
12.266203
2.046005
1.104187
23.332087
27.155508
10.194264
52.090759
10.438509
0.209290
0.199505
3.367540
26.927700
10.964512
23.557962
32.812000
0.648644
3.274619
3.101884
4.411227
13.031275
31.891841
15.697313
49.324517
4.452216
3.353204
0.211947
9.426950
12.398587
35.918350
17.174512
22.153014
0.040172
0.055300
0.020453
0.060183
0.068013
0.272407
0.093688
0.147345
0.031650
0.064294
0.021334
0.029304
0.161150
0.071429
0.120900
0.074848
0.029053
0.033657
0.105313
0.036545
0.093141
0.331027
0.154386
0.058724
0.000050
0.065909
0.033275
0.044942
0.070843
0.177161
0.049433
0.118282
0.034990
0.047091
0.076292
0.036468
0.077283
0.218015
0.091889
0.268719
0.040311
0.030371
0.030901
0.022727
0.212991
0.119682
0.038345
0.099704
0.104814
0.038712
0.045879
0.035563
0.085830
0.084977
0.426650
0.102973
0.000061
0.083059
0.000046
0.045292
0.067567
0.067965
0.067761
0.207049
4.948441
0.424587
4.436451
0.675095
67.274436
23.498825
35.284575
18.942180
1.382333
1.011083
5.189931
0.214203
22.883375
34.967925
30.663437
22.906887
5.157447
0.664660
0.193627
6.700318
13.774298
46.902362
30.672403
36.884687
1.894092
0.276465
5.257841
0.501674
15.838144
42.835500
27.314222
29.411987
2.597246
4.398981
3.702461
3.491817
11.084322
48.598287
44.497262
28.614130
0.185953
3.807378
1.177156
3.853557
55.749037
30.305825
22.942287
50.902837
11.065202
0.860581
0.298291
8.840184
35.293350
27.824473
15.687537
52.483287
3.618151
4.103226
4.026613
0.195507
29.153012
60.484712
23.551186
46.845237
0.000052
0.000079
0.023162
0.038725
0.048065
0.066920
0.038551
0.144762
0.021850
0.000058
0.000048
0.027078
0.084685
0.045257
0.028321
0.067197
0.000065
0.046565
0.000050
0.021697
0.138060
0.040608
0.068994
0.052052
0.004801
0.000090
0.000052
0.024524
0.084942
0.047608
0.057551
0.047377
0.035642
0.021193
0.020849
0.026300
0.075088
0.044531
0.070715
0.127259
0.000059
0.025916
0.000085
0.008828
0.084896
0.055430
0.043070
0.088371
0.040314
0.000064
0.005118
0.025310
0.088271
0.045959
0.134631
0.000092
0.010161
0.024722
0.004569
0.000055
0.253129
0.036895
0.000091
0.104777
1.319779
0.179520
1.766719
0.109233
22.039725
24.015937
17.664509
26.311166
0.375191
1.634593
0.220872
0.760916
45.331873
18.999562
15.752367
29.820512
0.147150
11.585200
1.458814
0.210694
25.718850
22.313837
18.204805
35.977387
0.171095
4.551005
0.301302
4.819159
15.076887
24.149875
18.896973
35.543325
0.311795
0.399148
0.395601
3.982591
18.397786
40.230712
36.072270
8.272775
0.084415
2.585591
2.198540
0.546122
9.970675
24.564350
5.282982
41.757248
10.189427
0.126104
0.786516
2.659079
21.687162
45.068162
29.068325
19.613750
3.212855
0.091617
0.578209
0.713930
21.228525
27.671550
28.380087
17.984937
0.038716
0.073765
0.000059
0.058932
0.116981
0.104976
0.112384
0.123504
0.038209
0.036671
0.000063
0.043678
0.158934
0.030453
0.186606
0.074322
0.034918
0.055578
0.020258
0.049303
0.106991
0.192527
0.061741
0.067857
0.009470
0.052483
0.048044
0.035226
0.092467
0.048982
0.053042
0.390737
0.031977
0.045573
0.043662
0.022990
0.344867
0.078543
0.295924
0.053977
0.000085
0.047955
0.031377
0.054052
0.084035
0.166316
0.064251
0.412524
0.067936
0.000057
0.083530
0.049592
0.081504
0.170566
0.325807
0.879891
0.046846
0.059506
0.000075
0.040262
0.498682
0.066892
0.038278
0.119275
2.513619
5.864194
0.541285
5.031179
44.499350
19.696273
14.898350
58.679305
0.585802
7.739992
2.655322
0.232753
25.086000
34.277903
44.786200
26.124206
1.573312
9.150943
0.220486
4.423184
51.650425
16.435003
37.426837
14.250537
8.471625
0.219849
13.873967
0.663512
26.309775
33.410987
63.754262
15.493144
12.674641
0.325343
0.311332
8.300270
30.173925
35.394962
12.440287
38.290712
6.757478
3.245503
0.620303
2.316344
13.909056
42.256634
34.657000
17.652755
0.450038
8.227380
2.683756
13.091416
29.592725
40.473752
23.636750
41.587887
0.894966
8.774279
6.222127
0.566898
62.181775
17.629209
28.187787
54.479091
0.000051
0.000088
0.035917
0.019564
0.038020
0.062466
0.079898
0.080143
0.000088
0.000050
0.024414
0.000066
0.060608
0.205278
0.040819
0.047121
0.000060
0.035061
0.000070
0.034514
0.066559
0.065279
0.063216
0.090643
0.000051
0.000094
0.028083
0.000071
0.073911
0.148794
0.076003
0.029872
0.025751
0.000085
0.000058
0.022546
0.050796
0.083234
0.029396
0.115826
0.030050
0.000055
0.010933
0.021227
0.055960
0.060497
0.029154
0.188403
0.000082
0.000072
0.053694
0.031338
0.081059
0.049014
0.152992
0.031765
0.000062
0.000089
0.034556
0.007410
0.057160
0.114844
0.000098
0.124800
2.036097
2.169862
0.797191
0.745943
15.598319
44.708575
18.527937
28.981875
5.538893
2.070022
0.706998
0.319736
18.595525
24.410780
9.902700
23.507680
5.606743
0.406240
2.032369
0.284756
26.609972
18.090550
52.079612
5.347167
0.147504
11.126637
3.896460
0.334406
5.528396
26.581097
24.157487
12.260688
0.251928
3.264336
0.138658
12.208788
15.366075
55.124925
14.260301
42.739995
0.648105
0.442239
3.109231
0.305978
25.619891
12.336814
17.421762
23.193550
2.562000
4.294167
1.154160
4.047220
32.776759
15.035900
18.842687
34.916425
0.104713
11.326612
2.925680
3.368913
30.478672
26.335175
28.779112
21.973000
0.000031
0.014847
0.015368
0.033155
0.005662
0.000000
0.000022
0.000000
0.022458
0.015362
0.000000
0.000039
0.000024
0.000000
0.000000
0.000000
0.018162
0.019087
0.000033
0.020605
0.000000
0.000023
0.000000
0.006814
0.014400
0.013694
0.026165
0.000000
0.000000
0.000000
0.000021
0.000000
0.011958
0.000035
0.021262
0.008565
0.000000
0.000000
0.000000
0.003256
0.000026
0.014563
0.000031
0.000032
0.000000
0.000000
0.000000
0.000018
0.013935
0.003611
0.015576
0.014760
0.000000
0.000000
0.007246
0.002423
0.023047
0.000000
0.000036
0.000032
0.000000
0.000000
0.000000
0.000000
0.000000
0.000000
0.000000
0.000000
0.000000
0.000000
0.000000
0.000000
0.000000
0.000000
0.000000
0.000000
0.000000
0.000000
0.000000
0.000000
0.000000
0.000000
0.000000
0.000000
0.000000
0.000000
0.000000
0.000000
0.000000
0.000000
0.000000
0.000000
0.000000
0.000000
0.000000
0.000000
0.000000
0.000000
0.000000
0.000000
0.000000
0.000000
0.000000
0.000000
0.000000
0.000000
0.000000
0.000000
0.000000
0.000000
0.000000
0.000000
0.000000
0.000000
0.000000
0.000000
0.000000
0.000000
0.000000
0.000000
0.000000
0.000000
0.000000
0.000000
0.000000
0.000000
0.000000
0.000000
0.000041
0.000032
0.000000
0.007735
0.000000
0.000000
0.000000
0.000000
0.000038
0.000000
0.009817
0.000000
0.000000
0.000000
0.000000
0.000000
0.000000
0.000043
0.009328
0.000000
0.000000
0.000000
0.000000
0.000000
0.000000
0.000000
0.000000
0.000000
0.000000
0.000000
0.000000
0.000000
0.000000
0.017888
0.004627
0.000000
0.000000
0.000000
0.000000
0.000000
0.000000
0.009442
0.000000
0.011853
0.000000
0.000000
0.000000
0.000000
0.000000
0.000053
0.000000
0.000000
0.000000
0.000000
0.000000
0.000000
0.009819
0.000000
0.000000
0.009372
0.000000
0.000000
0.000000
0.000000
0.000000
0.000000
0.000000
0.000000
0.000000
0.000000
0.000000
0.000000
0.000000
0.000000
0.000000
0.000000
0.000000
0.000000
0.000000
0.000000
0.000000
0.000000
0.000000
0.000000
0.000000
0.000000
0.000000
0.000000
0.000000
0.000000
0.000000
0.000000
0.000000
0.000000
0.000000
0.000000
0.000000
0.000000
0.000000
0.000000
0.000000
0.000000
0.000000
0.000000
0.000000
0.000000
0.000000
0.000000
0.000000
0.000000
0.000000
0.000000
0.000000
0.000000
0.000000
0.000000
0.000000
0.000000
0.000000
0.000000
0.000000
0.000000
0.000000
0.000000
0.000000
0.000000
0.000000
0.000000
0.005570
0.000050
0.030190
0.014384
0.000000
0.000021
0.000000
0.000025
0.000034
0.025598
0.009370
0.000000
0.000107
0.000000
0.000000
0.000000
0.000055
0.000165
0.019168
0.000020
0.000000
0.000000
0.000027
0.000000
0.000000
0.000048
0.014536
0.013301
0.000000
0.000000
0.000000
0.000000
0.021750
0.000034
0.020996
0.000360
0.000022
0.000000
0.004359
0.000019
0.014835
0.000000
0.024622
0.000000
0.000000
0.000015
0.000000
0.000000
0.026020
0.006613
0.014530
0.025858
0.000022
0.000000
0.000000
0.005694
0.000000
0.001574
0.023656
0.007193
0.000000
0.009664
0.000000
0.000000
0.000000
0.000000
0.000000
0.000000
0.000000
0.000000
0.000000
0.000000
0.000000
0.000000
0.000000
0.000000
0.000000
0.000000
0.000000
0.000000
0.004035
0.000000
0.000000
0.000000
0.000000
0.000000
0.000000
0.000000
0.000000
0.000000
0.000000
0.000000
0.000000
0.000000
0.000000
0.000000
0.000000
0.000000
0.000000
0.000000
0.000000
0.000000
0.000000
0.000000
0.000000
0.000000
0.000000
0.000000
0.000000
0.000000
0.000000
0.000000
0.000000
0.000000
0.000000
0.003442
0.000000
0.000000
0.000000
0.000000
0.000000
0.000000
0.000000
0.000000
0.000000
0.000000
0.000000
0.000000
0.008279
0.007751
0.017535
0.000000
0.000000
0.000000
0.000000
0.000000
0.008849
0.000000
0.000000
0.007767
0.000000
0.000000
0.000000
0.000000
0.000046
0.003331
0.000000
0.004702
0.000000
0.000000
0.000000
0.000000
0.000000
0.014931
0.000030
0.000000
0.000000
0.000000
0.000000
0.000000
0.009756
0.000000
0.000054
0.000000
0.000000
0.000000
0.000000
0.000000
0.000000
0.000000
0.009755
0.000000
0.000000
0.000000
0.000000
0.000000
0.000000
0.014350
0.004520
0.000000
0.000000
0.000000
0.000000
0.000000
0.000000
0.000000
0.000000
0.004841
0.000000
0.000000
0.000000
0.000000
0.000000
0.000000
0.000000
0.000000
0.000000
0.000000
0.000000
0.000000
0.000000
0.000000
0.000000
0.000000
0.000000
0.000000
0.000000
0.000000
0.000000
0.000000
0.000000
0.000000
0.000000
0.000000
0.000000
0.000000
0.000000
0.000000
0.000000
0.000000
0.000000
0.000000
0.000000
0.000000
0.000000
0.000000
0.000000
0.000000
0.000000
0.000000
0.000000
0.000000
0.000000
0.000000
0.000000
0.000000
0.000000
0.000000
0.000000
0.000000
0.000000
0.000000
0.000000
0.000000
0.000000
0.000000
0.000000
0.000000
0.000000
0.000000
0.000000
0.000000
0.000000
0.000000
0.000000
0.000000
0.001780
0.000030
0.032471
0.000028
0.000023
0.000000
0.000000
0.000000
0.004534
0.000000
0.019883
0.000030
0.000000
0.000017
0.000000
0.000000
0.028025
0.014892
0.005670
0.017966
0.004814
0.004058
0.000000
0.007394
0.024017
0.000000
0.015145
0.000000
0.000000
0.000000
0.000316
0.000000
0.014022
0.013373
0.000030
0.015397
0.005199
0.000000
0.001874
0.000000
0.000041
0.000026
0.000032
0.004421
0.000000
0.000000
0.000023
0.000000
0.002888
0.013305
0.012980
0.000042
0.000000
0.000019
0.000000
0.000496
0.016901
0.000000
0.033253
0.000000
0.000022
0.000000
0.000000
0.000000
0.000000
0.000000
0.000000
0.000000
0.000000
0.000000
0.000000
0.000000
0.000000
0.000000
0.000000
0.000000
0.000000
0.000000
0.000000
0.000000
0.000000
0.000000
0.000000
0.000000
0.000000
0.000000
0.000000
0.000000
0.000000
0.000000
0.000000
0.000000
0.000000
0.000000
0.000000
0.000000
0.000000
0.000000
0.000000
0.000000
0.000000
0.000000
0.000000
0.000000
0.000000
0.000000
0.000000
0.000000
0.000000
0.000000
0.000000
0.000000
0.000000
0.000000
0.000000
0.000000
0.000000
0.000000
0.000000
0.000000
0.000000
0.000000
0.000000
0.000000
0.000000
0.000000
0.000000
0.000000
0.000042
0.008318
0.000036
0.000000
0.000000
0.000000
0.000000
0.000000
0.000000
0.000035
0.000041
0.000000
0.000000
0.000000
0.000000
0.000000
0.000000
0.000000
0.017497
0.008830
0.000000
0.000000
0.000000
0.000000
0.003970
0.000000
0.009002
0.000000
0.000000
0.000000
0.000000
0.000000
0.000000
0.014515
0.004864
0.000000
0.000000
0.000000
0.000000
0.000000
0.000030
0.000000
0.000000
0.000046
0.000000
0.000000
0.000000
0.000000
0.000000
0.007459
0.014860
0.000000
0.000000
0.000000
0.000000
0.000000
0.007119
0.000000
0.000045
0.000000
0.000000
0.000000
0.000000
0.000000
0.000000
0.000000
0.000000
0.000000
0.000000
0.000000
0.000000
0.000000
0.000000
0.000000
0.000000
0.000000
0.000000
0.000000
0.000000
0.000000
0.000000
0.000000
0.000000
0.000000
0.000000
0.000000
0.000000
0.000000
0.000000
0.000000
0.000000
0.000000
0.000000
0.000000
0.000000
0.000000
0.000000
0.000000
0.000000
0.000000
0.000000
0.000000
0.000000
0.000000
0.000000
0.000000
0.000000
0.000000
0.000000
0.000000
0.000000
0.000000
0.000000
0.000000
0.000000
0.000000
0.000000
0.000000
0.000000
0.000000
0.000000
0.000000
0.000000
0.000000
0.000000
0.000000
0.000000
0.000000
0.016253
0.000022
0.029074
0.000034
0.000000
0.004490
0.004256
0.000028
0.007656
0.015778
0.018801
0.000000
0.000000
0.000017
0.000000
0.000000
0.000046
0.000183
0.033022
0.012485
0.000027
0.000000
0.000026
0.000000
0.027001
0.000000
0.000065
0.000037
0.000000
0.000030
0.000000
0.000000
0.000055
0.014455
0.000281
0.018264
0.000000
0.000029
0.000000
0.000057
0.000482
0.000030
0.000042
0.000000
0.000015
0.000000
0.000021
0.000000
0.000028
0.027733
0.000330
0.000043
0.000022
0.000000
0.007208
0.000000
0.000000
0.000000
0.015270
0.000031
0.005995
0.000000
0.000000
0.000000
0.000000
0.000000
0.000000
0.000000
0.000000
0.000000
0.000000
0.000000
0.000000
0.000000
0.000000
0.000000
0.000000
0.000000
0.000000
0.000000
0.000000
0.000000
0.000000
0.000000
0.000000
0.000000
0.000000
0.000000
0.000000
0.000000
0.000000
0.000000
0.000000
0.000000
0.000000
0.000000
0.000000
0.002531
0.000000
0.000000
0.000000
0.000000
0.000000
0.000000
0.000000
0.000000
0.000000
0.000000
0.000000
0.000000
0.000000
0.000000
0.000000
0.000000
0.000000
0.000000
0.000000
0.000000
0.000000
0.000000
0.000000
0.000000
0.000000
0.000000
0.000000
0.000000
0.000000
0.000000
0.005439
0.000000
0.000000
0.000043
0.000000
0.000000
0.000000
0.000000
0.000000
0.014080
0.000000
0.007789
0.000000
0.000000
0.000000
0.000000
0.000032
0.000000
0.000000
0.000000
0.000000
0.000000
0.000000
0.000000
0.006024
0.000000
0.000000
0.000000
0.000000
0.000000
0.000000
0.000000
0.000000
0.000000
0.000038
0.012403
0.000000
0.000000
0.000000
0.000000
0.000000
0.000035
0.000039
0.000000
0.000000
0.000000
0.000000
0.000000
0.000024
0.000000
0.013735
0.000000
0.000000
0.000000
0.000000
0.000000
0.003958
0.000000
0.000000
0.000000
0.000000
0.000000
0.000000
0.000000
0.000000
0.000000
0.000000
0.000000
0.000000
0.000000
0.000000
0.000000
0.000000
0.000000
0.000000
0.000000
0.000000
0.000000
0.000000
0.000000
0.000000
0.000000
0.000000
0.000000
0.000000
0.000000
0.000000
0.000000
0.000000
0.000000
0.000000
0.000000
0.000000
0.000000
0.000000
0.000000
0.000000
0.000000
0.000000
0.000000
0.000000
0.000000
0.000000
0.000000
0.000000
0.000000
0.000000
0.000000
0.000000
0.000000
0.000000
0.000000
0.000000
0.000000
0.000000
0.000000
0.000000
0.000000
0.000000
0.000000
0.000000
0.000000
0.000000
0.000000
0.000000
0.000000
0.000000
0.000000
