0.000000
2.801531
2.417122
1.010437
4.946452
5.966449
3.672835
5.563859
0.895267
1.724366
2.828979
2.636049
2.499777
4.077111
3.425067
5.993902
1.844460
2.275754
3.463202
2.225236
5.740497
4.699441
4.623906
5.130892
1.955359
0.686044
0.918665
2.627426
4.116264
5.727481
2.901904
4.110899
3.504069
3.201022
2.123776
3.979780
6.099354
5.003920
5.306711
6.329120
0.997458
2.106612
3.059454
0.671344
6.141371
2.405777
6.704707
3.441267
3.105877
1.871187
2.718707
3.078962
6.605074
5.217860
6.071877
1.518909
0.513519
3.638846
2.120009
1.999231
3.922731
4.525324
3.561591
5.597471
7.563534
10.897437
10.951662
12.076500
34.738363
17.044713
18.609287
57.238525
7.832955
8.813656
12.170013
8.285040
18.040737
24.081131
24.136700
30.074275
7.391435
9.167306
11.939537
14.124762
38.108775
86.856950
83.079925
12.093925
5.569154
15.067150
8.562974
10.672837
23.005550
61.029388
11.346725
43.326888
11.278725
8.857899
7.517127
12.044962
33.326587
17.302238
23.618238
44.839725
9.696106
8.373196
10.008743
7.524665
20.196911
37.118088
13.659837
68.142150
14.379887
7.939733
8.229211
8.807361
42.763925
23.062750
47.586488
20.722025
8.468304
15.325200
7.967146
7.737345
35.609075
20.785825
16.994075
34.891837
0.622081
0.921041
0.912558
0.497736
1.771608
1.751905
2.763969
4.012550
0.756789
0.602730
0.781678
0.604393
0.854158
2.688157
1.447473
1.999971
0.501008
1.009882
1.167691
0.589931
4.081826
2.166503
1.476350
0.584125
0.390268
1.673547
0.373411
1.299975
0.647182
2.952623
2.904496
0.516197
0.765798
0.338487
0.778446
0.917216
4.555734
1.034260
4.169272
0.758811
0.612021
0.943280
0.907966
0.843998
0.891218
2.352426
0.889794
1.472741
0.486079
0.528499
0.576145
1.370507
3.418833
4.256841
1.353623
1.818715
0.317943
2.536079
1.315100
0.343898
2.337650
1.274707
1.537798
0.965085
5.904810
7.952121
9.384984
3.889654
10.424587
31.844112
30.923463
11.811887
1.880534
6.005890
4.738546
6.238197
21.659550
9.749324
30.563962
6.754256
6.718952
5.496236
4.946714
7.206289
13.684800
19.325037
28.045050
16.453612
6.928251
4.342095
5.545609
1.677073
26.256600
11.066450
10.220800
32.121725
6.578502
11.998537
10.173250
6.413629
14.234787
26.920387
13.832937
54.787438
5.245387
5.490179
4.976975
7.108739
14.734787
30.624800
9.797292
29.016337
7.817908
4.295645
8.662399
7.329152
14.767037
34.303600
13.741512
36.004250
7.396159
2.131614
4.457970
4.980866
12.719150
29.752375
11.932675
21.885225
3.604704
2.492546
1.250973
2.201649
5.286251
5.536435
4.467742
4.612197
2.070721
0.522426
2.187053
0.914189
1.668448
4.369430
6.124635
3.832292
2.184867
2.816812
2.126737
3.348312
3.488274
5.888546
4.357465
4.378270
1.307824
1.212870
1.956397
0.304105
3.349989
6.166719
1.355982
6.304110
1.997771
3.639116
0.901303
3.286641
4.888074
4.113976
3.991912
5.746094
1.357605
2.785039
0.480733
2.837621
4.616359
1.658327
3.813100
6.615445
1.815580
3.405297
2.521827
0.335255
5.016322
4.660084
4.009276
7.501366
2.910385
2.589099
0.287196
1.522097
4.299656
2.932850
9.395812
1.299663
6.250801
19.682550
19.698250
5.011280
35.808663
92.648750
17.382775
89.087975
13.549200
6.125787
12.060825
10.836662
22.393263
44.553050
32.684298
10.535700
11.018212
9.539626
6.985491
11.438287
88.927700
14.781975
31.788900
44.551762
2.531557
15.560500
9.637971
10.113975
21.219962
21.263162
50.027300
18.539812
7.422310
16.253975
13.534325
6.344335
33.369713
85.580138
14.161550
71.256825
9.512064
5.056637
16.890597
6.462165
18.539625
70.174075
22.341450
43.902212
5.719731
7.967691
17.043825
11.248887
14.103025
69.507275
30.583175
38.276013
9.382945
3.998925
16.081525
7.083338
21.920887
55.628200
12.768525
59.618225
0.781420
2.364510
0.205508
0.380744
6.139521
1.801089
0.596150
1.798143
0.239036
0.317038
1.316600
0.983564
0.444857
0.661069
2.720574
1.973298
0.615889
0.205614
1.102647
0.323168
1.477442
0.616474
2.998396
5.946394
1.494263
0.700228
0.235775
0.158296
0.433502
3.346396
0.303716
2.891202
0.376827
2.333976
0.485808
0.534150
3.433209
0.468308
4.169296
1.497993
0.323925
1.146134
0.272968
2.494908
0.569104
3.776845
3.925975
0.527409
0.397361
1.746109
0.163681
1.205937
2.104060
2.592015
1.035692
2.558841
1.988208
0.211123
1.276050
0.133721
3.281242
0.290837
3.595591
0.356886
7.918154
6.778134
6.554184
4.798065
15.765987
46.559275
17.506875
27.175150
3.003513
1.534306
5.729972
6.415361
17.415362
11.362250
19.641250
10.558775
0.851723
5.618971
14.024187
5.791019
32.854488
21.655525
11.860888
33.286512
6.427002
0.846194
4.857585
2.238159
22.634962
17.398675
9.313626
21.590013
3.970064
13.239250
5.572241
9.284832
22.511875
24.123688
11.634787
32.548063
4.007484
0.967374
5.224420
8.220674
26.932325
10.638050
18.267625
25.409775
8.386959
2.684562
9.588231
2.486987
15.076175
36.529100
7.169895
48.878203
12.943012
0.866640
4.390872
4.085426
13.491837
29.038412
9.404210
23.129913
3.033464
2.990645
0.980971
3.434667
3.923784
5.521525
6.087316
4.576471
1.564707
3.883000
1.032128
1.327718
4.960186
2.908829
3.589782
5.466632
2.078256
1.737477
3.914766
2.491904
4.156900
6.435927
6.954672
2.953720
0.411230
4.185021
1.690694
1.997626
4.343289
4.846667
1.902778
5.651292
2.980449
2.917677
3.317802
1.733571
5.160474
5.155181
5.992745
5.217232
2.548547
1.249564
0.944145
1.291006
5.102301
4.102000
1.161988
6.623062
3.993544
3.212811
2.782050
1.635911
5.446856
4.694370
6.334007
3.534916
0.525920
3.340137
1.144911
2.535582
2.989317
2.254635
4.255026
4.666692
11.261987
7.950894
9.869194
9.445381
83.767125
28.662575
53.206088
28.126700
12.805863
8.133294
11.505638
6.154437
17.183937
23.257687
47.527200
20.091537
9.223817
9.798762
6.556856
14.678287
17.046638
74.780238
36.778038
38.447375
8.786401
8.119667
10.489381
5.236835
19.214975
72.534512
21.365762
22.754262
8.501481
17.069438
9.002322
10.990237
20.156213
47.358900
63.963675
33.625712
6.338816
9.780694
7.129469
11.544925
44.992238
25.787237
29.831813
69.457725
13.178250
11.646575
7.659817
14.082213
32.126275
37.484238
11.547112
71.555625
10.668175
7.943520
10.989937
6.945209
25.158887
49.769325
29.111238
56.254813
0.790694
0.606884
0.664728
1.316496
1.106166
3.000630
1.188810
4.096615
1.081447
1.135932
0.605723
0.637509
2.832307
0.897218
0.782550
2.221193
0.379950
2.159050
0.281701
1.495124
5.871441
0.925140
1.886447
1.736294
0.811727
0.394616
0.336234
1.473070
2.732711
0.819713
1.316853
0.854192
0.860639
0.528658
0.912083
0.640356
2.716764
1.142514
2.907875
3.668489
0.614339
1.085139
0.667614
0.741975
2.168775
1.939917
0.886052
2.493621
1.529267
0.555648
0.916060
0.410305
4.369695
1.332644
2.875804
0.487414
0.270492
0.388503
0.656406
1.352488
2.035423
1.567461
0.583181
3.066968
7.369776
3.918091
8.577165
4.702970
15.704300
27.945575
24.699225
19.797437
3.768344
7.528909
2.070021
4.939282
36.003063
21.775250
16.185425
27.000400
5.235451
7.411187
7.193764
4.146724
17.207038
36.816088
12.698212
39.609375
5.010569
8.491615
2.505228
3.693715
16.772563
20.336975
14.321300
34.136225
6.829439
6.697861
5.174259
8.144150
18.130175
28.260063
25.048263
19.460225
3.786477
6.296234
6.130337
3.914546
12.439050
24.250387
8.476500
33.065587
7.044965
3.174110
6.175450
10.966612
25.489787
35.861950
35.596325
14.892663
4.576481
4.000965
4.856492
4.245150
21.587638
30.359100
25.534825
11.224375
2.912127
3.640770
0.599250
2.847054
5.418869
3.828730
6.351626
4.265566
2.445431
1.603306
0.413988
1.753127
4.368169
0.683164
4.733440
4.634120
2.508914
3.004991
1.526850
2.072211
4.251754
4.379572
4.877814
2.296153
0.221229
3.761194
2.310089
1.501495
1.420956
2.291809
1.914139
5.986067
2.170755
3.006033
3.264102
0.662630
9.095915
3.054414
5.289467
3.114945
0.428810
2.778989
1.160101
3.755597
2.893133
3.422496
3.507885
6.024911
4.442061
0.930828
3.363190
1.996617
5.018485
3.784310
5.321461
4.114325
1.851603
2.722489
0.283662
2.756705
7.620556
2.538492
0.739408
5.997382
10.784325
10.620050
10.109669
7.377647
56.961075
25.628822
14.040650
70.340325
9.161985
6.740474
9.441280
4.959544
17.122613
46.546838
59.374525
27.785091
10.879950
7.092311
4.808725
19.268400
58.860063
22.582242
53.035750
14.463012
11.682325
7.175211
17.970562
3.210944
27.617512
45.034550
56.109812
22.155400
17.613487
9.709400
6.478166
10.490988
33.121375
55.283350
10.250900
44.333050
10.639988
6.320990
7.643586
12.278575
15.057025
28.273550
45.978600
19.615575
10.401175
5.997805
11.305000
16.417675
35.891525
54.216287
22.009075
67.118013
7.538779
4.790102
9.082412
11.054150
76.854537
24.641014
16.538837
64.769188
0.904622
0.301432
0.797449
0.737843
0.649245
1.851136
2.751546
0.713329
0.457098
0.800282
2.456637
0.263241
1.811072
0.859653
0.628802
2.418108
0.239210
2.330823
0.421594
1.170660
0.597554
3.630305
0.573333
2.930607
0.815427
0.175325
2.483469
0.227965
2.647310
0.380098
3.163320
0.186111
0.909381
0.579222
0.331503
1.095118
1.551130
0.813951
0.523160
6.237987
2.082752
0.218736
0.206381
1.128863
2.551012
0.611102
0.518001
3.534624
0.239859
0.244501
2.024552
1.655444
4.983447
1.966652
1.436284
0.420654
0.187653
0.198818
1.489116
0.940526
2.244660
2.776613
0.328913
0.479237
8.161625
4.038345
8.116085
4.041345
18.068888
42.300813
12.437700
35.198825
5.215054
1.637518
7.794685
4.537195
13.493388
29.576138
10.037775
18.745450
3.061787
0.693757
10.156487
6.938835
27.230534
19.975737
36.091550
19.229387
4.989784
2.109890
1.511253
5.273710
12.888887
24.169975
19.164738
6.658389
2.630945
4.590878
6.422205
13.401625
19.023775
37.700863
14.885700
35.355212
7.933097
5.183745
3.007759
1.235093
22.434225
21.490400
16.745862
16.856438
2.094996
16.280712
2.489458
10.315050
28.941128
15.209312
12.085825
49.379850
4.903524
3.174223
2.054822
8.723581
37.441125
16.904363
27.243313
13.490137
0.584555
0.751501
0.981007
1.973515
0.280623
0.118852
0.435195
0.203014
1.025435
1.001424
0.168709
0.733108
0.432822
0.131644
0.041499
0.018164
1.178541
1.129068
0.487211
1.281889
0.138290
0.282172
0.257880
0.182606
0.180999
1.040668
1.653957
0.176475
0.194134
0.006461
0.238540
0.109466
0.561319
0.706785
1.377362
0.353738
0.206535
0.262776
0.183109
0.218541
0.307435
0.836023
0.636437
0.433369
0.063857
0.099079
0.020212
0.205386
0.544857
0.792209
0.753542
0.707942
0.167729
0.226338
0.195709
0.560805
1.195138
0.106332
0.744672
0.304749
0.021563
0.145205
0.104803
0.050785
0.056260
0.038858
0.042532
0.029274
0.018849
0.019852
0.016253
0.007806
0.019069
0.027932
0.016854
0.021814
0.010567
0.006221
0.009383
0.015346
0.086872
0.047156
0.055439
0.021753
0.005954
0.006353
0.007489
0.031078
0.029342
0.027942
0.023858
0.007701
0.010052
0.000000
0.021450
0.014082
0.032952
0.043612
0.116481
0.031266
0.015224
0.034993
0.013459
0.011354
0.012035
0.025048
0.013614
0.041699
0.014631
0.009302
0.016942
0.008028
0.026840
0.060158
0.118604
0.059283
0.015032
0.035257
0.010450
0.006862
0.057303
0.004510
0.028209
0.042846
0.009062
0.000295
0.020500
0.008170
0.392868
0.211586
0.165695
0.800745
0.029447
0.019414
0.015242
0.011669
0.342753
0.176232
0.351108
0.177829
0.047497
0.006860
0.036253
0.012380
0.126904
0.344812
0.218163
0.095772
0.014204
0.050713
0.016850
0.193350
0.251905
0.059436
0.267540
0.097514
0.033823
0.003087
0.005866
0.104006
0.086064
0.710570
0.341080
0.124451
0.001648
0.044074
0.022000
0.074249
0.102335
0.241631
0.082594
0.254948
0.018017
0.011420
0.030444
0.018561
0.201926
0.361796
0.239164
0.119245
0.031219
0.013690
0.029960
0.034280
0.399313
0.066106
0.056166
0.318027
0.018451
0.020408
0.036416
0.038814
0.011059
0.003176
0.008432
0.015735
0.005456
0.005441
0.005590
0.003114
0.011020
0.003816
0.008945
0.003976
0.000137
0.003679
0.000000
0.002871
0.003387
0.024125
0.011611
0.014247
0.009176
0.002036
0.000711
0.000000
0.006494
0.000611
0.010086
0.035251
0.000000
0.007293
0.000178
0.000000
0.012205
0.000545
0.010126
0.005169
0.004134
0.005460
0.003038
0.001199
0.014673
0.009764
0.014556
0.004900
0.005718
0.000000
0.008026
0.000000
0.022412
0.016638
0.005632
0.000000
0.000000
0.005076
0.004340
0.000994
0.003217
0.029407
0.010762
0.001579
0.002435
0.000000
0.007811
0.005639
0.478636
0.525052
1.713031
1.182104
0.177378
0.201634
0.166204
0.284681
0.362867
1.685644
0.298780
0.248257
0.320092
0.077770
0.001042
0.272744
0.572316
0.507123
1.396251
0.558908
0.211923
0.040245
0.349668
0.160375
0.243596
0.621602
0.102892
0.985349
0.230495
0.015344
0.160283
0.010675
1.544322
0.234790
1.394892
0.611469
0.210568
0.154740
0.414503
0.240634
0.526688
0.245468
1.743736
0.061801
0.083401
0.310897
0.045837
0.059063
1.533182
0.146110
0.650911
1.985921
0.263220
0.133199
0.454224
0.138573
0.074214
0.704117
1.456857
0.154776
0.077395
0.111412
0.000150
0.164617
0.105627
0.014864
0.012847
0.095158
0.013583
0.009729
0.033963
0.002451
0.001361
0.065671
0.026486
0.000035
0.025460
0.000000
0.000426
0.030729
0.135360
0.061851
0.060529
0.040475
0.005117
0.047035
0.007634
0.017792
0.074082
0.000000
0.032045
0.009995
0.000164
0.010085
0.007564
0.000000
0.057246
0.010143
0.031784
0.099019
0.006151
0.006760
0.035411
0.007947
0.034547
0.070589
0.001915
0.010548
0.025253
0.000000
0.003135
0.014880
0.108158
0.051034
0.027438
0.079711
0.041287
0.005395
0.026310
0.005932
0.001954
0.054356
0.000000
0.059966
0.003702
0.000000
0.035257
0.005828
0.190218
0.084151
0.661918
0.217547
0.000000
0.038181
0.064038
0.139253
0.448608
0.181439
0.091284
0.104589
0.073625
0.066083
0.007578
0.032331
0.159453
0.547078
0.078414
0.497048
0.136134
0.080237
0.015240
0.010938
0.075998
0.110728
0.415123
0.164348
0.124466
0.006365
0.129102
0.012026
0.307918
0.093877
0.356276
0.170448
0.012290
0.114027
0.000059
0.072179
0.273357
0.077682
0.385735
0.063871
0.084646
0.000445
0.006773
0.081077
0.177751
0.114621
0.549938
0.050562
0.044693
0.017034
0.072751
0.027378
0.069609
0.382115
0.058140
0.502902
0.003720
0.114270
0.005630
0.123349
0.000000
0.024433
0.002799
0.014832
0.000000
0.000000
0.008935
0.001770
0.012706
0.034178
0.003261
0.000000
0.005756
0.000058
0.005764
0.000145
0.062274
0.013138
0.000000
0.002086
0.000000
0.000053
0.029251
0.000000
0.000000
0.043690
0.000000
0.018361
0.000000
0.000000
0.011279
0.000635
0.060112
0.000000
0.043873
0.000663
0.003138
0.000000
0.016433
0.000000
0.009548
0.033131
0.000518
0.000000
0.000000
0.002749
0.000000
0.001151
0.000000
0.060681
0.000000
0.042798
0.024656
0.000000
0.009887
0.000000
0.000000
0.040932
0.000100
0.017555
0.007034
0.000000
0.009763
0.000000
0.713086
0.606882
1.901131
0.476600
0.436047
0.128752
0.182030
0.175930
0.590879
0.233548
1.540654
0.314752
0.016406
0.279703
0.026077
0.053964
1.566232
1.271928
0.396472
0.938790
0.367474
0.203448
0.064747
0.593817
1.081132
0.160234
1.018086
0.177501
0.246297
0.013978
0.413647
0.019271
0.743899
0.857718
0.462953
1.007912
0.272772
0.181522
0.215598
0.186808
0.890428
0.301589
0.800441
0.788184
0.130466
0.044043
0.382727
0.027865
0.395268
0.607335
0.833201
1.060093
0.235808
0.275789
0.112959
0.334783
1.262585
0.151232
1.809060
0.159395
0.236932
0.090910
0.046616
0.087185
0.009312
0.074483
0.043043
0.061143
0.008665
0.017067
0.014164
0.008532
0.015875
0.006189
0.009194
0.029491
0.011137
0.008009
0.008623
0.005962
0.053285
0.016702
0.116284
0.010955
0.026078
0.009817
0.010053
0.018560
0.035997
0.073073
0.008451
0.044220
0.000566
0.007750
0.003994
0.018653
0.047093
0.016811
0.047277
0.038703
0.018914
0.010668
0.006166
0.012942
0.021889
0.010811
0.017910
0.028344
0.005153
0.008010
0.010059
0.007154
0.015186
0.083360
0.068263
0.036911
0.010519
0.006511
0.028490
0.017318
0.029541
0.052668
0.008196
0.011136
0.006493
0.006520
0.011912
0.005045
0.492329
0.236504
0.495221
0.075390
0.024560
0.059213
0.033981
0.006638
0.199547
0.292423
0.346428
0.089570
0.017781
0.018606
0.110046
0.012020
0.263521
0.068138
0.837662
0.133027
0.010596
0.093056
0.042472
0.023964
0.225067
0.133354
0.383370
0.105879
0.008881
0.066874
0.014436
0.040113
0.073437
0.324219
0.384946
0.123429
0.019684
0.051573
0.013168
0.020541
0.310573
0.095099
0.075377
0.347485
0.012439
0.034375
0.022361
0.003771
0.044398
0.340594
0.392839
0.137712
0.012971
0.033722
0.019158
0.173645
0.701588
0.088055
0.247014
0.124964
0.021175
0.045843
0.099088
0.002418
0.010966
0.011530
0.014762
0.001077
0.008238
0.003262
0.005573
0.001139
0.009497
0.003254
0.014697
0.013968
0.000000
0.009413
0.000038
0.000290
0.000909
0.008061
0.004553
0.033528
0.000459
0.002563
0.000000
0.000157
0.005252
0.001177
0.016080
0.018799
0.006050
0.000000
0.006148
0.000000
0.001871
0.026390
0.003565
0.007422
0.006064
0.005960
0.000000
0.010833
0.013856
0.003518
0.009023
0.015007
0.000000
0.000019
0.007710
0.000000
0.007356
0.041435
0.002481
0.000129
0.011202
0.000000
0.002683
0.006275
0.011017
0.003521
0.003824
0.021889
0.000459
0.000000
0.000000
0.004204
0.599615
0.527970
1.920949
0.669407
0.178138
0.392484
0.200186
0.288079
0.168271
0.851819
1.683676
0.237062
0.120539
0.311459
0.096877
0.029869
0.265248
0.541061
1.827390
1.012688
0.320094
0.240924
0.201424
0.225906
1.572554
0.109861
0.652213
0.256918
0.126408
0.329123
0.230438
0.009390
0.641590
0.741969
0.556991
1.728784
0.078081
0.396766
0.163870
0.385803
0.418854
0.639067
0.527316
0.064240
0.269303
0.092266
0.171599
0.013437
0.144060
1.810406
0.535069
0.782909
0.279535
0.272645
0.086309
0.129692
0.312550
0.046861
1.348005
0.278054
0.100183
0.241117
0.210517
0.027158
0.022827
0.045263
0.118825
0.063092
0.015529
0.006643
0.036088
0.005029
0.001671
0.045880
0.000000
0.065213
0.025211
0.000000
0.007777
0.001030
0.071067
0.071889
0.095951
0.011402
0.012446
0.000645
0.007432
0.043083
0.037419
0.004466
0.000357
0.094717
0.000851
0.012610
0.007968
0.000308
0.011939
0.164667
0.092648
0.050642
0.012163
0.005527
0.041471
0.021400
0.034409
0.065364
0.091760
0.000000
0.028306
0.009815
0.002116
0.000000
0.102208
0.071746
0.077564
0.050845
0.006371
0.010661
0.033800
0.005643
0.000044
0.052771
0.044433
0.007395
0.005511
0.000896
0.027530
0.000631
0.132179
0.286995
0.118335
0.174732
0.078518
0.015206
0.017054
0.086871
0.132615
0.099585
0.085117
0.368397
0.014218
0.058278
0.054742
0.018881
0.471865
0.053381
0.375621
0.041618
0.070196
0.015745
0.096292
0.014547
0.091139
0.254890
0.059676
0.411705
0.015513
0.065388
0.013879
0.131385
0.102581
0.178072
0.536862
0.107866
0.015486
0.060975
0.094044
0.011136
0.073110
0.420158
0.520337
0.066731
0.037196
0.057022
0.100877
0.000142
0.391973
0.325617
0.075384
0.043070
0.013619
0.022720
0.053409
0.202466
0.400061
0.198390
0.038902
0.079402
0.018010
0.009060
0.114754
0.073339
0.000241
0.037170
0.000965
0.061214
0.000914
0.000000
0.003264
0.006404
0.008403
0.019648
0.000427
0.000000
0.008140
0.000000
0.012829
0.000040
0.019995
0.061350
0.000000
0.001477
0.000000
0.006823
0.000000
0.000045
0.000000
0.022696
0.024095
0.000000
0.000000
0.000000
0.003019
0.011042
0.023430
0.024270
0.006730
0.000000
0.010162
0.000000
0.002983
0.000000
0.002558
0.000000
0.011641
0.031415
0.000000
0.000000
0.005648
0.007046
0.032351
0.000000
0.040381
0.000000
0.000000
0.018403
0.009690
0.000000
0.000214
0.018090
0.040534
0.000000
0.000000
0.008101
0.000000
0.007051
