0.000000
0.000000
0.000000
0.000000
0.036101
0.051457
0.000000
0.055346
0.000000
0.000000
0.000000
0.000000
0.000000
0.000000
0.026224
0.049494
0.000000
0.000000
0.000000
0.000000
0.053749
0.000000
0.047876
0.000000
0.000000
0.000000
0.000000
0.000000
0.033034
0.045458
0.000000
0.055953
0.000000
0.000000
0.000000
0.016952
0.056027
0.047592
0.037873
0.052696
0.000000
0.000000
0.000000
0.000000
0.055498
0.019538
0.061301
0.000000
0.000000
0.000000
0.000000
0.000000
0.048073
0.046583
0.041699
0.000000
0.000000
0.000000
0.000000
0.000000
0.000000
0.037436
0.043879
0.041014
0.069894
0.088005
0.076487
0.082324
0.209110
0.099860
0.165622
0.262529
0.081823
0.070690
0.090072
0.077973
0.099783
0.221266
0.261386
0.177744
0.065041
0.082719
0.073379
0.082521
0.196399
0.712819
0.713447
0.098572
0.066901
0.095775
0.065127
0.080698
0.170768
0.336153
0.138267
0.214803
0.088632
0.070995
0.063719
0.081997
0.272322
0.100417
0.114807
0.224670
0.078797
0.074998
0.085811
0.070031
0.185773
0.192989
0.096790
0.407139
0.086185
0.073036
0.062638
0.076333
0.339528
0.108132
0.228720
0.103366
0.067639
0.090954
0.073720
0.082355
0.349604
0.101921
0.104692
0.303456
0.000000
0.000000
0.000000
0.000000
0.005872
0.000000
0.000959
0.030355
0.000000
0.000000
0.000000
0.000000
0.000000
0.015578
0.000000
0.050132
0.000000
0.000000
0.000000
0.000000
0.002051
0.057269
0.000000
0.000000
0.000000
0.000000
0.000000
0.000000
0.000000
0.000000
0.011367
0.000000
0.000000
0.000000
0.000000
0.000000
0.057289
0.000000
0.031467
0.000000
0.000000
0.000000
0.000000
0.000000
0.000000
0.001297
0.000000
0.000000
0.000000
0.000000
0.000000
0.000000
0.052677
0.000000
0.000000
0.046654
0.000000
0.000000
0.000000
0.000000
0.000000
0.049990
0.000000
0.038639
0.073424
0.080161
0.089599
0.063141
0.094464
0.177134
0.165968
0.104178
0.048559
0.086222
0.080107
0.077766
0.173055
0.100436
0.257088
0.093518
0.074514
0.077611
0.064217
0.077488
0.101185
0.207456
0.126967
0.102470
0.084546
0.054860
0.093039
0.058767
0.131114
0.104851
0.099714
0.280641
0.075120
0.092433
0.092628
0.074854
0.144841
0.167112
0.105057
0.262332
0.071503
0.089605
0.072950
0.088070
0.110150
0.201096
0.097453
0.184149
0.084766
0.075313
0.086027
0.072427
0.102917
0.254846
0.108358
0.127404
0.090876
0.064316
0.088699
0.069263
0.102847
0.148843
0.139349
0.121988
0.028150
0.000000
0.000000
0.012860
0.050154
0.000000
0.054376
0.000000
0.000000
0.000000
0.000000
0.000000
0.035425
0.000000
0.050700
0.036005
0.000000
0.038315
0.000000
0.031650
0.051089
0.000000
0.000000
0.056854
0.024703
0.000000
0.000000
0.000000
0.039548
0.000000
0.041389
0.010509
0.000000
0.000000
0.000000
0.027527
0.000000
0.054824
0.032873
0.000000
0.000000
0.030498
0.000000
0.000000
0.054109
0.036801
0.000000
0.047619
0.000000
0.000000
0.000000
0.000000
0.000000
0.060065
0.039749
0.000000
0.000000
0.026050
0.000000
0.000000
0.060417
0.000000
0.060635
0.043440
0.063702
0.092169
0.091107
0.060932
0.205262
1.671566
0.140574
0.493955
0.089882
0.068632
0.088981
0.072259
0.104797
0.245920
0.246930
0.133544
0.064314
0.083439
0.079916
0.061557
0.530079
0.094253
0.114028
0.374370
0.066148
0.076743
0.085703
0.067766
0.095250
0.341749
0.593374
0.096838
0.072526
0.079828
0.081571
0.065442
0.111624
0.529637
0.095506
1.078317
0.082729
0.070547
0.093404
0.049322
0.229869
0.377177
0.105037
0.280348
0.067925
0.089789
0.079563
0.064979
0.096408
0.521111
0.275864
0.115448
0.067113
0.080803
0.087489
0.074583
0.098218
0.424890
0.189481
0.525487
0.000000
0.000000
0.000000
0.000000
0.051262
0.000000
0.013911
0.034806
0.000000
0.000000
0.000000
0.000000
0.000000
0.049545
0.000000
0.000000
0.000000
0.000000
0.000000
0.000000
0.034942
0.051378
0.000000
0.000000
0.000000
0.000000
0.000000
0.000000
0.037164
0.000000
0.000000
0.000000
0.000000
0.000000
0.000000
0.000000
0.000000
0.028216
0.016577
0.038828
0.000000
0.000000
0.000000
0.000000
0.000000
0.000000
0.000000
0.016560
0.000000
0.000000
0.000000
0.000000
0.058623
0.000000
0.051441
0.000000
0.000000
0.000000
0.000000
0.000000
0.000000
0.037673
0.000000
0.034537
0.074913
0.085293
0.068213
0.085580
0.097507
0.221709
0.114124
0.373458
0.086801
0.071973
0.067139
0.075233
0.167684
0.102070
0.118231
0.092976
0.062954
0.093079
0.085707
0.000000
0.444688
0.112177
0.094121
0.292369
0.070228
0.065322
0.006631
0.088853
0.120071
0.109360
0.104497
0.138738
0.063216
0.093546
0.073848
0.089153
0.113526
0.117570
0.095764
0.431891
0.096600
0.067762
0.058801
0.093442
0.127802
0.103891
0.116273
0.251166
0.075935
0.072296
0.079284
0.074470
0.100639
0.192128
0.096101
0.394404
0.089221
0.072017
0.019295
0.090506
0.109887
0.234965
0.104287
0.120157
0.000000
0.000000
0.000000
0.007467
0.000000
0.059092
0.051928
0.034576
0.000000
0.000000
0.000000
0.000000
0.048825
0.015977
0.043835
0.038522
0.000000
0.000000
0.000000
0.000000
0.038886
0.045146
0.047880
0.017591
0.000000
0.000000
0.000000
0.000000
0.032967
0.027516
0.000000
0.047469
0.000000
0.000000
0.011450
0.000000
0.016835
0.055010
0.048581
0.046408
0.000000
0.000000
0.000000
0.000000
0.054712
0.039446
0.000000
0.057817
0.038036
0.000000
0.000000
0.000000
0.048326
0.000000
0.051020
0.041281
0.000000
0.000000
0.000000
0.000000
0.000000
0.042523
0.000000
0.050583
0.089321
0.068230
0.081556
0.068904
0.848959
0.159650
0.295943
0.107025
0.084181
0.069644
0.092141
0.063237
0.104946
0.283661
0.217394
0.109107
0.078571
0.065147
0.060167
0.089780
0.101661
0.448110
0.125120
0.247522
0.080440
0.064449
0.080345
0.065649
0.105010
0.684981
0.108618
0.313031
0.071616
0.090391
0.072464
0.081553
0.097721
0.513883
0.414948
0.117430
0.063199
0.081448
0.069196
0.086138
0.457451
0.235074
0.117822
0.718505
0.085019
0.069938
0.067133
0.091616
0.177030
0.186704
0.124450
0.492418
0.088117
0.075419
0.082243
0.061065
0.224746
0.665103
0.115337
0.461964
0.000000
0.000000
0.000000
0.000000
0.000000
0.002805
0.000000
0.043503
0.000000
0.000000
0.000000
0.000000
0.027876
0.000000
0.000000
0.000000
0.000000
0.000000
0.000000
0.000000
0.057534
0.000000
0.031853
0.000000
0.000000
0.000000
0.000000
0.000000
0.000000
0.020863
0.000000
0.005381
0.000000
0.000000
0.000000
0.000000
0.000000
0.000000
0.025566
0.049797
0.000000
0.000000
0.000000
0.000000
0.041224
0.000000
0.000000
0.013998
0.000000
0.000000
0.000000
0.000000
0.005918
0.000000
0.049844
0.000000
0.000000
0.000000
0.000000
0.000000
0.057106
0.000000
0.000000
0.010798
0.077388
0.050915
0.085077
0.051497
0.106690
0.173858
0.120220
0.195278
0.069126
0.092855
0.052374
0.077575
0.357451
0.115284
0.114042
0.355951
0.055347
0.091809
0.082406
0.067307
0.171144
0.275582
0.101517
0.126303
0.059680
0.093061
0.066340
0.086085
0.112679
0.119882
0.133907
0.223701
0.072943
0.075280
0.066178
0.090270
0.114586
0.294702
0.275765
0.101618
0.052698
0.087934
0.083213
0.072082
0.105606
0.248620
0.093796
0.270181
0.090894
0.063930
0.072764
0.083655
0.214321
0.363136
0.129225
0.107027
0.087364
0.016458
0.077239
0.074551
0.115903
0.173948
0.134021
0.110492
0.000000
0.032202
0.000000
0.000000
0.053527
0.041617
0.025736
0.000000
0.000000
0.000000
0.000000
0.018957
0.000000
0.001635
0.050844
0.000000
0.000000
0.035353
0.000000
0.027753
0.000000
0.051692
0.000000
0.050269
0.000000
0.000000
0.024817
0.000000
0.049654
0.000000
0.032341
0.016570
0.000000
0.000000
0.028171
0.000000
0.059094
0.000000
0.054877
0.038434
0.000000
0.023596
0.000000
0.000000
0.044867
0.059555
0.000000
0.043057
0.000000
0.000000
0.035699
0.000000
0.000000
0.047167
0.000000
0.061715
0.028656
0.000000
0.000000
0.000000
0.050931
0.040524
0.038630
0.000000
0.067164
0.082520
0.062640
0.076806
0.308887
0.105487
0.124081
0.395012
0.066456
0.084360
0.077135
0.062655
0.164504
0.124588
1.418505
0.185087
0.067518
0.081528
0.062460
0.084465
0.584535
0.094756
0.232932
0.134886
0.091036
0.019822
0.088645
0.062866
0.106407
0.301418
1.210838
0.102464
0.090462
0.053299
0.065342
0.084917
0.118131
0.338607
0.110744
0.222818
0.087315
0.075588
0.060646
0.075948
0.118929
0.364041
0.125667
0.096226
0.057352
0.078548
0.066664
0.089926
0.111465
1.035737
0.155031
0.550790
0.063506
0.080411
0.082706
0.072823
1.521250
0.104112
0.295715
0.376013
0.000000
0.000000
0.000000
0.000000
0.015635
0.000000
0.000000
0.047238
0.000000
0.000000
0.000000
0.000000
0.000000
0.054882
0.000000
0.000000
0.000000
0.000000
0.000000
0.000000
0.045059
0.000000
0.042314
0.000000
0.000000
0.000000
0.000000
0.000000
0.000000
0.051070
0.000000
0.034009
0.000000
0.000000
0.000000
0.000000
0.000000
0.050234
0.000000
0.039449
0.000000
0.000000
0.000000
0.000000
0.000000
0.042352
0.000000
0.000000
0.000000
0.000000
0.000000
0.000000
0.000000
0.000000
0.051985
0.020485
0.000000
0.000000
0.000000
0.000000
0.000000
0.000000
0.000000
0.047423
0.079790
0.072921
0.083075
0.068720
0.107127
0.318759
0.108960
0.225853
0.091782
0.075043
0.080236
0.055707
0.108638
0.127310
0.099476
0.119171
0.079213
0.060639
0.075365
0.056222
0.191893
0.147514
0.479951
0.099610
0.004552
0.087275
0.078543
0.049943
0.094720
0.134700
0.127865
0.101473
0.065034
0.080445
0.056899
0.093569
0.107067
0.438290
0.110908
0.243445
0.082209
0.066741
0.086220
0.062644
0.132829
0.113642
0.124846
0.115436
0.071594
0.084574
0.071128
0.089523
0.264515
0.108944
0.108969
0.132960
0.000000
0.092035
0.072292
0.085148
0.193075
0.120018
0.122726
0.175280
0.000000
0.000000
0.000000
0.000000
0.000000
0.000000
0.000000
0.000000
0.000000
0.000000
0.000000
0.000000
0.000000
0.000000
0.000000
0.000000
0.000000
0.000000
0.000000
0.000000
0.000000
0.000000
0.000000
0.000000
0.000000
0.000000
0.000000
0.000000
0.000000
0.000000
0.000000
0.000000
0.000000
0.000000
0.000000
0.000000
0.000000
0.000000
0.000000
0.000000
0.000000
0.000000
0.000000
0.000000
0.000000
0.000000
0.000000
0.000000
0.000000
0.000000
0.000000
0.000000
0.000000
0.000000
0.000000
0.000000
0.000000
0.000000
0.000000
0.000000
0.000000
0.000000
0.000000
0.000000
0.000000
0.000000
0.000000
0.000000
0.000000
0.000000
0.000000
0.000000
0.000000
0.000000
0.000000
0.000000
0.000000
0.000000
0.000000
0.000000
0.000000
0.000000
0.000000
0.000000
0.000000
0.000000
0.000000
0.000000
0.000000
0.000000
0.000000
0.000000
0.000000
0.000000
0.000000
0.000000
0.000000
0.000000
0.000000
0.000000
0.000000
0.000000
0.000000
0.000000
0.000000
0.000000
0.000000
0.000000
0.000000
0.000000
0.000000
0.000000
0.000000
0.000000
0.000000
0.000000
0.000000
0.000000
0.000000
0.000000
0.000000
0.000000
0.000000
0.000000
0.000000
0.000000
0.000000
0.000000
0.000000
0.000000
0.000000
0.000000
0.000000
0.000000
0.000000
0.000000
0.000000
0.000000
0.000000
0.000000
0.000000
0.000000
0.000000
0.000000
0.000000
0.000000
0.000000
0.000000
0.000000
0.000000
0.000000
0.000000
0.000000
0.000000
0.000000
0.000000
0.000000
0.000000
0.000000
0.000000
0.000000
0.000000
0.000000
0.000000
0.000000
0.000000
0.000000
0.000000
0.000000
0.000000
0.000000
0.000000
0.000000
0.000000
0.000000
0.000000
0.000000
0.000000
0.000000
0.000000
0.000000
0.000000
0.000000
0.000000
0.000000
0.000000
0.000000
0.000000
0.000000
0.000000
0.000000
0.000000
0.000000
0.000000
0.000000
0.000000
0.000000
0.000000
0.000000
0.000000
0.000000
0.000000
0.000000
0.000000
0.000000
0.000000
0.000000
0.000000
0.000000
0.000000
0.000000
0.000000
0.000000
0.000000
0.000000
0.000000
0.000000
0.000000
0.000000
0.000000
0.000000
0.000000
0.000000
0.000000
0.000000
0.000000
0.000000
0.000000
0.000000
0.000000
0.000000
0.000000
0.000000
0.000000
0.000000
0.000000
0.000000
0.000000
0.000000
0.000000
0.000000
0.000000
0.000000
0.000000
0.000000
0.000000
0.000000
0.000000
0.000000
0.000000
0.000000
0.000000
0.000000
0.000000
0.000000
0.000000
0.000000
0.000000
0.000000
0.000000
0.000000
0.000000
0.000000
0.000000
0.000000
0.000000
0.000000
0.000000
0.000000
0.000000
0.000000
0.000000
0.000000
0.000000
0.000000
0.000000
0.000000
0.000000
0.000000
0.000000
0.000000
0.000000
0.000000
0.000000
0.000000
0.000000
0.000000
0.000000
0.000000
0.000000
0.000000
0.000000
0.000000
0.000000
0.000000
0.000000
0.000000
0.000000
0.000000
0.000000
0.000000
0.000000
0.000000
0.000000
0.000000
0.000000
0.000000
0.000000
0.000000
0.000000
0.000000
0.000000
0.000000
0.000000
0.000000
0.000000
0.000000
0.000000
0.000000
0.000000
0.000000
0.000000
0.000000
0.000000
0.000000
0.000000
0.000000
0.000000
0.000000
0.000000
0.000000
0.000000
0.000000
0.000000
0.000000
0.000000
0.000000
0.000000
0.000000
0.000000
0.000000
0.000000
0.000000
0.000000
0.000000
0.000000
0.000000
0.000000
0.000000
0.000000
0.000000
0.000000
0.000000
0.000000
0.000000
0.000000
0.000000
0.000000
0.000000
0.000000
0.000000
0.000000
0.000000
0.000000
0.000000
0.000000
0.000000
0.000000
0.000000
0.000000
0.000000
0.000000
0.000000
0.000000
0.000000
0.000000
0.000000
0.000000
0.000000
0.000000
0.000000
0.000000
0.000000
0.000000
0.000000
0.000000
0.000000
0.000000
0.000000
0.000000
0.000000
0.000000
0.000000
0.000000
0.000000
0.000000
0.000000
0.000000
0.000000
0.000000
0.000000
0.000000
0.000000
0.000000
0.000000
0.000000
0.000000
0.000000
0.000000
0.000000
0.000000
0.000000
0.000000
0.000000
0.000000
0.000000
0.000000
0.000000
0.000000
0.000000
0.000000
0.000000
0.000000
0.000000
0.000000
0.000000
0.000000
0.000000
0.000000
0.000000
0.000000
0.000000
0.000000
0.000000
0.000000
0.000000
0.000000
0.000000
0.000000
0.000000
0.000000
0.000000
0.000000
0.000000
0.000000
0.000000
0.000000
0.000000
0.000000
0.000000
0.000000
0.000000
0.000000
0.000000
0.000000
0.000000
0.000000
0.000000
0.000000
0.000000
0.000000
0.000000
0.000000
0.000000
0.000000
0.000000
0.000000
0.000000
0.000000
0.000000
0.000000
0.000000
0.000000
0.000000
0.000000
0.000000
0.000000
0.000000
0.000000
0.000000
0.000000
0.000000
0.000000
0.000000
0.000000
0.000000
0.000000
0.000000
0.000000
0.000000
0.000000
0.000000
0.000000
0.000000
0.000000
0.000000
0.000000
0.000000
0.000000
0.000000
0.000000
0.000000
0.000000
0.000000
0.000000
0.000000
0.000000
0.000000
0.000000
0.000000
0.000000
0.000000
0.000000
0.000000
0.000000
0.000000
0.000000
0.000000
0.000000
0.000000
0.000000
0.000000
0.000000
0.000000
0.000000
0.000000
0.000000
0.000000
0.000000
0.000000
0.000000
0.000000
0.000000
0.000000
0.000000
0.000000
0.000000
0.000000
0.000000
0.000000
0.000000
0.000000
0.000000
0.000000
0.000000
0.000000
0.000000
0.000000
0.000000
0.000000
0.000000
0.000000
0.000000
0.000000
0.000000
0.000000
0.000000
0.000000
0.000000
0.000000
0.000000
0.000000
0.000000
0.000000
0.000000
0.000000
0.000000
0.000000
0.000000
0.000000
0.000000
0.000000
0.000000
0.000000
0.000000
0.000000
0.000000
0.000000
0.000000
0.000000
0.000000
0.000000
0.000000
0.000000
0.000000
0.000000
0.000000
0.000000
0.000000
0.000000
0.000000
0.000000
0.000000
0.000000
0.000000
0.000000
0.000000
0.000000
0.000000
0.000000
0.000000
0.000000
0.000000
0.000000
0.000000
0.000000
0.000000
0.000000
0.000000
0.000000
0.000000
0.000000
0.000000
0.000000
0.000000
0.000000
0.000000
0.000000
0.000000
0.000000
0.000000
0.000000
0.000000
0.000000
0.000000
0.000000
0.000000
0.000000
0.000000
0.000000
0.000000
0.000000
0.000000
0.000000
0.000000
0.000000
0.000000
0.000000
0.000000
0.000000
0.000000
0.000000
0.000000
0.000000
0.000000
0.000000
0.000000
0.000000
0.000000
0.000000
0.000000
0.000000
0.000000
0.000000
0.000000
0.000000
0.000000
0.000000
0.000000
0.000000
0.000000
0.000000
0.000000
0.000000
0.000000
0.000000
0.000000
0.000000
0.000000
0.000000
0.000000
0.000000
0.000000
0.000000
0.000000
0.000000
0.000000
0.000000
0.000000
0.000000
0.000000
0.000000
0.000000
0.000000
0.000000
0.000000
0.000000
0.000000
0.000000
0.000000
0.000000
0.000000
0.000000
0.000000
0.000000
0.000000
0.000000
0.000000
0.000000
0.000000
0.000000
0.000000
0.000000
0.000000
0.000000
0.000000
0.000000
0.000000
0.000000
0.000000
0.000000
0.000000
0.000000
0.000000
0.000000
0.000000
0.000000
0.000000
0.000000
0.000000
0.000000
0.000000
0.000000
0.000000
0.000000
0.000000
0.000000
0.000000
0.000000
0.000000
0.000000
0.000000
0.000000
0.000000
0.000000
0.000000
0.000000
0.000000
0.000000
0.000000
0.000000
0.000000
0.000000
0.000000
0.000000
0.000000
0.000000
0.000000
0.000000
0.000000
0.000000
0.000000
0.000000
0.000000
0.000000
0.000000
0.000000
0.000000
0.000000
0.000000
0.000000
0.000000
0.000000
0.000000
0.000000
0.000000
0.000000
0.000000
0.000000
0.000000
0.000000
0.000000
0.000000
0.000000
0.000000
0.000000
0.000000
0.000000
0.000000
0.000000
0.000000
0.000000
0.000000
0.000000
0.000000
0.000000
0.000000
0.000000
0.000000
0.000000
0.000000
0.000000
0.000000
0.000000
0.000000
0.000000
0.000000
0.000000
0.000000
0.000000
0.000000
0.000000
0.000000
0.000000
0.000000
0.000000
0.000000
0.000000
0.000000
0.000000
0.000000
0.000000
0.000000
0.000000
0.000000
0.000000
0.000000
0.000000
0.000000
0.000000
0.000000
0.000000
0.000000
0.000000
0.000000
0.000000
0.000000
0.000000
0.000000
0.000000
0.000000
0.000000
0.000000
0.000000
0.000000
0.000000
0.000000
0.000000
0.000000
0.000000
0.000000
0.000000
0.000000
0.000000
0.000000
0.000000
0.000000
0.000000
0.000000
0.000000
0.000000
0.000000
0.000000
0.000000
0.000000
0.000000
0.000000
0.000000
0.000000
0.000000
0.000000
0.000000
0.000000
0.000000
0.000000
0.000000
0.000000
0.000000
0.000000
0.000000
0.000000
0.000000
0.000000
0.000000
0.000000
0.000000
0.000000
0.000000
0.000000
0.000000
0.000000
0.000000
0.000000
0.000000
0.000000
0.000000
0.000000
0.000000
0.000000
0.000000
0.000000
0.000000
0.000000
0.000000
0.000000
0.000000
0.000000
0.000000
0.000000
0.000000
0.000000
0.000000
0.000000
0.000000
0.000000
0.000000
0.000000
0.000000
0.000000
0.000000
0.000000
0.000000
0.000000
0.000000
0.000000
0.000000
0.000000
0.000000
0.000000
0.000000
0.000000
0.000000
0.000000
0.000000
0.000000
0.000000
0.000000
0.000000
0.000000
0.000000
0.000000
0.000000
0.000000
0.000000
0.000000
0.000000
0.000000
0.000000
0.000000
0.000000
0.000000
0.000000
0.000000
0.000000
0.000000
0.000000
0.000000
0.000000
0.000000
0.000000
0.000000
0.000000
0.000000
0.000000
0.000000
0.000000
0.000000
0.000000
0.000000
0.000000
0.000000
0.000000
0.000000
0.000000
0.000000
0.000000
0.000000
0.000000
0.000000
0.000000
0.000000
0.000000
0.000000
0.000000
0.000000
0.000000
0.000000
0.000000
0.000000
0.000000
0.000000
0.000000
0.000000
0.000000
0.000000
0.000000
0.000000
0.000000
0.000000
0.000000
0.000000
0.000000
0.000000
0.000000
0.000000
0.000000
0.000000
0.000000
0.000000
0.000000
0.000000
0.000000
0.000000
0.000000
0.000000
0.000000
0.000000
0.000000
0.000000
0.000000
0.000000
0.000000
0.000000
0.000000
0.000000
0.000000
0.000000
0.000000
0.000000
0.000000
0.000000
0.000000
0.000000
0.000000
