0.000000
0.034934
0.034117
0.004588
0.591857
0.752572
0.108748
0.775356
0.000000
0.033514
0.043559
0.029759
0.047271
0.238907
0.247283
0.841769
0.035583
0.006787
0.043074
0.030595
0.708475
0.248213
0.379893
0.625947
0.005461
0.015022
0.000000
0.055601
0.366842
0.831102
0.050461
0.421043
0.073421
0.041820
0.030344
0.242429
0.864718
0.694754
0.617421
0.900438
0.033849
0.004567
0.080994
0.000479
0.986302
0.065870
1.773947
0.095893
0.034701
0.024341
0.031012
0.035878
0.922812
0.596654
0.713746
0.023402
0.000000
0.045439
0.029505
0.001161
0.151556
0.314177
0.252186
0.976153
2.838044
8.912162
3.986726
8.156288
20.513575
9.835733
15.563600
26.163936
3.164753
3.100516
8.838998
3.322783
10.186894
21.465797
24.397302
19.262639
1.704772
8.852685
6.863109
8.208371
17.085584
44.208200
43.339900
12.770925
0.779481
10.137122
2.194212
3.088620
16.237509
29.082552
12.763784
23.213481
8.465176
3.725670
2.080988
7.611659
24.994227
11.464833
12.856645
23.307970
3.983042
3.421096
3.430680
2.882898
18.235841
18.570028
11.273575
35.814600
8.151589
3.089175
2.034049
3.518852
29.593642
15.061506
24.161562
10.393567
2.229655
8.840077
1.844272
5.031534
34.417458
10.287919
11.396886
25.948892
0.000000
0.000000
0.010000
0.000000
0.061198
0.048375
0.103383
0.374213
0.000000
0.000861
0.000000
0.000000
0.042647
0.144069
0.050603
0.132075
0.031486
0.000000
0.000000
0.006822
0.334930
0.249818
0.053413
0.008234
0.000000
0.006896
0.000000
0.000000
0.036812
0.100891
0.156919
0.007204
0.006571
0.000000
0.000000
0.036153
0.630006
0.044408
0.274631
0.042647
0.006447
0.000000
0.041190
0.000000
0.048035
0.091705
0.047107
0.074220
0.001142
0.000000
0.005344
0.000000
0.297159
0.317699
0.047076
0.129295
0.000000
0.000000
0.001907
0.000000
0.051681
0.092242
0.048520
0.058481
0.950910
4.036849
4.125155
0.500445
9.610556
17.116134
15.873548
11.912081
0.093493
1.208947
0.931619
1.712378
16.992552
5.241455
24.012148
3.695795
1.820226
0.861829
0.758628
1.960071
10.089718
21.064689
14.217966
11.678859
2.156490
0.533549
4.037487
0.153100
16.735236
10.740748
4.779307
24.676592
1.607157
9.720162
4.243580
1.773495
13.732106
15.908398
11.474687
25.620734
0.862824
1.967531
0.920506
3.383988
11.269630
21.074000
10.057394
17.274161
2.926940
0.656719
4.334513
2.350799
11.285205
23.412034
13.975752
18.713987
2.706938
0.301039
1.250933
0.895561
9.884529
16.641422
12.399866
14.406727
0.185702
0.004772
0.000000
0.035967
0.509360
0.437422
0.412110
0.097395
0.000000
0.004952
0.004742
0.006880
0.057657
0.094826
1.454179
0.207357
0.000000
0.119152
0.000000
0.139175
0.233576
0.697262
0.075524
0.398644
0.031450
0.000000
0.000000
0.005717
0.162486
0.404136
0.062085
1.038386
0.002147
0.035698
0.006442
0.194023
0.362086
0.467156
0.178208
0.343029
0.000000
0.086291
0.004034
0.034408
0.499164
0.051737
0.059642
0.773801
0.006267
0.034471
0.000447
0.004415
0.249747
0.357507
0.400806
0.885560
0.010568
0.082280
0.004937
0.000000
0.430120
0.017769
1.530625
0.069135
1.219001
9.443877
8.313391
0.478174
17.537995
42.820200
14.788847
35.677236
8.235337
1.416891
9.414703
3.374226
12.975006
20.911664
21.403158
12.711066
1.553037
5.597721
4.940165
2.233184
34.047573
11.140070
14.852306
30.009200
0.377161
7.169978
2.615576
1.414400
10.040465
27.901303
33.819900
8.828704
1.569607
7.842817
7.429542
1.699489
16.085131
32.814800
11.829375
41.069900
3.291811
0.556377
9.200883
1.054686
22.327575
28.070108
14.295867
25.992781
1.430032
11.221191
7.988986
2.177962
11.055489
28.725642
26.305150
16.005322
2.019608
3.118743
7.511354
0.831925
8.899676
31.167109
16.228423
36.581200
0.000000
0.006225
0.000000
0.005552
1.037151
0.047855
0.024403
0.095030
0.000000
0.006606
0.000000
0.000000
0.007161
0.069617
0.069479
0.046081
0.000000
0.005389
0.000000
0.004472
0.049708
0.068327
0.048622
0.312320
0.000000
0.000000
0.000000
0.006506
0.045060
0.062641
0.007123
0.056213
0.000000
0.006142
0.000000
0.008773
0.085068
0.024261
0.475574
0.054231
0.000000
0.000000
0.000000
0.000000
0.012247
0.165529
0.175700
0.031490
0.006137
0.000000
0.000000
0.000000
0.215495
0.035310
0.095774
0.046050
0.000000
0.000000
0.000000
0.000000
0.066971
0.023354
0.070613
0.016879
2.363459
2.165870
1.144773
3.365786
10.076631
19.762680
12.972142
31.900319
1.472747
0.299454
0.877687
1.281043
17.375412
9.072066
14.832053
5.417502
0.121298
6.713891
8.150307
0.523344
34.532925
9.767954
6.097027
21.734287
1.300765
0.121314
0.566209
1.476851
11.622753
9.947847
11.279708
16.443173
0.492855
8.138018
1.792955
2.964099
12.465708
15.795892
4.408783
33.393953
4.039610
0.142038
0.799059
4.039095
14.205181
10.458755
13.432689
23.668114
2.278886
0.541276
3.805485
0.467573
11.587908
16.230267
10.852758
30.688052
8.728612
0.261676
0.490835
0.842619
11.346525
18.200184
7.441177
11.386583
0.032954
0.050518
0.000392
0.235374
0.108888
0.829180
0.776527
0.595920
0.006460
0.207457
0.000000
0.006251
0.569593
0.066732
0.394809
0.604501
0.000765
0.031066
0.231033
0.030959
0.503021
0.937475
0.938402
0.054909
0.000000
0.075930
0.014091
0.037854
0.309973
0.469822
0.044483
0.630480
0.031962
0.038489
0.218126
0.032475
0.353788
0.826805
0.579603
0.701082
0.032594
0.006813
0.035382
0.004756
0.804862
0.614920
0.042520
0.814322
0.520145
0.019214
0.045207
0.006614
0.611801
0.247353
1.493952
0.342894
0.000000
0.087756
0.000000
0.046570
0.081972
0.095997
0.131885
0.495337
8.131175
2.461266
7.707427
3.772314
45.078295
14.825291
25.905387
13.613972
4.404282
2.938010
8.128667
0.823575
14.532777
25.006073
23.534378
12.742442
7.670439
3.289944
0.676803
7.667027
11.000652
31.426220
19.312247
26.970736
3.991727
1.692979
7.285384
1.201639
10.975456
36.917975
15.716934
25.580630
3.510550
9.952679
6.374798
10.003324
10.959669
31.883872
27.935970
18.832719
0.859746
7.105946
2.906871
2.387955
43.316031
20.201028
15.969919
39.121300
7.838886
3.885822
2.262711
9.223881
20.212331
15.319030
11.679727
39.520936
2.424973
4.625406
6.982550
1.582925
19.169936
47.991775
14.673147
30.431558
0.000000
0.006204
0.000000
0.040218
0.062759
0.071512
0.049425
0.513424
0.000000
0.000000
0.000000
0.035318
0.116031
0.062704
0.007974
0.078364
0.000000
0.036886
0.000000
0.000000
0.897485
0.015058
0.065039
0.057840
0.000000
0.006608
0.000000
0.000000
0.082336
0.056551
0.068175
0.029311
0.041103
0.000112
0.000175
0.040558
0.067442
0.045519
0.216577
0.407298
0.000000
0.000000
0.006789
0.000000
0.089090
0.048575
0.056210
0.125173
0.038548
0.005213
0.000000
0.008039
0.334732
0.044007
0.359909
0.007982
0.000000
0.006271
0.000000
0.000000
0.335574
0.007343
0.022335
0.156465
3.155313
0.509943
2.953434
0.628727
14.570297
16.683814
14.705923
17.159700
0.672847
3.193089
0.284531
0.726841
35.747653
12.323728
10.388569
28.184300
0.727755
9.317075
3.266961
0.498037
19.897223
22.608470
10.383969
19.656869
0.721322
4.763063
0.450857
0.680452
11.942456
12.125759
13.578377
21.666962
1.424791
0.877829
1.212076
4.552959
11.003550
30.778381
22.133902
10.845420
0.250076
3.064130
1.922394
0.690459
8.876332
19.701555
3.650355
28.323875
8.725512
0.342608
1.848345
4.330759
18.110784
27.085148
17.667558
16.918395
0.983475
0.314986
1.046978
0.652528
13.086666
15.712556
21.046122
12.316684
0.007818
0.252035
0.004792
0.038423
0.538926
0.414787
0.833063
0.106962
0.018988
0.000000
0.004774
0.038682
0.308419
0.024283
0.492145
0.103216
0.005267
0.104057
0.000000
0.059117
0.076589
0.444340
0.066880
0.130450
0.000000
0.021337
0.087749
0.000000
0.107296
0.008090
0.049886
1.248485
0.004577
0.021457
0.058626
0.005360
2.202191
0.046617
0.960439
0.114339
0.006336
0.139203
0.000000
0.038727
0.198888
0.320764
0.051782
1.526539
0.049081
0.004510
0.349940
0.000000
0.117636
0.426613
0.588415
0.371676
0.040178
0.017651
0.005191
0.000000
1.304973
0.148862
0.049151
0.586075
3.173927
3.241375
2.904138
3.651576
32.776100
11.700150
12.366067
35.113641
2.657448
5.500522
3.388394
0.517659
19.614027
18.088112
36.819300
14.536069
2.087919
5.077813
0.426058
8.450868
34.997747
9.797492
19.744130
12.483100
9.658128
0.916443
8.067454
0.374578
15.021359
26.566519
37.924700
9.265653
8.387864
2.144104
1.417384
8.606905
18.620364
22.461706
10.782283
25.962186
2.406602
3.217558
1.604334
3.697511
11.116719
34.180833
20.607434
9.606399
2.481236
5.265711
3.345185
5.375722
15.600495
32.493000
18.000445
27.133369
1.725955
3.294701
4.824658
2.938285
43.245500
10.582756
21.955450
32.237383
0.000000
0.006280
0.041909
0.000000
0.023878
0.052314
0.052579
0.061377
0.006487
0.000000
0.000000
0.000000
0.051350
0.112801
0.031696
0.044673
0.000000
0.000000
0.005248
0.000000
0.057646
0.046442
0.061327
0.051852
0.000000
0.005961
0.000000
0.000000
0.053870
0.012321
0.055590
0.016935
0.000000
0.008570
0.000000
0.000000
0.048522
0.068065
0.009370
0.998031
0.000000
0.000000
0.000000
0.000000
0.048716
0.063238
0.014469
0.180093
0.005480
0.005215
0.005435
0.000000
0.179610
0.029816
0.157130
0.011002
0.000000
0.006034
0.000000
0.000000
0.047223
0.066881
0.007317
0.068398
2.705741
1.033462
2.872247
0.503539
9.859359
26.422908
13.618548
22.233066
1.356089
0.392868
2.801577
0.780427
12.421094
13.713081
9.781316
11.831006
1.802807
0.108094
2.433795
1.323194
14.324369
15.539323
41.458300
9.215902
0.573583
1.182226
0.383306
0.897438
9.277980
13.324612
16.740547
9.364920
0.330186
1.742690
1.022448
7.641913
13.136402
33.378200
8.979191
23.807606
2.891008
1.024122
1.195136
0.191387
13.888819
10.842212
12.752016
17.527850
0.471600
8.410940
0.354862
4.042370
20.666180
13.594178
15.897677
19.645050
0.330596
1.425336
0.453612
3.564635
15.419014
15.540628
16.276519
15.164056
0.000000
0.000000
0.000000
0.004335
0.000000
0.000000
0.000000
0.000000
0.000000
0.000000
0.000000
0.000000
0.000000
0.000000
0.000000
0.000000
0.000000
0.003612
0.000000
0.000000
0.000000
0.000000
0.000000
0.000000
0.000000
0.000000
0.014508
0.000000
0.000000
0.000000
0.000000
0.000000
0.000000
0.000000
0.000000
0.000000
0.000000
0.000000
0.000000
0.000000
0.000000
0.000000
0.000000
0.000000
0.000000
0.000000
0.000000
0.000000
0.000000
0.000000
0.000000
0.000000
0.000000
0.000000
0.000000
0.000000
0.000000
0.000000
0.000000
0.000000
0.000000
0.000000
0.000000
0.000000
0.000000
0.000000
0.000000
0.000000
0.000000
0.000000
0.000000
0.000000
0.000000
0.000000
0.000000
0.000000
0.000000
0.000000
0.000000
0.000000
0.000000
0.000000
0.000000
0.000000
0.000000
0.000000
0.000000
0.000000
0.000000
0.000000
0.000000
0.000000
0.000000
0.000000
0.000000
0.000000
0.000000
0.000000
0.000000
0.000000
0.000000
0.000000
0.000000
0.000000
0.000000
0.000000
0.000000
0.000000
0.000000
0.000000
0.000000
0.000000
0.000000
0.000000
0.000000
0.000000
0.000000
0.000000
0.000000
0.000000
0.000000
0.000000
0.000000
0.000000
0.000000
0.000000
0.000000
0.000000
0.000000
0.000000
0.000000
0.000000
0.000000
0.000000
0.000000
0.000000
0.000000
0.000000
0.000000
0.000000
0.000000
0.000000
0.000000
0.000000
0.000000
0.000000
0.000000
0.000000
0.000000
0.000000
0.000000
0.000000
0.000000
0.000000
0.000000
0.000000
0.000000
0.000000
0.000000
0.000000
0.000000
0.000000
0.000000
0.000000
0.000000
0.000000
0.000000
0.000000
0.000000
0.000000
0.000000
0.000000
0.000000
0.000000
0.000000
0.000000
0.000000
0.000000
0.000000
0.000000
0.000000
0.000000
0.000000
0.000000
0.000000
0.000000
0.000000
0.000000
0.000000
0.000000
0.000000
0.000000
0.000000
0.000000
0.000000
0.000000
0.000000
0.000000
0.000000
0.000000
0.000000
0.000000
0.000000
0.000000
0.000000
0.000000
0.000000
0.000000
0.000000
0.000000
0.000000
0.000000
0.000000
0.000000
0.000000
0.000000
0.000000
0.000000
0.000000
0.000000
0.000000
0.000000
0.000000
0.000000
0.000000
0.000000
0.000000
0.000000
0.000000
0.000000
0.000000
0.000000
0.000000
0.000000
0.000000
0.000000
0.000000
0.000000
0.000000
0.000000
0.000000
0.000000
0.000000
0.000000
0.000000
0.000000
0.000000
0.000000
0.000000
0.000000
0.000000
0.000000
0.000000
0.000000
0.000000
0.000000
0.000000
0.003966
0.024357
0.000000
0.000000
0.000000
0.000000
0.000000
0.000000
0.000000
0.000000
0.000000
0.000000
0.000000
0.000000
0.000000
0.004251
0.000000
0.004482
0.000000
0.000000
0.000000
0.000000
0.000000
0.000000
0.003764
0.000000
0.000000
0.000000
0.000000
0.000000
0.000000
0.019153
0.000000
0.000000
0.000000
0.000000
0.000000
0.000000
0.000000
0.000755
0.000000
0.000000
0.000000
0.000000
0.000000
0.000000
0.000000
0.000000
0.000000
0.003502
0.000000
0.000000
0.000000
0.000000
0.000000
0.000000
0.000000
0.000000
0.000000
0.000000
0.000000
0.000000
0.000000
0.000000
0.000000
0.000000
0.000000
0.000000
0.000000
0.000000
0.000000
0.000000
0.000000
0.000000
0.000000
0.000000
0.000000
0.000000
0.000000
0.000000
0.000000
0.000000
0.000000
0.000000
0.000000
0.000000
0.000000
0.000000
0.000000
0.000000
0.000000
0.000000
0.000000
0.000000
0.000000
0.000000
0.000000
0.000000
0.000000
0.000000
0.000000
0.000000
0.000000
0.000000
0.000000
0.000000
0.000000
0.000000
0.000000
0.000000
0.000000
0.000000
0.000000
0.000000
0.000000
0.000000
0.000000
0.000000
0.000000
0.000000
0.000000
0.000000
0.000000
0.000000
0.000000
0.000000
0.000000
0.000000
0.000000
0.000000
0.000000
0.000000
0.000000
0.000000
0.000000
0.000000
0.000000
0.000000
0.000000
0.000000
0.000000
0.000000
0.000000
0.000000
0.000000
0.000000
0.000000
0.000000
0.000000
0.000000
0.000000
0.000000
0.000000
0.000000
0.000000
0.000000
0.000000
0.000000
0.000000
0.000000
0.000000
0.000000
0.000000
0.000000
0.000000
0.000000
0.000000
0.000000
0.000000
0.000000
0.000000
0.000000
0.000000
0.000000
0.000000
0.000000
0.000000
0.000000
0.000000
0.000000
0.000000
0.000000
0.000000
0.000000
0.000000
0.000000
0.000000
0.000000
0.000000
0.000000
0.000000
0.000000
0.000000
0.000000
0.000000
0.000000
0.000000
0.000000
0.000000
0.000000
0.000000
0.000000
0.000000
0.000000
0.000000
0.000000
0.000000
0.000000
0.000000
0.000000
0.000000
0.000000
0.000000
0.000000
0.000000
0.000000
0.000000
0.000000
0.000000
0.000000
0.000000
0.000000
0.000000
0.000000
0.000000
0.000000
0.000000
0.000000
0.000000
0.000000
0.000000
0.000000
0.000000
0.000000
0.000000
0.000000
0.000000
0.000000
0.000000
0.000000
0.000000
0.000000
0.000000
0.000000
0.000000
0.000000
0.000000
0.000000
0.000000
0.000000
0.000000
0.000000
0.000000
0.000000
0.000000
0.000000
0.000000
0.024800
0.000000
0.000000
0.000000
0.000000
0.000000
0.000000
0.000000
0.000000
0.000000
0.000000
0.000000
0.000000
0.000000
0.025086
0.000000
0.000000
0.000000
0.000000
0.000000
0.000000
0.000000
0.000000
0.000000
0.000000
0.000000
0.000000
0.000000
0.000000
0.000000
0.000000
0.000000
0.000000
0.000000
0.000000
0.000000
0.000000
0.000000
0.000000
0.000000
0.000000
0.000000
0.000000
0.000000
0.000000
0.000000
0.000000
0.000000
0.000000
0.000474
0.000000
0.000000
0.000000
0.000000
0.000000
0.000000
0.026395
0.000000
0.000000
0.000000
0.000000
0.000000
0.000000
0.000000
0.000000
0.000000
0.000000
0.000000
0.000000
0.000000
0.000000
0.000000
0.000000
0.000000
0.000000
0.000000
0.000000
0.000000
0.000000
0.000000
0.000000
0.000000
0.000000
0.000000
0.000000
0.000000
0.000000
0.000000
0.000000
0.000000
0.000000
0.000000
0.000000
0.000000
0.000000
0.000000
0.000000
0.000000
0.000000
0.000000
0.000000
0.000000
0.000000
0.000000
0.000000
0.000000
0.000000
0.000000
0.000000
0.000000
0.000000
0.000000
0.000000
0.000000
0.000000
0.000000
0.000000
0.000000
0.000000
0.000000
0.000000
0.000000
0.000000
0.000000
0.000000
0.000000
0.000000
0.000000
0.000000
0.000000
0.000000
0.000000
0.000000
0.000000
0.000000
0.000000
0.000000
0.000000
0.000000
0.000000
0.000000
0.000000
0.000000
0.000000
0.000000
0.000000
0.000000
0.000000
0.000000
0.000000
0.000000
0.000000
0.000000
0.000000
0.000000
0.000000
0.000000
0.000000
0.000000
0.000000
0.000000
0.000000
0.000000
0.000000
0.000000
0.000000
0.000000
0.000000
0.000000
0.000000
0.000000
0.000000
0.000000
0.000000
0.000000
0.000000
0.000000
0.000000
0.000000
0.000000
0.000000
0.000000
0.000000
0.000000
0.000000
0.000000
0.000000
0.000000
0.000000
0.000000
0.000000
0.000000
0.000000
0.000000
0.000000
0.000000
0.000000
0.000000
0.000000
0.000000
0.000000
0.000000
0.000000
0.000000
0.000000
0.000000
0.000000
0.000000
0.000000
0.000000
0.000000
0.000000
0.000000
0.000000
0.000000
0.000000
0.000000
0.000000
0.000000
0.000000
0.000000
0.000000
0.000000
0.000000
0.000000
0.000000
0.000000
0.000000
0.000000
0.000000
0.000000
0.000000
0.000000
0.000000
0.000000
0.000000
0.000000
0.000000
0.000000
0.000000
0.000000
0.000000
0.000000
0.000000
0.000000
0.000000
0.000000
0.000000
0.000000
0.000000
0.000000
0.000000
0.000000
0.000000
0.003597
0.000000
0.000322
0.000000
0.000000
0.000000
0.000000
0.000000
0.000000
0.003248
0.000000
0.000000
0.000000
0.000000
0.000000
0.000000
0.000000
0.000000
0.009275
0.000000
0.000000
0.000000
0.000000
0.000000
0.000000
0.000000
0.000000
0.000000
0.000000
0.000000
0.000000
0.000000
0.004363
0.003009
0.000000
0.000000
0.000000
0.000000
0.000000
0.000000
0.000000
0.000000
0.000000
0.000000
0.000000
0.000000
0.000000
0.000000
0.000000
0.000000
0.000000
0.003719
0.000000
0.000000
0.000000
0.000000
0.000000
0.000000
0.000000
0.000000
0.000000
0.000000
0.000000
0.000000
0.000000
0.000000
0.000000
0.000000
0.000000
0.000000
0.000000
0.000000
0.000000
0.000000
0.000000
0.000000
0.000000
0.000000
0.000000
0.000000
0.000000
0.000000
0.000000
0.000000
0.000000
0.000000
0.000000
0.000000
0.000000
0.000000
0.000000
0.000000
0.000000
0.000000
0.000000
0.000000
0.000000
0.000000
0.000000
0.000000
0.000000
0.000000
0.000000
0.000000
0.000000
0.000000
0.000000
0.000000
0.000000
0.000000
0.000000
0.000000
0.000000
0.000000
0.000000
0.000000
0.000000
0.000000
0.000000
0.000000
0.000000
0.000000
0.000000
0.000000
0.000000
0.000000
0.000000
0.000000
0.000000
0.000000
0.000000
0.000000
0.000000
0.000000
0.000000
0.000000
0.000000
0.000000
0.000000
0.000000
0.000000
0.000000
0.000000
0.000000
0.000000
0.000000
0.000000
0.000000
0.000000
0.000000
0.000000
0.000000
0.000000
0.000000
0.000000
0.000000
0.000000
0.000000
0.000000
0.000000
0.000000
0.000000
0.000000
0.000000
0.000000
0.000000
0.000000
0.000000
0.000000
0.000000
0.000000
0.000000
0.000000
0.000000
0.000000
0.000000
0.000000
0.000000
0.000000
0.000000
0.000000
0.000000
0.000000
0.000000
0.000000
0.000000
0.000000
0.000000
0.000000
0.000000
0.000000
0.000000
0.000000
0.000000
0.000000
0.000000
0.000000
0.000000
0.000000
0.000000
0.000000
0.000000
0.000000
0.000000
0.000000
0.000000
0.000000
0.000000
0.000000
0.000000
0.000000
0.000000
0.000000
0.000000
0.000000
0.000000
0.000000
0.000000
0.000000
0.000000
0.000000
0.000000
0.000000
0.000000
0.000000
0.000000
0.000000
0.000000
0.000000
0.000000
0.000000
0.000000
0.000000
0.000000
0.000000
0.000000
0.000000
0.000000
0.000000
0.000000
0.000000
0.000000
0.000000
0.000000
0.000000
0.000000
0.000000
0.000000
0.000000
0.000000
0.000000
0.000000
0.000000
0.000000
0.000000
0.000000
