0.000000
0.000000
0.000000
0.000000
0.000000
0.000030
0.000000
0.011931
0.000000
0.000000
0.000000
0.000000
0.000000
0.000000
0.000000
0.000000
0.000000
0.000000
0.000000
0.000000
0.000423
0.000000
0.000515
0.000000
0.000000
0.000000
0.000000
0.000000
0.000000
0.000000
0.000000
0.050603
0.000000
0.000000
0.000000
0.000000
0.000122
0.000000
0.000000
0.000028
0.000000
0.000000
0.000000
0.000000
0.000022
0.000000
0.013872
0.000000
0.000000
0.000000
0.000000
0.000000
0.000000
0.010553
0.000000
0.000000
0.000000
0.000000
0.000000
0.000000
0.000000
0.000000
0.000032
0.000024
0.245461
5.747442
0.297518
2.513073
29.609900
6.400092
21.177600
35.780800
1.210863
0.031384
4.365102
2.119933
5.774000
28.669200
36.172200
25.543100
0.189357
5.709963
0.067769
0.108753
25.014600
64.800400
56.730700
19.030500
0.292068
10.269806
0.015088
0.087723
22.098700
40.733700
20.941775
31.277200
4.258545
0.337196
0.002106
1.156076
38.024000
12.540600
16.667700
33.773100
1.950222
0.087950
2.937445
0.558056
28.113700
25.274300
16.869062
43.594098
3.745239
3.875898
0.000329
4.546054
44.377400
20.341200
34.688200
4.613490
0.053558
5.432381
1.623909
5.330426
42.024200
5.677966
16.074700
37.851900
0.000000
0.000000
0.000000
0.000000
0.000000
0.000000
0.000000
0.000000
0.000000
0.000000
0.000000
0.000000
0.000000
0.000039
0.000000
0.003653
0.000000
0.000000
0.000000
0.000000
0.000000
0.058361
0.000000
0.000000
0.000000
0.000000
0.000000
0.000000
0.000000
0.000000
0.000288
0.000000
0.000000
0.000000
0.000000
0.000000
0.000139
0.000000
0.000000
0.000000
0.000000
0.000000
0.000000
0.000000
0.000000
0.000000
0.000000
0.000000
0.000000
0.000000
0.000000
0.000000
0.010605
0.000000
0.000000
0.047540
0.000000
0.000000
0.000000
0.000000
0.000000
0.055474
0.000000
0.014043
0.177662
1.841078
3.795648
0.051206
14.515950
25.369500
23.578800
18.920400
0.000983
0.649007
1.702690
0.121868
28.412700
5.914432
38.720400
5.369038
0.070506
2.846429
0.060887
0.014064
11.105743
31.000264
21.814200
16.623362
0.880473
0.000169
11.439934
0.263174
26.574100
17.500400
6.461670
40.835800
0.156038
9.536146
5.373900
1.164392
20.280200
22.851700
20.450987
39.997500
0.074678
5.572574
0.286175
2.763590
17.299600
33.401100
9.553785
26.631200
4.961405
3.682718
0.609191
0.018580
15.313225
30.843552
23.190225
24.850800
3.027580
0.705870
3.379062
0.031362
7.844855
28.828900
20.390900
24.874500
0.000000
0.000000
0.000000
0.000000
0.001239
0.000000
0.051768
0.000000
0.000000
0.000000
0.000000
0.000000
0.000000
0.000000
0.000034
0.000000
0.000000
0.000479
0.000000
0.000000
0.086984
0.000000
0.000000
0.391617
0.000000
0.000000
0.000000
0.000000
0.000000
0.000000
0.024802
0.000000
0.000000
0.000000
0.000000
0.000000
0.000000
0.125020
0.000000
0.000000
0.000000
0.000000
0.000000
0.000000
0.022726
0.000000
0.000000
0.000000
0.000000
0.000000
0.000000
0.000000
0.000000
2.290637
0.000180
0.000000
0.000000
0.000000
0.000000
0.000000
1.327880
0.000000
0.000374
0.092677
0.281707
4.087325
0.486759
1.186107
25.601500
56.691800
20.343400
54.442200
0.539798
2.588480
10.011763
0.009883
17.690800
28.791400
28.716000
19.034700
0.000343
12.164400
10.145840
0.000334
52.851200
16.404500
14.842975
40.480575
3.348538
0.013964
10.071304
0.000614
5.608316
39.810100
41.118200
0.228806
3.781663
0.003607
0.062689
1.743179
11.861454
47.117300
17.021300
49.346200
4.693269
4.040498
5.555785
0.000000
29.885500
41.848900
17.409800
34.518100
4.020102
16.167000
0.003746
0.000638
15.544300
41.571300
35.990800
12.423504
0.000311
10.929296
1.279833
4.333576
0.842164
45.269400
25.278125
48.461700
0.000000
0.000000
0.000000
0.000000
0.000038
0.000000
0.000000
0.000000
0.000000
0.000000
0.000000
0.000000
0.000000
0.167183
0.000000
0.000000
0.000000
0.000000
0.000000
0.000000
0.000000
0.365488
0.000000
0.000000
0.000000
0.000000
0.000000
0.000000
0.017365
0.000000
0.000000
0.000000
0.000000
0.000000
0.000000
0.000000
0.000000
0.000000
0.000000
0.001972
0.000000
0.000000
0.000000
0.000000
0.000000
0.000000
0.000000
0.003894
0.000000
0.000000
0.000000
0.000000
1.494576
0.000000
0.217348
0.000000
0.000000
0.000000
0.000000
0.000000
0.000000
0.208601
0.000000
0.011067
0.026710
5.287413
0.015644
11.166870
7.570994
32.779800
18.815900
37.227500
9.101544
2.946958
0.016540
0.030802
24.341100
5.322994
23.996300
3.027603
1.933454
16.445987
0.088279
0.000000
51.669700
5.169849
14.056000
35.073900
0.018973
3.088043
0.000000
11.322260
11.713156
7.007211
17.603900
25.286800
1.323710
4.442755
3.156033
0.101555
7.187096
20.577500
12.683750
50.625200
13.114587
1.081196
0.015734
0.286164
20.717600
15.472000
19.615300
37.187862
0.000633
5.034051
0.042802
4.213779
16.854100
24.467500
17.914375
42.487200
0.486058
4.174835
0.000051
11.020476
17.295500
33.161600
15.694950
16.176253
0.000000
0.000000
0.000000
0.000000
0.000000
0.019581
0.000000
0.000000
0.000000
0.000000
0.000000
0.000000
0.000045
0.000000
0.000054
0.000000
0.000000
0.000000
0.000000
0.000000
0.000000
0.000031
0.000000
0.000000
0.000000
0.000000
0.000000
0.000000
0.000000
0.000000
0.000000
0.000000
0.000000
0.000000
0.000000
0.000000
0.000000
0.020211
0.000000
0.000000
0.000000
0.000000
0.000000
0.000000
0.000220
0.000000
0.000000
0.000000
0.000000
0.000000
0.000000
0.000000
0.000000
0.000000
0.000131
0.000039
0.000000
0.000000
0.000000
0.000000
0.000000
0.000333
0.000000
0.019998
3.422729
0.103019
3.234610
0.008048
50.934100
21.725600
35.717200
16.413775
2.972525
0.029903
4.188060
0.063568
18.885500
38.547200
35.721400
7.346317
4.390942
0.000259
0.068608
1.407960
10.218045
49.320300
21.171700
33.302000
4.498692
0.000216
2.517618
0.646000
5.865200
49.612400
19.909900
33.932425
0.604798
4.331152
0.338842
5.128572
10.357430
46.893000
43.728137
21.770900
0.004488
1.534124
0.130749
5.125883
45.098975
30.002800
21.304700
52.930100
3.838118
0.001707
0.193945
7.407645
26.906900
18.607300
16.860700
49.536100
5.005869
3.924214
0.435640
0.000059
27.096000
52.004262
18.319600
47.057900
0.000000
0.000000
0.000000
0.000000
0.000000
0.000000
0.000000
0.000000
0.000000
0.000000
0.000000
0.000000
0.000000
0.000000
0.000000
0.000000
0.000000
0.000000
0.000000
0.000000
0.000030
0.000000
0.000426
0.000000
0.000000
0.000000
0.000000
0.000000
0.000000
0.000056
0.000000
0.000000
0.000000
0.000000
0.000000
0.000000
0.000000
0.000000
0.000000
0.000321
0.000000
0.000000
0.000000
0.000000
0.000060
0.000000
0.000000
0.000113
0.000000
0.000000
0.000000
0.000000
0.000000
0.000000
0.037594
0.000000
0.000000
0.000000
0.000000
0.000000
0.147044
0.000000
0.000000
0.000000
1.218539
0.022122
3.557249
0.000083
21.484737
23.010100
22.354200
26.007100
0.075854
3.735399
0.055695
3.043492
42.552337
20.576800
13.263000
38.204900
0.000098
13.946637
0.185153
0.545128
24.201062
28.786100
14.166637
27.485900
0.000304
3.878216
0.407287
5.204323
17.965100
17.046600
22.013200
36.240800
0.149309
1.576406
0.061747
0.989675
14.996400
34.649287
33.795000
6.887869
0.000228
2.796390
5.166198
0.467376
7.657199
31.188000
6.036700
37.973600
13.097637
0.272596
0.064082
2.264753
25.083900
41.615000
26.243700
21.230037
5.196434
0.000000
0.074355
1.688720
20.282237
25.351800
34.820650
19.133900
0.000000
0.000000
0.000000
0.000000
0.035017
0.000147
0.000000
0.000000
0.000000
0.000000
0.000000
0.000000
0.000000
0.000000
0.001849
0.000000
0.000000
0.000000
0.000000
0.000000
0.000000
0.067980
0.000000
0.141992
0.000000
0.000000
0.000000
0.000000
0.108337
0.000000
0.000000
0.000000
0.000000
0.000000
0.000000
0.000000
0.000000
0.000000
0.047970
0.000953
0.000000
0.000000
0.000000
0.000000
0.010915
0.929016
0.000000
0.000085
0.000000
0.000000
0.000027
0.000000
0.000000
0.058575
0.000000
3.342601
0.000000
0.000000
0.000000
0.000000
0.000124
0.036878
0.024581
0.000000
0.022183
5.667972
0.000176
7.138733
42.646000
5.330711
16.521000
46.641500
0.000271
10.207532
0.071239
1.555561
24.996400
23.619900
48.284700
17.769700
0.005586
10.959421
1.506865
0.002756
47.452100
3.358168
27.302900
17.787300
13.247875
0.000000
2.989228
2.922641
15.844156
36.994000
61.142600
1.491602
1.863401
0.000000
1.671938
6.345205
19.182800
29.092500
15.206100
34.897700
5.824931
4.555492
0.015159
0.063952
13.720500
37.264375
23.609900
5.761655
0.000040
9.363807
0.021465
15.426125
12.503749
43.657600
25.478700
39.260900
0.024227
12.827025
5.085088
0.015898
52.865300
2.889116
30.837000
38.215112
0.000000
0.000000
0.000000
0.000000
0.000036
0.000000
0.000000
0.096058
0.000000
0.000000
0.000000
0.000000
0.000000
0.354998
0.002335
0.000000
0.000000
0.000000
0.000000
0.000000
0.139541
0.000000
0.046797
0.000000
0.000000
0.000000
0.000000
0.000000
0.000000
1.318624
0.000000
0.039971
0.000000
0.000000
0.000000
0.000000
0.000000
0.285829
0.000000
0.000000
0.000000
0.000000
0.000000
0.000000
0.000000
0.045506
0.000000
0.000000
0.000000
0.000000
0.000000
0.000000
0.000000
0.000000
0.111144
0.040338
0.000000
0.000000
0.000000
0.000000
0.000000
0.000000
0.000000
0.377507
0.071491
3.300661
0.047910
2.958470
5.656113
37.326800
21.862700
33.728800
5.366891
3.310001
0.067692
0.000361
20.284475
21.548200
13.438500
16.082100
8.498293
2.139186
0.045599
0.000075
22.440000
21.820300
53.676962
1.781862
0.000000
11.444250
4.525250
0.000067
3.839059
22.911000
25.948100
14.541500
1.515128
4.196024
0.000000
3.931138
19.749800
55.605700
5.263847
35.134087
0.109113
0.032461
4.439330
1.957685
22.211200
13.990758
20.473800
29.695275
3.995475
0.169904
3.301016
0.079992
32.131400
20.156400
21.484587
28.717400
0.000000
11.971675
3.791024
0.053222
27.569000
24.230587
22.307112
24.701887
0.000000
0.000000
0.000000
0.000000
0.000000
0.000000
0.000000
0.000000
0.000000
0.000000
0.000000
0.000000
0.000000
0.000000
0.000000
0.000000
0.000000
0.000000
0.000000
0.000000
0.000000
0.000000
0.000000
0.000000
0.000000
0.000000
0.000000
0.000000
0.000000
0.000000
0.000000
0.000000
0.000000
0.000000
0.000000
0.000000
0.000000
0.000000
0.000000
0.000000
0.000000
0.000000
0.000000
0.000000
0.000000
0.000000
0.000000
0.000000
0.000000
0.000000
0.000000
0.000000
0.000000
0.000000
0.000000
0.000000
0.000000
0.000000
0.000000
0.000000
0.000000
0.000000
0.000000
0.000000
0.000000
0.000000
0.000000
0.000000
0.000000
0.000000
0.000000
0.000000
0.000000
0.000000
0.000000
0.000000
0.000000
0.000000
0.000000
0.000000
0.000000
0.000000
0.000000
0.000000
0.000000
0.000000
0.000000
0.000000
0.000000
0.000000
0.000000
0.000000
0.000000
0.000000
0.000000
0.000000
0.000000
0.000000
0.000000
0.000000
0.000000
0.000000
0.000000
0.000000
0.000000
0.000000
0.000000
0.000000
0.000000
0.000000
0.000000
0.000000
0.000000
0.000000
0.000000
0.000000
0.000000
0.000000
0.000000
0.000000
0.000000
0.000000
0.000000
0.000000
0.000000
0.000000
0.000000
0.000000
0.000000
0.000000
0.000000
0.000000
0.000000
0.000000
0.000000
0.000000
0.000000
0.000000
0.000000
0.000000
0.000000
0.000000
0.000000
0.000000
0.000000
0.000000
0.000000
0.000000
0.000000
0.000000
0.000000
0.000000
0.000000
0.000000
0.000000
0.000000
0.000000
0.000000
0.000000
0.000000
0.000000
0.000000
0.000000
0.000000
0.000000
0.000000
0.000000
0.000000
0.000000
0.000000
0.000000
0.000000
0.000000
0.000000
0.000000
0.000000
0.000000
0.000000
0.000000
0.000000
0.000000
0.000000
0.000000
0.000000
0.000000
0.000000
0.000000
0.000000
0.000000
0.000000
0.000000
0.000000
0.000000
0.000000
0.000000
0.000000
0.000000
0.000000
0.000000
0.000000
0.000000
0.000000
0.000000
0.000000
0.000000
0.000000
0.000000
0.000000
0.000000
0.000000
0.000000
0.000000
0.000000
0.000000
0.000000
0.000000
0.000000
0.000000
0.000000
0.000000
0.000000
0.000000
0.000000
0.000000
0.000000
0.000000
0.000000
0.000000
0.000000
0.000000
0.000000
0.000000
0.000000
0.000000
0.000000
0.000000
0.000000
0.000000
0.000000
0.000000
0.000000
0.000000
0.000000
0.000000
0.000000
0.000000
0.000000
0.000000
0.000000
0.000000
0.000000
0.000000
0.000000
0.000000
0.000000
0.000000
0.000000
0.000000
0.000000
0.000000
0.000000
0.000000
0.000000
0.000000
0.000000
0.000000
0.000000
0.000000
0.000000
0.000000
0.000000
0.000000
0.000000
0.000000
0.000000
0.000000
0.000000
0.000000
0.000000
0.000000
0.000000
0.000000
0.000000
0.000000
0.000000
0.000000
0.000000
0.000000
0.000000
0.000000
0.000000
0.000000
0.000000
0.000000
0.000000
0.000000
0.000000
0.000000
0.000000
0.000000
0.000000
0.000000
0.000000
0.000000
0.000000
0.000000
0.000000
0.000000
0.000000
0.000000
0.000000
0.000000
0.000000
0.000000
0.000000
0.000000
0.000000
0.000000
0.000000
0.000000
0.000000
0.000000
0.000000
0.000000
0.000000
0.000000
0.000000
0.000000
0.000000
0.000000
0.000000
0.000000
0.000000
0.000000
0.000000
0.000000
0.000000
0.000000
0.000000
0.000000
0.000000
0.000000
0.000000
0.000000
0.000000
0.000000
0.000000
0.000000
0.000000
0.000000
0.000000
0.000000
0.000000
0.000000
0.000000
0.000000
0.000000
0.000000
0.000000
0.000000
0.000000
0.000000
0.000000
0.000000
0.000000
0.000000
0.000000
0.000000
0.000000
0.000000
0.000000
0.000000
0.000000
0.000000
0.000000
0.000000
0.000000
0.000000
0.000000
0.000000
0.000000
0.000000
0.000000
0.000000
0.000000
0.000000
0.000000
0.000000
0.000000
0.000000
0.000000
0.000000
0.000000
0.000000
0.000000
0.000000
0.000000
0.000000
0.000000
0.000000
0.000000
0.000000
0.000000
0.000000
0.000000
0.000000
0.000000
0.000000
0.000000
0.000000
0.000000
0.000000
0.000000
0.000000
0.000000
0.000000
0.000000
0.000000
0.000000
0.000000
0.000000
0.000000
0.000000
0.000000
0.000000
0.000000
0.000000
0.000000
0.000000
0.000000
0.000000
0.000000
0.000000
0.000000
0.000000
0.000000
0.000000
0.000000
0.000000
0.000000
0.000000
0.000000
0.000000
0.000000
0.000000
0.000000
0.000000
0.000000
0.000000
0.000000
0.000000
0.000000
0.000000
0.000000
0.000000
0.000000
0.000000
0.000000
0.000000
0.000000
0.000000
0.000000
0.000000
0.000000
0.000000
0.000000
0.000000
0.000000
0.000000
0.000000
0.000000
0.000000
0.000000
0.000000
0.000000
0.000000
0.000000
0.000000
0.000000
0.000000
0.000000
0.000000
0.000000
0.000000
0.000000
0.000000
0.000000
0.000000
0.000000
0.000000
0.000000
0.000000
0.000000
0.000000
0.000000
0.000000
0.000000
0.000000
0.000000
0.000000
0.000000
0.000000
0.000000
0.000000
0.000000
0.000000
0.000000
0.000000
0.000000
0.000000
0.000000
0.000000
0.000000
0.000000
0.000000
0.000000
0.000000
0.000000
0.000000
0.000000
0.000000
0.000000
0.000000
0.000000
0.000000
0.000000
0.000000
0.000000
0.000000
0.000000
0.000000
0.000000
0.000000
0.000000
0.000000
0.000000
0.000000
0.000000
0.000000
0.000000
0.000000
0.000000
0.000000
0.000000
0.000000
0.000000
0.000000
0.000000
0.000000
0.000000
0.000000
0.000000
0.000000
0.000000
0.000000
0.000000
0.000000
0.000000
0.000000
0.000000
0.000000
0.000000
0.000000
0.000000
0.000000
0.000000
0.000000
0.000000
0.000000
0.000000
0.000000
0.000000
0.000000
0.000000
0.000000
0.000000
0.000000
0.000000
0.000000
0.000000
0.000000
0.000000
0.000000
0.000000
0.000000
0.000000
0.000000
0.000000
0.000000
0.000000
0.000000
0.000000
0.000000
0.000000
0.000000
0.000000
0.000000
0.000000
0.000000
0.000000
0.000000
0.000000
0.000000
0.000000
0.000000
0.000000
0.000000
0.000000
0.000000
0.000000
0.000000
0.000000
0.000000
0.000000
0.000000
0.000000
0.000000
0.000000
0.000000
0.000000
0.000000
0.000000
0.000000
0.000000
0.000000
0.000000
0.000000
0.000000
0.000000
0.000000
0.000000
0.000000
0.000000
0.000000
0.000000
0.000000
0.000000
0.000000
0.000000
0.000000
0.000000
0.000000
0.000000
0.000000
0.000000
0.000000
0.000000
0.000000
0.000000
0.000000
0.000000
0.000000
0.000000
0.000000
0.000000
0.000000
0.000000
0.000000
0.000000
0.000000
0.000000
0.000000
0.000000
0.000000
0.000000
0.000000
0.000000
0.000000
0.000000
0.000000
0.000000
0.000000
0.000000
0.000000
0.000000
0.000000
0.000000
0.000000
0.000000
0.000000
0.000000
0.000000
0.000000
0.000000
0.000000
0.000000
0.000000
0.000000
0.000000
0.000000
0.000000
0.000000
0.000000
0.000000
0.000000
0.000000
0.000000
0.000000
0.000000
0.000000
0.000000
0.000000
0.000000
0.000000
0.000000
0.000000
0.000000
0.000000
0.000000
0.000000
0.000000
0.000000
0.000000
0.000000
0.000000
0.000000
0.000000
0.000000
0.000000
0.000000
0.000000
0.000000
0.000000
0.000000
0.000000
0.000000
0.000000
0.000000
0.000000
0.000000
0.000000
0.000000
0.000000
0.000000
0.000000
0.000000
0.000000
0.000000
0.000000
0.000000
0.000000
0.000000
0.000000
0.000000
0.000000
0.000000
0.000000
0.000000
0.000000
0.000000
0.000000
0.000000
0.000000
0.000000
0.000000
0.000000
0.000000
0.000000
0.000000
0.000000
0.000000
0.000000
0.000000
0.000000
0.000000
0.000000
0.000000
0.000000
0.000000
0.000000
0.000000
0.000000
0.000000
0.000000
0.000000
0.000000
0.000000
0.000000
0.000000
0.000000
0.000000
0.000000
0.000000
0.000000
0.000000
0.000000
0.000000
0.000000
0.000000
0.000000
0.000000
0.000000
0.000000
0.000000
0.000000
0.000000
0.000000
0.000000
0.000000
0.000000
0.000000
0.000000
0.000000
0.000000
0.000000
0.000000
0.000000
0.000000
0.000000
0.000000
0.000000
0.000000
0.000000
0.000000
0.000000
0.000000
0.000000
0.000000
0.000000
0.000000
0.000000
0.000000
0.000000
0.000000
0.000000
0.000000
0.000000
0.000000
0.000000
0.000000
0.000000
0.000000
0.000000
0.000000
0.000000
0.000000
0.000000
0.000000
0.000000
0.000000
0.000000
0.000000
0.000000
0.000000
0.000000
0.000000
0.000000
0.000000
0.000000
0.000000
0.000000
0.000000
0.000000
0.000000
0.000000
0.000000
0.000000
0.000000
0.000000
0.000000
0.000000
0.000000
0.000000
0.000000
0.000000
0.000000
0.000000
0.000000
0.000000
0.000000
0.000000
0.000000
0.000000
0.000000
0.000000
0.000000
0.000000
0.000000
0.000000
0.000000
0.000000
0.000000
0.000000
0.000000
0.000000
0.000000
0.000000
0.000000
0.000000
0.000000
0.000000
0.000000
0.000000
0.000000
0.000000
0.000000
0.000000
0.000000
0.000000
0.000000
0.000000
0.000000
0.000000
0.000000
0.000000
0.000000
0.000000
0.000000
0.000000
0.000000
0.000000
0.000000
0.000000
0.000000
0.000000
0.000000
0.000000
0.000000
0.000000
0.000000
0.000000
0.000000
0.000000
0.000000
0.000000
0.000000
0.000000
0.000000
0.000000
0.000000
0.000000
0.000000
0.000000
0.000000
0.000000
0.000000
0.000000
0.000000
0.000000
0.000000
0.000000
0.000000
0.000000
0.000000
0.000000
0.000000
0.000000
0.000000
0.000000
0.000000
0.000000
0.000000
0.000000
0.000000
0.000000
0.000000
0.000000
0.000000
0.000000
0.000000
0.000000
0.000000
0.000000
0.000000
0.000000
0.000000
0.000000
0.000000
0.000000
0.000000
0.000000
0.000000
0.000000
0.000000
0.000000
0.000000
0.000000
0.000000
0.000000
0.000000
0.000000
0.000000
0.000000
0.000000
0.000000
0.000000
0.000000
0.000000
0.000000
0.000000
0.000000
0.000000
0.000000
0.000000
0.000000
0.000000
0.000000
0.000000
0.000000
0.000000
0.000000
0.000000
0.000000
0.000000
0.000000
0.000000
0.000000
0.000000
0.000000
0.000000
0.000000
0.000000
0.000000
0.000000
0.000000
0.000000
0.000000
0.000000
0.000000
0.000000
0.000000
0.000000
0.000000
0.000000
