0.000000
3.349791
2.793645
0.631808
5.363689
7.401901
4.392686
6.991238
0.187624
1.511953
3.630969
2.514671
3.619150
4.652374
4.499949
7.620500
2.135329
1.509093
3.112576
3.251322
8.802013
4.454584
6.372323
5.252750
1.431646
1.774482
0.129126
3.869091
5.133140
6.770901
3.509824
6.649100
4.067555
3.074178
1.866768
5.102955
7.311236
5.954044
6.191849
7.124670
0.775845
1.644412
3.430133
0.350845
7.945667
4.142077
8.998000
4.312653
2.762790
3.296377
3.655299
2.996983
7.032906
7.555036
7.185870
4.457854
0.246604
3.602528
2.611960
0.551732
4.657547
6.127951
5.005449
6.171851
11.911742
19.696200
16.029969
16.320748
38.097200
22.684438
31.527613
40.316613
12.843222
12.418352
18.352938
14.046550
22.408525
37.714400
39.812258
36.920066
11.703700
19.069700
13.818572
16.046200
32.550863
54.308713
52.998000
27.025675
10.479238
23.125013
10.459625
13.649906
30.279575
42.809713
25.860625
41.969800
17.485050
14.053391
10.761850
14.996700
40.756863
26.987200
26.492700
40.946500
15.766958
11.827147
14.686988
11.699742
32.635638
35.897000
24.875463
48.123563
16.659763
14.873000
9.545706
17.139447
44.226300
33.782450
42.508900
20.291100
10.726731
18.623488
13.137300
15.533925
50.130775
21.100188
24.420775
40.214509
0.106878
0.272460
0.751624
0.235016
4.196803
2.245747
3.933070
4.884311
0.126448
0.345744
0.132372
0.293688
0.985873
4.248355
2.315170
4.870866
0.730521
0.119034
0.665976
1.452819
4.877618
6.351590
2.161517
1.808994
0.178928
0.616599
0.160834
0.302426
1.377074
4.180580
4.197233
1.160414
0.514470
0.116209
0.499230
1.458783
5.843901
2.414627
5.412606
0.921430
0.474570
0.157504
0.981204
0.094740
1.904263
4.629861
1.941283
3.644886
0.327502
0.060968
0.545633
0.554179
6.395830
4.370673
1.106939
4.839051
0.130768
0.498611
0.430137
0.142020
2.355403
4.933514
1.709541
5.233369
9.256944
12.358175
15.538567
6.830611
20.136538
34.186370
32.048338
24.476850
4.804210
9.465994
8.650569
9.684551
30.835138
15.922963
39.039200
14.608063
9.568731
11.086842
7.936466
9.599461
22.588625
35.643886
28.820000
22.223200
10.492663
5.294284
15.244613
6.002167
32.590208
21.090663
17.696450
39.452000
10.396675
19.902100
17.242014
10.627213
27.532725
31.700231
24.883738
44.557100
7.702485
13.107963
7.542464
11.439438
22.710188
38.548638
18.667238
32.729400
15.138723
9.918651
13.755008
9.984813
21.671363
37.779563
28.247425
35.011513
12.597863
7.276935
10.734325
6.495535
18.809738
28.815800
24.887038
30.661300
4.758135
1.292718
0.410620
3.989174
7.896168
5.211886
7.509562
4.243198
0.464017
0.779271
1.458238
3.243396
4.524201
4.015890
6.986448
5.857423
0.810962
5.738231
0.865226
5.785223
6.984070
5.558110
3.611576
10.022193
4.426831
0.334820
0.891267
1.726756
5.927259
5.419147
4.991008
6.077079
1.069313
3.161691
1.927233
4.369321
4.910698
6.937578
5.629845
5.701499
0.190084
5.211633
0.282287
2.483139
7.060900
5.333960
3.904441
6.260838
3.527860
2.601878
1.359090
0.774303
4.420238
11.211322
6.113357
6.528341
2.471901
4.532390
0.731180
0.535255
8.115835
1.689442
8.627713
6.640638
11.206013
18.791663
16.973950
9.519518
31.321588
54.800162
31.876313
51.354013
15.860350
12.839403
19.891813
11.206116
29.741813
33.998425
36.936938
26.518288
9.682331
19.766138
18.863683
9.253453
50.001861
25.344863
28.270613
43.025025
9.909500
13.010000
16.769913
9.279592
18.681100
45.292969
45.499094
16.360025
13.955825
14.981313
13.331763
11.929047
29.720463
47.155255
27.102050
51.051775
15.473894
12.619175
17.480863
6.396064
36.145488
41.126700
26.027338
45.295661
13.968355
23.013637
15.081550
9.359581
24.941388
43.063562
45.233300
29.648200
8.559565
17.500513
13.982400
11.716613
17.174313
46.843038
29.777900
50.162587
0.081711
1.533765
0.128548
1.038462
7.210714
1.242032
2.405777
4.993720
0.131894
0.544998
0.194423
0.233941
1.318299
4.890967
3.397488
1.223361
0.027942
0.234347
0.363180
0.840377
5.089825
5.568770
2.990703
4.972579
0.198394
0.071461
0.148226
0.414329
2.573371
3.555711
1.387036
2.152930
0.233238
1.605532
0.040048
1.816174
4.133463
2.001275
4.617456
5.674882
0.207380
0.133436
0.135816
0.470468
1.978594
4.183571
4.776473
2.638920
1.111941
0.546741
0.167173
0.370751
7.641658
1.762736
5.182429
1.285875
0.298853
0.132226
0.312856
0.094834
3.171257
2.574110
3.920486
3.275070
10.319058
15.136420
7.616743
14.479925
18.982000
34.879800
29.116538
47.353205
12.587250
7.274096
7.666363
7.962934
30.672200
15.857225
30.002600
15.189375
6.545882
19.455662
14.291963
5.199059
52.907163
18.737825
20.803400
32.263500
7.614518
6.695717
5.214063
13.756337
21.641813
18.756163
19.961425
31.697550
8.536186
15.033900
11.590523
12.237911
23.024238
27.076438
18.303850
48.678520
14.735113
6.660944
6.627325
11.933042
28.058675
19.259963
23.396388
38.965325
9.050009
12.171652
10.806892
11.100553
25.485825
27.535863
20.323925
47.520475
14.678913
7.122756
4.647829
14.415587
23.428600
28.233200
21.946600
22.127388
3.466853
2.995789
0.660699
3.691759
4.692484
8.524168
7.279549
5.546870
1.156101
4.929915
0.326448
0.690482
6.222858
4.833591
4.585825
6.024270
1.344853
1.921868
3.954628
3.902693
5.051115
6.341587
8.353500
5.098328
0.128188
4.207420
0.734027
2.998694
5.726093
5.527674
3.345073
6.589391
3.504520
4.045368
3.450748
0.937441
5.818961
7.584056
7.287770
5.960179
2.531884
0.822519
0.857100
1.550424
5.901081
4.799949
2.187262
8.588950
4.705803
2.971150
4.903298
0.855513
7.430875
5.309763
6.575240
4.571011
0.245959
3.098909
0.191159
4.961981
3.205639
6.054091
5.102859
6.700960
16.116888
12.696475
14.936863
13.013838
58.850409
29.527600
38.793200
28.288913
17.387308
10.221691
15.908225
10.611763
28.694863
38.924238
43.531400
24.560275
16.676648
11.246273
10.510025
15.169475
23.393663
45.123080
36.265363
46.176700
16.234850
9.067615
14.154263
9.469301
21.401513
52.913655
29.496913
37.730497
12.865277
20.715313
12.356894
20.864814
24.917175
42.625800
41.777638
35.238975
9.952504
13.722569
10.413678
16.941538
59.336111
31.275088
33.767375
48.080227
15.425713
13.066711
13.284363
18.831063
37.587813
27.008050
23.438388
56.995437
16.764100
14.151839
12.830450
9.607453
32.146342
64.624931
31.918975
42.567261
0.116221
0.571679
0.321288
1.883022
1.414110
4.778786
1.240821
4.857185
0.283519
0.207261
0.118126
0.612577
5.090235
1.421827
0.825599
3.607883
0.259162
1.793606
0.100727
0.317189
7.201108
3.275542
5.277281
1.284659
0.082301
0.507004
0.102582
0.316525
4.482841
2.371448
2.134593
4.961162
0.822223
0.334477
0.756550
0.955010
4.567563
2.929146
3.602241
4.792943
0.163367
0.371375
0.750035
0.067826
5.099145
2.518498
1.252899
3.843779
0.851513
0.735917
0.105042
0.512222
5.768696
1.102855
4.787329
1.435379
0.107978
0.454970
0.058700
0.175556
4.945758
0.869245
1.316150
3.946110
11.501956
4.985174
14.488025
6.811516
28.982850
31.326275
31.149925
29.085113
6.022454
13.718688
4.514843
11.018863
50.672700
26.800625
21.863575
35.731522
6.995878
18.852088
10.221555
8.839677
37.005078
35.974887
19.532125
33.953500
6.836254
13.390848
6.226293
12.428186
25.987313
21.648700
24.824563
36.584100
11.053213
11.961031
8.178944
13.237766
23.211963
48.643462
33.699878
22.255738
5.733140
10.666763
13.448638
6.622095
18.742275
31.926456
15.660763
45.034981
17.392700
8.105402
8.307565
15.482863
31.463750
36.929683
34.172125
34.467500
13.405300
5.361186
7.100450
8.312163
26.366875
27.425400
37.263900
23.152394
2.031574
4.757583
0.698014
1.917743
8.696916
5.720308
6.421149
3.680159
1.675602
0.801690
0.342260
5.267838
4.274138
2.785770
6.696000
4.780509
1.406387
6.373898
0.286527
4.232745
3.286971
8.983419
4.585674
7.691907
0.120841
3.114615
3.852338
0.566513
5.327756
1.107563
5.863113
5.403346
1.121589
2.131449
5.517262
1.374326
9.356759
2.624273
8.516445
6.588898
1.270718
3.621719
0.462811
3.693731
4.854785
9.278850
3.919256
5.739424
4.087009
3.572619
4.980668
0.693673
4.614483
6.414986
4.723955
13.482475
5.596005
1.667692
0.412418
0.922925
6.320769
5.137096
6.161004
6.465224
10.979731
15.708669
10.045613
18.634863
49.962825
21.891175
25.495675
53.816475
10.845595
16.632338
10.882403
9.857306
36.423819
32.839100
44.639245
25.170756
9.575670
17.359878
10.340111
16.287838
53.058112
18.051300
36.448588
26.754100
20.420363
6.838624
15.266663
10.384399
26.961588
46.185825
50.664964
17.742525
16.006775
8.694334
13.810988
17.044988
32.818050
33.303288
22.624213
46.761562
17.069342
13.940528
7.200808
14.165938
24.058338
51.829697
35.252900
17.925513
9.400555
16.132430
9.760266
22.379100
29.854925
42.528375
37.315300
40.949881
8.187365
19.025200
15.207375
10.224075
55.747012
19.673050
34.008991
48.226888
0.095736
1.190942
2.203651
0.228858
2.013542
1.469619
2.778504
6.395184
1.262260
0.091512
0.306862
0.159744
1.478536
5.230374
2.848476
0.987834
0.138854
0.660392
1.954333
0.559146
5.567532
3.471973
4.236622
1.903110
0.091252
0.271744
0.504940
0.157794
2.034960
5.686812
2.382838
0.581729
0.276467
2.741537
0.156596
0.264602
1.196025
6.445037
1.394784
6.714314
0.662746
0.135311
0.114566
0.144278
2.096092
2.338758
2.701225
3.699326
0.229613
1.010907
1.198479
0.508336
5.286074
0.980002
5.104587
4.964729
0.142155
0.365653
0.500605
0.134142
1.649743
2.327609
2.200004
3.778765
10.330200
10.525770
11.061925
12.212080
18.680938
41.970213
25.617838
41.831337
14.217555
7.308832
10.709375
4.999462
22.397700
27.341500
19.238088
21.202588
12.003025
7.374308
9.810502
8.095740
24.708750
30.277300
58.861334
17.679238
5.598635
14.297045
7.865131
5.106204
17.245775
23.137263
34.349437
17.501100
8.516062
11.426350
7.533799
13.586888
30.639838
45.023577
17.434325
38.998100
11.130188
5.832779
9.747411
8.207890
23.927500
22.396488
25.740300
34.371287
8.273109
16.238563
10.292956
10.790398
30.431838
26.808700
31.661500
34.854900
5.203476
15.369650
7.563155
9.044259
26.264900
32.635850
28.887400
26.630100
0.071527
0.205581
0.344107
1.282578
0.000000
0.000000
0.060115
0.000000
0.641682
0.585234
0.000000
0.093173
0.069809
0.000000
0.000000
0.000000
0.286448
1.154462
0.085256
0.330401
0.000000
0.052214
0.000000
0.000000
0.022064
0.144982
1.580186
0.000000
0.000000
0.000000
0.012120
0.000000
0.121602
0.099778
0.845140
0.000000
0.000000
0.000000
0.000000
0.000000
0.020503
0.238494
0.053053
0.058860
0.000000
0.000000
0.000000
0.000000
0.326055
0.097633
0.158114
0.319173
0.000000
0.000000
0.000000
0.052970
0.491049
0.000000
0.065011
0.072290
0.000000
0.000000
0.000000
0.000000
0.000000
0.000000
0.000000
0.000000
0.000000
0.000000
0.000000
0.000000
0.000000
0.000000
0.000000
0.000000
0.000000
0.000000
0.000000
0.000000
0.000000
0.000000
0.000000
0.000000
0.000000
0.000000
0.000000
0.000000
0.000000
0.000000
0.000000
0.000000
0.000000
0.000000
0.000000
0.000000
0.000000
0.000000
0.000000
0.000000
0.000000
0.000000
0.000000
0.000000
0.000000
0.000000
0.000000
0.000000
0.000000
0.000000
0.000000
0.000000
0.000000
0.000000
0.000000
0.000000
0.000000
0.000000
0.000000
0.000000
0.000000
0.000000
0.000000
0.000000
0.000000
0.000000
0.000000
0.000000
0.060111
0.020507
0.000000
0.085825
0.000000
0.000000
0.000000
0.000000
0.023959
0.000000
0.024050
0.000000
0.000000
0.000000
0.000000
0.000000
0.000000
0.177984
0.042172
0.000000
0.000000
0.000000
0.000000
0.000000
0.000000
0.000000
0.000000
0.000000
0.000000
0.000000
0.000000
0.000000
0.000000
0.195685
0.021786
0.000000
0.000000
0.000000
0.000000
0.000000
0.000000
0.000000
0.000000
0.024918
0.000000
0.000000
0.000000
0.000000
0.000000
0.234182
0.000000
0.000000
0.000000
0.000000
0.000000
0.000000
0.025175
0.000000
0.000000
0.000000
0.000000
0.000000
0.000000
0.000000
0.000000
0.000000
0.000000
0.000000
0.000000
0.000000
0.000000
0.000000
0.000000
0.000000
0.000000
0.000000
0.000000
0.000000
0.000000
0.000000
0.000000
0.000000
0.000000
0.000000
0.000000
0.000000
0.000000
0.000000
0.000000
0.000000
0.000000
0.000000
0.000000
0.000000
0.000000
0.000000
0.000000
0.000000
0.000000
0.000000
0.000000
0.000000
0.000000
0.000000
0.000000
0.000000
0.000000
0.000000
0.000000
0.000000
0.000000
0.000000
0.000000
0.000000
0.000000
0.000000
0.000000
0.000000
0.000000
0.000000
0.000000
0.000000
0.000000
0.000000
0.000000
0.000000
0.000000
0.000000
0.000000
0.588092
2.553152
0.121502
0.000000
0.040358
0.000000
0.095511
0.157325
0.655784
0.103251
0.000000
0.000000
0.000000
0.000000
0.000000
0.861934
0.000000
1.805308
0.000000
0.000000
0.000000
0.143190
0.000000
0.000000
1.398983
0.049358
0.065009
0.000000
0.000000
0.000000
0.000000
1.642808
0.090025
0.338781
0.042583
0.027307
0.000000
0.000000
0.029196
0.446937
0.000000
0.844608
0.000000
0.000000
0.000000
0.000000
0.000000
0.378199
0.081011
1.130735
0.569805
0.072524
0.000000
0.000000
0.012811
0.020627
0.004066
0.312986
0.084699
0.000000
0.031206
0.000000
0.000000
0.000000
0.000000
0.000000
0.000000
0.000000
0.000000
0.000000
0.000000
0.000000
0.000000
0.000000
0.000000
0.000000
0.000000
0.000000
0.000000
0.000000
0.000000
0.000000
0.000000
0.000000
0.000000
0.000000
0.000000
0.000000
0.000000
0.000000
0.000000
0.000000
0.000000
0.000000
0.000000
0.000000
0.000000
0.000000
0.000000
0.000000
0.000000
0.000000
0.000000
0.000000
0.000000
0.000000
0.000000
0.000000
0.000000
0.000000
0.000000
0.000000
0.000000
0.000000
0.000000
0.000000
0.000000
0.000000
0.000000
0.000000
0.000000
0.000000
0.000000
0.000000
0.000000
0.000000
0.000000
0.092001
0.010976
0.190472
0.000000
0.000000
0.000000
0.000000
0.000000
0.000000
0.000000
0.000000
0.011000
0.000000
0.000000
0.000000
0.000000
0.120536
0.022507
0.000000
0.000000
0.000000
0.000000
0.000000
0.000000
0.000000
0.059783
0.000000
0.000000
0.000000
0.000000
0.000000
0.000000
0.000000
0.000000
0.258723
0.000000
0.000000
0.000000
0.000000
0.000000
0.000000
0.016819
0.000000
0.000000
0.000000
0.000000
0.000000
0.000000
0.000000
0.087091
0.058629
0.017630
0.000000
0.000000
0.000000
0.000000
0.000000
0.000000
0.002729
0.000000
0.000000
0.000000
0.000000
0.000000
0.000000
0.000000
0.000000
0.000000
0.000000
0.000000
0.000000
0.000000
0.000000
0.000000
0.000000
0.000000
0.000000
0.000000
0.000000
0.000000
0.000000
0.000000
0.000000
0.000000
0.000000
0.000000
0.000000
0.000000
0.000000
0.000000
0.000000
0.000000
0.000000
0.000000
0.000000
0.000000
0.000000
0.000000
0.000000
0.000000
0.000000
0.000000
0.000000
0.000000
0.000000
0.000000
0.000000
0.000000
0.000000
0.000000
0.000000
0.000000
0.000000
0.000000
0.000000
0.000000
0.000000
0.000000
0.000000
0.000000
0.000000
0.000000
0.000000
0.000000
0.000000
0.000000
0.000000
0.000000
0.134162
0.181290
1.428728
0.041354
0.063929
0.000000
0.000000
0.000000
0.084767
0.000000
0.874266
0.044137
0.000000
0.000000
0.000000
0.000000
1.352590
0.277973
0.048705
0.223799
0.000000
0.000000
0.000000
0.061597
0.486681
0.000000
0.977941
0.000000
0.000000
0.000000
0.044147
0.000000
0.133613
0.164099
0.069836
1.067904
0.000000
0.000000
0.000000
0.000000
0.146322
0.034197
0.237991
0.066901
0.000000
0.000000
0.044915
0.000000
0.000000
0.192943
0.121624
1.153394
0.000000
0.028510
0.000000
0.013565
0.416507
0.000000
1.638323
0.000000
0.022783
0.000000
0.000000
0.000000
0.000000
0.000000
0.000000
0.000000
0.000000
0.000000
0.000000
0.000000
0.000000
0.000000
0.000000
0.000000
0.000000
0.000000
0.000000
0.000000
0.000000
0.000000
0.000000
0.000000
0.000000
0.000000
0.000000
0.000000
0.000000
0.000000
0.000000
0.000000
0.000000
0.000000
0.000000
0.000000
0.000000
0.000000
0.000000
0.000000
0.000000
0.000000
0.000000
0.000000
0.000000
0.000000
0.000000
0.000000
0.000000
0.000000
0.000000
0.000000
0.000000
0.000000
0.000000
0.000000
0.000000
0.000000
0.000000
0.000000
0.000000
0.000000
0.000000
0.000000
0.000000
0.000000
0.000000
0.000000
0.094443
0.000000
0.056201
0.000000
0.000000
0.000000
0.000000
0.000000
0.000000
0.000459
0.025558
0.000000
0.000000
0.000000
0.000000
0.000000
0.000000
0.000000
0.366281
0.000000
0.000000
0.000000
0.000000
0.000000
0.065719
0.000000
0.024994
0.000000
0.000000
0.000000
0.000000
0.000000
0.000000
0.000000
0.022529
0.000000
0.000000
0.000000
0.000000
0.000000
0.000000
0.000000
0.000000
0.084671
0.000000
0.000000
0.000000
0.000000
0.000000
0.000000
0.214591
0.000000
0.000000
0.000000
0.000000
0.000000
0.065999
0.000000
0.104443
0.000000
0.000000
0.000000
0.000000
0.000000
0.000000
0.000000
0.000000
0.000000
0.000000
0.000000
0.000000
0.000000
0.000000
0.000000
0.000000
0.000000
0.000000
0.000000
0.000000
0.000000
0.000000
0.000000
0.000000
0.000000
0.000000
0.000000
0.000000
0.000000
0.000000
0.000000
0.000000
0.000000
0.000000
0.000000
0.000000
0.000000
0.000000
0.000000
0.000000
0.000000
0.000000
0.000000
0.000000
0.000000
0.000000
0.000000
0.000000
0.000000
0.000000
0.000000
0.000000
0.000000
0.000000
0.000000
0.000000
0.000000
0.000000
0.000000
0.000000
0.000000
0.000000
0.000000
0.000000
0.000000
0.000000
0.000000
0.000000
0.000000
0.495741
0.000000
0.970593
0.786945
0.000000
0.000000
0.000000
0.095446
0.027143
0.866389
0.683589
0.000000
0.000000
0.000000
0.000000
0.000000
0.206380
0.000000
2.931486
0.063086
0.140632
0.000000
0.050628
0.000000
0.407204
0.018940
0.000000
0.498373
0.000000
0.157010
0.000000
0.000000
0.726752
0.745331
0.015516
0.424651
0.000000
0.281420
0.000000
0.000000
0.018920
0.055098
1.109946
0.000000
0.000000
0.000000
0.011923
0.000000
0.017377
0.486082
0.001695
2.243563
0.080005
0.000000
0.003594
0.000000
0.000000
0.024947
0.161074
0.140877
0.000000
0.000000
0.000000
0.000000
0.000000
0.000000
0.000000
0.000000
0.000000
0.000000
0.000000
0.000000
0.000000
0.000000
0.000000
0.000000
0.000000
0.000000
0.000000
0.000000
0.000000
0.000000
0.000000
0.000000
0.000000
0.000000
0.000000
0.000000
0.000000
0.000000
0.000000
0.000000
0.000000
0.000000
0.000000
0.000000
0.000000
0.000000
0.000000
0.000000
0.000000
0.000000
0.000000
0.000000
0.000000
0.000000
0.000000
0.000000
0.000000
0.000000
0.000000
0.000000
0.000000
0.000000
0.000000
0.000000
0.000000
0.000000
0.000000
0.000000
0.000000
0.000000
0.000000
0.000000
0.000000
0.000000
0.000000
0.000000
0.049321
0.000000
0.000000
0.081372
0.000000
0.000000
0.000000
0.000000
0.000000
0.024763
0.000000
0.000000
0.000000
0.000000
0.000000
0.000000
0.002875
0.000000
0.000000
0.000000
0.000000
0.000000
0.000000
0.000000
0.022750
0.000000
0.000000
0.000000
0.000000
0.000000
0.000000
0.000000
0.000000
0.000000
0.094473
0.019984
0.000000
0.000000
0.000000
0.000000
0.000000
0.000000
0.026390
0.017808
0.000000
0.000000
0.000000
0.000000
0.000000
0.000000
0.025750
0.000000
0.000000
0.000000
0.000000
0.000000
0.000000
0.000000
0.000000
0.021814
0.000000
0.000000
0.000000
0.000000
0.000000
0.000000
0.000000
0.000000
0.000000
0.000000
0.000000
0.000000
0.000000
0.000000
0.000000
0.000000
0.000000
0.000000
0.000000
0.000000
0.000000
0.000000
0.000000
0.000000
0.000000
0.000000
0.000000
0.000000
0.000000
0.000000
0.000000
0.000000
0.000000
0.000000
0.000000
0.000000
0.000000
0.000000
0.000000
0.000000
0.000000
0.000000
0.000000
0.000000
0.000000
0.000000
0.000000
0.000000
0.000000
0.000000
0.000000
0.000000
0.000000
0.000000
0.000000
0.000000
0.000000
0.000000
0.000000
0.000000
0.000000
0.000000
0.000000
0.000000
0.000000
0.000000
0.000000
0.000000
