0.000000
0.268682
0.071756
0.035089
2.182956
5.331759
0.458883
5.416445
0.029509
0.043405
0.893383
0.183089
0.114778
0.489555
2.382926
2.840543
0.048162
0.038198
0.301693
0.065742
7.448291
0.637166
5.689801
1.823581
0.092865
0.046686
0.026535
1.843736
2.316317
2.683459
0.089924
5.476508
0.361408
0.280296
0.036952
2.142735
4.573811
2.869558
2.399745
2.747978
0.045978
0.046172
0.786115
0.040397
6.601660
0.427590
7.105475
0.260396
0.169290
0.075586
0.268718
0.109693
2.742124
6.206856
2.576702
0.399257
0.036624
0.404295
0.294790
0.042055
0.500548
3.667638
2.788938
2.494626
10.470423
25.872747
14.569206
13.378856
40.726975
35.991087
39.840387
53.115100
9.335183
9.549469
21.654320
17.504339
29.435212
57.805959
54.647112
49.035175
10.854070
25.093083
8.782692
13.400791
44.824000
77.305313
70.497962
40.007833
12.415652
35.545137
6.087519
7.171787
41.499200
56.629300
38.365298
47.596112
22.842450
14.722956
7.161297
15.126927
54.343116
29.045625
37.343200
52.654725
17.566812
6.327851
15.760645
12.904525
45.160475
43.116900
39.747923
63.574400
22.527550
18.592572
5.133093
20.661947
56.012413
42.987475
56.988362
25.166275
7.026001
26.750041
13.789244
23.806723
65.923931
23.085566
33.742075
52.717875
0.028573
0.038191
0.049605
0.031248
0.438509
0.338403
1.453722
1.358560
0.029219
0.041886
0.032251
0.040519
0.080596
1.414832
0.098219
4.677839
0.048171
0.030567
0.045144
0.307232
2.112839
7.879701
0.086345
0.114603
0.040551
0.048016
0.034277
0.045203
0.254689
0.994461
1.700507
0.143807
0.045735
0.032321
0.040027
0.227915
4.419399
0.895664
1.685874
0.056194
0.050221
0.030907
0.089318
0.027791
0.129125
1.863731
0.070534
0.309609
0.045713
0.025440
0.054424
0.046263
7.475286
1.758758
0.059548
3.578480
0.034017
0.045700
0.050370
0.033935
0.448901
4.626945
0.063409
3.288609
7.196864
17.455669
11.560231
8.300388
33.467953
49.611612
41.749012
39.910053
4.515555
6.995564
10.965502
12.464531
51.003673
21.483128
57.968336
24.432194
10.680927
12.530087
8.881148
6.527900
31.203705
54.295617
38.666275
37.152344
15.093177
2.463413
29.316891
6.278510
38.282238
35.553889
28.419958
68.063750
6.343672
32.381895
17.277087
14.485252
45.003895
31.761813
41.634706
48.898275
6.206172
21.674012
7.595407
15.929620
38.252683
48.219700
32.176498
39.169525
14.102269
16.007341
10.128499
8.754963
36.721653
40.951500
44.940706
42.676412
16.505234
10.762432
20.482125
5.937670
35.120797
42.535113
40.021250
39.607027
2.107590
0.061204
0.037282
1.006469
7.729802
1.624441
7.847083
0.529505
0.045220
0.035277
0.063993
1.348020
1.766215
0.290349
2.998873
4.874538
0.035810
3.836126
0.037973
4.356485
7.803595
1.559141
0.315452
13.966077
3.357967
0.031169
0.061802
0.179734
5.904637
0.502978
2.846066
2.097476
0.035920
0.267486
0.039680
1.914148
1.575428
8.108821
2.236007
1.484496
0.030699
4.138917
0.033175
0.232824
8.031349
2.560108
1.067870
0.854040
0.054075
0.220479
0.050749
0.034434
0.521927
13.060214
6.240916
1.808955
0.142647
2.907979
0.036198
0.041143
8.849763
0.053748
4.574973
8.522391
12.302559
23.325905
16.991534
12.221992
42.364175
74.735964
38.840137
65.700425
10.691321
16.294197
31.544903
8.677786
41.862737
42.110625
58.873587
37.713059
3.067943
26.382436
27.425708
3.804886
66.692437
34.805275
35.531850
60.471050
14.861116
9.181681
25.873853
3.121789
27.753062
62.235548
57.676292
16.577673
19.398369
10.584374
12.190820
16.380659
32.960700
69.784400
35.991337
73.169133
21.785389
17.609813
27.082537
0.857239
51.711631
46.122238
43.074634
54.586777
16.907098
32.456667
9.397547
2.383239
37.660667
67.461500
57.135339
36.521762
3.021952
26.903698
18.309630
18.684036
18.064862
77.953900
43.748012
65.484080
0.027545
0.109965
0.031078
0.166418
3.036881
0.065263
1.504906
5.333735
0.035184
0.140703
0.034063
0.037691
0.344431
3.092933
0.228876
0.053544
0.026586
0.140549
0.044196
0.134426
5.418175
3.251841
0.233690
0.434072
0.034261
0.029526
0.034792
0.743226
3.451121
0.262102
1.016937
0.130836
0.038401
0.107314
0.025273
1.200687
0.241605
1.244634
2.172998
5.989227
0.037312
0.041560
0.036984
0.045155
1.735429
0.762907
1.672173
1.488502
0.637839
0.051251
0.047905
0.042038
11.031865
0.145151
4.737135
0.054248
0.037876
0.084101
0.046153
0.031927
0.172246
1.782003
0.361549
2.904546
8.658909
20.477961
3.710499
24.080727
32.219700
44.214225
40.137437
68.221453
18.156388
9.237355
3.722787
6.579539
47.539622
21.329722
35.214837
19.043072
6.501860
31.680659
17.198316
0.632879
76.658978
20.344034
32.333270
65.245150
5.217247
7.313470
1.375886
17.068416
30.790237
31.996425
30.589727
36.503087
11.665078
25.297950
11.787482
7.137426
29.773925
51.270123
26.505506
73.684081
28.178064
6.062799
4.897864
10.365591
45.287212
31.006769
42.244100
51.400692
6.326682
17.562277
13.038196
12.643208
39.279525
41.482700
32.977642
79.800650
18.870753
9.806359
0.836371
15.219978
32.849747
58.734275
28.095602
37.608575
0.198999
0.198895
0.033180
1.077847
0.455218
6.662284
2.980893
2.123220
0.082091
1.977502
0.031404
0.044386
3.578155
0.771270
1.427578
2.637915
0.033658
0.045799
0.917869
0.223332
2.272588
2.587738
2.938214
1.319236
0.029048
1.193358
0.042382
1.092063
2.413203
2.253256
0.091046
1.716707
0.144562
0.159489
0.849851
0.042639
2.225549
5.836604
5.048730
2.255301
0.220506
0.051887
0.046772
0.051741
3.419410
2.306954
0.050880
5.277450
2.113470
0.115614
0.848464
0.043190
4.394434
0.498785
2.575641
1.700278
0.033804
0.546707
0.026433
1.722454
0.191835
3.275104
1.783529
6.614826
17.780230
12.072153
17.821762
9.890570
79.068750
42.786425
55.628900
34.412437
15.399189
7.663507
23.242412
9.500520
42.236848
55.802200
48.115237
33.088800
20.420370
5.355332
8.794284
15.413156
30.467937
67.996600
45.457025
58.237722
24.549862
5.692793
17.570136
9.718086
26.648062
58.273750
46.812781
54.868628
13.138297
19.635417
13.473967
26.129366
28.953477
57.372088
64.913100
48.088281
8.819910
17.147197
11.795805
18.836323
82.608300
46.475613
43.733025
74.279800
17.771387
8.399612
13.498487
26.014425
53.001941
38.385512
34.815930
72.556044
18.917623
18.272875
12.270690
6.059318
40.546000
87.452903
43.812825
71.076900
0.028482
0.047906
0.036448
0.101517
0.102906
2.193605
0.062864
2.764905
0.045045
0.032806
0.029417
0.046462
3.680586
0.238171
0.049534
0.375443
0.040878
0.158345
0.032220
0.037782
5.264155
1.040097
2.354561
0.054381
0.027342
0.101684
0.027739
0.040992
0.559938
0.962465
0.188674
3.701470
0.047747
0.034775
0.038480
0.052295
0.545721
1.011120
1.497734
3.085880
0.036903
0.046815
0.049180
0.025969
4.661027
0.419658
0.098110
0.587795
0.064221
0.066050
0.028641
0.049370
2.488670
0.056203
5.952334
0.175721
0.027183
0.043706
0.025840
0.033431
5.092282
0.056649
0.310917
1.416319
15.662462
2.680974
12.708922
6.576925
45.535017
34.945838
43.087752
46.818400
7.697129
12.546587
4.689308
16.124523
82.518241
42.358991
30.923625
57.338550
6.339079
32.543834
6.571231
6.918242
53.080917
40.947650
33.899150
37.651487
5.260144
20.706562
7.002091
17.059809
37.598388
31.379687
41.251005
60.275020
12.071383
9.630005
7.736414
9.593049
32.512162
67.062811
54.171600
28.878794
3.748899
19.621806
20.330434
7.231266
27.280800
49.010900
22.728569
72.140750
29.535563
6.391730
6.002241
19.962645
37.074387
63.205375
52.498225
49.251623
18.819964
2.238761
10.274024
8.747562
44.197603
40.608938
47.463550
39.729112
0.065217
2.843889
0.037571
0.125292
9.336090
4.282500
2.421130
0.561304
0.133672
0.041459
0.049300
3.302078
0.438929
0.402045
7.335788
1.334525
0.099363
3.921148
0.030076
0.935279
0.313997
10.966184
0.412440
5.272012
0.032680
0.221219
2.333817
0.047419
3.711647
0.049030
5.437130
1.940052
0.054181
0.045455
1.662594
0.035076
3.394169
0.167199
8.326478
5.232928
0.047764
1.716642
0.042049
0.302803
3.589149
12.192650
0.128558
2.614791
0.347427
0.060852
3.269434
0.036411
0.356561
7.652875
1.413817
17.399733
3.799435
0.147926
0.073565
0.047933
2.010512
6.999472
2.582964
2.042792
7.223584
25.201370
3.639585
26.143764
64.600955
26.367737
34.844212
76.699687
5.725697
27.286597
6.108774
11.116622
51.029112
45.410637
64.188800
35.244858
2.406624
27.163147
12.996095
10.467284
76.929391
20.689586
46.050112
36.457387
30.576112
0.664590
19.008761
14.386050
42.359984
54.994131
81.589162
19.789364
17.346342
2.691966
14.746155
25.261431
47.907025
57.242500
32.113747
56.018073
20.895419
20.655856
2.760735
11.465788
36.048187
70.212603
42.377237
21.679075
2.707662
24.503653
7.240829
25.956416
38.087187
65.752136
46.499730
65.697300
6.542547
23.398684
26.417669
5.349084
68.934870
22.206125
49.369833
79.570375
0.030225
0.138828
0.898095
0.033881
0.717654
0.084734
0.350009
7.164046
0.172750
0.031226
0.041076
0.035805
0.073718
6.062248
2.170285
0.051894
0.033160
0.045612
0.477380
0.045617
2.931650
0.261762
4.690929
0.110463
0.029877
0.431057
0.049286
0.099874
0.191191
5.644535
0.105783
1.572184
0.042322
1.126609
0.040419
0.040618
0.068858
4.068601
1.036976
2.630172
0.045662
0.031333
0.035086
0.033117
0.059546
2.034320
2.579602
0.777876
0.082316
0.283660
0.114043
0.046477
1.595464
0.050298
6.458929
2.145511
0.035617
0.612153
0.052021
0.031123
0.059986
0.269181
1.071317
2.526094
12.090976
11.721398
6.997750
16.397531
21.725425
76.258616
41.558537
47.787500
16.064080
10.146434
13.220556
2.592222
35.732062
41.638512
28.782488
39.681225
21.253283
6.587516
5.331014
3.830309
41.457688
38.206978
85.241587
18.670478
1.975158
17.776770
12.225705
2.243692
28.249742
43.262300
40.918464
27.419202
13.047012
13.707187
2.262070
21.747887
37.535794
76.235972
21.789300
71.045211
13.794422
2.670866
17.228288
6.670459
40.831737
37.256655
38.983198
47.595387
14.427748
18.697612
9.917762
9.091013
52.954000
34.792125
41.994969
50.552275
0.633402
17.561705
9.882006
12.758775
43.429025
35.282697
53.841958
38.298925
0.007130
0.023535
0.026814
0.034830
0.000000
0.000000
0.015587
0.000000
0.029531
0.022543
0.000000
0.024772
0.021193
0.012646
0.000000
0.000000
0.023358
0.025624
0.019565
0.026243
0.000000
0.000433
0.000000
0.000000
0.020801
0.022132
0.067964
0.000000
0.000000
0.000000
0.016174
0.000000
0.017992
0.020799
0.027511
0.000000
0.000000
0.000000
0.000000
0.000000
0.020281
0.027630
0.017884
0.027063
0.000000
0.012569
0.000000
0.016895
0.022493
0.023473
0.023227
0.024050
0.000000
0.000000
0.000000
0.021603
0.035633
0.000000
0.022698
0.022086
0.001318
0.000000
0.011990
0.000000
0.000000
0.000000
0.000000
0.000000
0.000000
0.000000
0.000000
0.000000
0.000000
0.000000
0.000000
0.000000
0.000000
0.000000
0.000000
0.000000
0.000000
0.000000
0.000000
0.000000
0.000000
0.000000
0.000000
0.000000
0.000000
0.000000
0.000000
0.000000
0.000000
0.000000
0.000000
0.000000
0.000000
0.000000
0.000000
0.000000
0.000000
0.000000
0.000000
0.000000
0.000000
0.000000
0.000000
0.000000
0.000000
0.000000
0.000000
0.000000
0.000000
0.000000
0.000000
0.000000
0.000000
0.000000
0.000000
0.000000
0.000000
0.000000
0.000000
0.000000
0.000000
0.000000
0.000000
0.000000
0.025742
0.022019
0.000000
0.025526
0.000000
0.000000
0.000000
0.000000
0.022830
0.000000
0.023557
0.000000
0.000000
0.000000
0.000000
0.000000
0.000000
0.026800
0.022916
0.000000
0.000000
0.000000
0.000000
0.015488
0.000561
0.000000
0.000000
0.000000
0.000000
0.000000
0.000000
0.000000
0.000000
0.034437
0.022249
0.000000
0.000000
0.000000
0.000000
0.000000
0.000000
0.021753
0.000000
0.024452
0.000000
0.000000
0.000000
0.000000
0.000000
0.034411
0.000000
0.000000
0.000000
0.000000
0.000000
0.000000
0.022470
0.000000
0.000000
0.021145
0.000000
0.000000
0.000000
0.000000
0.000000
0.000000
0.000000
0.000000
0.000000
0.000000
0.000000
0.000000
0.000000
0.000000
0.000000
0.000000
0.000000
0.000000
0.000000
0.000000
0.000000
0.000000
0.000000
0.000000
0.000000
0.000000
0.000000
0.000000
0.000000
0.000000
0.000000
0.000000
0.000000
0.000000
0.000000
0.000000
0.000000
0.000000
0.000000
0.000000
0.000000
0.000000
0.000000
0.000000
0.000000
0.000000
0.000000
0.000000
0.000000
0.000000
0.000000
0.000000
0.000000
0.000000
0.000000
0.000000
0.000000
0.000000
0.000000
0.000000
0.000000
0.000000
0.000000
0.000000
0.000000
0.000000
0.000000
0.000000
0.000000
0.028237
0.081510
0.026924
0.000000
0.000000
0.000000
0.013033
0.025891
0.028063
0.033100
0.000000
0.015180
0.015702
0.000000
0.000000
0.034173
0.012876
0.032081
0.000000
0.000000
0.000000
0.015501
0.000000
0.000000
0.121373
0.030906
0.026352
0.000000
0.011239
0.000000
0.000000
0.032377
0.019527
0.028407
0.018972
0.000000
0.000000
0.000000
0.011533
0.032930
0.000000
0.034477
0.019060
0.000000
0.014246
0.000000
0.011016
0.028997
0.023458
0.024800
0.030755
0.013393
0.000000
0.000000
0.000000
0.022258
0.020033
0.027203
0.022468
0.000000
0.020338
0.000000
0.000000
0.000000
0.000000
0.000000
0.000000
0.000000
0.000000
0.000000
0.000000
0.000000
0.000000
0.000000
0.000000
0.000000
0.000000
0.000000
0.000000
0.000000
0.000000
0.000000
0.000000
0.000000
0.000000
0.000000
0.000000
0.000000
0.000000
0.000000
0.000000
0.000000
0.000000
0.000000
0.000000
0.000000
0.000000
0.000000
0.000000
0.000000
0.000000
0.000000
0.000000
0.000000
0.000000
0.000000
0.000000
0.000000
0.000000
0.000000
0.000000
0.000000
0.000000
0.000000
0.000000
0.000000
0.000000
0.000000
0.000000
0.000000
0.000000
0.000000
0.000000
0.000000
0.000000
0.000000
0.000000
0.027410
0.009775
0.030439
0.000000
0.000000
0.000000
0.000000
0.000000
0.015720
0.000000
0.018543
0.019097
0.000000
0.000000
0.000000
0.000000
0.033406
0.027789
0.013915
0.014136
0.000000
0.000000
0.000000
0.000000
0.019842
0.028060
0.014516
0.000000
0.000000
0.000000
0.000000
0.000000
0.019803
0.000627
0.034856
0.000000
0.000000
0.000000
0.000000
0.000000
0.000000
0.019945
0.000000
0.000000
0.000000
0.000000
0.000000
0.000000
0.000000
0.030068
0.029258
0.023686
0.000000
0.000000
0.000000
0.000000
0.000000
0.001928
0.003663
0.024144
0.000000
0.000000
0.000000
0.000000
0.000000
0.000000
0.000000
0.000000
0.000000
0.000000
0.000000
0.000000
0.000000
0.000000
0.000000
0.000000
0.000000
0.000000
0.000000
0.000000
0.000000
0.000000
0.000000
0.000000
0.000000
0.000000
0.000000
0.000000
0.000000
0.000000
0.000000
0.000000
0.000000
0.000000
0.000000
0.000000
0.000000
0.000000
0.000000
0.000000
0.000000
0.000000
0.000000
0.000000
0.000000
0.000000
0.000000
0.000000
0.000000
0.000000
0.000000
0.000000
0.000000
0.000000
0.000000
0.000000
0.000000
0.000000
0.000000
0.000000
0.000000
0.000000
0.000000
0.000000
0.000000
0.000000
0.000000
0.000000
0.021246
0.019433
0.038728
0.017553
0.015608
0.000000
0.000000
0.000000
0.025901
0.000000
0.031749
0.024689
0.000000
0.017642
0.000000
0.000000
0.032400
0.026903
0.000000
0.029265
0.000000
0.000000
0.000000
0.020578
0.033129
0.000000
0.025472
0.000000
0.000000
0.000000
0.018761
0.002344
0.021258
0.023529
0.019217
0.028274
0.000000
0.000000
0.000000
0.000000
0.025328
0.022743
0.026302
0.024132
0.000000
0.000000
0.018263
0.000000
0.000000
0.020769
0.019770
0.028799
0.000000
0.013469
0.000000
0.013444
0.031409
0.000000
0.159639
0.000000
0.018910
0.011104
0.000000
0.000000
0.000000
0.000000
0.000000
0.000000
0.000000
0.000000
0.000000
0.000000
0.000000
0.000000
0.000000
0.000000
0.000000
0.000000
0.000000
0.000000
0.000000
0.000000
0.000000
0.000000
0.000000
0.000000
0.000000
0.000000
0.000000
0.000000
0.000000
0.000000
0.000000
0.000000
0.000000
0.000000
0.000000
0.000000
0.000000
0.000000
0.000000
0.000000
0.000000
0.000000
0.000000
0.000000
0.000000
0.000000
0.000000
0.000000
0.000000
0.000000
0.000000
0.000000
0.000000
0.000000
0.000000
0.000000
0.000000
0.000000
0.000000
0.000000
0.000000
0.000000
0.000000
0.000000
0.000000
0.000000
0.031490
0.018653
0.025496
0.000000
0.000000
0.000000
0.000000
0.000000
0.000000
0.019070
0.024086
0.000000
0.000000
0.000000
0.000000
0.000000
0.006477
0.000000
0.035147
0.019647
0.000000
0.000000
0.000000
0.000000
0.025634
0.000000
0.023801
0.001686
0.000000
0.000000
0.000000
0.000000
0.016117
0.006289
0.021512
0.015198
0.000000
0.000000
0.000000
0.000000
0.020119
0.000000
0.000000
0.025313
0.000000
0.000000
0.000000
0.000000
0.000000
0.000000
0.031370
0.000000
0.000000
0.000000
0.000000
0.015295
0.024652
0.000000
0.027352
0.018839
0.000000
0.000000
0.000000
0.000000
0.000000
0.000000
0.000000
0.000000
0.000000
0.000000
0.000000
0.000000
0.000000
0.000000
0.000000
0.000000
0.000000
0.000000
0.000000
0.000000
0.000000
0.000000
0.000000
0.000000
0.000000
0.000000
0.000000
0.000000
0.000000
0.000000
0.000000
0.000000
0.000000
0.000000
0.000000
0.000000
0.000000
0.000000
0.000000
0.000000
0.000000
0.000000
0.000000
0.000000
0.000000
0.000000
0.000000
0.000000
0.000000
0.000000
0.000000
0.000000
0.000000
0.000000
0.000000
0.000000
0.000000
0.000000
0.000000
0.000000
0.000000
0.000000
0.000000
0.000000
0.000000
0.000000
0.000000
0.000000
0.025048
0.000000
0.040560
0.024622
0.000000
0.000000
0.011233
0.015343
0.024814
0.026103
0.028176
0.000000
0.012986
0.015666
0.000000
0.000000
0.028657
0.015862
0.189940
0.025022
0.015935
0.000000
0.000210
0.011818
0.033841
0.018900
0.000000
0.023124
0.000000
0.027784
0.000000
0.000000
0.034821
0.024338
0.014331
0.027393
0.000000
0.019113
0.000000
0.011366
0.020053
0.009881
0.028065
0.000399
0.013435
0.000000
0.018670
0.000000
0.012174
0.035841
0.000765
0.027245
0.017252
0.000000
0.000000
0.000000
0.000000
0.025570
0.025728
0.019863
0.010631
0.000000
0.013205
0.000000
0.000000
0.000000
0.000000
0.000000
0.000000
0.000000
0.000000
0.000000
0.000000
0.000000
0.000000
0.000000
0.000000
0.000000
0.000000
0.000000
0.000000
0.000000
0.000000
0.000000
0.000000
0.000000
0.000000
0.000000
0.000000
0.000000
0.000000
0.000000
0.000000
0.000000
0.000000
0.000000
0.000000
0.000000
0.000000
0.000000
0.000000
0.000000
0.000000
0.000000
0.000000
0.000000
0.000000
0.000000
0.000000
0.000000
0.000000
0.000000
0.000000
0.000000
0.000000
0.000000
0.000000
0.000000
0.000000
0.000000
0.000000
0.000000
0.000000
0.000000
0.000000
0.000000
0.000000
0.000000
0.028809
0.017502
0.000000
0.029225
0.000000
0.000000
0.000000
0.000000
0.000000
0.026911
0.000000
0.000000
0.000000
0.000000
0.000000
0.000000
0.023750
0.021940
0.000238
0.014170
0.000000
0.000000
0.000000
0.009780
0.023316
0.000000
0.012918
0.000000
0.000000
0.000000
0.000000
0.000000
0.018892
0.000000
0.032401
0.020368
0.000000
0.000000
0.000000
0.000000
0.000000
0.001649
0.024583
0.020092
0.000000
0.000000
0.000000
0.000000
0.020443
0.000000
0.024520
0.016757
0.000000
0.000000
0.000000
0.013669
0.000000
0.000000
0.000000
0.021568
0.000000
0.000000
0.000000
0.000000
0.000000
0.000000
0.000000
0.000000
0.000000
0.000000
0.000000
0.000000
0.000000
0.000000
0.000000
0.000000
0.000000
0.000000
0.000000
0.000000
0.000000
0.000000
0.000000
0.000000
0.000000
0.000000
0.000000
0.000000
0.000000
0.000000
0.000000
0.000000
0.000000
0.000000
0.000000
0.000000
0.000000
0.000000
0.000000
0.000000
0.000000
0.000000
0.000000
0.000000
0.000000
0.000000
0.000000
0.000000
0.000000
0.000000
0.000000
0.000000
0.000000
0.000000
0.000000
0.000000
0.000000
0.000000
0.000000
0.000000
0.000000
0.000000
0.000000
0.000000
0.000000
0.000000
0.000000
0.000000
