0.000000
0.000000
0.000000
0.000000
0.000000
0.061106
0.000000
0.858251
0.000000
0.000000
0.000000
0.000000
0.000000
0.000000
0.000000
0.053949
0.000000
0.000000
0.000000
0.000000
0.779750
0.000000
0.901148
0.000000
0.000000
0.000000
0.000000
0.000000
0.000000
0.003530
0.000000
1.938236
0.000000
0.000000
0.000000
0.000000
0.371600
0.032156
0.000000
0.086044
0.000000
0.000000
0.000000
0.000000
0.159208
0.000000
1.313060
0.000000
0.000000
0.000000
0.000000
0.000000
0.036836
0.486689
0.002039
0.000000
0.000000
0.000000
0.000000
0.000000
0.000000
0.002020
0.083432
0.062953
4.330912
13.080605
4.851883
7.678842
37.692600
11.419121
28.305663
45.933663
8.053793
2.451197
10.071989
7.081111
10.351627
37.702125
40.426500
32.149500
3.538826
12.231238
3.099746
3.832787
32.797500
70.134400
59.566113
25.267700
4.314137
19.111713
1.627012
3.668456
30.288600
51.470200
28.190463
38.555300
10.913525
4.493564
1.920969
7.135450
45.520450
19.331800
25.400000
39.489000
8.180929
3.493042
7.595147
5.463960
33.985600
34.356700
22.871225
52.757238
10.777852
7.956319
1.422467
8.211813
49.328747
27.043700
40.601400
8.716576
2.691645
11.554706
7.444139
10.794095
51.522100
9.375195
22.731500
44.941500
0.000000
0.000000
0.000000
0.000000
0.000000
0.000000
0.000000
0.000000
0.000000
0.000000
0.000000
0.000000
0.000000
0.041390
0.000000
1.255058
0.000000
0.000000
0.000000
0.000000
0.000000
2.366562
0.000000
0.000000
0.000000
0.000000
0.000000
0.000000
0.000000
0.000000
0.607395
0.000000
0.000000
0.000000
0.000000
0.000000
0.147854
0.000000
0.000000
0.000000
0.000000
0.000000
0.000000
0.000000
0.000000
0.000000
0.000000
0.000000
0.000000
0.000000
0.000000
0.000000
1.220221
0.000000
0.000000
1.471414
0.000000
0.000000
0.000000
0.000000
0.000000
1.797011
0.000000
1.227815
4.015152
8.195198
9.342491
2.179183
19.180213
34.973800
30.462800
25.237825
0.955573
7.140239
7.192224
3.946073
36.721325
10.973904
44.839138
10.772980
2.859538
6.967514
2.217739
2.728483
18.843111
38.572938
29.648600
22.424350
7.874937
0.257672
15.895025
4.167962
33.818900
22.897792
15.634283
51.646308
4.259933
15.207919
11.539359
6.287665
26.282600
30.874300
24.726763
46.202800
2.765712
11.256833
5.088768
8.062934
22.419763
41.676925
16.049269
34.404613
9.642727
7.750902
5.109285
2.334805
21.331675
39.649244
29.012058
34.499800
7.504422
6.718961
9.293625
1.618400
16.671961
37.790300
26.207567
31.640088
0.000000
0.000000
0.000000
0.000000
0.651298
0.000000
2.338837
0.000000
0.000000
0.000000
0.000000
0.000000
0.031918
0.000000
0.123432
0.030371
0.000000
0.377513
0.000000
0.000000
2.695583
0.000154
0.000000
4.196879
0.004927
0.000000
0.000000
0.000000
0.153774
0.000000
1.080566
0.000000
0.000000
0.000000
0.000000
0.000000
0.000000
3.204471
0.000000
0.000000
0.000000
0.000000
0.000000
0.000000
1.344353
0.212481
0.000000
0.038181
0.000000
0.000000
0.000000
0.000000
0.000000
6.812604
0.369784
0.000133
0.000000
0.000000
0.000000
0.000000
5.585492
0.000000
1.419556
2.342713
3.864318
9.123372
8.157790
6.653109
32.690100
63.168270
27.250100
66.993300
7.808608
6.796597
16.823758
2.254026
23.656100
40.764400
37.307800
25.208738
1.428330
16.972825
13.940372
1.734472
64.852500
21.967900
22.261800
49.751750
6.915063
2.846398
14.917912
1.858864
10.554123
47.152298
50.440805
5.909861
8.489163
3.000554
3.364130
5.563295
18.297113
61.004600
23.307538
60.779658
10.027910
7.912015
10.519448
0.040651
37.720891
52.476600
24.928263
42.845850
8.073544
21.952378
3.117214
1.824944
20.826013
51.458600
42.255347
22.061663
1.485656
13.854238
6.448843
10.395796
8.972140
58.092000
31.895881
53.644133
0.000000
0.000000
0.000000
0.000000
0.088807
0.000000
0.343629
0.200687
0.000000
0.000000
0.000000
0.000000
0.000000
2.944707
0.000000
0.000000
0.000000
0.000000
0.000000
0.000000
0.254563
3.806997
0.000000
0.000000
0.000000
0.000000
0.000000
0.008521
0.774695
0.000000
0.141475
0.000000
0.000000
0.000000
0.000000
0.000000
0.000000
0.303393
0.000000
0.617135
0.000000
0.000000
0.000000
0.000000
0.000000
0.020902
0.000000
0.776794
0.000000
0.000000
0.000000
0.000000
6.769562
0.000000
3.729170
0.000000
0.000000
0.000000
0.000000
0.000000
0.000000
2.836711
0.000000
0.579116
2.460285
11.718919
1.476638
14.906269
15.255928
40.476500
25.746175
49.713258
13.651406
7.035778
1.196831
2.097185
34.288395
10.492611
30.547613
8.478684
6.379313
21.221652
3.526707
0.000000
57.475602
9.721044
19.239600
42.865900
2.038387
7.099848
0.024625
15.035752
17.693063
15.837523
22.091008
31.827630
6.699172
9.960811
8.104815
4.045443
12.933913
28.394563
16.883672
57.766188
17.987431
7.165206
1.137475
5.683077
31.014900
21.541405
26.315600
43.887834
2.259036
9.086339
2.939902
9.131208
22.076963
35.867400
22.702986
54.199900
7.609586
8.599905
0.051015
13.720258
22.764900
39.137100
23.172519
20.850388
0.000000
0.000000
0.000000
0.000000
0.000000
1.719871
0.033619
0.000000
0.000000
0.000000
0.000000
0.000000
0.034853
0.000000
0.037059
0.000000
0.000000
0.000000
0.000000
0.000000
0.000000
0.053537
0.036246
0.000000
0.000000
0.000000
0.000000
0.000000
0.000000
0.000000
0.000000
0.040534
0.000000
0.000000
0.000000
0.000000
0.000000
0.742968
0.037724
0.031419
0.000000
0.000000
0.000000
0.000000
0.293179
0.000000
0.000000
0.080703
0.005030
0.000000
0.000000
0.000000
0.058494
0.000000
0.215573
0.040368
0.000000
0.000000
0.000000
0.000000
0.000000
0.569230
0.000000
0.758601
8.900189
3.360950
8.602973
2.606041
62.960994
29.042288
46.088400
22.819500
9.414687
1.868566
9.318325
2.583411
25.706700
42.907500
41.169300
12.934612
9.351289
1.727029
3.039823
7.167034
16.395938
57.468500
30.090275
41.807520
8.712867
1.127392
6.746117
5.858868
10.441527
55.795750
27.882000
41.344744
3.571705
9.801384
5.592383
9.313520
18.100592
49.857950
54.349700
28.793100
1.555776
5.748367
3.245552
11.141638
59.779644
37.418600
28.323500
59.843900
8.345691
2.606565
3.687597
14.646708
36.531000
29.284400
21.931763
56.009980
7.798304
7.307625
6.475640
0.363423
34.308775
64.878261
26.996363
55.596500
0.000000
0.000000
0.000000
0.000000
0.000000
0.000000
0.000000
0.000000
0.000000
0.000000
0.000000
0.000000
0.036118
0.000000
0.000000
0.000000
0.000000
0.000000
0.000000
0.000000
0.091960
0.000000
0.723407
0.000000
0.000000
0.000000
0.000000
0.000000
0.000000
0.233529
0.000000
0.368748
0.000000
0.000000
0.000000
0.000000
0.000000
0.000000
0.000000
0.296820
0.000000
0.000000
0.000000
0.000000
0.398182
0.000000
0.000000
0.137977
0.000000
0.000000
0.000000
0.000000
0.000000
0.000000
1.035117
0.000000
0.000000
0.000000
0.000000
0.000000
3.356285
0.000000
0.000000
0.000000
6.255014
0.965053
7.620448
0.292436
27.551075
30.698788
29.705000
31.894038
3.035501
9.607222
2.208180
8.099798
58.608305
27.020900
20.047800
45.606475
0.274330
18.390853
4.673241
5.337532
34.053547
37.999097
18.608413
36.775400
0.963210
9.123615
5.705800
10.585567
24.289200
25.514800
28.254400
45.093125
3.624540
6.949614
2.269075
4.968874
23.075488
49.708305
39.700475
15.536352
0.623334
8.392525
9.937682
5.838245
15.999300
40.390675
12.482848
56.733252
16.999439
4.011253
2.737154
8.914501
32.717000
50.255700
35.351300
29.783614
10.851921
0.089417
3.067885
6.529838
26.282938
33.458800
40.119255
24.658538
0.000000
0.000000
0.000000
0.000000
1.354121
0.347257
0.000000
0.000000
0.000000
0.000000
0.000000
0.000270
0.000000
0.000000
0.807366
0.000000
0.000000
0.098958
0.000000
0.001276
0.000000
2.261549
0.000000
3.040591
0.000000
0.000000
0.000000
0.000000
2.452281
0.000000
0.055414
0.046252
0.000000
0.000000
0.000000
0.000000
0.140146
0.000000
1.553039
0.783198
0.000000
0.000000
0.000000
0.000000
0.568719
5.917904
0.000000
0.188302
0.000000
0.000000
0.035961
0.000000
0.000000
1.707506
0.000000
8.176539
0.000000
0.000000
0.000000
0.000000
0.247920
0.843584
0.922506
0.000000
1.987081
12.255314
1.353840
11.067424
51.100309
9.970081
21.819900
60.130800
1.664362
13.598595
3.152386
7.086760
32.418047
34.679700
53.529181
24.384500
1.852157
15.249584
7.159148
3.346724
58.072688
8.652168
40.872200
24.141663
18.666788
0.000000
8.151613
6.772460
22.992038
44.724634
63.287113
9.113778
7.715949
0.142032
6.964133
13.650620
28.092500
39.597600
20.323475
42.925800
13.765166
8.668339
1.178652
3.233414
21.151863
51.473502
32.974025
9.734595
0.297799
12.808102
1.964056
18.257512
18.870413
52.573231
33.052855
50.537000
1.637027
16.557370
12.130884
2.112575
58.070744
9.316059
39.174500
49.008489
0.000000
0.000000
0.000000
0.000000
0.040819
0.000000
0.000000
2.947095
0.000000
0.000000
0.000000
0.000000
0.000000
4.225489
0.845319
0.000000
0.000000
0.000000
0.000000
0.000000
2.618797
0.000000
1.192658
0.000000
0.000000
0.000000
0.000000
0.000000
0.000000
6.490218
0.000000
0.764896
0.000000
0.000000
0.000000
0.000000
0.000000
3.516600
0.000000
0.000000
0.000000
0.000000
0.000000
0.000000
0.000000
1.095665
0.013264
0.000000
0.000000
0.000000
0.000000
0.000000
0.000000
0.000000
2.465070
1.218582
0.000000
0.000000
0.000000
0.000000
0.000000
0.000000
0.048249
3.536170
3.193938
7.446911
3.268499
7.466450
9.790784
49.606875
28.437475
40.472208
10.391934
6.959173
3.299538
0.377749
25.204156
28.538800
18.480700
25.096800
11.361625
6.760065
2.635550
0.277788
30.000100
31.796775
62.484620
6.891855
0.044390
14.526556
10.339266
0.121028
9.620057
31.900500
32.155822
18.486258
7.173576
9.644691
0.115799
8.988666
25.444613
54.929809
9.304867
46.809300
3.875217
1.498731
9.641922
6.748182
28.823700
20.093813
27.142300
35.863634
7.985681
4.631421
8.000488
3.498828
37.655600
26.375138
31.375477
38.252600
0.000000
15.558136
7.250340
2.985889
36.337900
30.533011
28.351005
31.254833
0.000000
0.000000
0.000000
0.000000
0.000000
0.000000
0.000000
0.000000
0.000000
0.000000
0.000000
0.000000
0.000000
0.000000
0.000000
0.000000
0.000000
0.000000
0.000000
0.000000
0.000000
0.000000
0.000000
0.000000
0.000000
0.000000
0.000000
0.000000
0.000000
0.000000
0.000000
0.000000
0.000000
0.000000
0.000000
0.000000
0.000000
0.000000
0.000000
0.000000
0.000000
0.000000
0.000000
0.000000
0.000000
0.000000
0.000000
0.000000
0.000000
0.000000
0.000000
0.000000
0.000000
0.000000
0.000000
0.000000
0.000000
0.000000
0.000000
0.000000
0.000000
0.000000
0.000000
0.000000
0.000000
0.000000
0.000000
0.000000
0.000000
0.000000
0.000000
0.000000
0.000000
0.000000
0.000000
0.000000
0.000000
0.000000
0.000000
0.000000
0.000000
0.000000
0.000000
0.000000
0.000000
0.000000
0.000000
0.000000
0.000000
0.000000
0.000000
0.000000
0.000000
0.000000
0.000000
0.000000
0.000000
0.000000
0.000000
0.000000
0.000000
0.000000
0.000000
0.000000
0.000000
0.000000
0.000000
0.000000
0.000000
0.000000
0.000000
0.000000
0.000000
0.000000
0.000000
0.000000
0.000000
0.000000
0.000000
0.000000
0.000000
0.000000
0.000000
0.000000
0.000000
0.000000
0.000000
0.000000
0.000000
0.000000
0.000000
0.000000
0.000000
0.000000
0.000000
0.000000
0.000000
0.000000
0.000000
0.000000
0.000000
0.000000
0.000000
0.000000
0.000000
0.000000
0.000000
0.000000
0.000000
0.000000
0.000000
0.000000
0.000000
0.000000
0.000000
0.000000
0.000000
0.000000
0.000000
0.000000
0.000000
0.000000
0.000000
0.000000
0.000000
0.000000
0.000000
0.000000
0.000000
0.000000
0.000000
0.000000
0.000000
0.000000
0.000000
0.000000
0.000000
0.000000
0.000000
0.000000
0.000000
0.000000
0.000000
0.000000
0.000000
0.000000
0.000000
0.000000
0.000000
0.000000
0.000000
0.000000
0.000000
0.000000
0.000000
0.000000
0.000000
0.000000
0.000000
0.000000
0.000000
0.000000
0.000000
0.000000
0.000000
0.000000
0.000000
0.000000
0.000000
0.000000
0.000000
0.000000
0.000000
0.000000
0.000000
0.000000
0.000000
0.000000
0.000000
0.000000
0.000000
0.000000
0.000000
0.000000
0.000000
0.000000
0.000000
0.000000
0.000000
0.000000
0.000000
0.000000
0.000000
0.000000
0.000000
0.000000
0.000000
0.000000
0.000000
0.000000
0.000000
0.000000
0.000000
0.000000
0.000000
0.000000
0.000000
0.000000
0.000000
0.000000
0.000000
0.000000
0.000000
0.000000
0.000000
0.000000
0.000000
0.000000
0.000000
0.000000
0.000000
0.000000
0.000000
0.000000
0.000000
0.000000
0.000000
0.000000
0.000000
0.000000
0.000000
0.000000
0.000000
0.000000
0.000000
0.000000
0.000000
0.000000
0.000000
0.000000
0.000000
0.000000
0.000000
0.000000
0.000000
0.000000
0.000000
0.000000
0.000000
0.000000
0.000000
0.000000
0.000000
0.000000
0.000000
0.000000
0.000000
0.000000
0.000000
0.000000
0.000000
0.000000
0.000000
0.000000
0.000000
0.000000
0.000000
0.000000
0.000000
0.000000
0.000000
0.000000
0.000000
0.000000
0.000000
0.000000
0.000000
0.000000
0.000000
0.000000
0.000000
0.000000
0.000000
0.000000
0.000000
0.000000
0.000000
0.000000
0.000000
0.000000
0.000000
0.000000
0.000000
0.000000
0.000000
0.000000
0.000000
0.000000
0.000000
0.000000
0.000000
0.000000
0.000000
0.000000
0.000000
0.000000
0.000000
0.000000
0.000000
0.000000
0.000000
0.000000
0.000000
0.000000
0.000000
0.000000
0.000000
0.000000
0.000000
0.000000
0.000000
0.000000
0.000000
0.000000
0.000000
0.000000
0.000000
0.000000
0.000000
0.000000
0.000000
0.000000
0.000000
0.000000
0.000000
0.000000
0.000000
0.000000
0.000000
0.000000
0.000000
0.000000
0.000000
0.000000
0.000000
0.000000
0.000000
0.000000
0.000000
0.000000
0.000000
0.000000
0.000000
0.000000
0.000000
0.000000
0.000000
0.000000
0.000000
0.000000
0.000000
0.000000
0.000000
0.000000
0.000000
0.000000
0.000000
0.000000
0.000000
0.000000
0.000000
0.000000
0.000000
0.000000
0.000000
0.000000
0.000000
0.000000
0.000000
0.000000
0.000000
0.000000
0.000000
0.000000
0.000000
0.000000
0.000000
0.000000
0.000000
0.000000
0.000000
0.000000
0.000000
0.000000
0.000000
0.000000
0.000000
0.000000
0.000000
0.000000
0.000000
0.000000
0.000000
0.000000
0.000000
0.000000
0.000000
0.000000
0.000000
0.000000
0.000000
0.000000
0.000000
0.000000
0.000000
0.000000
0.000000
0.000000
0.000000
0.000000
0.000000
0.000000
0.000000
0.000000
0.000000
0.000000
0.000000
0.000000
0.000000
0.000000
0.000000
0.000000
0.000000
0.000000
0.000000
0.000000
0.000000
0.000000
0.000000
0.000000
0.000000
0.000000
0.000000
0.000000
0.000000
0.000000
0.000000
0.000000
0.000000
0.000000
0.000000
0.000000
0.000000
0.000000
0.000000
0.000000
0.000000
0.000000
0.000000
0.000000
0.000000
0.000000
0.000000
0.000000
0.000000
0.000000
0.000000
0.000000
0.000000
0.000000
0.000000
0.000000
0.000000
0.000000
0.000000
0.000000
0.000000
0.000000
0.000000
0.000000
0.000000
0.000000
0.000000
0.000000
0.000000
0.000000
0.000000
0.000000
0.000000
0.000000
0.000000
0.000000
0.000000
0.000000
0.000000
0.000000
0.000000
0.000000
0.000000
0.000000
0.000000
0.000000
0.000000
0.000000
0.000000
0.000000
0.000000
0.000000
0.000000
0.000000
0.000000
0.000000
0.000000
0.000000
0.000000
0.000000
0.000000
0.000000
0.000000
0.000000
0.000000
0.000000
0.000000
0.000000
0.000000
0.000000
0.000000
0.000000
0.000000
0.000000
0.000000
0.000000
0.000000
0.000000
0.000000
0.000000
0.000000
0.000000
0.000000
0.000000
0.000000
0.000000
0.000000
0.000000
0.000000
0.000000
0.000000
0.000000
0.000000
0.000000
0.000000
0.000000
0.000000
0.000000
0.000000
0.000000
0.000000
0.000000
0.000000
0.000000
0.000000
0.000000
0.000000
0.000000
0.000000
0.000000
0.000000
0.000000
0.000000
0.000000
0.000000
0.000000
0.000000
0.000000
0.000000
0.000000
0.000000
0.000000
0.000000
0.000000
0.000000
0.000000
0.000000
0.000000
0.000000
0.000000
0.000000
0.000000
0.000000
0.000000
0.000000
0.000000
0.000000
0.000000
0.000000
0.000000
0.000000
0.000000
0.000000
0.000000
0.000000
0.000000
0.000000
0.000000
0.000000
0.000000
0.000000
0.000000
0.000000
0.000000
0.000000
0.000000
0.000000
0.000000
0.000000
0.000000
0.000000
0.000000
0.000000
0.000000
0.000000
0.000000
0.000000
0.000000
0.000000
0.000000
0.000000
0.000000
0.000000
0.000000
0.000000
0.000000
0.000000
0.000000
0.000000
0.000000
0.000000
0.000000
0.000000
0.000000
0.000000
0.000000
0.000000
0.000000
0.000000
0.000000
0.000000
0.000000
0.000000
0.000000
0.000000
0.000000
0.000000
0.000000
0.000000
0.000000
0.000000
0.000000
0.000000
0.000000
0.000000
0.000000
0.000000
0.000000
0.000000
0.000000
0.000000
0.000000
0.000000
0.000000
0.000000
0.000000
0.000000
0.000000
0.000000
0.000000
0.000000
0.000000
0.000000
0.000000
0.000000
0.000000
0.000000
0.000000
0.000000
0.000000
0.000000
0.000000
0.000000
0.000000
0.000000
0.000000
0.000000
0.000000
0.000000
0.000000
0.000000
0.000000
0.000000
0.000000
0.000000
0.000000
0.000000
0.000000
0.000000
0.000000
0.000000
0.000000
0.000000
0.000000
0.000000
0.000000
0.000000
0.000000
0.000000
0.000000
0.000000
0.000000
0.000000
0.000000
0.000000
0.000000
0.000000
0.000000
0.000000
0.000000
0.000000
0.000000
0.000000
0.000000
0.000000
0.000000
0.000000
0.000000
0.000000
0.000000
0.000000
0.000000
0.000000
0.000000
0.000000
0.000000
0.000000
0.000000
0.000000
0.000000
0.000000
0.000000
0.000000
0.000000
0.000000
0.000000
0.000000
0.000000
0.000000
0.000000
0.000000
0.000000
0.000000
0.000000
0.000000
0.000000
0.000000
0.000000
0.000000
0.000000
0.000000
0.000000
0.000000
0.000000
0.000000
0.000000
0.000000
0.000000
0.000000
0.000000
0.000000
0.000000
0.000000
0.000000
0.000000
0.000000
0.000000
0.000000
0.000000
0.000000
0.000000
0.000000
0.000000
0.000000
0.000000
0.000000
0.000000
0.000000
0.000000
0.000000
0.000000
0.000000
0.000000
0.000000
0.000000
0.000000
0.000000
0.000000
0.000000
0.000000
0.000000
0.000000
0.000000
0.000000
0.000000
0.000000
0.000000
0.000000
0.000000
0.000000
0.000000
0.000000
0.000000
0.000000
0.000000
0.000000
0.000000
0.000000
0.000000
0.000000
0.000000
0.000000
0.000000
0.000000
0.000000
0.000000
0.000000
0.000000
0.000000
0.000000
0.000000
0.000000
0.000000
0.000000
0.000000
0.000000
0.000000
0.000000
0.000000
0.000000
0.000000
0.000000
0.000000
0.000000
0.000000
0.000000
0.000000
0.000000
0.000000
0.000000
0.000000
0.000000
0.000000
0.000000
0.000000
0.000000
0.000000
0.000000
0.000000
0.000000
0.000000
0.000000
0.000000
0.000000
0.000000
0.000000
0.000000
0.000000
0.000000
0.000000
0.000000
0.000000
0.000000
0.000000
0.000000
0.000000
0.000000
0.000000
0.000000
0.000000
0.000000
0.000000
0.000000
0.000000
0.000000
0.000000
0.000000
0.000000
0.000000
0.000000
0.000000
0.000000
0.000000
0.000000
0.000000
0.000000
0.000000
0.000000
0.000000
0.000000
0.000000
0.000000
0.000000
0.000000
0.000000
0.000000
0.000000
0.000000
0.000000
0.000000
0.000000
0.000000
0.000000
0.000000
0.000000
0.000000
0.000000
0.000000
0.000000
0.000000
0.000000
0.000000
0.000000
0.000000
0.000000
0.000000
0.000000
0.000000
0.000000
0.000000
0.000000
0.000000
0.000000
0.000000
0.000000
0.000000
0.000000
0.000000
0.000000
0.000000
0.000000
0.000000
0.000000
0.000000
0.000000
0.000000
0.000000
0.000000
0.000000
0.000000
0.000000
0.000000
0.000000
0.000000
0.000000
0.000000
0.000000
0.000000
0.000000
0.000000
0.000000
0.000000
0.000000
0.000000
0.000000
0.000000
0.000000
0.000000
0.000000
0.000000
0.000000
0.000000
0.000000
0.000000
0.000000
0.000000
0.000000
0.000000
