0.000000
7.552568
6.479347
4.316887
11.672900
14.731441
9.228530
13.092739
2.316876
5.566433
7.696048
6.662751
7.119900
9.510781
8.898458
14.518659
5.807196
5.485157
8.006462
6.958087
14.672153
10.204389
11.693851
11.883753
5.196562
4.536478
2.380314
7.440247
10.594855
13.137606
6.458184
11.170574
8.954523
7.750913
5.691008
10.582150
14.475566
11.938734
13.308591
13.005822
4.089896
5.858277
7.892822
3.160481
15.605873
6.975355
15.196437
8.894288
7.288677
5.782428
7.654761
7.583489
13.624452
13.191459
14.063998
7.212753
2.701383
9.118388
5.822680
3.665763
9.564811
11.870700
9.193695
12.069297
17.411436
24.176562
23.559323
23.339786
38.038431
25.805203
34.829416
54.188900
17.915644
19.361986
22.047925
20.113217
27.493980
47.341162
43.171758
34.963994
17.001509
21.538445
20.950562
24.599741
42.264522
91.236475
59.475000
24.534491
14.459331
24.797162
17.332614
20.171064
39.300427
57.460212
25.777417
34.263578
22.888533
21.486078
16.928175
22.913867
42.018017
30.431495
30.072033
53.579719
22.424205
17.018153
19.506945
17.322356
39.618722
37.153108
28.490784
47.008552
24.705539
17.636927
16.903408
21.231164
51.631650
30.040761
56.488406
27.918423
16.533044
28.582069
16.973431
18.975242
62.980750
28.808531
26.072408
53.464880
2.129689
2.725478
3.988974
2.501201
7.114204
6.287920
7.401323
9.549789
2.190483
2.994622
2.230424
2.885147
4.525884
7.651891
5.967618
7.811177
3.534817
2.416403
4.351914
3.543373
9.805619
9.384504
6.564523
3.774594
2.494758
3.921760
2.439731
2.951107
4.043269
7.637340
7.630782
3.840113
3.259064
2.149125
3.597758
4.304150
11.348000
5.569287
10.006271
4.270852
3.160771
2.409613
5.109567
1.969236
4.888356
8.461149
5.125108
6.136229
2.997559
1.901403
3.190263
3.888875
10.692713
9.450786
5.858942
7.562752
2.206697
3.828843
3.116134
2.429927
6.811062
6.806474
5.294972
6.221914
14.794245
18.156164
18.994503
11.814939
23.925330
30.195916
30.430609
24.504836
7.378672
14.604406
13.362252
14.391300
28.519328
20.129172
35.856112
16.039286
14.844589
14.151427
13.733580
15.310359
21.389295
30.202209
32.375828
30.703589
15.354953
10.148928
15.045825
8.035583
30.264373
17.507014
17.038925
39.579625
14.935400
26.850281
19.650372
14.708948
28.920122
27.873847
26.530503
44.299113
13.521223
15.906873
12.507420
15.098630
22.459928
30.047500
20.431152
29.876066
17.676634
12.361456
18.271458
16.490169
27.413617
29.417500
25.372895
38.862492
17.172470
10.184279
12.612062
11.466770
23.653712
31.392381
21.600933
21.579917
9.399188
5.670212
3.840595
7.165740
13.627212
11.476862
12.683980
9.441774
3.667285
3.491491
5.683846
5.113405
7.574162
9.297696
13.503220
10.819595
4.991572
9.625596
4.957603
10.452977
11.373952
12.245306
8.695553
13.659681
6.533679
3.390755
5.109772
3.326017
10.650145
11.496698
7.184534
12.717681
4.652741
8.252817
5.612161
8.596348
10.567629
11.757461
10.881481
12.120072
2.946759
9.403801
2.510985
6.526062
12.125056
8.311316
9.448795
12.145131
6.256811
6.924243
6.052904
2.619832
9.571803
14.985242
10.765214
13.985614
6.919291
8.234004
2.963529
3.804088
12.768814
6.262664
15.617216
8.636605
15.066005
28.555898
26.450780
14.336195
44.693794
61.854500
26.662269
72.887300
23.019931
16.047644
19.019889
19.618522
25.724259
49.984778
60.308922
23.219544
16.707789
17.691834
19.372411
17.082016
79.079375
22.348734
44.582194
47.404175
12.349558
24.466084
17.247598
15.205458
30.341855
44.120530
37.646000
26.907767
16.672341
25.571623
20.856144
15.492781
37.902677
75.483925
25.273111
46.306700
16.496602
16.442878
26.633200
13.917395
32.598919
57.245363
39.142281
34.115300
17.190397
17.681564
25.603170
16.139006
20.972739
68.802350
46.480500
45.557400
16.178675
17.140005
24.853047
13.259035
27.203261
88.460627
22.274984
47.590270
2.077240
5.500399
2.186067
3.314922
13.981334
5.547860
4.397761
7.788312
1.987631
3.271960
2.708077
3.001796
3.644593
4.949352
6.588512
5.085835
2.098941
2.250414
3.556590
2.922178
7.873232
5.379030
6.107411
11.235320
2.903787
2.335032
1.986400
2.771561
4.051080
7.407166
3.676599
6.351877
2.621440
5.808799
1.818560
3.807733
8.105550
3.695843
9.304707
8.343716
2.544633
2.641577
2.114343
4.041921
3.835350
8.176223
9.550548
4.444250
3.091400
4.769635
2.165312
3.224708
10.519186
5.439346
6.406075
6.427523
3.489698
1.732017
3.120433
1.720756
6.662867
3.699465
8.367590
3.556723
16.989064
16.042208
12.726158
14.900784
28.133948
41.910658
20.815764
47.624137
13.188511
8.462986
11.998291
13.164398
23.210969
22.545073
20.127337
22.191453
6.580604
16.038872
24.613194
10.745242
56.317178
30.409919
16.407009
56.493162
13.950795
5.432553
10.903914
9.781114
34.916223
30.042906
14.787287
21.186987
13.070784
24.172895
14.039647
19.896395
31.551653
42.023827
17.988398
59.460631
14.410892
6.975505
13.038581
17.799525
31.362805
15.179366
31.826864
29.749600
16.390616
13.041642
18.047695
12.375986
18.228142
42.002381
14.612962
87.244114
23.560655
6.265870
9.489050
10.141317
15.900581
45.906250
14.820633
34.239888
8.161336
6.982247
4.679075
8.269568
9.796387
12.177597
15.745345
10.665591
4.277085
10.389465
2.596827
4.514541
11.614583
9.155550
8.359680
13.403444
5.726820
5.160325
8.839941
7.754289
10.082091
12.484216
16.247534
9.420653
2.314811
10.057389
3.967285
5.270420
11.560860
10.676060
5.574085
13.565181
8.345855
8.593449
7.777064
4.393600
12.631667
11.440232
14.787042
11.279023
6.273460
5.043860
3.853365
5.642549
11.290348
9.941416
6.880829
16.119342
9.402165
8.191585
9.233499
4.140656
14.603845
10.879018
11.692722
8.581103
2.289137
7.442299
2.996707
8.570117
6.924289
10.072899
11.223128
11.112832
21.233212
19.108214
20.507831
21.366609
92.504719
30.305006
48.023083
35.572836
22.246984
16.970962
19.887092
16.839700
35.151519
41.227616
40.826773
30.206336
20.105866
19.121137
15.579775
22.503305
27.130642
62.270017
44.759259
51.289623
21.861006
17.062958
22.344695
12.278417
27.258067
56.143950
44.195764
35.047572
17.028467
27.920906
18.716111
27.497498
30.385792
53.916062
47.738997
43.645519
17.335964
18.229792
15.870748
20.660170
77.231709
42.870684
35.572039
49.526800
24.516375
21.790803
19.104461
21.964114
54.637539
37.613047
24.559820
72.293428
19.770484
18.733648
18.119334
18.099323
31.287369
83.567086
36.124209
64.244662
2.019221
3.442376
2.766428
6.114492
5.256765
8.997525
6.321387
9.575717
2.546269
2.576259
2.388508
3.178129
9.292219
4.605928
4.453171
6.271047
2.971303
5.095767
1.837301
3.202795
14.300641
4.881595
8.273837
4.739499
1.862780
3.460487
1.977988
3.464744
7.906151
4.558888
5.215522
6.220380
3.880585
2.584090
4.915400
4.363420
8.205608
6.666753
6.873628
8.589667
2.125462
2.777725
4.466073
2.237605
9.034519
6.863266
4.203724
6.476647
3.995974
4.344011
2.504613
2.646289
10.937106
4.601525
7.952539
4.134261
2.159340
2.661156
1.629635
3.059609
7.487343
5.249943
4.958178
6.814719
16.545592
9.065796
19.173952
12.156055
33.601644
28.385841
31.473158
35.665848
9.902291
18.404770
7.213140
15.166261
56.542281
22.445153
24.486425
32.592600
13.657855
18.573609
15.437778
13.971055
35.199980
28.512600
25.976016
42.339869
12.416692
17.993227
8.934489
14.240792
20.830175
31.900798
21.843647
40.155342
18.128734
15.427302
11.236791
17.360300
25.030272
55.890878
40.252089
26.360047
10.655764
13.908927
18.211906
10.159658
20.107556
25.445600
18.938259
46.904158
18.103177
12.921702
12.956939
25.064373
28.929458
52.783477
34.093631
29.581041
15.853672
10.122169
11.567696
11.762676
30.640237
31.653320
31.004900
19.631653
7.355790
9.210071
4.277605
5.886566
15.173962
10.117333
13.984366
8.546228
5.700067
5.595300
2.478703
8.035661
9.127252
5.427399
11.807908
11.174738
5.441444
11.033425
4.029364
6.855096
8.006317
12.521112
10.634730
11.795335
2.011628
8.457891
7.077499
3.711459
7.487537
6.210954
9.718762
11.112924
4.671941
6.870569
10.616286
3.555927
18.263380
6.281135
11.987489
11.592234
3.836862
7.360685
3.017616
9.485836
8.151674
13.736700
8.374288
11.194423
10.148961
5.956541
8.919604
4.009184
10.782129
10.634733
9.783544
16.909537
9.634848
5.581993
2.434893
6.427927
11.355409
8.145162
7.267110
13.947922
18.113895
14.337027
18.198370
20.691495
48.412913
33.772000
25.185703
92.539131
18.898311
17.866655
16.729062
15.724202
33.731109
44.992603
49.476000
41.806247
15.876567
15.643206
15.942611
28.172295
64.131458
29.013695
57.915847
22.373997
17.236909
14.406203
25.520227
14.252411
46.915422
38.588900
76.966606
27.868220
25.537209
18.155845
18.229433
16.851619
50.218991
51.016813
20.569858
45.512064
18.705591
16.920894
12.060036
24.788112
23.611766
57.825209
50.986867
29.254383
18.079780
15.898869
17.157702
21.783025
44.668086
39.129200
32.124762
64.667480
14.332242
18.419745
13.264953
18.469491
69.364058
29.265497
30.190800
94.340459
2.258202
3.523315
4.425906
3.297086
3.920020
6.932381
6.286171
7.330380
3.653315
2.227733
3.512943
1.941869
6.760145
6.096382
4.985804
4.337741
1.828379
4.896633
4.647009
3.555280
5.052091
8.531264
4.498712
5.615830
2.178091
2.301608
4.261933
2.185363
5.634815
4.885524
6.326097
2.655690
2.728188
5.517626
1.946169
3.506626
4.547058
7.122788
3.273947
14.843169
4.667634
1.758180
2.123310
2.303264
6.432048
4.049531
5.155635
7.153681
2.059543
3.290125
4.516267
4.882925
11.592234
4.467931
6.978663
4.821943
2.190660
2.400198
3.294295
3.202357
7.009605
5.708212
4.192679
3.832475
16.322366
12.365567
18.228931
15.541245
26.078203
74.047669
20.809187
32.496287
15.533745
8.610406
17.424452
9.637644
19.403044
35.249055
16.045706
31.433169
12.725355
6.357896
16.169778
16.062777
40.890266
20.458850
56.657103
28.444583
11.687813
10.717511
8.695499
10.264611
25.602662
35.661084
22.148137
11.318593
12.730875
12.075018
14.837633
22.660119
22.490980
53.922100
23.453862
72.734427
18.211141
11.033746
10.651915
9.319032
31.846387
32.777842
19.459389
24.435862
9.336875
28.092502
13.768452
16.978656
49.454019
18.027558
22.785009
53.836384
11.368502
12.175689
9.276128
15.878569
36.670688
18.988800
45.495108
19.346562
1.745400
2.786868
3.508619
4.987031
1.308875
0.447564
1.953303
1.092563
4.115249
3.423218
0.870424
2.064599
2.026510
1.130233
0.537946
0.349533
3.402347
4.461362
1.914146
3.424433
0.527569
1.851658
1.174199
1.283424
1.482053
2.687051
5.098202
1.021701
0.723200
0.302347
1.399120
0.909686
2.270104
2.315306
4.666309
1.217040
1.052043
1.282795
0.795955
1.353942
1.882113
2.336879
1.822015
1.999829
0.346421
1.029651
0.239582
1.204066
3.058170
2.576647
2.424416
2.805866
1.193771
0.853453
1.134926
1.957601
3.796475
0.883338
2.003498
1.914391
0.527789
0.633814
1.040654
0.478014
0.624305
0.123209
0.124524
0.396116
0.031717
0.109296
0.033080
0.023017
0.141423
0.141159
0.213849
0.113280
0.159102
0.005650
0.008197
0.030850
0.587446
0.096705
0.620381
0.105078
0.108972
0.004362
0.005208
0.033201
0.167675
0.111914
0.189193
0.329052
0.018486
0.027346
0.023762
0.029061
0.190936
0.167986
0.775215
0.102586
0.010083
0.065177
0.086807
0.020608
0.093669
0.571267
0.212105
0.202066
0.018153
0.015736
0.035994
0.012694
0.154788
0.264406
0.868677
0.211858
0.005309
0.038926
0.014086
0.320993
0.780550
0.054421
0.373021
0.089440
0.001063
0.131579
0.056079
0.006446
1.814235
1.497249
0.797489
1.953500
0.511734
0.486234
0.417580
0.427291
1.639935
0.930169
1.546642
0.991647
0.600560
0.233803
0.506547
0.171719
0.871441
2.197169
1.658963
0.700560
0.418039
0.221756
0.423632
1.253240
1.314881
0.747088
1.281651
1.149436
0.493349
0.248040
0.238378
0.703601
0.929113
2.465224
1.508466
0.948332
0.200301
0.490026
0.453220
0.793366
0.934993
1.325743
0.667159
1.768445
0.458639
0.200605
0.446776
0.410869
1.086494
2.580759
1.371034
0.945837
0.191299
0.437954
0.532006
0.463497
1.894225
0.790425
0.843251
1.395823
0.393228
0.225693
0.633753
0.266654
0.131513
0.082434
0.093723
0.166087
0.025857
0.010694
0.022334
0.009187
0.186754
0.064076
0.072120
0.099731
0.000171
0.019450
0.000000
0.043534
0.102811
0.180468
0.182101
0.117138
0.053798
0.000000
0.006436
0.021507
0.079338
0.146550
0.026233
0.199327
0.002902
0.007985
0.022648
0.000000
0.145391
0.028837
0.082038
0.114774
0.006837
0.011183
0.008406
0.008448
0.133844
0.038742
0.114495
0.055249
0.006263
0.000000
0.018025
0.001744
0.101234
0.106803
0.080412
0.105407
0.016302
0.004364
0.003880
0.008624
0.044372
0.158737
0.048882
0.141089
0.016917
0.002059
0.008321
0.002490
1.398819
3.458325
5.310845
2.835097
0.557546
1.423786
0.851903
2.069709
2.366132
4.325517
1.869650
1.264626
1.622318
0.965418
0.276829
0.849662
3.786085
1.834602
4.803177
1.579270
0.964149
0.730902
2.463956
0.446386
0.947580
4.166176
1.378145
2.418481
0.866656
0.618676
1.001161
0.352623
5.384255
1.806765
3.599049
2.223057
1.483055
0.901483
1.356254
1.508167
2.971181
0.996876
4.878028
1.140253
0.422111
1.472149
0.691939
0.932222
3.636898
1.793689
3.818372
4.833952
2.014914
0.429974
1.322780
1.287643
1.129536
2.149017
3.589112
2.072425
0.577906
1.246196
0.199357
0.426910
0.414351
0.047334
0.368345
0.498756
0.103942
0.001006
0.054109
0.088218
0.145792
0.226288
0.135911
0.128040
0.065326
0.023114
0.005334
0.044919
1.063036
0.121813
0.085615
0.798945
0.066535
0.067584
0.037693
0.004984
0.168972
0.082238
0.131629
0.497043
0.041992
0.000000
0.007705
0.151713
0.259710
0.274348
0.620044
0.398949
0.210437
0.057758
0.057648
0.006225
0.201477
0.138408
0.049927
0.345546
0.013783
0.001142
0.019658
0.019140
0.275242
0.051403
0.443396
1.057708
0.075421
0.031859
0.006983
0.223800
0.258050
0.084620
0.071336
0.232635
0.306196
0.001358
0.015164
0.002947
1.770835
1.172032
2.902137
1.072693
0.204737
0.586170
0.517767
0.670038
1.769754
0.881811
1.172014
1.209454
0.588228
0.365106
0.320593
0.684936
1.770817
2.174139
1.111972
1.849433
0.659045
0.488781
0.505465
0.367780
1.134539
1.437173
1.673685
0.796849
0.496626
0.311138
0.701723
0.368077
1.366512
1.035423
2.719227
0.868013
0.328544
0.778908
0.286053
0.425262
1.268711
1.201002
1.807686
0.861701
0.598806
0.242717
0.228632
0.485675
0.904057
1.477843
2.095082
1.133003
0.233868
0.635688
0.530455
0.617273
1.005288
1.560066
1.161553
1.713383
0.315905
0.547209
0.282251
0.575731
0.096333
0.100058
0.160302
0.043771
0.031993
0.004130
0.021867
0.000000
0.042480
0.097457
0.140396
0.109902
0.002077
0.024843
0.005598
0.039818
0.227282
0.018499
0.058961
0.217521
0.000000
0.023492
0.043143
0.000149
0.099645
0.155445
0.156335
0.036182
0.007271
0.015626
0.006612
0.000000
0.208618
0.037783
0.177080
0.068450
0.016822
0.007635
0.040659
0.000000
0.015476
0.148384
0.125985
0.054260
0.006045
0.012234
0.008328
0.000000
0.116066
0.127184
0.084708
0.185331
0.027961
0.006263
0.009543
0.000000
0.046889
0.086007
0.189589
0.025341
0.007320
0.003241
0.007376
0.009845
2.182578
3.054309
4.798642
2.292008
1.919551
1.018104
0.858473
0.831333
2.047080
0.807503
5.030108
1.555114
0.436961
1.416330
0.720364
0.426201
4.525172
3.682752
1.753326
2.476990
1.483196
1.446575
0.439838
1.855973
3.537950
0.744177
4.488175
1.201053
0.754897
0.432668
2.255390
0.468238
1.992832
2.306091
2.603915
4.955078
1.034955
1.222201
1.011216
1.386099
2.610449
1.403143
3.369237
1.605057
1.142816
0.620160
1.724896
0.257620
1.834996
2.194947
2.104480
5.009961
0.887590
1.450469
1.166781
2.020544
4.337182
1.230653
4.662167
0.708439
1.770120
0.764579
0.534864
0.521613
0.384530
0.527640
0.153724
0.380353
0.005417
0.066095
0.021719
0.143753
0.365267
0.173903
0.278729
0.190333
0.033242
0.002122
0.008565
0.191325
0.207510
0.192554
0.680864
0.484701
0.100674
0.028560
0.083552
0.008948
0.091598
0.716964
0.095542
0.585777
0.164958
0.001254
0.013388
0.008758
0.561988
0.329437
0.399583
0.096444
0.099542
0.005291
0.026054
0.042291
0.169809
0.474095
0.189969
0.109059
0.000000
0.022004
0.022656
0.010662
0.089676
0.620815
0.213455
0.123032
0.011302
0.178853
0.050335
0.005565
0.092053
0.177530
0.485812
0.197626
0.036813
0.000000
0.020846
0.004767
2.041384
1.248805
2.040861
0.598313
0.500136
0.495013
0.470984
0.356318
1.154558
1.330009
1.561681
0.927571
0.223382
0.384081
0.697488
0.274131
1.170838
1.041621
3.961556
1.152441
0.207271
0.685609
0.431112
0.691969
1.907392
0.725449
1.974444
0.983687
0.230542
0.567518
0.438705
0.327100
1.057365
1.655513
1.334823
0.790021
0.352147
0.462541
0.399990
0.567976
1.672439
1.107418
0.585411
1.637556
0.191418
0.411889
0.503299
0.291020
0.845990
1.301548
2.011412
1.178607
0.307129
0.755853
0.270730
0.952249
1.680504
0.895328
2.108776
1.038655
0.288692
0.588831
0.593287
0.244709
0.101338
0.275249
0.094808
0.150649
0.013944
0.007153
0.012416
0.005499
0.134400
0.042067
0.197253
0.085135
0.000000
0.005866
0.014551
0.000000
0.152750
0.029402
0.101009
0.237743
0.005704
0.002384
0.012441
0.010438
0.125958
0.041555
0.194618
0.040012
0.007097
0.007329
0.006758
0.000000
0.091659
0.146722
0.176483
0.074689
0.030100
0.000000
0.000000
0.035769
0.156239
0.052952
0.068789
0.140745
0.021050
0.000000
0.032336
0.000000
0.016180
0.281388
0.182333
0.058886
0.012786
0.000000
0.007395
0.007272
0.050696
0.152463
0.099987
0.177402
0.006518
0.003151
0.000000
0.007977
3.060790
1.704098
4.351281
3.673602
0.585638
1.601750
1.101910
2.282077
1.560858
3.403872
4.799335
0.823320
1.203825
1.356054
0.515596
0.551117
2.559365
1.519595
5.611637
2.673469
2.616042
0.721388
1.480856
0.897298
3.760106
1.030893
1.829835
2.482951
0.807109
2.072003
0.790204
0.392619
4.581005
3.094829
1.616733
4.922185
0.649754
2.896880
0.792544
1.253522
1.733119
2.325068
3.920355
0.768486
1.674434
0.240180
1.151164
0.437000
1.147837
3.764948
2.248108
5.513976
1.621234
1.184020
1.337863
0.374087
1.026200
1.241404
3.605627
1.719073
1.234001
0.908382
0.948578
0.356763
0.541315
0.189561
0.884548
0.106124
0.008089
0.295284
0.065425
0.004629
0.157749
0.081550
0.276009
0.423262
0.018021
0.075210
0.001838
0.017567
0.938668
0.149365
0.406079
0.268359
0.005211
0.036217
0.147375
0.063082
0.120423
0.255783
0.054699
0.227040
0.018496
0.003464
0.000000
0.305609
0.067250
1.006017
0.251764
0.134262
0.045310
0.136077
0.066471
0.014257
0.075808
0.148776
1.109756
0.095383
0.106322
0.000000
0.010890
0.038580
0.924965
0.126180
1.023144
0.078221
0.225907
0.004975
0.022846
0.025861
0.187193
0.074228
0.185868
0.248229
0.000250
0.317996
0.006542
0.001522
1.645147
1.251166
0.890160
1.507068
0.773284
0.455211
0.678611
0.276364
0.699362
1.511568
0.894655
1.676299
0.392165
0.254659
0.358955
0.691440
1.951509
0.896082
1.265236
1.110373
0.423750
0.538120
0.416272
0.501044
1.406452
1.063058
0.812201
1.356311
0.484098
0.193500
0.417151
0.680513
1.385398
0.759995
2.853200
1.089486
0.614645
0.353804
0.764222
0.255653
0.797113
2.013948
1.623385
1.356344
0.526283
0.402311
0.469218
0.248084
1.890094
1.141830
1.561758
0.744692
0.384556
0.856343
0.312720
0.915062
1.314617
1.123734
1.025933
1.025334
0.486931
0.407220
0.531260
0.496865
0.092558
0.231249
0.083298
0.159625
0.032238
0.000000
0.004403
0.006810
0.039484
0.100012
0.085425
0.153739
0.006977
0.005321
0.030853
0.006817
0.066959
0.286833
0.118269
0.151801
0.009685
0.003695
0.000000
0.029388
0.135720
0.039765
0.070267
0.193833
0.039191
0.005078
0.000763
0.009390
0.137178
0.146680
0.168786
0.050368
0.029658
0.000000
0.028538
0.005093
0.072901
0.146210
0.053363
0.137409
0.005000
0.011625
0.002123
0.003974
0.117407
0.070968
0.179766
0.082406
0.000000
0.018730
0.006351
0.004000
0.172689
0.024831
0.158078
0.084807
0.000018
0.000973
0.006445
0.001339
