0.000000
7.152850
5.589180
1.552021
14.178000
22.328500
9.903580
15.432700
1.041521
2.801981
10.049100
5.363450
6.890250
10.246000
16.115700
19.364300
4.907170
2.768444
6.408320
6.518920
24.106500
9.547390
12.641500
12.028700
4.747990
3.977193
0.625248
13.979228
17.389505
16.208600
6.676870
10.073800
8.738810
6.557510
3.717830
15.177663
17.012500
16.747600
16.299100
14.952300
3.596059
4.166460
8.504130
3.376083
22.614353
8.545260
23.504300
9.314900
5.264550
5.772260
8.233310
5.544600
15.433400
21.152000
15.458300
7.191050
2.036922
8.017570
7.330590
1.597021
11.114100
20.644138
8.910040
15.251100
20.700300
30.540600
30.369100
26.972400
66.650900
44.177000
58.128000
86.217700
24.938200
28.022300
33.632500
28.666000
41.370700
86.260000
84.801400
49.867800
24.784913
31.945000
24.665500
26.180000
66.038173
133.315000
110.911313
42.345600
24.761200
39.698814
23.131000
26.455200
65.095900
88.007222
50.710400
54.578800
32.505700
29.170000
20.154000
30.951400
80.361700
42.849600
51.723100
81.346600
32.940800
21.202100
30.331100
28.598767
67.320700
58.073700
47.264400
92.582000
31.920000
25.139500
16.507300
26.526400
94.868400
48.184500
83.558600
50.142200
17.963500
40.205500
18.925800
34.423000
107.678000
40.894900
42.534000
92.836300
1.065857
1.763667
5.206970
2.750761
9.277200
9.107040
12.026600
12.914000
0.909229
4.214820
1.505187
3.236168
6.692440
12.308600
6.802330
9.808680
4.348740
0.849175
3.765890
7.614100
13.977600
15.046600
7.093590
5.731710
2.365651
3.519676
2.309285
2.200855
6.886080
12.199700
12.429800
5.448060
3.422889
1.282995
3.782330
7.444370
18.752600
10.255400
12.398600
4.637530
3.966280
0.952791
7.552560
0.620212
7.356290
13.116300
6.627080
8.476390
4.161676
0.537317
5.682610
3.454528
17.430800
12.135400
5.867710
8.525410
1.801415
2.695515
3.668421
2.731257
10.144300
9.018500
5.118480
7.437750
16.687100
31.140700
27.258300
18.161500
43.249700
54.061500
53.064200
51.885500
11.692300
23.905600
18.873900
24.325500
66.544900
34.952300
89.879800
29.928700
26.092900
17.610600
21.895300
21.165200
35.912500
78.438600
59.180900
54.996500
24.842800
13.873100
31.107900
10.777900
59.717600
39.544900
34.363200
106.859000
19.980600
43.768600
25.009000
29.402700
63.597800
52.579300
54.150400
58.357800
15.339500
24.831700
18.224200
29.373900
46.225400
71.031500
33.485300
63.042700
22.038300
23.242300
27.437700
23.345600
55.618400
62.131000
58.788700
50.440000
28.819900
14.758600
25.043800
16.264000
41.499100
66.367600
51.049100
50.636300
16.640002
2.997580
1.149167
9.814260
24.182286
10.948300
14.187200
7.892090
1.203407
3.031295
3.876510
12.994998
7.077290
7.916060
16.359300
21.216705
2.294568
12.227400
1.888638
19.091697
11.712100
10.511100
6.653260
23.753600
16.400008
0.817067
3.292140
3.719830
21.489900
8.671840
6.048410
12.700500
2.061441
6.005200
4.457060
13.352420
10.067700
12.827600
17.900523
11.402700
0.812067
19.360900
2.452791
5.225690
21.894700
7.527870
9.338830
11.097000
6.880545
4.781570
2.967487
2.519320
8.261520
19.564539
20.344492
11.892800
4.825600
15.547014
2.729030
1.061616
10.673700
3.827896
17.295600
15.113600
25.190800
37.675200
32.652700
14.060400
69.322500
111.270000
42.804400
101.830859
31.089300
25.954500
33.126700
23.249500
44.674700
71.962600
96.966961
44.241100
16.876600
24.503500
29.102000
16.575900
106.355000
29.301600
63.777100
90.629900
20.607900
24.738500
23.841300
15.795600
43.324500
94.921300
74.358500
35.886100
23.646900
24.628100
25.509100
26.703358
54.139700
113.369000
34.561500
111.690000
24.588700
23.864200
40.668900
12.116700
68.897400
79.299800
60.496900
60.604000
25.260900
31.672800
23.856900
17.031300
40.058300
111.455000
76.485500
61.956300
17.710700
29.896233
35.418200
21.274200
38.465400
129.996000
58.619400
72.976100
0.589386
4.576510
2.792705
7.969340
15.710900
4.903700
6.452160
16.384700
2.281743
4.485570
0.866462
1.686795
5.417370
6.765300
8.074580
4.076801
0.527630
3.546260
2.003532
8.639960
16.759700
6.001380
6.809480
8.834850
0.833063
0.843383
3.318314
3.490475
6.205130
7.737920
3.999150
5.621150
3.599010
4.823860
0.506448
8.725750
8.954870
4.995518
12.762600
16.835553
3.379950
1.055413
2.239023
1.889406
7.177110
12.191100
12.896200
5.693660
6.238290
2.714573
3.445360
1.460691
16.854800
4.776950
6.826360
3.829975
1.089467
2.181526
1.770959
2.361453
6.386349
4.188470
9.137270
5.743240
25.768200
22.792800
15.161800
30.979000
48.962341
70.215200
42.444700
109.144000
23.932200
12.699500
15.855400
18.446800
68.434100
37.206100
44.936600
30.999200
9.869710
36.128600
30.726200
10.791300
118.491594
44.508900
32.792500
109.228000
18.376200
10.941800
14.139200
23.165400
53.933600
45.185500
35.723300
46.003800
20.277100
38.204000
18.048600
24.320900
52.796600
72.109100
28.357900
124.377000
29.889500
10.449300
14.706300
29.486500
58.109300
35.960700
63.482500
67.797800
16.218300
22.316700
26.593400
15.128800
33.661400
63.585000
38.422900
131.906000
30.800400
14.401300
11.659100
21.234400
39.013200
97.267600
37.410100
46.499300
7.016660
6.247390
1.561367
9.185670
10.110000
16.154700
20.786300
13.258800
4.136230
15.022675
1.330668
2.312250
19.046900
8.431650
10.691400
18.414000
2.381404
4.576460
8.218250
8.758540
15.683300
13.056200
18.324956
10.068186
1.630022
9.522960
1.489615
11.481320
18.555475
13.544700
5.974440
12.279600
7.020950
8.600590
8.331370
2.247912
16.056800
17.673100
14.828900
13.126400
5.338090
4.004238
2.654006
5.910580
11.075900
16.795880
5.734053
22.746000
13.713400
5.403830
11.757800
1.837478
21.795700
10.742300
14.241500
9.846120
2.082091
6.840230
0.714525
17.878164
6.879920
9.309950
12.634700
21.296900
31.397600
25.427600
33.050800
26.287200
123.808000
57.560705
96.258900
40.399100
25.129400
26.610500
31.865600
23.135800
56.920000
95.627600
55.500500
52.739500
31.582903
22.439900
21.883000
33.464800
44.256900
104.732000
58.556100
81.417900
30.783800
14.993800
36.175900
17.467800
48.496400
72.751100
69.468273
85.606800
27.820400
28.292100
29.584700
30.292500
29.911800
108.009000
101.750406
60.131100
22.529900
27.801500
28.741473
21.079200
133.854734
76.726600
43.170200
105.134953
35.516200
23.235000
27.676300
37.001005
77.779200
66.486000
46.293700
106.164641
23.541000
33.755642
29.527300
21.366600
61.188686
138.898516
37.642700
131.327000
0.866095
3.778607
3.014300
7.377170
6.526590
16.018700
7.238080
15.799600
2.568798
1.198832
1.051514
4.075260
12.526000
7.007530
5.058960
8.907670
4.206070
5.355840
1.586352
1.378103
18.551500
10.708700
10.634200
4.555997
0.622366
4.717740
1.087203
2.352122
12.162600
6.334120
7.193640
9.221920
4.164265
3.306323
4.900920
4.658680
11.714400
11.789000
11.176000
8.576180
1.223987
3.094594
5.209920
0.680074
10.604900
10.497200
6.081100
9.187150
4.195591
8.200185
0.753848
3.598000
16.003700
4.554173
13.443100
6.443700
1.429585
4.367840
0.574845
1.053469
8.263520
4.703342
8.221390
11.472200
29.984700
11.569100
22.480200
17.757400
63.441100
56.630400
49.148200
79.397822
15.956700
26.414400
10.497300
20.140300
129.726000
43.739100
44.654900
95.658900
19.017141
41.501400
22.882700
13.894900
74.388700
62.089400
49.355000
51.844300
14.791200
38.299900
12.545100
20.358200
39.004300
51.564600
57.002900
78.434600
24.504897
17.586800
24.007700
29.042800
41.401700
106.098125
94.115100
28.400700
14.099400
32.979600
23.933200
15.943500
39.027000
81.582500
25.412000
105.854000
37.730800
11.996600
15.770800
31.866900
51.055300
117.216000
50.310600
63.532600
20.048700
14.523100
21.099600
15.743800
53.822900
63.315400
54.785800
53.514800
4.033860
16.108778
3.246164
4.399430
25.186600
14.934400
13.538000
7.072910
4.346220
1.888152
2.835046
19.745630
8.747440
6.089370
21.889100
10.534100
3.299460
18.001161
0.993770
5.941090
6.281370
22.083903
8.292640
11.525000
2.908250
5.711410
14.229019
1.186534
6.787270
3.193103
21.537020
11.447700
2.485740
3.518498
16.693145
2.835410
18.782900
5.275180
22.545569
12.239900
4.739010
11.939056
1.020654
7.212060
7.781300
18.715100
7.140640
13.092400
7.611590
5.275220
13.252400
1.606176
8.806400
15.432900
8.742650
21.345800
20.679981
3.811520
2.613958
2.276502
11.510300
17.144756
6.034550
12.488000
21.583700
25.612700
19.060200
26.509702
83.178600
52.579800
44.667700
118.233000
22.506200
35.138400
22.344600
11.875600
61.121600
55.022500
78.225600
64.611900
16.802900
28.185900
14.731500
24.753300
98.709300
42.711800
71.087600
45.226614
32.830800
11.417600
36.244600
21.299700
64.312500
57.797300
146.570000
42.556000
39.126800
15.913800
27.975200
27.699500
61.984800
98.297830
37.764600
69.435600
20.907500
29.877600
13.605200
27.134200
41.073300
99.922133
52.596600
46.877300
15.736100
29.436300
20.620278
23.647800
49.183100
101.740609
50.795000
111.733859
18.140916
28.563900
28.297700
16.463300
75.269500
47.052300
77.444900
116.943000
0.684167
4.434660
10.167700
2.010104
5.697000
5.905547
6.762680
10.346600
6.996250
0.808033
1.650608
3.136542
6.317742
10.696400
7.064000
3.777095
2.900031
1.545770
12.074105
2.573041
6.211670
7.068340
8.465730
4.667782
0.644453
3.106553
2.411978
3.399260
6.125266
9.287570
6.730128
3.492340
1.826559
13.667700
2.309738
1.084976
4.729360
7.697443
6.534760
15.544700
3.704228
2.133639
2.995771
0.765344
6.218320
4.743500
9.319500
10.784600
3.289510
7.609760
3.551020
1.634051
11.563900
2.868047
12.806000
4.915635
3.603685
3.473029
1.598699
0.808472
4.283056
6.605700
5.212890
5.369940
27.947200
14.765900
22.824600
21.209100
43.925000
115.500000
52.030000
52.253200
19.782300
15.847900
25.759300
13.743300
36.250800
55.700100
32.565300
58.706000
26.330000
8.457970
18.710300
16.843200
79.174200
47.233000
128.866766
32.043700
15.611700
22.953800
17.274200
13.610400
38.618200
73.873300
43.388000
32.746600
17.582800
19.727700
14.744300
41.901000
28.855900
132.761000
41.431000
105.859219
21.415900
14.526400
22.862400
10.833400
69.457800
34.483400
54.813700
55.659100
21.750100
32.421200
12.631200
24.754000
102.284000
39.443600
52.089600
59.886900
12.677000
22.590400
12.959300
26.064600
74.805900
39.154500
73.107000
57.354600
0.320731
0.721588
0.967537
3.029270
0.098150
0.031562
0.406332
0.098188
3.111260
1.812250
0.146363
1.399740
0.848917
0.395063
0.044636
0.022274
1.299153
2.321881
0.516090
1.104141
0.030861
0.233718
0.141692
0.081366
0.585363
1.269975
5.747150
0.143564
0.082251
0.018165
0.716594
0.120656
0.466875
0.505317
1.563355
0.123515
0.095283
0.089234
0.061625
0.080896
1.004521
1.360647
0.356599
1.312385
0.020162
0.319567
0.012677
0.502456
1.006103
0.963461
0.577867
0.817445
0.052887
0.061586
0.066363
0.583606
2.422880
0.256172
0.448433
1.870395
0.172555
0.061539
0.254805
0.042195
0.051808
0.007690
0.008958
0.009814
0.000765
0.006876
0.001510
0.000000
0.021999
0.009649
0.010727
0.008988
0.007238
0.000000
0.000000
0.004945
0.042073
0.008048
0.014077
0.008489
0.004839
0.000000
0.000000
0.005226
0.011739
0.008648
0.010756
0.052529
0.000000
0.004765
0.001260
0.002872
0.007749
0.010975
0.051413
0.008376
0.000000
0.006757
0.005729
0.000000
0.008667
0.052990
0.020021
0.011119
0.000000
0.003354
0.004780
0.000000
0.007837
0.024261
0.090969
0.013501
0.000000
0.006295
0.000000
0.014411
0.076647
0.007397
0.034295
0.008421
0.000000
0.018637
0.006675
0.000000
0.991149
0.857715
0.102831
0.691147
0.108027
0.035279
0.030720
0.085221
0.561850
0.144626
0.670382
0.139747
0.056187
0.016559
0.036251
0.012409
0.134442
2.974115
0.672569
0.068597
0.024510
0.014788
0.052727
0.404344
0.283011
0.122549
0.253701
0.321459
0.054225
0.015952
0.016051
0.063961
0.204896
1.853527
0.467418
0.110325
0.012134
0.049864
0.094423
0.086381
0.088995
0.563873
0.072196
0.851764
0.045752
0.014514
0.054896
0.021524
0.220369
4.575810
0.237328
0.252859
0.013493
0.027441
0.165276
0.053356
0.458721
0.190024
0.174421
0.385560
0.024838
0.015055
0.053591
0.026695
0.009156
0.008510
0.007842
0.011504
0.003044
0.000000
0.000401
0.000000
0.012358
0.006436
0.008476
0.008944
0.000000
0.001142
0.000000
0.007094
0.009142
0.017076
0.011742
0.008561
0.005990
0.000000
0.000000
0.000000
0.008166
0.009781
0.004685
0.017755
0.000000
0.000177
0.005672
0.000000
0.009942
0.002036
0.007192
0.009298
0.000000
0.000000
0.000000
0.000000
0.009166
0.007221
0.009011
0.004734
0.000000
0.000000
0.001881
0.000000
0.010655
0.009305
0.011021
0.015151
0.000000
0.000000
0.000000
0.000998
0.006431
0.012520
0.007431
0.009538
0.000000
0.000000
0.000000
0.000000
0.159337
2.889410
5.884310
0.783527
0.051502
0.146856
0.083405
0.399035
2.485937
1.924170
2.177470
0.171788
0.488086
0.537520
0.016270
0.093070
2.990320
0.261523
3.679830
0.218846
0.098547
0.099816
0.619582
0.044971
0.112027
8.476028
2.069888
0.933546
0.100226
0.413058
0.163243
0.033350
3.698268
1.132070
1.446671
0.368480
0.131500
0.091255
0.149210
0.221114
4.575850
0.127972
2.466320
0.776290
0.027706
0.372733
0.131124
0.346687
1.114748
2.112870
2.792449
2.027603
0.426281
0.064036
0.145931
0.075232
1.705909
0.356758
1.610269
3.784251
0.071723
1.447266
0.014364
0.051624
0.030488
0.004617
0.007636
0.061991
0.000000
0.000000
0.004938
0.002841
0.029613
0.016166
0.011868
0.009412
0.006578
0.005175
0.000000
0.004290
0.072695
0.011531
0.009548
0.014054
0.000000
0.007052
0.003964
0.000000
0.014554
0.000777
0.015510
0.163231
0.013181
0.000000
0.000000
0.032554
0.028248
0.008738
0.034385
0.027454
0.006146
0.000000
0.006958
0.000000
0.015948
0.013035
0.007280
0.155803
0.000000
0.002818
0.000000
0.000835
0.035939
0.006646
0.010969
0.126879
0.006980
0.000000
0.000000
0.005942
0.097504
0.008679
0.009150
0.027756
0.027661
0.000000
0.000000
0.000000
1.880112
0.488795
1.926475
0.157969
0.011837
0.107646
0.054986
0.062652
0.384013
0.103378
0.570259
0.620630
0.068181
0.042249
0.025954
0.084605
2.851830
0.901143
0.654519
0.368857
0.064150
0.067485
0.054090
0.212968
1.037469
2.370570
0.350468
0.119525
0.048794
0.029680
0.098116
0.055238
0.371910
0.376233
5.087910
0.083099
0.025549
0.114721
0.014840
0.043770
0.255197
0.708552
0.303271
0.184895
0.049569
0.015121
0.015858
0.060342
0.106961
2.152602
1.038201
1.554377
0.024452
0.198795
0.066950
0.166037
0.455969
0.255762
0.616998
0.384190
0.032285
0.088800
0.022694
0.064023
0.009140
0.011439
0.042709
0.008028
0.000000
0.000000
0.003035
0.000000
0.007964
0.010739
0.009212
0.009190
0.000000
0.000000
0.000000
0.002623
0.036677
0.002398
0.005967
0.013594
0.000000
0.000000
0.007160
0.000000
0.011372
0.031027
0.011338
0.007654
0.000000
0.000000
0.000000
0.000000
0.016573
0.000000
0.023235
0.006998
0.006057
0.000000
0.006932
0.000000
0.003865
0.024657
0.009491
0.004289
0.000000
0.002370
0.000000
0.000000
0.008706
0.013267
0.008630
0.024254
0.006600
0.000000
0.000274
0.000000
0.000000
0.011407
0.015196
0.007213
0.000000
0.000000
0.000000
0.000000
0.493574
0.676047
3.162460
0.355730
0.336338
0.083097
0.050618
0.073147
0.929951
0.108210
3.096680
1.196500
0.024249
0.484347
0.150397
0.043717
2.543951
1.348648
0.289072
0.758942
0.118683
0.094631
0.023001
0.480488
2.641510
0.173865
2.887930
0.147742
0.090030
0.025109
0.836040
0.144918
0.459682
0.642420
0.423892
2.391372
0.096519
0.082791
0.127178
0.062112
1.028867
0.861978
1.691950
0.537026
0.204354
0.046411
0.911494
0.019033
0.157494
0.776531
0.592149
3.085287
0.061632
0.464697
0.041661
0.336753
2.225615
0.377754
5.077940
0.107503
0.764357
0.181165
0.073334
0.031220
0.024676
0.033226
0.008442
0.014401
0.000000
0.005175
0.000000
0.007008
0.032735
0.010019
0.015116
0.013184
0.002222
0.000000
0.002227
0.008715
0.010315
0.011507
0.059706
0.027053
0.006906
0.000000
0.003537
0.000000
0.008556
0.109666
0.008445
0.055186
0.013661
0.000000
0.000000
0.000000
0.023660
0.015130
0.010276
0.008316
0.007229
0.000000
0.000000
0.003793
0.011610
0.038572
0.009989
0.012148
0.000000
0.000000
0.005032
0.000000
0.007522
0.023445
0.017083
0.009277
0.000000
0.003822
0.005255
0.000000
0.010536
0.009464
0.041976
0.012618
0.004271
0.000000
0.005946
0.000000
1.426215
0.492380
0.724326
0.088307
0.039749
0.050813
0.100781
0.018423
0.273211
0.441309
0.633525
0.083452
0.016811
0.033547
0.080435
0.019950
0.283538
0.206160
2.685310
0.589261
0.014195
0.058979
0.078973
0.073338
1.219387
0.102841
0.530298
0.345977
0.017728
0.039960
0.026396
0.028465
0.423606
0.385782
0.458656
0.258376
0.067546
0.050998
0.022077
0.082476
0.419457
0.183893
0.104421
0.868389
0.015073
0.033690
0.049226
0.017828
0.098707
0.227086
2.667129
0.126924
0.023291
0.135142
0.015587
0.335114
0.479061
0.116750
1.386096
0.490129
0.015142
0.105630
0.070676
0.013179
0.008857
0.020273
0.011653
0.011747
0.000165
0.000000
0.000471
0.000000
0.009500
0.005382
0.011790
0.008718
0.000000
0.000000
0.000919
0.000000
0.010711
0.004784
0.008283
0.025680
0.000000
0.000000
0.000000
0.004322
0.009440
0.000859
0.012863
0.007991
0.000387
0.000000
0.000000
0.000000
0.009318
0.020696
0.010358
0.007426
0.001199
0.000000
0.000000
0.008360
0.010697
0.004212
0.008296
0.009276
0.003111
0.000000
0.007030
0.000000
0.004695
0.039432
0.020582
0.008327
0.003808
0.000000
0.000000
0.000174
0.007777
0.010364
0.022550
0.011305
0.000000
0.000000
0.000000
0.000000
2.103164
0.196530
2.232310
1.499344
0.060687
0.178045
0.242890
0.561562
2.039027
3.606756
2.145876
0.122896
0.515545
0.443583
0.034039
0.095638
2.335230
0.254474
7.535061
0.685436
0.776310
0.078559
0.369394
0.135083
1.988206
0.822384
0.279072
5.136827
0.114940
2.899306
0.107081
0.053423
3.206376
2.345672
0.239374
1.798641
0.023951
1.201836
0.045684
0.186176
0.808801
0.397847
4.357610
0.327467
0.339737
0.024499
0.739907
0.029636
0.433246
1.493380
0.288018
6.046932
0.711895
0.124885
0.251887
0.049560
0.159043
1.995556
1.614461
3.222938
0.339994
0.090915
0.189165
0.090337
0.011587
0.016674
0.036410
0.012222
0.000000
0.006629
0.006735
0.000000
0.010115
0.008198
0.050828
0.063319
0.001106
0.007566
0.000000
0.000233
0.102439
0.009547
0.056406
0.008241
0.000000
0.000000
0.004456
0.006721
0.008730
0.128333
0.002420
0.024116
0.000000
0.000000
0.000000
0.023678
0.003855
0.081744
0.025054
0.012166
0.000000
0.000000
0.006916
0.001003
0.012566
0.009556
0.148412
0.008970
0.007315
0.000000
0.005409
0.000323
0.032350
0.010266
0.027625
0.009755
0.006690
0.000000
0.003817
0.000000
0.010601
0.008579
0.016445
0.099422
0.000000
0.016620
0.000000
0.000000
1.852882
0.405880
0.076052
1.780160
0.135383
0.063328
0.102349
0.028561
0.081438
1.757725
0.342879
0.230436
0.044109
0.017833
0.039712
0.112879
0.670973
1.334495
0.223095
0.753668
0.061049
0.153421
0.033151
0.398022
1.549129
0.149084
0.407549
0.220948
0.058263
0.027555
0.039380
0.091186
0.593358
0.111370
1.323628
1.145539
0.241529
0.049920
0.060667
0.017775
0.167972
0.398786
0.414032
0.793917
0.050743
0.035938
0.047558
0.014470
0.632685
0.200993
2.163657
0.753587
0.032089
0.194435
0.021788
0.187351
0.216257
0.152157
0.335329
1.233534
0.143681
0.040488
0.080943
0.053328
0.004567
0.027904
0.007975
0.014525
0.006461
0.000000
0.000000
0.000000
0.007370
0.010304
0.008516
0.009813
0.000023
0.000000
0.004985
0.000000
0.008897
0.047397
0.026975
0.010098
0.000000
0.000000
0.000000
0.009496
0.010095
0.008118
0.008764
0.010316
0.002669
0.000000
0.000000
0.000000
0.014175
0.011479
0.051625
0.000000
0.006180
0.000000
0.000384
0.000000
0.008224
0.009401
0.008009
0.021825
0.000000
0.000000
0.000000
0.000000
0.010090
0.012749
0.031904
0.001550
0.000000
0.004750
0.000000
0.004903
0.011281
0.007216
0.017235
0.007583
0.000000
0.000000
0.000000
0.000000
