0.000000
9.142983
7.082994
2.154317
14.912300
17.860117
10.965075
12.510050
0.873905
4.450898
10.609600
10.477316
4.995578
9.689894
11.454631
19.399975
3.154585
5.382279
12.064217
4.330353
16.032484
13.232663
9.580609
16.626700
8.115779
1.749452
1.536286
8.343608
14.402988
18.381675
7.893374
8.220380
10.586475
11.412663
5.682913
14.759784
14.230575
13.312675
17.889319
17.115688
2.188856
8.593987
12.415675
1.404975
17.193066
4.685579
19.513767
8.055509
9.792856
3.118765
9.196755
8.773839
18.768308
14.391580
17.451025
4.024733
0.970021
14.124113
8.904031
2.547659
8.640835
12.923150
6.548334
20.200438
16.417700
31.139338
25.120092
25.676338
75.240600
32.506900
63.158938
97.929875
17.312050
22.873792
25.683775
24.050025
34.017213
107.528391
99.119563
49.200125
16.776225
31.365500
24.922044
26.110100
63.740250
174.213000
132.007125
45.920938
20.789600
30.955363
23.215630
20.748075
73.143813
95.492125
56.219563
63.096463
28.946850
22.367611
17.957850
28.879575
101.841125
38.428588
44.322125
91.668850
26.836181
18.047788
19.426113
23.364913
81.797975
53.921763
51.359000
94.405625
31.075075
21.910275
17.515188
22.305884
119.796750
49.651538
96.262063
40.839525
16.981350
39.286075
16.380288
32.798538
129.159828
33.945663
38.615600
118.343250
0.858469
1.292451
3.388008
2.015013
4.603409
6.242177
8.153334
8.331143
0.803264
2.112806
1.176528
1.174937
3.589840
7.618820
3.858214
8.088700
2.042541
1.767582
5.777049
4.023333
13.788813
12.831625
5.980445
3.036266
0.903994
2.092858
0.865673
1.945223
3.595350
8.482173
7.523263
2.680229
1.744199
0.821464
3.777300
4.125176
15.397538
5.726291
8.641035
2.426761
1.739860
0.963915
3.873044
0.803672
3.929420
8.036170
3.512768
4.769161
1.473863
1.500261
2.778388
3.791988
13.564113
14.670113
4.279496
5.962770
0.823543
2.184811
1.956709
0.994351
6.607548
8.071979
3.359298
6.446638
12.440688
27.497075
20.775750
15.043250
43.351013
50.737063
49.608388
55.399713
8.625706
16.612025
17.018063
21.938925
75.811463
29.605325
97.093813
23.379850
21.802163
13.573538
17.924113
14.306475
29.414975
88.712750
54.790275
55.162475
24.498588
10.292731
32.710150
8.759575
59.452225
43.099738
27.222138
114.855625
14.805200
42.147888
23.669288
24.923813
66.273325
50.804650
55.053688
79.138388
11.293131
25.691925
13.052663
26.218650
51.846338
72.805863
34.003963
64.832225
19.107663
22.876425
21.807063
21.084413
53.688900
65.469025
58.714638
54.795775
24.317888
14.961713
22.056788
14.944725
41.226675
69.157600
53.447450
54.573300
9.491305
7.141253
3.127831
3.772033
13.646763
16.867188
9.950413
13.082850
2.765670
1.334560
7.990349
5.304690
4.510259
10.052506
20.278350
9.728072
5.572408
5.954946
5.346751
7.724350
8.713691
17.975375
11.312200
16.047202
7.129951
2.670205
6.474993
1.941652
10.096231
11.914913
4.866320
20.228527
5.223280
11.909188
2.219275
7.371973
14.750088
9.982575
9.841549
15.168563
2.114038
8.491019
0.992757
10.349892
14.372563
5.261841
13.988473
15.110138
2.446245
10.262175
6.344973
1.315288
12.235813
13.571713
10.166573
18.283525
9.598969
6.830411
1.226344
3.133300
10.201731
6.115125
24.453363
11.744400
17.159600
35.505525
31.429563
12.202250
71.009813
134.330375
48.200125
136.596750
27.549125
20.100702
27.363425
26.138303
40.042413
72.537625
112.085500
49.259775
22.846850
27.272938
29.413838
25.311400
136.517250
29.982838
65.263713
114.872000
20.163038
29.656850
24.782300
18.395195
46.789213
113.139875
79.411813
33.463575
19.845838
27.423388
24.527638
19.913397
48.901863
139.496500
41.093013
118.318438
21.696088
22.490500
41.620850
15.725800
80.671125
90.661338
66.262463
70.815238
17.940205
36.009888
27.834475
21.528592
34.826363
144.499125
88.082225
59.309313
18.334850
28.352175
38.579725
17.983925
37.834575
169.914234
63.667638
89.460500
1.651906
8.185301
0.870167
2.944399
18.128050
5.409886
4.001687
9.116404
0.713314
1.976769
1.655869
2.879975
2.969992
6.233013
6.664749
5.018475
2.032838
1.424370
3.574598
2.437020
8.572577
6.111516
8.427231
11.860625
2.182503
2.253108
0.905334
2.606140
6.337386
7.816031
2.987411
5.678245
1.214925
8.064203
1.556929
4.429355
8.898755
3.470473
12.123213
10.125650
1.377190
2.135834
0.719840
3.071954
5.117961
8.894553
10.031038
3.869708
3.212061
5.365548
1.112586
3.444381
15.308363
7.146400
6.019901
5.855700
2.657548
0.895869
3.236265
0.624522
6.192773
4.170888
8.517550
5.755049
22.174950
19.863788
14.599875
29.754350
47.519150
71.933263
38.160600
126.505750
26.227300
11.914388
13.996550
17.640225
69.735763
33.467000
46.729275
30.770838
7.890138
36.355613
31.280575
10.428200
143.650641
35.338325
28.092213
120.618375
15.904788
8.927556
10.930200
25.358975
46.747900
45.884313
41.152500
50.000688
17.534525
35.593550
14.372000
19.382525
45.285950
73.407763
25.472750
140.166625
32.639213
9.327563
12.938363
23.200863
62.426275
32.560850
68.817050
84.393025
18.312900
22.824625
25.727713
12.430963
32.862600
62.228200
39.673488
158.585875
29.793788
13.758050
11.292863
22.279888
37.210775
100.868875
39.620450
50.643250
11.156813
8.433479
2.544836
11.488561
10.867738
11.525913
17.301113
17.116638
7.147206
14.789895
1.105140
1.764329
15.367320
5.130161
7.078897
17.576041
5.291524
2.580441
13.813495
6.909659
12.274986
16.806275
21.178930
5.134700
0.833937
15.710384
2.820029
6.343433
14.484981
16.435775
3.332009
13.360850
11.279888
7.879296
10.853931
3.984768
16.270163
11.943550
11.836500
15.537627
10.068177
2.531703
1.994328
6.168964
10.419850
14.578941
2.926627
18.430213
11.112666
9.916769
6.524019
4.237856
14.436081
11.047850
18.819892
6.105884
0.966961
12.890984
1.541734
7.264202
6.834129
6.287653
15.487575
14.628709
26.176075
18.429925
27.181250
22.939442
139.583750
51.667663
96.556875
43.585413
21.569513
24.298063
29.048988
17.584600
63.805500
122.468250
63.453863
47.508463
27.638638
24.143163
12.629300
31.517688
37.195088
133.582875
64.665150
91.941339
28.031830
16.416388
33.152000
13.932238
40.546713
87.267025
71.001813
100.580813
22.135138
24.528713
25.312125
27.835766
31.794050
140.152625
107.693875
66.095111
18.414300
23.602538
23.706375
21.541050
154.316891
93.634063
47.941687
112.938375
33.036350
25.120738
18.299148
32.614688
85.004358
60.623300
50.470125
118.062156
21.733563
29.663713
24.505325
18.688013
62.016738
167.824250
44.023800
159.227375
0.928385
1.615373
3.213133
4.858270
3.738332
8.869467
3.349709
12.723150
1.407524
1.208376
0.713783
1.867154
9.322219
4.103080
2.401478
5.360553
1.710498
7.825360
0.826900
1.657985
16.552113
5.712168
5.759475
4.246250
1.239634
2.021290
0.598726
2.279779
6.511375
3.723785
4.663162
6.560733
2.335905
1.806754
4.845904
2.260223
5.915311
5.999428
8.195531
6.860601
0.757022
1.987482
2.706415
0.935336
8.320700
6.073978
3.507693
6.095061
4.203802
3.030699
1.477968
1.714787
13.094838
3.042049
11.409838
3.135065
0.708243
2.040219
1.160984
1.720686
7.518948
2.744055
4.236768
8.103488
26.329500
7.665199
19.381563
14.533513
66.948538
55.909250
46.821800
90.973438
12.737150
20.115725
8.372856
19.257713
141.064266
50.048725
42.117250
106.594813
15.967300
39.585688
17.498500
10.437125
77.147725
67.356925
52.118250
62.455313
10.870281
32.327450
9.017956
20.625300
38.757288
49.566913
59.747638
91.183588
20.818588
14.159063
18.582200
22.033163
40.209000
116.398500
109.985500
30.619925
8.572888
26.946750
25.175713
12.814313
36.129563
81.412638
26.389138
109.327125
37.843838
9.128713
13.334850
29.037850
50.293613
137.811750
57.443238
65.255038
21.159913
9.318606
16.989800
12.017306
51.587975
65.752813
65.499088
56.721075
8.203324
8.230298
1.715157
7.099121
12.964723
7.636252
14.934038
12.172700
8.582331
4.502266
1.052610
7.169117
9.941475
3.366306
13.890238
15.592288
7.375806
6.731866
2.993706
3.298048
10.310956
14.370750
14.428063
7.406371
0.872853
11.546080
7.057193
3.351844
6.209613
5.773389
8.570653
19.465991
6.417851
6.112184
7.770539
1.497705
23.309875
7.476731
15.850138
6.388294
1.988775
6.459121
2.936605
12.779075
5.860997
15.962150
9.155888
20.468964
13.692025
1.836925
6.851429
4.419050
11.701056
10.090461
16.236256
16.580153
7.428153
7.985798
1.294164
4.617023
15.310913
10.458773
5.231216
18.754538
25.082813
24.117988
24.116900
25.637850
94.236750
49.028608
43.326575
143.065891
24.664913
32.887838
19.537913
10.802875
66.631300
59.478338
94.274963
73.780550
22.747475
27.333850
13.168538
29.327538
117.143375
42.847463
77.060663
39.274013
27.629900
16.348938
40.275702
18.005338
70.105988
65.897831
189.325750
43.733463
40.861317
21.344525
18.111900
29.054463
68.466781
97.981313
41.695863
79.544436
22.202763
28.650253
16.417036
27.110500
37.060238
115.258594
60.030588
47.447298
22.226113
28.345200
25.462525
26.662375
51.040325
102.639438
58.947531
144.375875
24.337178
28.935941
24.541050
18.830063
97.504820
45.823725
91.142500
136.252047
1.877186
1.855018
5.449467
3.839476
3.558309
6.088910
9.781956
10.099706
3.360778
1.956003
2.269547
0.875601
4.797010
10.156900
4.495556
4.470746
0.734315
4.046979
3.650804
4.561311
6.103974
9.963650
7.036606
4.973815
1.975456
2.206082
3.412761
1.130050
7.023345
8.029641
6.281184
3.292135
3.019919
5.324205
0.849101
2.402545
4.903091
6.961260
4.142974
17.812473
3.740930
0.626699
0.728509
2.002145
5.487768
4.357510
5.589146
9.689900
1.312949
2.632810
7.111910
3.992683
15.602263
4.280161
11.096206
4.003953
0.948534
2.432891
3.473809
2.581635
5.036248
7.680496
3.329785
5.221789
25.527488
12.403413
16.481800
20.760750
38.447738
134.657516
56.055000
57.977225
19.270138
14.354313
21.880488
10.217013
39.445588
58.356138
28.442763
61.256588
26.925345
7.529176
19.988525
17.415338
89.560875
48.353200
143.036125
28.550213
11.727013
26.135225
16.345963
13.706650
36.607213
75.461913
45.954625
35.533500
16.561375
15.878363
13.082202
38.098850
34.964600
158.965000
37.243550
115.062375
21.328925
11.610588
20.764788
9.924144
68.450150
39.018613
52.137413
59.445088
20.375200
31.124013
11.405825
24.974138
118.246375
36.794975
55.852550
67.218750
9.461850
25.881238
11.773388
23.784225
78.435350
42.705875
71.241875
64.669025
0.733945
2.307795
2.806003
7.618205
0.586783
0.190107
1.831952
0.591167
6.024458
4.432808
0.418153
0.859730
2.510985
1.161490
0.223042
0.108745
3.959771
2.446767
0.501369
3.529988
0.206386
0.887482
0.698156
0.293391
0.437269
3.029190
6.875643
0.646953
0.386945
0.062761
1.539021
0.596591
1.998759
1.185854
3.714117
0.586055
0.559350
0.595009
0.304641
0.557402
2.114081
1.027582
0.876140
2.668431
0.128902
0.969327
0.065950
1.415528
1.471496
2.713633
2.103217
1.620185
0.378287
0.350565
0.450475
1.853611
5.341824
0.163874
1.205563
2.014859
0.584217
0.329474
0.901721
0.099844
0.299632
0.059759
0.045051
0.094131
0.024070
0.061993
0.024195
0.021525
0.128452
0.037035
0.092723
0.051164
0.070317
0.010474
0.011947
0.037755
0.236893
0.054952
0.133398
0.026962
0.041225
0.007767
0.015688
0.037030
0.073098
0.074513
0.049223
0.268454
0.011563
0.035794
0.022487
0.035471
0.068428
0.071853
0.306739
0.026532
0.015556
0.046399
0.047038
0.019174
0.031280
0.323174
0.122962
0.074511
0.016351
0.029360
0.025461
0.023798
0.029673
0.136071
0.527681
0.098326
0.014545
0.042718
0.017036
0.103980
0.456267
0.016755
0.186197
0.046980
0.009368
0.109757
0.054994
0.006663
0.968754
1.176628
0.276750
0.919609
0.498732
0.149556
0.156998
0.391769
0.577828
0.501101
0.566287
0.542247
0.251219
0.075814
0.175880
0.072953
0.627347
2.077961
0.525453
0.368181
0.105941
0.097869
0.178241
1.195209
0.851367
0.161977
0.791865
0.202020
0.285960
0.060720
0.071640
0.352121
0.493309
2.562764
0.597118
0.449072
0.057290
0.244787
0.442482
0.412402
0.391394
0.451491
0.330702
0.635971
0.226195
0.071066
0.246808
0.123293
0.778670
1.950178
0.848108
0.189693
0.088578
0.069099
0.319430
0.277616
1.002400
0.139065
0.258989
1.092142
0.108703
0.106001
0.173936
0.147043
0.055842
0.022417
0.063327
0.065744
0.021690
0.021260
0.024611
0.014972
0.069716
0.022222
0.042685
0.028435
0.009358
0.017702
0.006280
0.044392
0.024734
0.107099
0.078963
0.030522
0.040492
0.011708
0.009447
0.010007
0.023289
0.040742
0.027493
0.112702
0.013448
0.020385
0.035297
0.005804
0.065588
0.015041
0.050140
0.038777
0.012048
0.020883
0.016051
0.017188
0.040862
0.032026
0.045612
0.018060
0.012840
0.013949
0.021511
0.012511
0.080114
0.057358
0.065293
0.026777
0.009597
0.014843
0.018347
0.016868
0.019240
0.084919
0.037127
0.031493
0.010147
0.005652
0.015797
0.015260
0.839024
1.329335
4.155297
2.296503
0.288034
0.440581
0.433023
0.605280
2.288197
5.152719
0.891325
0.857810
1.403150
0.872788
0.052223
0.458511
1.598095
1.093753
1.536758
1.020623
0.512704
0.053366
0.713211
0.218110
0.561490
2.681800
0.664262
2.199868
0.484749
0.368804
0.713421
0.032092
2.411560
0.405131
4.181893
1.655958
0.467909
0.486779
0.814118
0.753776
2.886278
0.611189
5.902221
0.196988
0.180198
1.110868
0.098027
0.724712
3.478958
0.541916
1.250326
4.913870
0.731050
0.273606
0.739234
0.166286
0.385299
1.414461
3.765913
0.865773
0.339844
0.645977
0.026847
0.237732
0.173142
0.014224
0.070700
0.273885
0.021477
0.013263
0.039398
0.025758
0.155410
0.106710
0.092993
0.023472
0.055804
0.037011
0.005439
0.033509
0.347930
0.087092
0.067586
0.060136
0.013078
0.063288
0.011102
0.016603
0.097066
0.015556
0.097723
0.342925
0.012856
0.008906
0.025180
0.140295
0.144237
0.044107
0.215087
0.158869
0.055462
0.010464
0.048436
0.018467
0.108436
0.082568
0.015000
0.350488
0.019671
0.017662
0.008440
0.031701
0.169084
0.043643
0.079625
0.282440
0.064850
0.006323
0.018777
0.041864
0.245231
0.061031
0.016189
0.143079
0.134475
0.007438
0.022099
0.019446
0.718801
0.132501
3.768774
0.726802
0.039228
0.088453
0.275688
0.346754
1.446954
0.465790
0.214114
0.138623
0.353709
0.205654
0.060875
0.061418
0.946523
2.061138
0.110128
1.691458
0.339379
0.275920
0.039030
0.200362
0.226654
0.615682
1.280132
0.554121
0.263699
0.030881
0.425429
0.036200
1.158079
0.125000
1.947105
0.447373
0.071116
0.538238
0.041983
0.232909
0.998738
0.130909
1.239196
0.075913
0.286679
0.044439
0.053465
0.295769
0.528872
0.621182
2.333918
0.367808
0.130578
0.049902
0.317540
0.044182
0.095412
1.198724
0.098416
1.692914
0.036037
0.394129
0.033355
0.324717
0.024448
0.086396
0.171421
0.044365
0.010098
0.006284
0.033529
0.007090
0.044526
0.075499
0.030860
0.026585
0.011353
0.009944
0.019139
0.012801
0.170744
0.031612
0.014098
0.021239
0.005710
0.008908
0.066697
0.011327
0.023395
0.140899
0.031007
0.043280
0.006409
0.007484
0.020586
0.016893
0.109136
0.008425
0.134155
0.018374
0.035879
0.005754
0.052595
0.005992
0.027211
0.121067
0.033393
0.016081
0.006578
0.032237
0.006147
0.006063
0.024956
0.081217
0.017463
0.135266
0.054660
0.006344
0.026476
0.006600
0.010136
0.072676
0.030567
0.041951
0.023443
0.008081
0.021471
0.007666
1.440574
2.302615
7.208280
1.494301
1.648777
0.515937
0.311859
0.258176
0.782855
0.419985
6.511503
1.846736
0.138442
1.373911
0.700476
0.186608
3.167192
3.967704
0.440743
2.345269
0.697459
0.599540
0.123873
1.658124
5.352279
0.147701
4.461107
0.688429
0.412732
0.067271
2.349474
0.544191
1.330616
2.214142
1.704269
4.063853
0.429714
0.568607
0.653577
0.405260
0.953118
1.660511
4.188040
0.918742
0.857990
0.236381
2.304510
0.097236
0.982333
0.814500
2.092237
3.252177
0.352470
1.210152
0.279875
1.305743
5.224201
0.218472
7.612493
0.455532
1.775403
0.659362
0.144802
0.207576
0.165972
0.199283
0.051465
0.096575
0.011646
0.042899
0.017918
0.064547
0.189980
0.038325
0.115897
0.082815
0.022333
0.010259
0.025375
0.084318
0.083562
0.052526
0.301252
0.169353
0.058656
0.011037
0.032042
0.019260
0.053123
0.535575
0.020544
0.315289
0.100901
0.015945
0.009023
0.013912
0.173412
0.110492
0.072894
0.056009
0.060122
0.010861
0.023258
0.025041
0.063451
0.247141
0.052395
0.082476
0.007102
0.014117
0.032604
0.021929
0.020933
0.177465
0.102520
0.075245
0.010755
0.034289
0.030363
0.015721
0.076473
0.068538
0.256045
0.058254
0.039966
0.005610
0.045572
0.005339
1.283160
1.368618
0.772580
0.219260
0.212305
0.242299
0.365464
0.095842
0.437349
0.389173
0.762002
0.400649
0.089385
0.172666
0.351805
0.085380
0.903965
0.142533
4.733123
0.394486
0.064295
0.333625
0.346211
0.135988
0.568888
0.451814
1.006953
0.188819
0.077060
0.248096
0.106503
0.160247
0.929531
0.769133
0.601374
0.713586
0.292648
0.233398
0.112852
0.439013
0.623587
0.364380
0.346838
0.515191
0.083255
0.145893
0.233583
0.078290
0.113917
0.899194
1.826342
0.663473
0.097234
0.223980
0.092216
0.924931
0.919998
0.555950
0.604297
0.215619
0.101767
0.146678
0.341223
0.054989
0.029232
0.106831
0.081382
0.053462
0.018063
0.018875
0.020818
0.009815
0.040783
0.022455
0.069008
0.054990
0.006016
0.015226
0.024073
0.005849
0.043213
0.030045
0.037343
0.128796
0.016584
0.013913
0.008671
0.023676
0.044792
0.012446
0.093772
0.038877
0.021215
0.007525
0.013544
0.005222
0.033868
0.112868
0.042098
0.028336
0.027949
0.009604
0.006895
0.057314
0.060010
0.017493
0.045297
0.051423
0.024982
0.007841
0.031026
0.006106
0.027007
0.184239
0.105930
0.020822
0.037871
0.006955
0.010876
0.019622
0.042129
0.048510
0.026879
0.085611
0.009573
0.009114
0.012568
0.018822
1.062925
1.041342
6.184810
1.370076
0.293849
0.897282
0.833458
0.518773
0.543313
2.774332
5.227629
0.550458
1.059799
1.193019
0.216557
0.072766
1.108078
1.037000
3.413997
1.923415
0.706210
0.383336
0.224292
0.556905
4.448801
0.183623
1.372795
1.315072
0.544195
1.401521
0.476287
0.034572
1.307236
1.811819
1.156394
4.530473
0.142630
1.376733
0.284795
0.844419
1.929805
1.808325
2.813174
0.103131
1.139379
0.131776
1.166627
0.036631
0.167418
4.084743
1.369191
1.717106
0.990376
0.660721
0.148127
0.207816
0.705950
0.590428
3.442534
1.194101
0.523414
0.477049
0.714074
0.035741
0.088824
0.112528
0.222022
0.079335
0.022155
0.046276
0.044672
0.004859
0.036678
0.049751
0.248795
0.270243
0.024432
0.056971
0.017217
0.008802
0.351826
0.074052
0.231374
0.048272
0.014733
0.010183
0.026793
0.057137
0.080592
0.202780
0.014430
0.121966
0.007694
0.024968
0.005353
0.115040
0.013094
0.412759
0.126875
0.094919
0.011457
0.021650
0.046085
0.027008
0.082875
0.065653
0.619061
0.023034
0.070383
0.008660
0.034827
0.017986
0.163040
0.071807
0.170930
0.078650
0.052954
0.021446
0.032325
0.006573
0.023867
0.058178
0.110756
0.251454
0.014805
0.090950
0.013725
0.014430
0.633934
1.140255
0.428668
0.530428
0.665772
0.067426
0.071573
0.152076
0.406054
0.431600
0.136441
1.156980
0.067400
0.122989
0.211028
0.071000
1.924713
0.315117
0.947833
0.097402
0.253888
0.046930
0.201157
0.106723
0.348623
0.696267
0.100245
0.972240
0.040583
0.136215
0.040912
0.427232
0.160522
0.469019
2.641404
0.384089
0.226506
0.216277
0.352890
0.044651
0.122727
1.671505
1.334545
0.218071
0.091762
0.208849
0.252621
0.035516
1.724283
0.856047
0.500349
0.107279
0.039054
0.055174
0.141422
0.680569
0.978634
0.742457
0.086592
0.176788
0.048541
0.029793
0.352499
0.266696
0.017104
0.142517
0.026916
0.088930
0.033111
0.007146
0.016621
0.019999
0.056003
0.072711
0.029945
0.026531
0.020698
0.006478
0.039038
0.005718
0.055088
0.198544
0.085551
0.023371
0.005995
0.022227
0.004855
0.033850
0.030987
0.047085
0.062472
0.021927
0.011747
0.005288
0.018094
0.023759
0.082549
0.091322
0.194175
0.009741
0.042455
0.004856
0.012336
0.011453
0.026849
0.028396
0.044624
0.108771
0.005271
0.009272
0.014167
0.013991
0.070142
0.016894
0.133752
0.020429
0.011181
0.045749
0.019958
0.012266
0.029845
0.037985
0.107657
0.013482
0.004912
0.017170
0.005615
0.012238
