0.000000
3.983715
3.559516
0.498057
6.586314
8.751730
5.236478
8.269618
0.196186
1.486857
4.453598
3.237063
4.424631
5.535215
5.379950
8.627665
1.962868
1.567071
3.888098
3.941963
10.029519
5.310842
7.610222
6.376684
1.484958
1.455347
0.202252
4.544849
6.373522
7.603962
4.279517
7.812133
4.841648
3.796770
1.810903
6.309887
8.830712
7.319905
7.541318
7.992048
0.616842
1.568378
4.164445
0.271317
9.427360
4.717239
10.107638
5.350067
3.518178
3.834080
4.384979
3.929111
8.053928
8.589910
8.096114
4.880329
0.225384
4.515751
3.223096
0.525467
5.669574
7.414853
5.827481
7.076338
13.590436
21.827706
16.433739
17.281289
46.947217
27.636756
36.041748
47.240470
14.510995
12.781042
19.998334
16.022256
25.323439
46.767356
48.229062
44.072717
13.022333
21.404720
14.071261
16.371236
36.400259
66.327591
60.768731
32.499189
12.032814
27.968617
11.262570
14.105494
38.317992
49.660336
31.626633
50.573083
19.541048
15.217425
12.172997
16.057789
49.171550
31.875959
30.013491
48.394673
16.583872
12.423483
16.458478
13.021948
39.969309
43.016675
28.636814
58.500461
18.312173
15.989898
10.681205
18.082564
52.160797
41.120631
50.129433
23.475958
11.292895
21.065705
14.642433
17.524098
59.697837
23.956453
29.597791
46.754784
0.136554
0.246297
0.587031
0.222944
4.860201
2.159780
4.827595
5.834295
0.156793
0.273080
0.173307
0.245214
0.729643
5.219760
2.126092
5.721941
0.533667
0.191440
0.612319
1.100752
5.789878
7.097225
2.090692
1.539387
0.178848
0.523828
0.172395
0.298735
1.105201
5.154242
5.138838
0.915941
0.368730
0.137279
0.476906
1.341588
7.225558
2.058274
6.350467
0.693587
0.338734
0.186005
0.707502
0.126779
1.766526
5.720192
1.685590
4.088979
0.263832
0.107119
0.421858
0.506232
7.409583
5.219644
0.858571
5.485866
0.153909
0.461000
0.343323
0.158177
2.195851
5.570695
1.718620
5.253478
10.698821
14.298972
17.811019
8.292176
22.605009
41.649736
39.430189
29.332347
5.313062
11.058562
10.775792
11.265667
38.377592
19.393533
48.007902
18.564847
11.299519
13.611850
9.735475
10.899091
25.533231
42.178548
33.730170
25.475128
12.297908
6.383230
19.587278
6.695919
39.797687
26.109311
22.922809
50.155230
11.535578
22.632625
20.546683
12.102792
31.875748
38.388366
28.763186
53.295609
9.420078
16.022094
9.188265
13.426181
27.193605
46.531381
21.416667
40.470450
18.334134
11.912312
15.373512
11.154217
25.241830
43.563411
32.917753
39.912158
15.166259
8.436464
13.377995
7.647919
21.673059
36.368137
29.311342
36.948319
5.731831
1.439708
0.461072
4.492394
9.227426
6.063694
8.780190
4.937408
0.464674
0.665262
1.549348
3.510366
5.089048
4.898333
8.046996
7.019871
1.092755
6.589164
1.072305
6.740729
8.118884
6.417201
4.377178
11.437484
4.855181
0.372202
1.193828
1.381042
7.034554
6.113118
5.379982
7.058205
1.230066
3.989657
1.627440
5.331295
5.663528
8.363647
6.715287
6.375153
0.233737
5.884444
0.235379
3.188762
8.502904
5.751809
4.805631
6.871254
3.955786
3.275651
1.506090
0.635737
5.082533
12.113403
7.327232
7.338171
3.354572
5.381073
0.626361
0.576959
9.673477
1.783390
9.292965
6.890676
12.528980
20.901455
17.802992
10.763009
34.976777
60.064823
38.539945
55.899031
16.667673
14.862234
24.719400
11.828323
35.400322
37.524911
44.734789
32.181458
10.040482
23.322820
21.837192
9.790088
55.661294
29.914862
30.141498
47.463752
10.749403
14.012452
21.581134
9.564298
21.244656
48.886930
50.288691
18.506039
16.057158
15.854902
14.140277
13.284512
31.550402
53.118056
31.859195
55.939472
17.463148
14.447650
19.755205
7.645198
41.603586
45.396892
29.348769
51.863677
15.823995
26.306403
15.932255
9.719212
29.280639
48.277969
50.391350
32.692809
9.479181
21.191306
15.661950
14.395053
19.338702
55.923833
33.839870
54.585744
0.130845
1.636407
0.147418
0.826061
8.169133
1.029530
1.999292
5.525292
0.136437
0.424529
0.252967
0.259074
1.038161
5.227925
4.074761
1.025385
0.096670
0.230624
0.442448
0.701882
5.559335
6.282438
3.591216
5.734507
0.252320
0.134450
0.150919
0.361753
2.165909
4.190399
1.042859
2.122648
0.217184
1.668950
0.093269
1.566713
4.985363
1.777763
5.452559
6.100837
0.194221
0.210328
0.153132
0.482692
1.696300
4.968432
5.908988
2.061501
0.879133
0.581402
0.175520
0.388261
8.603341
1.860330
5.646852
1.121143
0.295241
0.135291
0.334234
0.114485
3.746452
1.958590
4.782255
3.462699
11.149392
19.238144
8.712161
18.047673
21.679466
40.489777
33.955172
53.092020
16.199889
9.241229
8.558640
9.135471
36.309589
18.668027
36.077891
16.280294
7.532052
22.317547
15.055500
5.931950
56.640786
22.951875
25.163237
40.613355
8.577468
8.290331
6.268855
16.567872
25.294548
22.212609
23.164844
32.644355
10.268291
17.560467
13.266827
13.536592
26.775037
31.514620
24.939977
52.522164
19.147987
7.889433
7.889354
13.650473
31.904470
24.183203
27.456731
43.209587
10.201510
14.364356
11.661173
13.768108
29.436309
33.107712
23.304106
56.072439
15.588839
9.121817
5.498166
16.935184
26.277786
34.147487
25.403731
26.660397
4.256538
3.685747
0.526533
4.592761
5.591908
9.280256
8.960584
6.274467
1.213135
6.088466
0.269549
0.515211
7.184570
5.624953
5.309968
7.609657
1.392940
1.767880
4.644452
4.591808
6.233185
7.283849
9.418190
5.803663
0.149792
5.132478
0.648515
3.544332
6.936042
6.190502
3.557102
7.748727
4.335950
4.986738
4.253362
0.823314
7.164212
8.283886
8.676565
6.809286
3.098100
0.581160
0.715646
1.384726
7.048458
5.926061
1.918670
9.840672
5.749279
3.979134
5.535219
0.774361
8.892180
6.374785
7.302726
5.432888
0.205649
3.725896
0.203160
5.581010
3.878758
6.625834
6.142900
7.642943
17.665441
14.198462
16.101770
14.318095
70.766750
36.267219
48.070298
32.437744
17.961848
10.879109
18.633612
12.207133
32.833975
46.365519
52.375234
28.373184
17.520523
12.243695
11.520227
16.357967
27.667398
51.359053
43.693520
53.260125
18.604931
10.483896
15.244367
10.508505
24.509011
61.811898
33.373758
42.880395
13.051466
21.193173
12.829928
21.304492
27.180633
49.219161
48.916262
39.838008
11.464781
14.358484
11.645873
19.359509
71.475211
38.177692
38.809416
53.865437
16.917158
14.045058
14.985378
23.356005
45.838969
29.361420
28.435103
68.518748
19.429631
15.147316
13.653209
10.890211
39.428123
75.418503
35.599262
51.205911
0.166038
0.416009
0.282610
1.704579
1.075712
5.526987
0.914454
5.925179
0.258718
0.210334
0.145676
0.506754
6.053324
1.046737
0.563592
4.070333
0.235491
1.774959
0.125418
0.271609
8.728962
3.472739
5.778341
1.197403
0.128369
0.400366
0.128580
0.293116
5.393773
2.172967
2.116892
4.945227
0.672671
0.258972
0.563574
0.655596
5.608878
2.370452
4.292287
5.495156
0.188488
0.306769
0.511723
0.108079
6.132003
2.344368
0.991042
4.214765
0.732507
0.666834
0.156042
0.420557
6.906296
0.878139
5.694324
1.097342
0.119225
0.392084
0.099815
0.204732
5.732767
0.660061
0.998578
4.417696
12.979344
5.802235
16.871756
8.234207
33.611192
37.068141
36.864581
36.328897
7.229585
16.581977
5.381150
12.364484
62.948953
31.343612
26.709245
41.677175
8.496321
22.273197
11.341492
10.413540
43.847906
41.282812
22.622944
42.134377
8.093943
14.934448
7.181635
15.347355
30.928709
24.741392
29.730114
45.117769
12.924930
13.756464
9.144242
14.938489
26.730639
59.419867
40.136903
24.569167
6.906548
12.673711
15.893483
7.768140
22.011358
37.745912
19.130847
55.711077
21.075256
9.241157
9.149282
16.651995
37.764736
45.072372
40.439889
39.357142
16.360311
6.696420
8.675016
9.718203
30.445556
33.325131
44.185609
26.821408
1.966662
5.823973
0.565884
1.855968
10.252266
6.889131
7.626295
4.347786
1.716418
0.723072
0.300895
5.557407
4.936707
2.229629
8.095282
5.736197
1.473521
7.111859
0.379042
4.633544
4.029092
10.019940
5.449068
8.120327
0.144398
4.076420
4.497073
0.593740
5.782497
0.973019
6.363247
6.222441
1.267134
2.083568
6.371777
1.196705
10.818790
3.296834
9.387505
7.340209
0.948372
4.467349
0.505117
4.664521
5.582319
10.998483
5.026307
6.471222
5.044829
3.756538
6.020270
0.700167
5.635263
7.586707
5.360200
14.688109
6.106060
1.757975
0.358295
0.764508
6.798070
6.022366
6.404978
7.545808
11.323630
18.936055
11.234798
21.016428
57.394894
23.477744
30.468405
65.392353
11.873950
20.030402
11.416991
11.450543
42.617095
37.183759
49.722123
27.907173
9.907950
20.610861
11.878195
17.220581
58.877178
20.019117
40.763148
31.402328
25.055962
7.642776
17.089266
12.126909
29.373272
50.662856
53.603467
19.604142
17.993850
10.028565
15.323353
20.642736
40.437755
36.312627
26.329544
52.491025
21.623719
15.606606
7.635006
15.294358
28.736675
59.917172
41.859989
20.071570
10.727612
18.909406
10.155175
25.960192
32.015016
45.651547
43.155006
43.164900
8.792288
22.142031
19.056995
11.451039
62.887339
21.098025
37.063314
56.923673
0.181572
0.919244
1.926147
0.332769
1.784467
1.127727
3.433386
6.910200
0.958453
0.162209
0.293526
0.154093
1.124792
5.782203
2.242636
0.822952
0.134101
0.622777
1.475513
0.618722
5.462819
4.487759
4.533003
1.947712
0.164299
0.303319
0.502419
0.177674
2.052646
5.948930
2.385435
0.452183
0.311922
2.059106
0.166202
0.274174
1.041350
6.939079
1.168946
8.272882
0.567333
0.119771
0.117096
0.220949
2.009607
2.121471
2.108416
4.348727
0.204951
0.790531
1.309648
0.534342
6.209743
0.868132
5.823044
4.855805
0.162129
0.330898
0.474556
0.206761
1.768319
2.548326
1.651455
4.097672
11.181719
12.253722
12.697459
13.710400
21.556442
52.276545
30.186430
45.967819
18.409727
8.500728
12.465362
5.776947
28.371395
31.928103
23.493403
24.309942
14.257503
7.860317
10.092354
9.282730
29.304067
32.127608
64.056777
19.048533
6.785977
17.395125
9.428605
6.009151
18.070005
27.014573
36.100116
18.876259
9.965865
13.943956
8.940090
15.682878
34.945469
48.084428
20.225447
47.190406
13.261425
6.755627
13.119023
9.055759
28.812398
26.077530
29.370467
39.391909
9.737681
16.924742
12.152022
11.446917
35.728850
29.490005
35.946034
40.189398
6.458088
18.586648
9.902074
9.851591
30.072312
32.388852
33.270955
28.278786
0.123509
0.298704
0.368996
1.361365
0.029806
0.000000
0.131365
0.010777
0.867353
0.739189
0.009043
0.148879
0.141158
0.013962
0.000000
0.000000
0.361498
1.112246
0.135076
0.408210
0.000000
0.114450
0.012953
0.033154
0.058499
0.246420
1.461783
0.005167
0.000000
0.000000
0.063079
0.000000
0.167230
0.151957
1.013254
0.029376
0.011775
0.015752
0.001741
0.021386
0.106023
0.220035
0.102390
0.158070
0.000000
0.000000
0.000000
0.032296
0.466037
0.193215
0.207851
0.301891
0.015100
0.000000
0.024112
0.127623
0.634721
0.018652
0.120621
0.141393
0.000000
0.000000
0.000000
0.000000
0.000000
0.000000
0.000000
0.000000
0.000000
0.000000
0.000000
0.000000
0.000000
0.000000
0.000000
0.000000
0.000000
0.000000
0.000000
0.000000
0.000000
0.000000
0.000000
0.000000
0.000000
0.000000
0.000000
0.000000
0.000000
0.000000
0.000000
0.000000
0.000000
0.000000
0.000000
0.000000
0.000000
0.000000
0.000000
0.000000
0.000000
0.000000
0.000000
0.000000
0.000000
0.000000
0.000000
0.000000
0.000000
0.000000
0.000000
0.000000
0.000000
0.000000
0.004541
0.000000
0.000000
0.000000
0.000000
0.000000
0.000000
0.000000
0.000000
0.000000
0.000000
0.000000
0.000000
0.000000
0.096843
0.072483
0.005219
0.122347
0.000000
0.000000
0.000000
0.000000
0.068377
0.006509
0.065370
0.013091
0.000000
0.000000
0.000000
0.000000
0.001777
0.192350
0.085742
0.000000
0.000000
0.000000
0.000000
0.011789
0.022676
0.007512
0.022882
0.020461
0.000000
0.000000
0.000000
0.000000
0.010701
0.230957
0.061579
0.001793
0.000000
0.000000
0.000000
0.000000
0.006875
0.040069
0.002307
0.078833
0.000000
0.000000
0.000000
0.000000
0.018552
0.218880
0.022081
0.019649
0.000000
0.000000
0.001403
0.000000
0.079619
0.016730
0.008750
0.036167
0.000000
0.000000
0.000000
0.000000
0.000000
0.000000
0.000000
0.000000
0.000000
0.000000
0.000000
0.000000
0.000000
0.000000
0.000000
0.000000
0.000000
0.000000
0.000000
0.000000
0.000000
0.000000
0.000000
0.000000
0.000000
0.000000
0.000000
0.000000
0.000000
0.000000
0.000000
0.000000
0.000000
0.000000
0.000000
0.000000
0.000000
0.000000
0.000000
0.000000
0.000000
0.000000
0.000000
0.000000
0.000000
0.000000
0.000000
0.000000
0.000000
0.000000
0.000000
0.000000
0.000000
0.000000
0.000000
0.000000
0.000000
0.000000
0.000000
0.000000
0.000000
0.000000
0.000000
0.000000
0.000000
0.000000
0.000000
0.000000
0.024684
0.522075
3.007904
0.188766
0.000000
0.091238
0.000000
0.142978
0.184556
0.876702
0.122565
0.009440
0.038558
0.017151
0.000000
0.000000
0.733472
0.035632
1.396541
0.027827
0.000000
0.014357
0.168900
0.000000
0.000000
1.111697
0.079676
0.148659
0.000000
0.006030
0.000000
0.000000
1.416871
0.121760
0.411822
0.096996
0.077573
0.000000
0.029745
0.090766
0.350718
0.000000
1.084678
0.027893
0.000000
0.018021
0.011497
0.010130
0.458396
0.105122
0.982728
0.760931
0.121229
0.000000
0.005772
0.060265
0.046109
0.067032
0.422310
0.123084
0.000000
0.073902
0.000000
0.000000
0.000000
0.000000
0.000000
0.000000
0.000000
0.000000
0.000000
0.000000
0.000000
0.000000
0.000000
0.000000
0.000000
0.000000
0.000000
0.000000
0.025934
0.000000
0.000000
0.006027
0.000000
0.000000
0.000000
0.000000
0.000000
0.000000
0.000000
0.000000
0.000000
0.000000
0.000000
0.000000
0.000000
0.000000
0.000000
0.000000
0.000000
0.000000
0.000000
0.000000
0.000000
0.000000
0.000000
0.000000
0.000000
0.000000
0.000000
0.000000
0.000000
0.000000
0.000000
0.024074
0.000000
0.000000
0.000000
0.000000
0.000000
0.000000
0.000000
0.000000
0.000000
0.000000
0.000000
0.000000
0.112898
0.044565
0.299364
0.002160
0.000000
0.004875
0.000000
0.000000
0.055551
0.000000
0.023093
0.046480
0.000000
0.000000
0.000000
0.009122
0.113544
0.108872
0.030994
0.061377
0.000000
0.000000
0.005257
0.000000
0.033167
0.090237
0.041079
0.000000
0.000000
0.000000
0.000000
0.000000
0.025771
0.021414
0.237119
0.000000
0.000000
0.000000
0.000000
0.000000
0.021351
0.046903
0.054769
0.017775
0.000000
0.000000
0.000000
0.000000
0.000000
0.097040
0.152973
0.047427
0.000000
0.015142
0.000000
0.014530
0.024539
0.022890
0.038754
0.059772
0.000000
0.000000
0.000000
0.000000
0.000000
0.000000
0.000000
0.000000
0.000000
0.000000
0.000000
0.000000
0.000000
0.000000
0.000000
0.000000
0.000000
0.000000
0.000000
0.000000
0.000000
0.000000
0.000000
0.000000
0.000000
0.000000
0.000000
0.000000
0.000000
0.000000
0.000000
0.000000
0.000000
0.000000
0.000000
0.000000
0.000000
0.000000
0.000000
0.000000
0.000000
0.000000
0.000000
0.000000
0.000000
0.000000
0.000000
0.000000
0.000000
0.000000
0.000000
0.000000
0.000000
0.000000
0.000000
0.000000
0.000000
0.000000
0.000000
0.000000
0.000000
0.000000
0.000000
0.000000
0.000000
0.000000
0.000000
0.000000
0.188626
0.217773
1.432202
0.126932
0.137928
0.000000
0.005202
0.003239
0.114371
0.002578
1.002589
0.122336
0.000000
0.034712
0.000000
0.000000
1.299455
0.348688
0.091005
0.268801
0.026053
0.042559
0.000000
0.138526
0.527475
0.013907
1.011038
0.006138
0.000000
0.000000
0.122026
0.000000
0.185920
0.280815
0.145372
1.103991
0.019642
0.008335
0.015125
0.019079
0.177509
0.093382
0.311353
0.104851
0.006344
0.000000
0.130021
0.000000
0.042879
0.197626
0.191283
1.071498
0.001807
0.099268
0.012533
0.070686
0.449628
0.021929
1.599450
0.000000
0.096857
0.000000
0.004221
0.000000
0.000000
0.000000
0.000000
0.000000
0.000000
0.000000
0.000000
0.000000
0.000000
0.000000
0.000000
0.000000
0.000000
0.000000
0.000000
0.000000
0.000000
0.000000
0.000000
0.000000
0.000000
0.000000
0.000000
0.000000
0.000000
0.000000
0.000000
0.000000
0.000000
0.000000
0.000000
0.000000
0.000000
0.000000
0.000000
0.000000
0.000000
0.000000
0.000000
0.000000
0.000000
0.000000
0.000000
0.000000
0.000000
0.000000
0.000000
0.000000
0.000000
0.000000
0.000000
0.000000
0.000000
0.000000
0.000000
0.000000
0.000000
0.000000
0.000000
0.000000
0.000000
0.000000
0.000000
0.000000
0.123211
0.028868
0.100251
0.002024
0.000000
0.000000
0.000000
0.000000
0.020593
0.044259
0.080575
0.002717
0.000000
0.000000
0.000466
0.000000
0.022305
0.019097
0.422708
0.036255
0.000000
0.000000
0.000000
0.003336
0.098593
0.000000
0.078403
0.020247
0.000000
0.000000
0.000000
0.000000
0.008080
0.040900
0.064083
0.007159
0.000000
0.000000
0.000000
0.000000
0.047419
0.018283
0.002347
0.108756
0.000000
0.000000
0.000000
0.000000
0.007629
0.035823
0.198746
0.000000
0.000000
0.004989
0.000000
0.000000
0.103884
0.000000
0.116638
0.026734
0.000000
0.006129
0.000000
0.000000
0.000000
0.000000
0.000000
0.000000
0.000000
0.000000
0.000000
0.000000
0.000000
0.000000
0.000000
0.000000
0.000000
0.000000
0.000000
0.000000
0.000000
0.000000
0.000000
0.000000
0.000000
0.000000
0.000000
0.000000
0.000000
0.000000
0.000000
0.000000
0.000000
0.000000
0.000000
0.000000
0.000000
0.000000
0.000000
0.000000
0.000000
0.000000
0.000000
0.000000
0.000000
0.000000
0.000000
0.000000
0.000000
0.000000
0.000000
0.000000
0.000000
0.000000
0.000000
0.000000
0.000000
0.000000
0.000000
0.000000
0.000000
0.000000
0.000000
0.000000
0.000000
0.000000
0.000000
0.000000
0.362785
0.039581
1.103705
0.799013
0.000000
0.018650
0.042238
0.139851
0.076360
0.831583
0.962542
0.000000
0.021554
0.017844
0.000000
0.008504
0.201665
0.030862
3.373240
0.147870
0.170316
0.000000
0.103703
0.000000
0.496190
0.043748
0.042163
0.486700
0.000000
0.172526
0.000000
0.000000
0.644156
0.731247
0.065653
0.467152
0.002169
0.417059
0.000000
0.024808
0.091646
0.118125
0.981582
0.018411
0.021855
0.000000
0.055905
0.000000
0.054771
0.557693
0.057015
1.444349
0.128810
0.000000
0.041159
0.000000
0.001319
0.066700
0.261826
0.154806
0.036978
0.000000
0.000000
0.005330
0.000000
0.000000
0.011659
0.000000
0.000000
0.000000
0.000000
0.000000
0.000000
0.000000
0.000000
0.000000
0.000000
0.000000
0.000000
0.000000
0.010918
0.000000
0.000000
0.000000
0.000000
0.000000
0.000000
0.000000
0.000000
0.000000
0.000000
0.000000
0.000000
0.000000
0.000000
0.000000
0.000000
0.035302
0.000000
0.000000
0.000000
0.000000
0.000000
0.000000
0.000000
0.000000
0.012367
0.000000
0.000000
0.000000
0.000000
0.000000
0.015839
0.000000
0.010081
0.000000
0.000000
0.000000
0.000000
0.000000
0.000000
0.000000
0.000000
0.000000
0.000000
0.000000
0.000000
0.000000
0.087153
0.013238
0.000000
0.095177
0.000000
0.002772
0.006444
0.000000
0.000000
0.070871
0.019274
0.027480
0.000000
0.000000
0.000000
0.006293
0.066691
0.024037
0.021883
0.031396
0.000000
0.010912
0.000000
0.004632
0.062092
0.000000
0.018116
0.021969
0.001467
0.000000
0.001272
0.000000
0.041563
0.000000
0.160070
0.055925
0.002642
0.000000
0.000000
0.000000
0.017612
0.058275
0.091589
0.050582
0.005736
0.000000
0.000000
0.000000
0.036805
0.010320
0.069468
0.020032
0.001456
0.015315
0.000000
0.000000
0.024693
0.000000
0.018408
0.044458
0.006773
0.000000
0.000000
0.000000
0.000000
0.000000
0.000000
0.000000
0.000000
0.000000
0.000000
0.000000
0.000000
0.000000
0.000000
0.000000
0.000000
0.000000
0.000000
0.000000
0.000000
0.000000
0.000000
0.000000
0.000000
0.000000
0.000000
0.000000
0.000000
0.000000
0.000000
0.000000
0.000000
0.000000
0.000000
0.000000
0.000000
0.000000
0.000000
0.000000
0.000000
0.000000
0.000000
0.000000
0.000000
0.000000
0.000000
0.000000
0.000000
0.000000
0.000000
0.000000
0.000000
0.000000
0.000000
0.000000
0.000000
0.000000
0.000000
0.000000
0.000000
0.000000
0.000000
0.000000
0.000000
0.000000
0.000000
0.000000
