0.000000
2.982780
1.455894
0.119064
7.195114
9.482534
4.204172
8.692615
0.063934
0.358672
4.762078
2.175235
2.099788
4.583796
6.866964
7.967349
1.127298
0.480694
2.855322
1.599270
9.793039
4.530109
7.805313
6.500620
1.305860
0.445740
0.076435
6.480126
7.013074
8.538067
1.622418
7.920635
3.537821
2.739617
0.844182
7.054693
8.312417
7.244074
7.773806
7.646551
0.417281
0.925165
4.757775
0.274248
10.099495
4.593513
10.410334
3.506285
1.997046
1.647900
3.211258
1.502367
8.336633
8.510320
7.947708
3.671410
0.115611
3.404992
3.007345
0.168447
4.464849
7.515669
4.678578
7.488098
13.140478
23.170716
14.397380
17.214014
49.692283
35.616123
44.547789
64.382808
16.514283
12.715106
26.085972
16.101445
35.501700
62.089138
59.536409
41.161817
12.073809
23.057697
13.453078
16.392439
55.080720
104.206625
84.524144
32.555950
12.696753
29.584738
10.447930
12.159787
44.409595
72.937719
36.889500
44.608778
25.377383
13.367666
10.472055
18.790927
59.163514
27.841767
43.719305
60.180178
16.242997
12.439993
16.979164
13.046188
52.032839
45.053939
31.260359
79.644588
25.976306
16.182000
9.093330
15.189378
74.050053
37.247558
63.032255
30.676747
10.876029
26.760778
13.799214
19.865677
73.748316
25.245456
34.942634
77.103131
0.063958
0.145813
1.087269
0.291487
4.671090
3.478688
6.851937
6.966037
0.057532
0.609270
0.108885
0.232329
1.661163
6.583967
1.926594
6.805948
0.834627
0.062801
0.824526
3.221538
7.063455
8.396439
1.536169
1.920182
0.147707
0.407245
0.135468
0.223660
2.384297
5.942326
7.149267
1.792068
0.358177
0.085941
0.635222
2.764217
8.974917
5.591621
8.289181
0.980605
0.453987
0.057837
1.828692
0.080301
2.253318
7.118869
1.511011
4.038725
0.420630
0.044986
1.319644
0.494162
8.726185
6.291851
0.993155
5.704036
0.106811
0.266471
0.442175
0.168425
4.088600
6.024560
1.172931
4.266050
12.136223
19.354886
17.050053
9.694020
29.821728
46.333547
49.286831
38.861722
7.300740
12.369973
14.817300
13.862938
51.229270
23.964636
71.562214
26.774111
14.171645
17.408934
10.061588
11.367670
30.474381
52.942247
48.064569
36.816517
17.413941
7.542163
25.584983
8.847168
49.154191
28.171714
28.037888
81.463234
12.193170
28.179236
17.962002
14.154430
45.821297
46.140181
34.756736
56.532225
10.722236
19.113638
14.894636
23.081658
37.225888
60.002636
23.987025
57.580250
18.784080
14.875158
15.519702
13.065116
39.974248
56.654145
37.593019
42.302183
16.839370
9.871700
22.333792
9.751853
28.935192
59.919045
36.880173
40.139391
6.399864
0.814804
0.105499
5.482507
9.509964
6.106970
8.997878
4.034823
0.122037
0.294230
0.937511
5.657551
3.449293
2.938924
8.946786
7.614682
0.474993
6.255351
0.313854
6.686070
7.485368
5.449671
2.755830
13.134573
6.334616
0.070339
0.827596
1.366158
8.152648
3.934728
3.031165
6.689667
0.388543
2.633383
0.701068
5.474778
5.810168
7.613801
6.862357
5.909040
0.086906
6.787819
0.173282
2.213164
9.682655
3.038478
4.739954
5.522675
1.515974
2.098695
0.654360
0.609203
3.928545
9.774126
8.380889
6.559658
1.602034
5.918645
0.583034
0.130470
9.409761
0.709112
9.072049
8.168579
12.144787
29.829803
16.815198
10.083632
54.324773
83.048211
32.937008
83.769541
16.710177
14.123041
26.601531
12.478524
34.694059
60.984636
64.893388
31.849613
8.490854
18.313655
18.758389
9.070371
92.361294
23.218102
45.061947
65.153019
11.524063
12.932769
20.528247
9.468377
31.829078
66.225552
56.988678
19.091989
14.375248
15.391234
12.667002
14.156127
35.055884
93.519000
26.899219
88.496381
20.142656
13.130366
31.917358
5.753820
50.445306
72.107266
41.060494
48.484666
13.537277
24.332886
13.558553
8.545769
30.218183
87.733425
54.713098
39.434316
8.801764
17.929813
24.521142
15.405359
21.834559
90.121125
41.242531
61.162103
0.047383
1.364731
0.204098
2.064180
8.104923
1.007418
2.576576
6.627846
0.135767
1.649910
0.100025
0.177280
2.201197
3.379782
2.302798
0.709764
0.074530
1.271404
0.241359
2.607217
6.714395
3.555655
2.166257
3.571008
0.095178
0.069995
0.464570
1.830499
3.581092
2.385763
2.078796
1.490521
0.525947
1.359802
0.072094
4.632717
2.523737
2.470300
7.223647
6.470754
0.503463
0.102113
0.151932
0.185254
3.366116
5.408998
7.510852
2.424493
2.490479
0.631371
0.768487
0.203140
8.712282
1.521795
6.228940
0.651778
0.107498
0.636426
0.256517
0.256332
1.857595
2.504623
3.287711
3.308455
13.110650
20.683925
9.244522
19.930000
34.473744
63.306539
34.491622
78.687431
17.500705
12.592088
8.819686
10.871288
51.641561
25.177713
35.741634
23.822236
8.386488
24.217131
18.604764
4.551469
84.729105
26.117494
24.546750
75.934569
10.326758
8.916462
7.202766
17.195822
37.370805
35.263566
27.652678
36.156917
9.727135
28.532070
17.005327
12.572692
36.985186
54.080813
22.830775
90.114755
23.067717
9.986896
9.426835
15.686961
47.812895
28.529084
47.311627
54.524905
10.079271
12.569259
16.451239
14.278622
27.663502
56.382723
30.976684
94.736500
21.271552
9.981593
5.608140
14.488880
28.774939
74.731592
26.503183
38.234638
2.575849
2.337016
0.110558
5.440121
4.194602
9.972233
8.375773
6.681946
1.145896
6.810776
0.108530
0.186255
7.787996
3.394215
6.851484
8.423779
0.337393
1.237753
4.846119
3.287729
6.235316
7.408327
8.446873
6.511896
0.091942
4.978455
0.178256
5.493581
7.003158
6.953572
1.820019
7.356801
2.220444
2.893823
4.827662
0.447804
7.343385
8.878225
7.509672
7.649818
2.282944
0.393942
0.312607
1.189288
6.485254
6.646772
0.748724
9.369617
5.895152
1.514014
5.113200
0.337431
8.330021
4.375925
7.799861
6.838122
0.151434
3.585758
0.075027
7.238617
1.996374
6.926489
5.995443
9.135423
26.083748
13.414163
17.959358
11.822625
89.060133
47.890609
73.955263
32.688067
19.417384
13.179592
27.020670
11.073899
38.538077
68.552313
46.129859
41.030766
17.835906
9.733692
9.802959
18.927497
34.355452
88.060263
45.175230
53.799019
18.189234
8.734784
20.597816
12.003009
32.197759
66.117447
40.616481
61.547519
15.043997
22.040109
13.782453
15.920031
25.624327
78.528798
83.357231
42.646542
10.852687
21.970453
12.548388
18.441103
91.598219
65.073870
33.968855
91.277538
23.574180
11.139662
12.044743
27.422544
46.404422
47.372217
38.200489
72.702488
15.912917
16.954970
16.277688
9.779860
51.125036
98.077055
31.644925
101.298508
0.088943
0.318533
0.602624
1.809883
1.992262
7.538545
1.365200
7.503551
0.254344
0.076864
0.085227
0.713631
7.345706
2.695458
0.675559
4.107027
0.446446
1.691883
0.092589
0.108688
8.857264
5.663957
6.530363
0.969413
0.049941
1.128722
0.088462
0.205002
5.056226
2.885172
2.055320
4.054945
0.646630
0.481397
0.773965
0.598865
5.244438
5.992642
6.673820
6.845290
0.100254
0.443619
0.773860
0.072221
6.573625
4.146814
1.797731
5.060795
1.078891
1.605877
0.080373
0.784383
8.033509
0.857560
7.481715
2.210222
0.083080
1.083862
0.076904
0.061593
6.607281
0.568192
3.233554
6.650754
16.426400
6.720580
15.816958
9.229880
40.057278
48.162930
38.463389
60.613603
12.889881
15.055520
8.046803
14.420486
92.281408
35.399719
38.782022
75.260372
9.413325
31.848400
12.148330
10.420652
49.316761
53.793622
36.060228
44.406014
8.503010
25.569131
11.268327
15.948044
31.437052
45.066366
41.671089
59.306648
11.730349
14.311373
11.592023
15.419558
36.458778
70.977330
69.417283
22.731069
7.520259
23.808381
16.666822
13.791827
34.430675
64.969833
20.192730
73.839167
28.586061
9.712242
11.480369
18.130934
45.638316
86.028723
43.474913
40.901530
16.648897
7.266836
16.906934
14.560136
39.452428
58.917684
46.811698
43.115539
0.939249
6.061941
0.250934
1.388783
10.443708
6.291889
7.778693
3.840010
1.669056
0.205675
0.279111
6.731889
3.738973
2.652527
9.618562
5.336904
1.151439
6.559973
0.080597
3.617232
2.751604
11.816320
3.531859
6.432288
0.419911
2.296226
5.567384
0.167659
4.151503
0.518635
7.063335
6.077283
0.745149
0.653349
6.792588
0.497385
8.826480
1.694015
10.360813
6.221298
0.857968
5.374843
0.123869
3.002858
5.849911
10.225352
1.649007
6.851400
3.240257
1.111320
5.485974
0.349557
3.287400
7.816327
4.613908
12.380223
6.850948
1.417793
0.750244
0.251321
6.802495
8.718977
2.692399
6.480206
10.899161
20.126659
9.486892
16.095208
62.543038
34.273952
32.769006
81.630702
9.987138
21.884358
14.040489
11.388596
39.522531
44.955103
78.402988
44.935641
8.883061
19.837181
10.250463
15.502136
69.028366
26.044547
54.331267
33.209853
27.140709
4.951186
27.905719
11.956486
43.220183
48.259425
107.505328
25.051942
22.796003
7.812358
12.041588
21.139219
44.402445
78.790648
31.603195
48.254261
18.432228
18.222928
7.798183
14.819338
33.970252
70.881136
44.963291
32.687194
8.693334
18.120719
9.873320
18.190773
37.173125
81.218369
35.114355
91.560045
9.413576
18.018175
21.904483
10.695670
60.079802
29.959475
57.670073
79.513698
0.055732
1.401855
5.571346
0.237081
2.777947
1.222981
3.101688
6.459952
2.173815
0.093830
0.127374
0.465621
1.252982
7.647225
2.825514
0.760378
0.362433
0.160402
4.718882
0.577354
2.976256
2.679300
4.744861
1.270264
0.050152
1.578677
0.230604
1.004369
1.870515
7.299813
1.428311
2.093578
0.262791
5.340110
0.187071
0.070006
1.044575
4.689535
2.933947
8.391000
0.461448
0.163265
0.136268
0.075775
1.064099
2.592598
3.266065
5.103919
1.012993
2.026485
1.202340
0.158071
5.983007
0.573309
6.943598
2.449738
0.498069
1.727328
0.247781
0.053292
0.621740
2.211602
2.281285
2.888116
16.732881
14.850031
12.305722
12.289864
31.420870
78.551673
38.842016
43.674014
18.577645
12.379639
14.825134
8.582342
28.133950
41.765361
28.093733
49.334180
17.503834
7.079988
10.717507
9.174723
59.937969
39.431878
93.656944
17.646670
8.101518
15.928158
13.216394
7.688552
25.496941
59.516309
32.145241
26.365461
9.897204
17.420103
7.734528
30.641345
24.979408
96.044492
28.171669
69.602489
16.295163
9.449797
18.660534
9.521802
57.147231
31.285603
44.902998
38.380011
13.918853
19.749989
11.361480
13.339747
79.489430
34.484859
34.549047
48.760036
5.011553
17.126367
12.392802
13.985656
67.796550
29.087286
47.846242
44.483142
0.053356
0.055108
0.081828
0.714037
0.015312
0.004147
0.026708
0.012229
0.606910
0.244414
0.049261
0.062427
0.071054
0.022703
0.005909
0.003052
0.140354
0.263774
0.033542
0.117310
0.001308
0.039914
0.020016
0.012948
0.063047
0.162813
1.455737
0.029853
0.013864
0.000000
0.054760
0.011913
0.034812
0.059782
0.169081
0.045274
0.011979
0.014002
0.009827
0.012611
0.082608
0.090152
0.056289
0.162774
0.001236
0.015543
0.000000
0.038960
0.070031
0.087476
0.046302
0.068656
0.006835
0.006888
0.013283
0.058000
0.573256
0.048792
0.038742
0.176183
0.031657
0.009139
0.013958
0.005837
0.003551
0.000000
0.000000
0.000000
0.000000
0.000000
0.000000
0.000000
0.000000
0.000000
0.000000
0.000000
0.000000
0.000000
0.000000
0.000000
0.002150
0.000000
0.000000
0.000001
0.000000
0.000000
0.000000
0.000000
0.000000
0.000000
0.000000
0.006762
0.000000
0.000000
0.000000
0.000000
0.000000
0.000000
0.005477
0.000000
0.000000
0.000000
0.000000
0.000000
0.000001
0.004171
0.000000
0.000000
0.000000
0.000000
0.000000
0.000000
0.000000
0.000000
0.010538
0.000000
0.000000
0.000000
0.000000
0.000000
0.009899
0.000000
0.000327
0.000000
0.000000
0.000000
0.000000
0.000000
0.068394
0.058685
0.018587
0.041876
0.013483
0.006132
0.004279
0.011634
0.040144
0.050581
0.070642
0.030758
0.008536
0.000433
0.006009
0.000000
0.044586
0.367934
0.066971
0.008622
0.003730
0.000000
0.007184
0.023350
0.062095
0.017206
0.058977
0.052508
0.006848
0.000000
0.000315
0.009548
0.046335
0.229073
0.063799
0.019554
0.000000
0.007115
0.011697
0.015086
0.018187
0.063629
0.017089
0.069640
0.005821
0.000000
0.008059
0.001658
0.051591
0.575700
0.056997
0.051503
0.000000
0.001919
0.038772
0.003867
0.066311
0.046148
0.047896
0.037550
0.004696
0.000000
0.006962
0.001286
0.000000
0.000002
0.000000
0.000000
0.000000
0.000000
0.000000
0.000000
0.000000
0.000000
0.000000
0.000000
0.000000
0.000000
0.000000
0.000000
0.000009
0.000000
0.000000
0.000000
0.000000
0.000000
0.000000
0.000000
0.000000
0.000000
0.000000
0.000000
0.000000
0.000000
0.000000
0.000000
0.000000
0.000000
0.000000
0.000000
0.000000
0.000000
0.000000
0.000000
0.000000
0.000000
0.000000
0.000000
0.000000
0.000000
0.000000
0.000000
0.000000
0.000000
0.000000
0.000428
0.000000
0.000000
0.000000
0.000000
0.000000
0.000000
0.000000
0.000000
0.000000
0.000000
0.000000
0.000000
0.029344
0.256995
1.960645
0.074239
0.005259
0.036944
0.012258
0.017072
0.304789
0.352962
0.174805
0.053956
0.036532
0.027981
0.000603
0.016662
0.484460
0.018183
0.515952
0.029346
0.013258
0.008530
0.046357
0.003897
0.018333
2.497614
0.197778
0.139430
0.016503
0.034184
0.014081
0.001902
0.384585
0.062926
0.231711
0.031758
0.039737
0.012302
0.025929
0.034375
0.785873
0.027384
0.495911
0.056253
0.000001
0.029156
0.025498
0.032637
0.134785
0.135656
0.219914
0.361671
0.038926
0.029191
0.043857
0.007275
0.078647
0.023177
0.332204
0.350508
0.011165
0.098942
0.000700
0.013793
0.000027
0.000000
0.000000
0.010932
0.000000
0.000000
0.000000
0.000000
0.002241
0.000000
0.000000
0.000077
0.000000
0.000000
0.000000
0.000000
0.010403
0.000000
0.000000
0.000622
0.000000
0.000000
0.000000
0.000000
0.000000
0.000000
0.000000
0.025402
0.000191
0.000000
0.000000
0.003760
0.000322
0.000000
0.001441
0.000264
0.000000
0.000000
0.000000
0.000000
0.000000
0.000000
0.000000
0.028412
0.000000
0.000000
0.000000
0.000000
0.000964
0.000000
0.000000
0.015641
0.000000
0.000000
0.000000
0.000000
0.024964
0.000000
0.000375
0.000196
0.002293
0.000000
0.000000
0.000000
0.111920
0.054505
0.277927
0.053702
0.000539
0.014761
0.006163
0.007098
0.065037
0.017666
0.055315
0.059632
0.011148
0.001016
0.002479
0.008060
0.295143
0.107367
0.033928
0.066255
0.008476
0.012240
0.004971
0.011888
0.061406
0.242524
0.061543
0.017709
0.003120
0.001475
0.016286
0.005527
0.056178
0.051667
0.650436
0.011043
0.003947
0.014506
0.000565
0.004302
0.057376
0.056839
0.063510
0.017791
0.005338
0.000073
0.000000
0.008671
0.019120
0.278933
0.131621
0.067463
0.000299
0.015145
0.012222
0.015230
0.030269
0.059387
0.052328
0.068642
0.003002
0.014504
0.001038
0.004310
0.000032
0.000000
0.006339
0.000000
0.000000
0.000000
0.000000
0.000000
0.000000
0.000000
0.000003
0.000047
0.000000
0.000000
0.000000
0.000000
0.001017
0.000000
0.000002
0.000479
0.000000
0.000000
0.000000
0.000000
0.000052
0.000511
0.000002
0.000000
0.000000
0.000000
0.000000
0.000000
0.000000
0.000000
0.000000
0.000000
0.000000
0.000000
0.000000
0.000000
0.000000
0.000324
0.000001
0.000000
0.000000
0.000000
0.000000
0.000000
0.000345
0.000000
0.000127
0.000000
0.000000
0.000000
0.000000
0.000000
0.000000
0.000000
0.000572
0.000000
0.000000
0.000000
0.000000
0.000000
0.034260
0.039806
0.814350
0.051775
0.021661
0.011552
0.006370
0.011784
0.075534
0.017498
0.505472
0.124456
0.001626
0.042421
0.032673
0.007459
0.397235
0.135109
0.048326
0.080717
0.016849
0.012951
0.004351
0.041625
0.685044
0.045580
0.392867
0.020307
0.015423
0.001265
0.063334
0.011876
0.041817
0.062386
0.052924
0.265682
0.015502
0.010647
0.031113
0.007632
0.046614
0.086935
0.165761
0.039995
0.031459
0.005744
0.102842
0.002672
0.044587
0.066769
0.061732
0.352606
0.010456
0.035570
0.005050
0.024165
0.302239
0.052097
1.958200
0.017801
0.045432
0.013697
0.015692
0.000835
0.000000
0.000414
0.000000
0.000000
0.000000
0.000000
0.000000
0.000000
0.001265
0.000000
0.000000
0.000000
0.000000
0.000000
0.000000
0.000000
0.000000
0.000000
0.007705
0.000585
0.000000
0.000000
0.000000
0.000000
0.000000
0.026456
0.000000
0.001776
0.000000
0.000000
0.000000
0.000000
0.000000
0.000000
0.000000
0.000000
0.000000
0.000000
0.000000
0.000000
0.000000
0.000331
0.000000
0.000000
0.000000
0.000000
0.000000
0.000000
0.000000
0.002275
0.000000
0.000000
0.000000
0.000000
0.000000
0.000000
0.000000
0.000000
0.001108
0.000000
0.000000
0.000000
0.000000
0.000000
0.094343
0.035163
0.071386
0.017430
0.005102
0.007430
0.021969
0.000389
0.053261
0.058239
0.047110
0.013693
0.000700
0.003848
0.016705
0.001388
0.023188
0.029184
0.444243
0.039312
0.000000
0.006906
0.012562
0.007673
0.078391
0.017622
0.039767
0.052244
0.002089
0.003546
0.002998
0.002979
0.019280
0.060954
0.063997
0.018406
0.012694
0.009895
0.001113
0.010710
0.065502
0.050964
0.044832
0.082670
0.000000
0.006598
0.005898
0.000000
0.009106
0.058170
0.382738
0.018620
0.004909
0.016169
0.000000
0.025091
0.044455
0.018754
0.082994
0.057873
0.000000
0.016303
0.016656
0.000000
0.000000
0.000603
0.000000
0.000000
0.000000
0.000000
0.000000
0.000000
0.000000
0.000000
0.000000
0.000000
0.000000
0.000000
0.000000
0.000000
0.000000
0.000000
0.000000
0.000020
0.000000
0.000000
0.000000
0.000000
0.000000
0.000000
0.000000
0.000000
0.000000
0.000000
0.000000
0.000000
0.000001
0.000000
0.000000
0.000000
0.000000
0.000000
0.000000
0.000000
0.000000
0.000000
0.000000
0.000000
0.000000
0.000000
0.000000
0.000000
0.000000
0.003060
0.000000
0.000403
0.000000
0.000000
0.000000
0.000000
0.000000
0.000000
0.000000
0.000000
0.000000
0.000000
0.000000
0.000000
0.125768
0.029712
0.616268
0.079837
0.008374
0.024327
0.014935
0.027829
0.080390
0.570823
0.316347
0.018441
0.025150
0.038454
0.001377
0.015541
0.304303
0.018991
3.008558
0.055752
0.027194
0.013591
0.025122
0.014058
0.437623
0.055933
0.058088
0.486333
0.013304
0.329658
0.017002
0.003334
0.195359
0.294993
0.019836
0.219453
0.004391
0.064394
0.000403
0.015778
0.094217
0.059540
0.501002
0.048317
0.015629
0.000447
0.062421
0.001478
0.046027
0.311994
0.018967
0.906661
0.051472
0.014454
0.041073
0.011164
0.048610
0.269489
0.197755
0.404665
0.031315
0.009897
0.015447
0.008600
0.000000
0.000000
0.004729
0.000000
0.000000
0.000000
0.000000
0.000000
0.000001
0.000000
0.004919
0.016333
0.000000
0.000000
0.000000
0.000000
0.009911
0.000000
0.010747
0.000002
0.000000
0.000000
0.000000
0.000000
0.000000
0.027490
0.000000
0.000394
0.000000
0.000000
0.000000
0.001420
0.000000
0.010930
0.000003
0.000000
0.000000
0.000000
0.000000
0.000000
0.000000
0.000000
0.028385
0.000401
0.000000
0.000000
0.000000
0.000000
0.004772
0.000000
0.001434
0.000000
0.000000
0.000000
0.000000
0.000000
0.000190
0.000000
0.000000
0.023877
0.000000
0.000000
0.000000
0.000000
0.094041
0.031821
0.008972
0.091513
0.014581
0.007277
0.008279
0.000731
0.017887
0.076968
0.029860
0.059634
0.006594
0.000000
0.005487
0.009480
0.068507
0.074117
0.033760
0.053537
0.006513
0.014572
0.000018
0.037481
0.072007
0.019333
0.048030
0.033773
0.005353
0.000522
0.005522
0.008591
0.057666
0.018225
0.098614
0.071533
0.037819
0.004999
0.006599
0.000808
0.046573
0.039003
0.042630
0.056527
0.007808
0.001006
0.007283
0.000662
0.040235
0.056695
0.086136
0.052877
0.002945
0.014037
0.000000
0.015680
0.035712
0.019475
0.046223
0.053333
0.022727
0.001657
0.015917
0.004016
0.000000
0.000196
0.000000
0.000000
0.000000
0.000000
0.000000
0.000000
0.000000
0.000000
0.000000
0.000342
0.000000
0.000000
0.000000
0.000000
0.000000
0.010988
0.002107
0.000362
0.000000
0.000000
0.000000
0.000000
0.000006
0.000000
0.000000
0.000361
0.000000
0.000000
0.000000
0.000000
0.000000
0.000000
0.009928
0.000000
0.000000
0.000000
0.000000
0.000000
0.000000
0.000005
0.000000
0.000345
0.000000
0.000000
0.000000
0.000000
0.000000
0.000435
0.000984
0.000000
0.000000
0.000000
0.000000
0.000000
0.000520
0.000000
0.000000
0.000073
0.000000
0.000000
0.000000
0.000000
