0.000000
0.234799
0.177780
0.029508
1.786014
2.753918
0.450473
2.667986
0.000000
0.093846
0.285619
0.114409
0.345632
0.638756
0.614046
2.629499
0.256795
0.062601
0.219342
0.211331
2.795938
0.509608
1.392992
1.388444
0.058541
0.220290
0.000000
0.353534
1.008665
2.137367
0.282868
1.503607
0.332807
0.232543
0.150381
0.617525
2.934348
2.399365
2.175968
3.014366
0.091459
0.033102
0.313336
0.026894
3.171848
0.523306
4.270474
0.462257
0.166909
0.321410
0.220686
0.142484
2.604464
2.406928
2.173679
0.367957
0.004209
0.258639
0.194979
0.015997
0.606551
1.225619
0.879213
2.284297
5.414010
13.461523
8.790402
10.474245
23.449955
15.398609
19.302870
25.926313
5.879454
5.195891
11.197539
6.414979
14.812720
23.986497
24.918238
23.283509
4.837223
12.467694
8.154339
10.260199
21.428852
33.105775
42.747413
19.616936
3.541999
15.545414
5.775180
5.771581
19.959469
26.726697
18.749575
27.513195
11.729667
6.426833
4.817504
9.851091
24.493644
18.175877
17.067955
26.120416
6.711520
5.270147
6.511034
5.283648
20.277398
22.707508
17.711730
29.263978
11.459848
6.063080
4.389262
7.399826
32.878325
21.568142
26.351414
13.462981
4.628750
12.961364
5.661623
9.538266
40.592070
14.349828
16.362720
23.462517
0.000000
0.002691
0.077869
0.000345
0.478438
0.258988
0.513737
0.819962
0.000000
0.022797
0.000000
0.014861
0.163419
0.669016
0.295398
0.702848
0.181454
0.000000
0.010776
0.211776
0.688186
1.140584
0.238258
0.256761
0.004191
0.032349
0.000807
0.000000
0.377080
0.555241
0.717489
0.198497
0.065387
0.000000
0.006835
0.143617
1.621644
0.307579
0.768329
0.210414
0.070087
0.000000
0.172659
0.000000
0.299569
0.650841
0.228938
0.468845
0.033254
0.000000
0.067176
0.008123
1.205733
0.600100
0.143623
0.694754
0.000000
0.013926
0.021039
0.000000
0.309898
0.673092
0.200382
0.522623
3.275537
6.033702
6.842490
1.651331
13.819798
22.047963
19.281831
17.656781
0.698534
3.960500
3.438944
4.658571
21.951127
10.471928
25.107745
6.559461
4.640975
4.060668
2.824066
4.675451
13.530009
26.157561
17.159447
15.303220
4.967240
1.079137
7.410761
0.899855
19.913013
15.479355
7.933886
24.781600
4.584354
13.465217
7.781595
4.909189
17.783469
19.996755
17.745906
27.826575
2.968690
5.742811
3.260145
5.723337
16.070995
26.028653
11.892663
19.610339
6.251580
3.521634
6.116183
6.463149
14.600159
25.783795
20.985000
21.456245
5.991227
1.549652
4.324683
2.922293
12.928892
18.922605
17.430406
22.478852
0.602410
0.030473
0.000000
0.356700
2.354995
0.748450
1.707887
0.441142
0.005793
0.103186
0.022473
0.250340
0.485305
0.430411
2.982469
1.083752
0.003769
0.908265
0.004497
0.945824
1.520758
0.875063
0.312360
3.184890
0.416032
0.000000
0.005584
0.214370
0.941707
0.789899
0.566173
2.039453
0.014704
0.127492
0.221907
0.644149
0.671728
2.226056
0.961188
0.697849
0.000000
0.539393
0.026916
0.097270
2.410495
0.505452
0.326442
1.980603
0.223494
0.082342
0.015986
0.075337
0.577532
3.195624
1.873111
1.414028
0.061915
0.582462
0.057801
0.003208
2.684916
0.085812
4.597818
0.687468
4.569871
12.819439
11.395783
2.816880
20.435984
55.770530
21.721378
29.397344
9.840409
5.228272
11.892497
6.265250
20.306878
21.870036
23.681173
19.135203
3.890136
13.360969
12.079511
4.931163
28.051880
18.286494
17.730698
40.751100
2.891940
8.410574
7.831288
3.882235
12.528488
42.796759
40.110867
11.550506
5.555653
9.704250
8.450040
4.856330
18.677223
25.807144
19.891086
45.334550
6.515627
4.207713
11.887500
2.451538
27.641380
25.330889
18.025517
33.352788
5.293519
17.152864
9.608402
4.937605
17.105464
23.415048
39.661686
19.137697
4.138920
11.151839
9.722811
4.837094
11.359661
27.523667
22.501772
54.723242
0.000000
0.052512
0.000142
0.107860
2.631740
0.117433
0.442772
0.537904
0.000000
0.182900
0.000000
0.000000
0.233193
0.669994
0.339288
0.122149
0.000000
0.081890
0.000000
0.065083
0.480960
0.697214
0.149442
0.698571
0.000000
0.000000
0.010332
0.237721
0.497680
0.233400
0.265922
0.180395
0.023553
0.056025
0.000000
0.298431
0.443165
0.429236
0.884186
0.537730
0.017426
0.000000
0.000000
0.005450
0.370660
0.723807
0.650767
0.442447
0.201402
0.000000
0.020929
0.000000
1.580840
0.083006
0.696427
0.109471
0.000000
0.019263
0.000000
0.000260
0.247057
0.458860
0.336673
0.402193
6.108824
6.454024
3.289867
7.203078
13.299734
21.489666
19.513044
44.326472
5.652430
1.865661
2.741228
3.750530
23.123316
10.559881
22.272509
9.120493
1.187433
15.280475
9.171786
0.951416
52.404241
12.691722
13.381319
21.151375
3.432537
1.276372
1.004957
6.034750
14.217866
12.906469
16.541578
29.380600
2.756031
10.911875
4.875549
5.650960
14.902919
18.334603
8.917166
46.667456
7.499468
1.070499
2.202271
5.844499
17.771408
13.611631
15.644080
36.003920
5.915846
4.376773
6.213165
4.120441
17.798844
17.926113
15.852000
28.817409
9.152127
2.061217
0.966124
5.373759
16.214106
18.637488
17.878667
15.034222
0.194211
0.291801
0.021211
0.490121
0.436467
3.159918
3.029392
1.603065
0.053434
0.545208
0.010027
0.038752
2.089516
0.503750
0.853499
1.822643
0.019042
0.259879
0.478755
0.226706
1.714677
2.420173
2.841315
0.437060
0.000000
0.319107
0.052686
0.287177
0.792214
1.037163
0.316162
1.745777
0.174398
0.278859
0.497086
0.074269
0.800089
2.844358
2.115913
2.187346
0.175323
0.072914
0.143832
0.051676
2.530265
1.817332
0.229863
3.177077
1.657332
0.102159
0.343779
0.047698
2.354251
0.590999
3.134883
0.929768
0.006817
0.311081
0.000000
0.371865
0.428386
0.674443
0.440949
2.075955
10.143917
7.454938
9.617891
7.739260
47.538303
18.776386
23.722288
18.837261
7.449245
4.814846
10.422216
3.340193
19.985955
25.176559
28.816167
15.566777
10.271934
6.542580
2.869708
10.110776
15.682145
25.928747
23.229706
33.629963
7.454422
3.801912
9.395396
3.896711
13.926923
50.563620
20.384300
28.197344
5.489145
13.089002
7.593756
13.180133
16.794334
32.928175
23.770492
23.281983
3.206483
8.242329
4.773240
6.977561
50.842581
19.598488
22.945530
39.162877
10.293892
7.421109
5.472704
13.585642
25.182205
16.769273
15.763038
51.661361
7.036446
8.365868
8.053837
3.952602
20.101964
61.909892
20.278823
24.405803
0.000000
0.060202
0.003683
0.148294
0.388540
0.478304
0.259161
1.144757
0.004362
0.000000
0.000000
0.099870
0.659010
0.484972
0.121050
0.486199
0.010549
0.099585
0.000000
0.002009
2.955224
0.341787
0.571276
0.210898
0.000000
0.109533
0.000000
0.000423
0.555995
0.482114
0.332580
0.427558
0.130635
0.012457
0.025588
0.199296
0.513084
0.325571
0.592556
1.007604
0.000000
0.009712
0.102104
0.000000
0.673654
0.322856
0.349364
0.663307
0.078731
0.112417
0.000000
0.136445
0.773834
0.139991
1.154605
0.284794
0.000000
0.124291
0.000000
0.000000
1.086417
0.088757
0.299796
0.739173
5.250804
0.990783
6.511558
1.549424
20.876636
19.804491
20.747817
18.820153
1.781616
6.492191
0.791090
3.261503
39.252106
18.652492
13.292097
29.577538
2.595047
13.046417
5.033267
2.168950
25.805869
25.752825
12.941161
22.768575
1.465857
6.489962
1.527737
3.768219
17.925077
14.293377
17.400856
25.580120
4.522354
3.381644
3.533689
6.037698
14.405753
36.948298
21.106734
15.020669
0.893788
5.068537
5.585555
2.102853
11.109278
21.678488
7.426105
32.749133
11.900919
1.805260
3.973418
8.895768
20.511869
21.824094
22.718906
25.602914
4.368195
0.786800
2.697824
2.857283
18.608572
17.218069
28.256102
16.433964
0.061759
0.915684
0.105419
0.119170
2.933945
1.359914
1.861277
0.411230
0.062153
0.014338
0.050100
0.403003
0.661457
0.392161
2.186539
0.392210
0.040900
1.033121
0.000000
0.419799
0.346092
2.711042
0.354238
1.248202
0.004682
0.085431
0.408789
0.003443
0.917104
0.060694
0.540286
2.044293
0.032739
0.094690
0.494638
0.175307
5.996907
0.148696
3.512912
0.808013
0.127726
0.461774
0.005241
0.180016
0.868158
2.573128
0.304696
2.662170
0.256648
0.195442
1.142114
0.005273
0.438890
2.077482
0.831368
3.778731
0.472370
0.061488
0.159762
0.016502
2.801023
0.897486
0.559543
0.860012
5.887802
6.986745
6.207034
8.475846
43.318656
13.753713
16.803647
32.350125
6.366117
10.347508
5.100525
3.240370
27.856273
21.603314
40.120614
15.962880
5.089118
11.401727
3.316257
11.264025
49.662303
11.797777
23.125378
18.616980
12.971980
1.467070
10.026385
3.736297
18.118536
43.310156
52.559363
11.289806
10.461383
5.501361
4.935287
11.376647
21.797333
19.962448
15.679320
37.123977
7.238981
6.017272
3.480423
8.147656
15.731838
51.206613
23.653169
11.705898
5.759643
10.216308
5.368370
16.860034
19.593106
40.205256
30.883469
21.334225
4.502132
13.076486
9.046293
6.556283
64.226061
12.155088
30.522108
31.161834
0.000000
0.153448
0.345730
0.000000
0.435157
0.139370
0.210211
0.642146
0.134395
0.000000
0.000000
0.014084
0.230971
0.754269
0.436762
0.094681
0.006057
0.005459
0.180676
0.000367
0.600834
0.174588
0.556909
0.137075
0.000000
0.174151
0.004689
0.029236
0.173326
0.646999
0.174363
0.392797
0.000000
0.318125
0.003347
0.000000
0.131231
0.704508
0.268887
2.344434
0.015588
0.000127
0.000000
0.000000
0.155380
0.556978
0.365678
0.710795
0.066690
0.076644
0.040293
0.000000
0.552642
0.081492
1.033623
0.407740
0.007897
0.226923
0.007365
0.000000
0.126163
0.185600
0.297246
0.608151
4.977835
4.153949
5.445312
3.536889
12.274739
27.435589
17.974941
36.070070
5.710462
2.072819
7.001920
1.420710
19.001669
17.178559
11.257175
13.943295
5.528891
0.966335
4.605156
3.065572
15.860550
22.325633
62.200373
12.016811
1.021639
6.082052
3.269069
1.518685
11.511205
15.155072
28.345520
13.052108
1.907041
4.902810
2.895048
9.498613
21.891292
42.409489
11.260863
26.875405
5.541217
2.706519
4.416668
1.430282
15.792786
15.650978
17.301550
28.429011
2.912505
11.338861
3.056283
6.179973
18.853919
18.333244
26.371558
22.337375
0.815802
7.364995
3.038525
5.038845
16.445169
28.042539
20.491341
23.674889
0.000000
0.000000
0.000000
0.044385
0.000000
0.000000
0.000000
0.000000
0.005594
0.001223
0.000000
0.000000
0.000000
0.000000
0.000000
0.000000
0.000000
0.040580
0.000000
0.000000
0.000000
0.000000
0.000000
0.000000
0.000000
0.000000
0.086574
0.000000
0.000000
0.000000
0.000000
0.000000
0.000000
0.000000
0.009056
0.000000
0.000000
0.000000
0.000000
0.000000
0.000000
0.001757
0.000000
0.000000
0.000000
0.000000
0.000000
0.000000
0.000762
0.000000
0.000000
0.001628
0.000000
0.000000
0.000000
0.000000
0.001256
0.000000
0.000000
0.000000
0.000000
0.000000
0.000000
0.000000
0.000000
0.000000
0.000000
0.000000
0.000000
0.000000
0.000000
0.000000
0.000000
0.000000
0.000000
0.000000
0.000000
0.000000
0.000000
0.000000
0.000000
0.000000
0.000000
0.000000
0.000000
0.000000
0.000000
0.000000
0.000000
0.000000
0.000000
0.000000
0.000000
0.000000
0.000000
0.000000
0.000000
0.000000
0.000000
0.000000
0.000000
0.000000
0.000000
0.000000
0.000000
0.000000
0.000000
0.000000
0.000000
0.000000
0.000000
0.000000
0.000000
0.000000
0.000000
0.000000
0.000000
0.000000
0.000000
0.000000
0.000000
0.000000
0.000000
0.000000
0.000000
0.000000
0.000000
0.000000
0.000000
0.000000
0.000000
0.000000
0.000000
0.000000
0.000000
0.000000
0.000000
0.000000
0.000000
0.000000
0.000000
0.000000
0.000000
0.000000
0.000000
0.000000
0.000000
0.000000
0.000000
0.000000
0.000000
0.000000
0.000000
0.000000
0.000000
0.000000
0.000000
0.000000
0.000000
0.000000
0.000000
0.000000
0.000000
0.000000
0.000000
0.000000
0.000000
0.000000
0.000000
0.000000
0.000000
0.000000
0.000000
0.000000
0.000000
0.000000
0.000000
0.005151
0.000000
0.000000
0.000000
0.000000
0.000000
0.000000
0.000000
0.000000
0.000000
0.000000
0.000000
0.000000
0.000000
0.000000
0.000000
0.000000
0.000000
0.000000
0.000000
0.000000
0.000000
0.000000
0.000000
0.000000
0.000000
0.000000
0.000000
0.000000
0.000000
0.000000
0.000000
0.000000
0.000000
0.000000
0.000000
0.000000
0.000000
0.000000
0.000000
0.000000
0.000000
0.000000
0.000000
0.000000
0.000000
0.000000
0.000000
0.000000
0.000000
0.000000
0.000000
0.000000
0.000000
0.000000
0.000000
0.000000
0.000000
0.000000
0.000000
0.000000
0.000000
0.000000
0.000000
0.000000
0.000000
0.000000
0.000000
0.000000
0.000000
0.000000
0.000000
0.000000
0.000000
0.000000
0.000000
0.000000
0.000000
0.000000
0.000000
0.076442
0.152789
0.000000
0.000000
0.000000
0.000000
0.000000
0.000000
0.000000
0.000000
0.000000
0.000000
0.000000
0.000000
0.000000
0.137753
0.000000
0.170863
0.000000
0.000000
0.000000
0.000000
0.000000
0.000000
0.116002
0.000000
0.000000
0.000000
0.000000
0.000000
0.000000
0.118290
0.000000
0.000000
0.000000
0.000000
0.000000
0.000000
0.000000
0.017267
0.000000
0.002891
0.000000
0.000000
0.000000
0.000000
0.000000
0.000000
0.000000
0.081876
0.000000
0.000000
0.000000
0.000000
0.000000
0.000000
0.000000
0.000000
0.000000
0.000000
0.000000
0.000000
0.000000
0.000000
0.000000
0.000000
0.000000
0.000000
0.000000
0.000000
0.000000
0.000000
0.000000
0.000000
0.000000
0.000000
0.000000
0.000000
0.000000
0.000000
0.000000
0.000000
0.000000
0.000000
0.000000
0.000000
0.000000
0.000000
0.000000
0.000000
0.000000
0.000000
0.000000
0.000000
0.000000
0.000000
0.000000
0.000000
0.000000
0.000000
0.000000
0.000000
0.000000
0.000000
0.000000
0.000000
0.000000
0.000000
0.000000
0.000000
0.000000
0.000000
0.000000
0.000000
0.000000
0.000000
0.000000
0.000000
0.000000
0.000000
0.000000
0.000000
0.000000
0.000000
0.000000
0.000000
0.000000
0.000000
0.000000
0.000000
0.000000
0.000000
0.000000
0.000000
0.000000
0.000000
0.000000
0.000000
0.000000
0.000000
0.000000
0.000000
0.000000
0.000000
0.000000
0.000000
0.000000
0.000000
0.000000
0.000000
0.000000
0.000000
0.000000
0.000000
0.000000
0.000000
0.000000
0.000000
0.000000
0.000000
0.000000
0.010838
0.000000
0.000000
0.000000
0.000000
0.000000
0.000000
0.000000
0.000000
0.000000
0.000000
0.000000
0.000000
0.000000
0.000000
0.000000
0.000000
0.000000
0.000000
0.000000
0.000000
0.000000
0.000000
0.000000
0.000000
0.000000
0.000000
0.000000
0.000000
0.000000
0.000000
0.000000
0.000000
0.000000
0.000000
0.000000
0.000000
0.000000
0.000000
0.000000
0.000000
0.000000
0.000000
0.000000
0.000000
0.000000
0.000000
0.000000
0.000000
0.000000
0.000000
0.000000
0.000000
0.000000
0.000000
0.000000
0.000000
0.000000
0.000000
0.000000
0.000000
0.000000
0.000000
0.000000
0.000000
0.000000
0.000000
0.000000
0.000000
0.000000
0.000000
0.000000
0.000000
0.000000
0.000000
0.000000
0.000000
0.000000
0.000000
0.000000
0.000000
0.000000
0.000000
0.000000
0.000000
0.000000
0.000000
0.000000
0.000000
0.000000
0.000000
0.000000
0.000000
0.000000
0.000000
0.000000
0.067912
0.000000
0.000000
0.000000
0.000000
0.000000
0.000000
0.000000
0.008228
0.000000
0.000000
0.000000
0.000000
0.000000
0.096003
0.000000
0.000000
0.000000
0.000000
0.000000
0.000000
0.000000
0.002512
0.000000
0.010015
0.000000
0.000000
0.000000
0.000000
0.000000
0.000000
0.000000
0.000000
0.014121
0.000000
0.000000
0.000000
0.000000
0.000000
0.000000
0.000000
0.000000
0.000000
0.000000
0.000000
0.000000
0.000000
0.000000
0.000000
0.027481
0.000000
0.000000
0.000000
0.000000
0.000000
0.000000
0.137858
0.000000
0.000000
0.000000
0.000000
0.000000
0.000000
0.000000
0.000000
0.000000
0.000000
0.000000
0.000000
0.000000
0.000000
0.000000
0.000000
0.000000
0.000000
0.000000
0.000000
0.000000
0.000000
0.000000
0.000000
0.000000
0.000000
0.000000
0.000000
0.000000
0.000000
0.000000
0.000000
0.000000
0.000000
0.000000
0.000000
0.000000
0.000000
0.000000
0.000000
0.000000
0.000000
0.000000
0.000000
0.000000
0.000000
0.000000
0.000000
0.000000
0.000000
0.000000
0.000000
0.000000
0.000000
0.000000
0.000000
0.000000
0.000000
0.000000
0.000000
0.000000
0.000000
0.000000
0.000000
0.000000
0.000000
0.000000
0.000000
0.000000
0.000000
0.000000
0.000000
0.000000
0.000000
0.000000
0.000000
0.000000
0.000000
0.000000
0.000000
0.000000
0.000000
0.000000
0.000000
0.000000
0.000000
0.000000
0.000000
0.000000
0.000000
0.000000
0.000000
0.000000
0.000000
0.000000
0.000000
0.000000
0.000000
0.000000
0.000000
0.000000
0.000000
0.000000
0.000000
0.000000
0.000000
0.000000
0.000000
0.000000
0.000000
0.000000
0.000000
0.000000
0.000000
0.000000
0.000000
0.000000
0.000000
0.000000
0.001645
0.000000
0.000000
0.000000
0.000000
0.000000
0.000000
0.000000
0.000000
0.000000
0.000000
0.000000
0.000000
0.000000
0.000000
0.000000
0.000000
0.000000
0.000000
0.000000
0.000000
0.000000
0.000000
0.000000
0.000000
0.000000
0.000000
0.000000
0.000000
0.000000
0.000000
0.000000
0.000000
0.000000
0.000000
0.000000
0.000000
0.000000
0.000000
0.000000
0.000000
0.000000
0.000000
0.000000
0.000000
0.000000
0.000000
0.000000
0.000000
0.000000
0.000000
0.000000
0.000000
0.000000
0.000000
0.000000
0.000000
0.000000
0.000000
0.000000
0.000000
0.000000
0.000000
0.000000
0.000000
0.000000
0.000000
0.000000
0.000000
0.000000
0.000000
0.000000
0.000000
0.000000
0.000000
0.000000
0.000000
0.000000
0.022468
0.000000
0.009495
0.003109
0.000000
0.000000
0.000000
0.000000
0.000000
0.030689
0.000000
0.000000
0.000000
0.000000
0.000000
0.000000
0.011626
0.000000
0.236625
0.000000
0.000000
0.000000
0.000000
0.000000
0.000000
0.000000
0.000000
0.003945
0.000000
0.000586
0.000000
0.000000
0.116746
0.024557
0.000000
0.000000
0.000000
0.000000
0.000000
0.000000
0.000000
0.000000
0.009737
0.000000
0.000000
0.000000
0.000000
0.000000
0.000000
0.000000
0.000000
0.156568
0.000000
0.000000
0.000000
0.000000
0.000000
0.000000
0.000000
0.001019
0.000000
0.000000
0.000000
0.000000
0.000000
0.000000
0.000000
0.000000
0.000000
0.000000
0.000000
0.000000
0.000000
0.000000
0.000000
0.000000
0.000000
0.000000
0.000000
0.000000
0.000000
0.000000
0.000000
0.000000
0.000000
0.000000
0.000000
0.000000
0.000000
0.000000
0.000000
0.000000
0.000000
0.000000
0.000000
0.000000
0.000000
0.000000
0.000000
0.000000
0.000000
0.000000
0.000000
0.000000
0.000000
0.000000
0.000000
0.000000
0.000000
0.000000
0.000000
0.000000
0.000000
0.000000
0.000000
0.000000
0.000000
0.000000
0.000000
0.000000
0.000000
0.000000
0.000000
0.000000
0.000000
0.000000
0.000000
0.000000
0.000000
0.000000
0.000000
0.000000
0.000000
0.000000
0.000000
0.000000
0.000000
0.000000
0.000000
0.000000
0.000000
0.000000
0.000000
0.000000
0.000000
0.000000
0.000000
0.000000
0.000000
0.000000
0.000000
0.000000
0.000000
0.000000
0.000000
0.000000
0.000000
0.000000
0.000000
0.000000
0.000000
0.000000
0.000000
0.000000
0.000000
0.000000
0.000000
0.000000
0.000000
0.000000
0.000000
0.000000
0.000000
0.000000
0.000000
0.000000
0.000000
0.000000
0.000000
0.000000
0.000000
0.000000
0.000000
0.000000
0.000000
0.000000
0.000000
0.000000
0.000000
0.000000
0.000000
0.000000
0.000000
0.000000
0.000000
0.000000
0.000000
0.000000
0.000000
0.000000
0.000000
0.000000
0.000000
0.000000
0.000000
0.000000
0.000000
0.000000
0.000000
0.000000
0.000000
0.000000
0.000000
0.000000
0.000000
0.000000
0.000000
0.000000
0.000000
0.000000
0.000000
0.000000
0.000000
0.000000
0.000000
0.000000
0.000000
0.000000
0.000000
0.000000
0.000000
0.000000
0.000000
0.000000
0.000000
0.000000
0.000000
0.000000
0.000000
0.000000
0.000000
0.000000
0.000000
0.000000
0.000000
0.000000
0.000000
0.000000
0.000000
0.000000
0.000000
0.000000
0.000000
0.000000
0.000000
0.000000
