0.000000
5.317011
4.536639
2.387867
9.060092
11.163150
6.654485
9.740475
1.222779
3.390531
5.314297
4.912242
4.724206
6.971975
6.236110
10.923062
3.777191
4.026947
6.052577
4.619351
10.480962
7.919851
8.125762
9.254150
3.644684
2.242767
1.303342
5.040344
7.578606
9.879975
4.915222
7.662226
6.425125
5.796620
4.005039
7.568677
10.793287
8.995842
10.104944
10.451237
2.259413
4.099017
5.715482
1.464739
11.703200
4.651986
12.087737
6.267541
5.486567
3.795332
5.291009
5.551916
10.636600
9.769387
10.811950
4.554162
1.284380
6.702799
3.975022
2.104760
6.887876
8.182710
6.454377
9.286551
13.555150
19.582687
19.030978
18.933803
36.833313
19.661487
29.048725
51.239113
13.834700
15.757659
17.345712
14.987837
22.549862
38.138163
35.865400
28.054650
13.236525
16.201650
17.434681
20.848009
35.901200
88.735625
67.200112
18.636475
9.463864
19.094700
14.214637
16.575337
33.299900
56.433575
20.166862
33.810063
18.470458
16.914875
13.332687
18.861027
39.966825
24.090562
25.541025
50.337638
17.739525
13.532025
14.872737
13.514062
31.111162
34.095263
22.494187
50.645525
21.057567
12.933625
13.423687
15.946400
50.065088
23.372762
52.051025
24.066275
13.554275
24.316991
12.390112
13.806013
53.488512
24.780125
19.873575
48.802850
1.068488
1.424403
2.253950
1.233846
4.528440
4.004055
4.938552
6.950464
1.124976
1.417663
1.148167
1.338106
2.352695
5.063316
4.056810
4.988529
1.661698
1.410874
2.567319
1.737243
7.187967
5.860929
3.633101
1.867190
1.127888
2.100424
1.085542
1.650306
2.069177
5.127006
5.159475
1.748448
1.664065
1.022859
1.944053
2.470757
8.092037
3.004280
7.194252
2.193479
1.579715
1.273749
2.609433
1.069097
2.557067
5.420752
2.992330
3.538334
1.335648
1.092116
1.599392
2.130196
6.706650
7.067821
3.262265
4.789767
1.002366
2.082923
1.641355
1.041889
4.330501
3.772935
4.053935
3.344698
10.390525
13.914275
14.296737
7.471574
19.121987
26.396475
26.142875
18.694713
4.883739
10.492700
8.618495
10.714975
23.502038
14.486200
36.001112
11.220900
11.388112
9.650912
8.919907
11.833337
15.606688
24.367462
27.946475
25.951773
11.508325
7.205712
10.099606
5.015552
29.832238
11.320162
11.837012
40.537713
11.281125
21.088237
14.260462
10.860675
23.071250
24.741688
20.200650
50.761050
9.194510
10.303050
8.504126
11.431537
16.912613
29.950675
14.709375
28.899938
12.371675
7.934076
14.603087
13.089637
22.159844
31.683275
17.778013
36.261300
12.703862
5.940136
8.346382
8.333379
18.572337
30.544000
15.432238
19.370725
6.543231
4.241146
2.267851
4.605126
9.592477
8.970452
8.539589
7.355449
2.085569
1.567930
4.066501
2.795372
4.669105
7.048442
10.429975
7.284955
3.667895
5.985105
3.566480
6.973716
7.162589
9.571225
6.746686
8.319880
3.951551
2.094154
3.572422
1.464610
6.819850
9.011679
4.268840
9.897019
3.489297
6.268559
2.859460
5.914967
8.245439
7.910341
7.392439
9.265567
1.574094
5.696810
1.227872
4.852200
8.182331
5.029642
6.969072
9.500647
4.011967
5.366498
4.418186
1.199767
7.442746
9.410057
7.315072
11.004425
5.118969
5.408035
1.155591
2.304077
8.312819
4.317155
13.096395
4.585147
10.832075
25.035144
23.155075
9.674739
38.816750
71.070187
20.389675
80.014937
19.056695
10.908637
13.868075
16.138425
19.688162
45.613025
50.449525
17.345212
14.172217
11.631075
13.103425
14.777069
82.080662
15.057588
40.268663
46.807150
7.372626
21.392966
11.099862
12.970737
27.483664
36.688250
37.652212
23.443687
11.375487
22.221570
17.850989
10.953150
34.567162
77.860887
18.853400
51.651613
11.747950
10.296262
22.697975
10.524350
27.664025
64.238900
33.017625
34.064887
10.957300
12.132737
22.192839
13.872150
15.195462
67.514125
39.718950
43.309375
13.049412
10.022794
22.074939
8.405495
24.700400
80.288287
17.906362
46.810787
1.196072
4.023045
0.885900
1.446629
10.600367
3.204177
2.454309
4.822049
0.843329
1.349001
1.544846
1.633933
1.669473
2.582136
5.130213
3.795729
1.253625
0.941447
2.014255
1.203981
4.553094
2.586699
4.642441
8.722176
1.654993
1.400175
0.813459
1.204313
1.952108
5.314260
1.698357
4.281684
1.115252
4.080614
1.046471
1.763999
6.204505
1.846838
6.864280
4.794435
1.060954
1.534905
0.917353
2.204821
1.934498
6.185891
6.758362
2.732680
1.425199
3.095195
0.847251
1.934407
5.895975
3.949339
3.533608
4.032395
1.903442
0.672101
1.871332
0.596874
4.773752
1.799152
5.916219
1.753584
13.649800
9.993556
10.090300
9.570419
23.483750
43.947088
16.038862
39.037487
7.909562
5.383482
9.228137
10.198400
18.514100
17.643088
18.418875
17.859217
3.041847
9.137864
21.027116
8.187541
46.911462
27.190113
10.382975
48.427162
10.203575
3.132488
8.219474
5.844156
34.825063
24.740975
10.413562
19.127787
8.145286
20.113656
9.801706
15.475562
28.939813
36.202350
11.718237
48.659713
9.000605
3.308433
9.384541
13.979387
27.384263
10.800537
25.774325
26.945812
13.390525
7.349754
14.961770
7.239394
11.846537
39.650850
10.703900
77.486125
19.513891
3.904290
7.216770
6.555212
12.736012
37.777938
10.018937
32.511625
5.821182
5.130539
2.608272
6.148965
7.146194
9.503661
11.832375
8.161429
2.916747
7.404509
1.429461
2.351826
8.702145
5.699222
5.985420
10.029575
4.020501
3.480470
6.840997
5.356336
7.399671
9.749450
12.441462
6.046672
1.057515
7.563341
2.345910
3.621754
8.193134
8.021222
3.725159
9.998600
5.838185
5.801122
5.809444
2.913431
9.306921
8.900525
10.764762
8.741897
4.646600
2.582713
2.182125
3.047818
8.469830
7.239686
3.599540
12.460837
6.958854
5.995527
5.991490
2.602882
10.289100
8.177927
9.695806
6.018037
1.156357
5.625951
1.455033
5.278534
5.070639
6.023025
8.004330
8.024176
16.789412
14.858725
16.656750
17.140450
87.489886
24.538712
44.673100
30.371575
17.168300
13.778903
15.938437
11.537825
28.315387
37.213312
40.529963
25.896112
16.437508
15.845141
11.292975
19.382383
20.284725
64.311650
37.897163
45.096962
16.030712
13.143750
17.501459
8.941421
22.944687
60.213688
34.923200
31.353537
13.970387
22.559675
14.665661
21.810475
23.996425
53.323237
46.651787
38.813250
12.158012
14.943862
12.410300
14.468125
71.982895
34.660162
29.141162
55.671537
19.525845
18.094487
14.105825
16.388187
48.863700
35.471800
18.840050
67.414212
13.648125
13.578556
15.033527
13.352337
24.356037
75.538847
34.180588
62.499375
1.088726
1.608410
1.521093
3.350490
2.908362
5.765504
3.331677
7.000440
1.404412
1.377861
1.117249
1.603415
5.816592
2.522574
2.010654
4.232699
1.291167
3.753987
0.879276
1.585557
10.301512
2.753554
5.187224
3.748480
1.064230
1.485576
0.950283
1.734873
5.657101
3.017097
3.040870
3.000813
2.150205
1.319119
2.663056
2.307377
5.303586
3.398235
4.810321
6.021784
1.099157
1.501187
1.960715
1.119175
5.537292
4.253369
2.400127
4.412229
2.403389
1.993017
1.347246
1.291490
8.028057
3.117141
5.221516
1.869435
0.940847
1.274316
0.945701
1.595765
4.887675
2.756284
2.032282
4.909746
12.833850
6.429351
13.983062
8.597072
25.439889
24.578763
23.957025
28.026462
6.500697
13.087625
4.859251
9.599055
49.758275
17.481825
19.447438
32.396375
9.718631
13.715438
12.178600
8.703012
26.108200
28.713362
19.970637
39.086400
8.781002
14.486725
5.832231
8.250515
15.595500
28.249100
15.943025
39.072850
12.523112
11.416787
8.500411
14.067062
20.389838
47.296912
34.982800
20.645512
6.553420
10.030684
11.931637
6.700756
15.727275
24.379438
12.088550
41.113625
12.958488
7.911696
10.086000
20.192173
24.443313
45.298437
31.709838
21.468775
9.922725
7.359868
7.905409
7.584494
25.084288
27.630650
28.480162
14.396012
5.378564
6.396211
2.000449
4.443504
10.184312
6.958856
10.788850
6.704670
4.214805
3.141865
1.196216
5.061385
6.921181
3.109092
8.300250
8.299784
4.114706
6.757827
2.425723
4.294204
6.221835
8.031021
8.189731
6.682492
0.768601
6.400225
4.643941
2.289863
4.475873
3.945924
5.542469
9.162529
3.540502
4.930631
7.031470
1.927662
14.372262
4.728622
9.142794
6.942779
1.600087
5.057567
1.800596
6.988249
5.289709
8.195375
6.092461
9.275531
7.680945
3.476381
6.088205
2.872737
8.145220
7.141751
7.776111
10.127881
5.500074
4.293120
1.101305
4.000560
9.626085
5.010824
3.887856
10.580425
15.589972
9.969512
15.209225
13.846350
48.322625
30.494150
18.294887
90.672289
15.410437
12.938050
13.694800
10.080369
27.539287
43.148538
51.980175
36.238562
13.602973
11.012762
10.032744
25.171525
59.170763
26.458647
55.036650
15.980175
11.976825
11.049162
22.850425
8.402950
42.300917
35.878437
73.799900
25.521372
22.079028
14.317012
11.833525
12.403662
45.424800
49.510388
15.498975
41.539263
11.926175
11.899363
10.088694
19.755537
17.029563
48.990275
46.647350
24.900206
15.020717
11.221537
14.951800
13.253500
43.391463
40.151162
26.794525
61.085962
11.832105
10.332362
9.394511
15.205587
64.242813
26.799250
26.376487
91.769872
1.355346
1.400782
2.435537
1.842339
2.544139
3.883073
4.568846
3.011570
1.619236
1.353389
1.816017
0.832632
3.787416
2.846693
3.023795
2.690701
0.758025
2.778264
1.701766
2.231752
2.519447
6.239009
2.227060
4.119832
1.361901
1.041595
2.364948
0.815230
4.054029
2.383493
5.079591
1.258893
1.587100
2.210107
0.940548
1.812695
2.792197
4.048645
1.677210
10.973337
2.516436
0.732481
0.837828
1.463664
5.302031
2.150308
1.991369
5.401511
0.930420
1.260712
3.423881
2.859418
8.621589
2.780591
4.416069
2.681106
0.817310
1.091197
2.004797
1.709451
4.377964
4.287641
1.836870
1.952162
13.317262
7.312650
14.096037
9.471790
22.942788
63.591123
15.360625
32.338587
9.355346
5.201575
13.323975
7.104605
13.459250
29.829375
10.190939
26.679025
7.855857
3.106604
13.606095
11.971275
35.723087
18.904875
47.457525
24.446537
8.667120
5.912161
5.208928
7.797512
20.793619
35.278175
19.238687
8.311294
7.431092
7.810200
11.072675
18.980131
16.927500
47.763950
18.897662
63.431925
13.778187
8.047973
7.724708
4.292542
25.595325
27.785425
15.502937
20.110987
5.784780
24.141186
7.581526
14.430759
42.453352
13.409012
16.765675
53.276875
8.528720
6.482465
5.557012
12.848662
35.503050
15.396087
40.979331
16.563850
0.929911
1.621089
2.002569
3.706689
0.740385
0.230721
1.109520
0.620895
2.350631
2.010507
0.454639
1.080927
1.165348
0.600765
0.255278
0.158899
2.071522
2.537533
1.002852
2.107894
0.281922
0.910564
0.688259
0.638752
0.659970
1.726301
3.324150
0.538725
0.389449
0.115149
0.766137
0.479768
1.327189
1.198516
2.735073
0.711856
0.619597
0.732738
0.443266
0.713499
0.940171
1.214429
0.973168
1.094358
0.170704
0.542973
0.100906
0.673642
1.637431
1.587175
1.432274
1.582210
0.644356
0.454888
0.622126
1.217770
2.305216
0.376028
1.096975
0.954065
0.256319
0.339392
0.567688
0.197239
0.323138
0.055456
0.058190
0.197391
0.010831
0.047633
0.011217
0.007133
0.061615
0.060030
0.101389
0.051620
0.073810
0.000121
0.002135
0.009178
0.304710
0.038371
0.304458
0.045007
0.050769
0.000000
0.000368
0.011409
0.077385
0.048873
0.078057
0.153636
0.006137
0.009288
0.007115
0.009539
0.088931
0.082920
0.437739
0.041335
0.003261
0.028542
0.035970
0.006736
0.040398
0.285311
0.106576
0.092288
0.006085
0.005724
0.014121
0.004603
0.066328
0.127819
0.473506
0.108616
0.000000
0.014800
0.005427
0.152095
0.399887
0.020493
0.190163
0.035752
0.000000
0.059291
0.019959
0.000618
0.937940
0.748700
0.372183
1.031043
0.256606
0.218369
0.191402
0.195578
0.801162
0.481250
0.778761
0.540066
0.295318
0.095921
0.242623
0.075327
0.470320
1.073355
0.769299
0.362358
0.179093
0.105749
0.187309
0.702345
0.720071
0.328043
0.703196
0.475610
0.247598
0.090499
0.097568
0.373943
0.443759
1.345037
0.752797
0.466186
0.078482
0.252170
0.232133
0.399225
0.472175
0.644899
0.344964
0.807760
0.210343
0.085426
0.223352
0.184873
0.599998
1.186737
0.707778
0.409766
0.084753
0.171715
0.247555
0.226321
1.028183
0.338457
0.363761
0.786134
0.171987
0.100608
0.281626
0.133814
0.059485
0.029125
0.042566
0.072825
0.007811
0.003939
0.006666
0.002743
0.078857
0.022869
0.030898
0.038766
0.000000
0.006815
0.000000
0.015335
0.038502
0.083755
0.080695
0.051558
0.019828
0.000000
0.001283
0.006717
0.031410
0.059568
0.007629
0.095169
0.000000
0.001501
0.006947
0.000000
0.063284
0.008625
0.038006
0.045473
0.000344
0.004077
0.002639
0.003734
0.060652
0.014201
0.046371
0.017481
0.000107
0.000000
0.006792
0.000000
0.046992
0.041465
0.027794
0.040513
0.006493
0.000000
0.000000
0.004225
0.015775
0.074961
0.016696
0.052076
0.006471
0.000000
0.001813
0.000000
0.814919
1.712690
3.673731
1.857646
0.291997
0.720420
0.487973
0.959420
1.145358
3.106434
0.828650
0.690054
0.880813
0.431555
0.106495
0.465645
1.859612
0.999457
2.944297
1.047694
0.533779
0.262467
1.188509
0.228525
0.529768
2.071374
0.519991
1.589218
0.469284
0.221385
0.547435
0.110436
3.469689
0.837394
2.383681
1.226981
0.772117
0.489141
0.838638
0.786832
1.572347
0.546813
3.364730
0.401516
0.206882
0.829605
0.276907
0.426287
2.309688
0.690962
2.135098
3.434001
0.916458
0.231869
0.758001
0.600604
0.394857
1.190787
2.487287
0.854345
0.297114
0.526030
0.059370
0.234401
0.213925
0.015556
0.185128
0.271026
0.045209
0.000000
0.022198
0.038985
0.060344
0.107765
0.059592
0.042320
0.026945
0.006489
0.000020
0.015979
0.547554
0.053609
0.040307
0.315337
0.027476
0.028323
0.011909
0.000000
0.077876
0.026930
0.057858
0.206070
0.010360
0.000000
0.002150
0.056742
0.131480
0.108743
0.297683
0.197722
0.102981
0.021627
0.024261
0.001219
0.087527
0.067229
0.015802
0.145801
0.005684
0.000000
0.006640
0.006037
0.144804
0.019328
0.211504
0.481494
0.030389
0.009638
0.001938
0.102346
0.100609
0.038843
0.019317
0.110054
0.124764
0.000000
0.006150
0.000000
0.750561
0.441036
1.629716
0.595992
0.074811
0.215352
0.259769
0.341493
1.000019
0.487312
0.457409
0.475723
0.301046
0.177275
0.127144
0.254745
0.696450
1.279421
0.411343
1.107174
0.338349
0.246089
0.163095
0.122424
0.404194
0.507613
0.965035
0.430023
0.254677
0.093612
0.365062
0.118618
0.790173
0.423138
1.198840
0.452116
0.139135
0.405029
0.097816
0.220307
0.718130
0.424654
0.993823
0.353204
0.306537
0.086692
0.091704
0.251433
0.477123
0.555912
1.228280
0.355513
0.110676
0.175669
0.266770
0.219033
0.375388
0.838580
0.378352
1.040673
0.104385
0.294453
0.094292
0.290354
0.029328
0.043255
0.053617
0.013769
0.008673
0.000000
0.006746
0.000000
0.014209
0.040456
0.055223
0.035081
0.000000
0.006933
0.000031
0.011686
0.111444
0.007382
0.016143
0.065547
0.000000
0.006156
0.016043
0.000000
0.032192
0.073905
0.056371
0.011479
0.001618
0.005717
0.000567
0.000000
0.099910
0.010280
0.076775
0.025730
0.006057
0.001938
0.015593
0.000000
0.006735
0.068095
0.049299
0.018174
0.000878
0.005766
0.002225
0.000000
0.041548
0.058308
0.022054
0.085054
0.009034
0.000919
0.002954
0.000000
0.012533
0.034844
0.064400
0.008174
0.001562
0.000000
0.001706
0.003821
1.215740
1.759448
3.512676
1.171166
1.069634
0.544463
0.479383
0.384983
0.994539
0.452009
3.120867
0.872085
0.193631
0.788504
0.336612
0.225476
3.180457
2.322802
0.874661
1.557706
0.847182
0.719436
0.216784
1.157438
2.116705
0.320387
2.485971
0.610187
0.433636
0.168181
1.196239
0.230080
1.128723
1.463662
1.254766
2.733560
0.602086
0.666090
0.590327
0.705849
1.212675
0.800440
2.040937
0.916298
0.620403
0.286491
0.977385
0.128351
0.948985
1.171121
1.328249
2.635604
0.515670
0.805398
0.559049
1.039612
2.507520
0.470190
3.374236
0.406103
0.845151
0.420115
0.254504
0.239093
0.187356
0.290981
0.065384
0.201459
0.000264
0.023759
0.006140
0.070859
0.190518
0.068234
0.128438
0.093857
0.012754
0.000000
0.002840
0.083621
0.091900
0.080870
0.379668
0.225361
0.039606
0.008811
0.042042
0.004057
0.044880
0.385262
0.033642
0.286324
0.072159
0.000000
0.006096
0.002841
0.276489
0.169816
0.181930
0.050222
0.049622
0.000000
0.007037
0.019160
0.081673
0.228952
0.073696
0.054199
0.000000
0.006281
0.008050
0.002908
0.030933
0.329472
0.113635
0.046574
0.005479
0.077097
0.014691
0.001011
0.045444
0.071828
0.224857
0.085447
0.009940
0.000000
0.007109
0.000000
0.993695
0.691996
1.000533
0.294278
0.230344
0.266044
0.226539
0.146664
0.512599
0.645269
0.823097
0.460482
0.102924
0.174934
0.368986
0.107572
0.665193
0.403219
2.228662
0.532790
0.088482
0.327611
0.214377
0.275889
0.825987
0.396030
1.011669
0.436821
0.100327
0.277002
0.170424
0.164178
0.485764
0.809478
0.713829
0.434083
0.177559
0.244323
0.157148
0.260004
0.814589
0.488836
0.307914
0.819087
0.094741
0.204330
0.213260
0.110327
0.332614
0.750432
1.049968
0.586237
0.139428
0.297583
0.114689
0.528487
0.961447
0.444283
0.881074
0.478651
0.127606
0.272270
0.325798
0.082601
0.038671
0.117120
0.047626
0.066656
0.006360
0.001245
0.005445
0.000000
0.051828
0.016144
0.082417
0.038614
0.000000
0.000127
0.005709
0.000000
0.062472
0.007956
0.037176
0.119305
0.000000
0.000000
0.006167
0.005226
0.057682
0.011868
0.082148
0.014653
0.000769
0.001743
0.000232
0.000000
0.041334
0.073558
0.062864
0.027931
0.009132
0.000000
0.000000
0.013646
0.075450
0.016314
0.032580
0.054880
0.006487
0.000000
0.012646
0.000000
0.006870
0.144758
0.066287
0.022710
0.004871
0.000000
0.003025
0.001335
0.021403
0.070313
0.034392
0.069926
0.001376
0.000000
0.000000
0.001064
1.743533
0.995481
3.332027
2.024020
0.324058
0.932189
0.606034
1.000074
0.606895
1.933315
3.224599
0.475163
0.599645
0.807402
0.251623
0.226582
1.032239
0.991435
3.754746
1.687414
1.203145
0.386140
0.722647
0.522688
2.571374
0.366132
1.088034
0.957401
0.422762
1.031072
0.447961
0.106561
2.214758
1.736195
0.996769
3.248310
0.333592
1.391337
0.385457
0.793115
1.041322
1.200152
1.875990
0.318639
0.851097
0.123327
0.605989
0.139451
0.504664
2.755324
1.159953
3.177504
0.834227
0.613165
0.509857
0.215326
0.594004
0.359415
2.239256
0.826551
0.559717
0.465226
0.549673
0.116722
0.238270
0.080717
0.467769
0.052011
0.002859
0.133621
0.023308
0.000000
0.062324
0.031121
0.110717
0.227165
0.006296
0.033377
0.000000
0.006089
0.440682
0.065102
0.223275
0.122431
0.000335
0.007973
0.068596
0.023215
0.050730
0.094204
0.013626
0.115731
0.006291
0.000000
0.000000
0.114293
0.022247
0.539394
0.132597
0.054554
0.019248
0.054462
0.022965
0.005531
0.036690
0.060050
0.535081
0.037705
0.041172
0.000000
0.005159
0.009426
0.443546
0.050309
0.470581
0.041146
0.110640
0.000000
0.008095
0.006161
0.057088
0.036749
0.079842
0.104499
0.000000
0.123000
0.000389
0.000000
0.637752
0.720465
0.444813
0.655550
0.388391
0.174867
0.226978
0.140805
0.389097
0.529737
0.385095
0.923364
0.156287
0.110917
0.183093
0.239368
1.164292
0.308498
0.753809
0.314783
0.227624
0.186390
0.193037
0.144708
0.470072
0.572032
0.329276
0.807706
0.151722
0.093980
0.158479
0.337526
0.491638
0.421282
1.457783
0.463895
0.213827
0.189517
0.366797
0.102978
0.347116
1.138046
0.990433
0.455358
0.240576
0.182765
0.262621
0.077709
1.143115
0.670881
0.507844
0.252726
0.144096
0.265065
0.136237
0.504483
0.773918
0.586057
0.335633
0.368781
0.185507
0.108344
0.293634
0.224985
0.026468
0.101448
0.036706
0.080316
0.008530
0.000000
0.000000
0.001888
0.014912
0.036016
0.035987
0.049689
0.001594
0.000191
0.008556
0.000773
0.023871
0.149278
0.033747
0.051319
0.003064
0.000000
0.000000
0.007787
0.051264
0.015947
0.025040
0.049034
0.012079
0.000000
0.000000
0.003345
0.068470
0.057317
0.068584
0.011890
0.010786
0.000000
0.007487
0.000000
0.031703
0.046381
0.015236
0.066915
0.000000
0.005725
0.000000
0.000000
0.042899
0.023526
0.094740
0.021996
0.000000
0.006309
0.000647
0.000000
0.066370
0.008345
0.063825
0.021241
0.000000
0.000000
0.000907
0.000000
