0.000000
8.413871
5.957934
2.946162
10.225554
12.470238
6.243770
8.066746
1.611055
3.914192
8.606120
5.836958
4.501341
7.050961
8.931625
12.967588
3.769432
5.051156
7.159322
6.827187
11.317311
8.556870
6.812796
11.168750
4.795205
2.946898
1.341715
8.960883
10.914525
13.679363
5.662081
7.294745
6.718360
7.261962
5.912618
9.918754
9.254481
9.926166
12.437164
13.791550
4.068420
4.343897
8.801756
3.039390
12.808725
5.209245
17.301175
5.549880
6.480368
3.740285
8.235897
6.658534
12.636125
11.626400
11.557339
4.406795
2.092016
8.064520
6.921775
3.400140
6.651450
9.900493
6.281981
13.757938
12.280338
20.030200
19.426950
21.926463
47.608063
20.687350
41.705000
60.240400
14.347050
18.791638
19.360437
19.739025
28.981750
76.352875
64.148200
33.343900
11.058400
19.156388
19.169225
19.459688
40.188387
130.975375
85.673100
32.314500
14.183938
19.258763
18.595088
15.905987
44.943900
64.333800
35.995700
44.099100
20.369250
18.261013
11.941537
21.405688
65.394300
25.017600
30.855087
60.139600
20.066250
14.459575
15.339413
14.514463
48.796300
35.773100
34.966575
70.236000
23.376000
14.013425
13.588386
16.339175
72.487500
34.150400
74.655575
33.228912
16.084763
25.645862
12.000875
20.924750
94.734675
33.065312
24.687600
71.270300
1.094407
2.784271
4.141105
2.217489
5.415363
5.865761
6.609149
7.354935
1.146593
2.910785
1.816626
2.804964
4.003638
7.119138
5.335200
7.332139
3.798103
1.765196
3.766744
3.829056
9.903725
8.752361
5.925445
4.055631
1.723042
4.335015
1.560300
3.114326
4.279854
6.945413
7.965365
3.863206
3.842396
1.209304
3.513174
3.787243
10.543413
4.832195
6.885571
3.975424
3.668614
1.758460
3.972183
0.777449
4.590276
7.064261
4.831864
5.833683
3.144805
0.518280
2.848978
3.642677
8.794904
10.702400
5.141981
6.642930
1.210363
4.608133
3.752456
1.731115
5.561436
7.115919
4.918413
6.387836
10.570738
18.860600
15.693975
10.067561
28.258700
34.737800
33.493200
34.447300
7.614676
13.622338
12.409038
13.781913
49.021900
19.428813
63.944700
16.040425
13.604700
12.067413
11.453138
13.004563
19.639625
57.955900
36.223900
35.733200
15.480200
8.819984
20.882300
7.649081
39.571700
28.789000
18.420563
69.576800
13.205175
28.546500
17.446575
15.772063
40.126400
34.556200
35.897800
55.781500
10.417125
17.278613
10.284175
17.091313
32.086500
47.920900
23.389700
43.112800
14.757625
14.412663
17.182650
16.778838
32.011800
45.038500
39.241738
38.963100
16.651175
10.009283
13.330613
10.370188
27.249400
48.637100
34.036900
36.114000
10.093016
2.287039
1.264418
5.531697
9.555413
10.161526
7.423698
8.545584
3.618936
2.361580
2.864428
4.717578
4.732684
8.122730
14.554950
8.545975
1.784908
5.432348
1.636264
7.804754
6.751915
10.987188
8.612204
11.565538
6.030814
0.901337
2.045982
2.765820
7.613694
8.707831
5.276990
12.718475
2.591853
5.693588
2.952561
8.465774
10.546588
7.448721
6.809025
9.898551
1.682210
7.137666
1.985981
4.848187
10.233038
4.902600
9.074028
11.014700
5.021714
3.646376
2.303846
1.987222
10.872975
10.369350
8.785658
12.682366
3.560816
7.416610
2.156700
2.200785
8.363899
5.493405
17.106938
7.983490
12.262713
28.040262
25.695012
9.191170
45.177025
86.316700
31.961400
91.033975
22.168887
15.241513
17.277950
19.466338
26.116300
48.954675
83.179738
30.744400
14.952463
18.346138
19.600325
16.145113
98.900788
20.840700
43.209000
76.016650
13.557638
21.982900
16.307525
15.266437
31.406525
86.185237
57.488800
29.502637
13.145650
24.328775
20.823575
14.458262
39.239012
90.176038
28.180788
74.932000
14.466600
16.116250
30.455437
9.755651
51.492800
65.278200
43.373750
49.737000
12.709138
24.636100
21.781450
15.853737
20.774025
88.192700
71.929613
45.430487
12.124413
22.741225
28.926363
11.934188
35.509000
125.976500
40.266100
65.312400
0.522288
3.674070
1.180138
2.979813
16.363500
5.370768
4.905909
7.030851
1.068623
3.427424
2.628904
1.141133
3.685978
6.304978
6.510469
5.459991
0.256875
2.417274
1.879876
2.429076
6.748313
6.311850
7.186180
8.269183
1.462587
0.582526
1.472350
3.067816
5.171963
7.054120
3.850275
6.868486
2.477186
4.330816
0.408438
3.914244
6.585384
4.265031
9.869046
7.005366
2.083393
1.375428
1.117243
4.144780
4.443635
7.350365
8.611826
4.896786
3.246124
1.695578
2.108745
2.126189
9.859858
6.969755
6.185193
6.346018
3.295313
1.485636
1.262091
0.974655
6.525301
4.949503
7.312936
4.717270
17.328288
14.163588
11.087962
19.663400
31.246300
50.219000
25.347000
88.127675
17.065800
9.422050
9.965729
12.429525
42.903900
24.740712
32.491000
20.728775
7.821279
24.445300
25.784475
8.647043
114.502500
28.451700
19.386663
72.388000
12.503850
7.784668
8.842216
16.856100
34.222450
31.020787
27.017800
33.924600
11.752200
27.592975
11.436825
18.580300
32.862887
47.161900
18.602263
107.656875
21.054300
8.203384
10.124483
17.027900
38.523200
20.783825
40.848900
57.445700
14.463625
15.481650
19.431713
10.503688
23.462600
42.944700
26.235300
108.457000
25.484538
10.160100
8.322676
15.806525
23.402300
61.166600
26.865500
33.954100
7.938977
6.166068
3.617988
9.229117
6.909493
8.972486
10.465425
11.594700
4.226377
10.133161
1.914076
3.456454
12.366925
5.149299
6.656794
11.446113
4.065836
3.313547
9.224297
8.261345
10.714100
11.191963
13.453138
5.364536
1.516589
8.843389
3.468825
6.098625
10.737508
12.664163
3.813453
8.436964
7.680126
5.476093
8.966656
3.858557
10.279536
10.031401
8.122828
12.197838
5.907212
4.272994
3.011961
5.491929
8.282354
10.841538
4.006423
13.410950
9.797130
6.062189
6.283638
3.599568
9.553506
7.019534
13.196300
5.903893
1.960723
7.214276
2.429531
7.037955
6.199862
5.918960
9.843264
10.044734
20.158075
12.369227
17.989825
16.503088
123.363516
31.516600
65.784500
29.397763
15.363950
18.038288
17.772025
13.505263
41.655600
74.133500
44.839100
32.816225
16.487375
19.495638
9.179194
27.092950
24.653262
89.293200
40.761900
74.275413
22.917063
11.567325
22.510313
10.109256
31.821112
67.333200
50.502600
60.285900
16.498842
21.631941
19.309088
21.861250
21.731375
91.204488
71.872500
51.299825
13.360638
17.391150
16.036713
16.371938
123.511625
61.246000
34.324000
80.198800
23.740687
16.517525
14.432325
19.824000
69.184213
40.369700
30.043600
91.317838
15.652763
19.680087
21.407862
13.552063
39.685700
133.609000
31.570800
115.225000
1.209205
3.328585
2.969147
4.818343
5.078526
7.176310
5.112283
10.512000
2.530215
2.329559
1.220802
3.778069
7.480474
4.943630
4.103869
6.067156
2.415924
6.405593
1.177212
3.489884
11.829700
4.635170
6.452268
4.993546
0.714079
3.477665
1.066803
3.470434
6.708259
4.734041
5.200866
5.993776
3.932778
2.460416
4.902612
3.648226
6.332256
5.203916
6.715929
6.481504
1.254415
2.484207
3.525488
0.740239
7.243796
5.945201
4.221948
6.822374
4.724304
3.172561
1.435052
3.268711
10.753725
4.465151
7.657179
4.070805
1.112837
3.143775
0.523591
2.310209
7.662144
4.938916
4.084071
7.386278
16.315950
7.929095
14.849063
9.956526
43.648600
38.634700
32.260500
56.079200
9.554169
16.204413
7.931310
13.253200
97.723450
31.970100
26.392500
70.407900
10.732375
25.312000
13.940625
9.435995
57.078838
45.576000
32.106650
40.659900
9.666110
20.217200
8.757013
14.197363
25.981800
33.434900
37.299600
63.399500
14.205600
11.549475
11.933913
15.950712
26.125400
87.269700
73.476412
22.028400
8.268525
15.985813
16.940600
10.109961
22.695800
49.490700
18.369863
81.891163
22.760000
8.318176
10.946438
21.819088
33.820600
106.767125
41.466900
50.499325
14.813663
8.455306
11.357063
10.042075
34.799000
44.315100
46.914700
36.934500
4.059512
9.509986
2.383321
5.983705
8.898259
6.476657
10.080117
7.692549
3.370749
2.644358
2.044296
6.631935
8.683990
4.078036
9.356568
9.693926
2.529200
6.158415
0.665657
3.688906
8.710989
9.739313
8.647107
6.221113
1.353651
4.654555
7.229824
1.462485
5.628223
4.992152
7.300460
11.283188
2.045884
5.774021
7.605013
2.455673
18.120698
6.158803
10.701337
5.972006
3.327981
9.333398
2.250698
7.530368
5.430226
11.693100
5.593956
12.561700
7.405672
3.188855
7.404886
1.450542
7.943949
7.596369
9.332668
12.292450
6.839115
2.682577
2.168909
2.579087
11.472363
6.893256
4.889369
11.540488
17.153325
15.485088
16.523025
19.539738
65.350700
38.273400
29.150400
114.595375
19.193513
20.467000
16.444737
8.946789
52.408175
44.230837
71.891300
49.772575
15.900300
16.932725
9.507144
23.972350
96.556013
35.672900
54.221525
23.748300
16.645988
9.407469
29.447887
13.376575
48.535863
51.429875
133.420375
33.888000
28.560275
12.334025
14.016913
17.675538
49.970813
68.144200
26.460300
58.533625
16.740600
18.923000
11.992175
20.773750
21.453000
86.894600
42.005750
36.019112
17.323163
17.538450
17.864513
18.598713
40.482750
71.745600
46.675925
91.534400
16.454963
21.856138
14.497725
14.899100
81.842425
34.958850
58.139400
100.819450
0.855865
3.363999
4.506404
1.388191
4.437280
6.449248
7.575320
7.220228
3.468409
0.723642
3.816399
1.309897
5.922146
7.395754
5.739214
5.200948
1.089222
3.280811
3.485881
1.613604
5.895108
8.847828
5.455163
6.344581
0.531910
2.743704
4.478089
2.093708
6.065645
6.726381
7.019280
3.819785
1.704132
4.393533
1.266759
3.631204
5.187763
6.612498
3.871755
13.314663
4.011361
0.998522
1.018258
1.515609
5.641799
5.238365
4.896344
7.309146
2.347746
2.728966
2.430468
5.015766
11.269050
5.344190
7.495858
4.662278
1.698332
2.681054
3.782951
0.629357
6.143300
6.570371
3.898538
5.718833
17.312250
10.407663
14.932050
15.244725
27.579987
91.403825
36.431400
43.139000
14.809963
10.280775
14.769375
9.073715
28.019100
37.289000
18.902700
36.923000
16.960200
7.367813
16.193925
16.961613
52.800800
33.136900
106.153375
27.271037
8.818305
17.190700
10.921650
9.931998
24.020700
53.176200
32.553100
22.407700
11.042450
12.104250
9.267240
26.930812
27.824800
114.586625
28.104050
83.549288
14.731675
10.093451
13.295200
9.084891
41.679100
28.586600
31.529800
41.604500
12.420688
23.161925
9.791380
17.054400
79.062425
23.997700
41.085625
46.785700
8.377740
17.578700
9.985970
17.775062
54.467800
32.275800
46.530100
41.242900
0.481035
1.309132
1.536433
3.279564
0.086656
0.013286
0.505690
0.024136
3.329328
2.439658
0.057486
1.050902
0.535193
0.089361
0.015576
0.012847
1.138251
4.409788
0.689841
1.154990
0.012866
0.626281
0.034213
0.121381
0.561665
0.523824
5.948718
0.035660
0.018827
0.025475
0.303389
0.026170
0.623891
1.064782
3.193507
0.068681
0.026841
0.029415
0.023611
0.043289
0.471143
1.686002
0.418847
0.624798
0.012289
0.055533
0.019285
0.135599
2.184450
0.476446
0.842976
2.786516
0.040053
0.015821
0.047264
0.200160
1.598459
0.215996
0.570746
1.922582
0.025743
0.035051
0.052830
0.024864
0.010477
0.007697
0.008936
0.008325
0.000322
0.006862
0.000433
0.000018
0.008310
0.016947
0.007648
0.008954
0.006956
0.000000
0.000000
0.002928
0.010802
0.008047
0.009351
0.015827
0.005171
0.000000
0.000000
0.006234
0.010242
0.007180
0.018248
0.008587
0.000225
0.000266
0.001758
0.001212
0.007707
0.009645
0.011959
0.008290
0.000124
0.006524
0.005807
0.000145
0.015115
0.009204
0.007941
0.009960
0.000155
0.000018
0.001359
0.000000
0.025624
0.009230
0.024893
0.008865
0.000000
0.005937
0.000025
0.006917
0.015057
0.007324
0.009195
0.008369
0.000000
0.006756
0.006300
0.000000
1.062856
0.544926
0.045474
0.815737
0.018139
0.015765
0.014899
0.013618
0.560424
0.040737
0.564468
0.043206
0.017475
0.012110
0.015422
0.011137
0.029056
1.918399
0.691971
0.018105
0.024325
0.011326
0.015498
0.080592
0.127715
0.067525
0.131708
0.195239
0.015800
0.017888
0.013685
0.017102
0.156330
2.150498
0.491100
0.029670
0.011329
0.016350
0.017136
0.017982
0.033983
0.614870
0.020323
0.700291
0.015201
0.019817
0.015266
0.012599
0.080651
2.088293
0.064479
0.140797
0.011552
0.030381
0.041415
0.012360
0.439010
0.110288
0.074565
0.161106
0.014256
0.011465
0.025072
0.012135
0.015721
0.027727
0.013069
0.010676
0.000426
0.000083
0.000167
0.000064
0.011038
0.003632
0.008394
0.016587
0.000000
0.000106
0.000000
0.005602
0.029749
0.008678
0.010822
0.027960
0.006287
0.000000
0.000000
0.000171
0.014260
0.018196
0.003114
0.010704
0.000000
0.000140
0.003441
0.000000
0.008938
0.000452
0.006880
0.016186
0.000000
0.000095
0.000000
0.000000
0.009162
0.003182
0.015727
0.001161
0.000000
0.000000
0.000151
0.000000
0.007868
0.009279
0.007831
0.020405
0.000000
0.000000
0.000000
0.000000
0.006585
0.010348
0.007023
0.017722
0.000000
0.000000
0.000000
0.000000
0.056429
2.002488
6.525382
0.293490
0.013869
0.362700
0.018588
1.223300
2.187824
1.495820
0.918830
0.044677
0.104812
0.204713
0.026058
0.020993
2.159996
0.097818
3.484697
0.089633
0.026142
0.100394
2.182308
0.012922
0.025541
3.572975
0.686567
0.326207
0.022946
0.094625
0.038783
0.064722
5.079250
0.670930
1.115631
0.188723
0.315231
0.019999
0.071152
0.507366
3.581146
0.028000
1.755900
0.486658
0.012739
0.084026
0.102594
0.058401
1.084861
0.701899
3.180381
1.559744
1.206092
0.014982
0.038680
0.285214
0.608574
0.149872
1.164850
1.323791
0.014556
0.824815
0.039754
0.014872
0.010879
0.004352
0.007606
0.012188
0.003869
0.000000
0.006115
0.004155
0.007671
0.010107
0.007623
0.017565
0.006574
0.001838
0.000009
0.006061
0.092149
0.007970
0.008353
0.050328
0.000518
0.007050
0.002694
0.000000
0.010431
0.029757
0.007839
0.034455
0.013205
0.000000
0.000000
0.007267
0.009193
0.008842
0.008817
0.010488
0.010787
0.000318
0.006954
0.000000
0.008166
0.009786
0.008115
0.019169
0.000059
0.000000
0.000150
0.000532
0.010590
0.006764
0.009163
0.192074
0.006975
0.000175
0.000000
0.010434
0.013163
0.008550
0.014636
0.009247
0.007357
0.000000
0.000151
0.000000
0.972602
0.355005
0.720349
0.038669
0.016728
0.062515
0.013976
0.016929
0.180209
0.021719
0.458973
0.350083
0.017655
0.012024
0.014282
0.107425
1.196510
0.269295
0.311216
0.179487
0.018282
0.015099
0.077947
0.048080
0.452340
0.703056
0.131687
0.026645
0.015125
0.033205
0.019661
0.043384
0.105108
0.281140
2.141736
0.021896
0.014089
0.021856
0.044223
0.014517
0.063490
0.343023
0.174316
0.139596
0.016114
0.024451
0.023875
0.015264
0.023858
0.755748
0.311273
0.524879
0.011487
0.151902
0.013738
0.163304
0.235650
0.081299
0.259968
0.183440
0.030997
0.019397
0.046606
0.016097
0.015962
0.007840
0.009779
0.008116
0.000267
0.000000
0.000708
0.000000
0.007965
0.009337
0.018296
0.016999
0.000000
0.000273
0.000000
0.000872
0.010847
0.000864
0.014772
0.023612
0.000000
0.000461
0.007022
0.000000
0.031525
0.010387
0.018994
0.007399
0.000000
0.000261
0.000000
0.000000
0.010874
0.000505
0.009060
0.013938
0.005599
0.000000
0.006704
0.000000
0.000855
0.009909
0.031897
0.002573
0.000000
0.000355
0.000000
0.000000
0.017243
0.009770
0.015435
0.009263
0.006014
0.000000
0.000205
0.000000
0.005899
0.009463
0.023440
0.006217
0.000000
0.000000
0.000000
0.000312
0.929605
1.261245
3.997132
0.389851
0.468294
0.017469
0.017572
0.028583
0.928606
0.029592
3.237806
0.770836
0.042733
0.107175
0.028884
0.014839
4.584025
1.141594
0.492276
0.690944
0.048799
0.081174
0.013312
0.201758
2.102456
0.114347
3.744813
0.037069
0.021066
0.025243
0.307774
0.023927
0.950361
0.617918
0.607553
3.905873
0.053390
0.020267
0.048078
0.031189
1.909777
0.445688
1.360191
0.620271
0.044551
0.015835
0.401433
0.011749
0.094913
1.864850
0.302677
4.779483
0.019162
0.470660
0.026214
0.129788
1.667539
0.537956
5.447077
0.024002
0.583804
0.032052
0.047802
0.013672
0.007900
0.010108
0.014729
0.010047
0.000000
0.005447
0.000000
0.006319
0.008216
0.032597
0.007613
0.010753
0.000598
0.000000
0.000107
0.006438
0.008712
0.010491
0.012741
0.007899
0.006898
0.000036
0.003065
0.000180
0.008558
0.021917
0.008261
0.010715
0.006667
0.000000
0.000000
0.000000
0.009658
0.007583
0.009650
0.008215
0.012123
0.000000
0.000057
0.000636
0.034269
0.008535
0.010021
0.025361
0.000000
0.000127
0.000203
0.000000
0.005394
0.012000
0.010329
0.007453
0.000035
0.010352
0.006273
0.000000
0.007605
0.009217
0.008519
0.010968
0.004147
0.000000
0.003168
0.000000
1.209850
0.115256
0.714429
0.035237
0.013940
0.015939
0.017910
0.014324
0.117988
0.415414
0.630148
0.021135
0.012110
0.014330
0.025289
0.012700
0.076341
0.153623
1.939384
0.431740
0.011446
0.017315
0.014055
0.042190
1.008975
0.023202
0.526961
0.192203
0.017924
0.014792
0.014682
0.013519
0.095724
0.259766
0.477414
0.090406
0.013029
0.016029
0.014083
0.013582
0.307022
0.093000
0.043970
0.775609
0.011379
0.015324
0.015804
0.021868
0.068286
0.101886
1.850982
0.027714
0.017477
0.065336
0.012262
0.072206
0.529739
0.022574
1.054308
0.265707
0.019479
0.074975
0.019340
0.013758
0.028853
0.019149
0.007864
0.020289
0.000032
0.000000
0.000017
0.000000
0.009488
0.000693
0.019114
0.008689
0.000000
0.000000
0.000007
0.000000
0.019652
0.005933
0.014465
0.009738
0.000000
0.000000
0.000000
0.000208
0.016536
0.000547
0.009993
0.007871
0.000094
0.000000
0.000000
0.000000
0.017227
0.008835
0.010385
0.006865
0.000283
0.000000
0.000000
0.006625
0.010157
0.000930
0.008222
0.009289
0.000246
0.000000
0.003105
0.000000
0.000643
0.010324
0.009431
0.026508
0.000761
0.000000
0.000000
0.000014
0.007721
0.032482
0.015026
0.009066
0.000000
0.000000
0.000000
0.000000
2.345226
0.079181
1.800486
2.840908
0.014908
0.056720
0.109662
1.419818
0.739552
4.143887
1.623020
0.027169
0.091542
0.095929
0.013390
0.099519
1.609914
0.098383
7.032728
0.197875
2.095072
0.018928
0.466371
0.037493
1.387360
0.440892
0.127433
1.725720
0.025368
2.116268
0.024541
0.101419
2.270676
3.537664
0.135191
1.383299
0.023056
2.650622
0.012783
0.081466
0.257770
0.220069
4.083715
0.208681
0.077454
0.011429
0.429736
0.091898
0.467922
1.238862
0.108058
3.308548
1.012735
0.034141
0.452101
0.014287
0.037345
0.621316
0.630073
1.568519
0.264488
0.022117
0.049645
0.119102
0.011210
0.008153
0.033278
0.008793
0.000000
0.021686
0.006858
0.000000
0.032948
0.008202
0.008934
0.011949
0.000673
0.005518
0.000000
0.000333
0.064044
0.008200
0.013086
0.008537
0.000000
0.001114
0.017870
0.006666
0.007403
0.019577
0.008506
0.011022
0.000377
0.000000
0.000000
0.007128
0.000844
0.102462
0.010436
0.007943
0.000588
0.005053
0.006905
0.000260
0.007566
0.009175
0.045538
0.029530
0.006995
0.000000
0.000790
0.004905
0.061240
0.008544
0.029668
0.007416
0.006108
0.000000
0.003365
0.000174
0.013350
0.008374
0.008178
0.012451
0.000000
0.006818
0.000000
0.000000
0.900299
0.088468
0.019022
0.814057
0.026307
0.069180
0.099171
0.012483
0.021739
0.669645
0.167158
0.075937
0.028796
0.011719
0.013467
0.111562
0.202535
0.479502
0.062532
0.285580
0.013294
0.144865
0.013806
0.097546
0.583250
0.033289
0.156394
0.066733
0.063622
0.011758
0.052998
0.020173
0.389206
0.024643
0.780763
0.572969
0.153488
0.011872
0.017601
0.043156
0.121146
0.167427
0.242788
0.532097
0.071297
0.013397
0.015460
0.024897
0.138011
0.055311
0.656598
0.219639
0.060182
0.115260
0.012750
0.048279
0.069014
0.033492
0.193370
0.406685
0.122127
0.056852
0.019008
0.013266
0.015029
0.009482
0.014865
0.010175
0.006470
0.000000
0.000000
0.000000
0.007365
0.009261
0.027752
0.018605
0.000000
0.000000
0.004576
0.000000
0.008888
0.011867
0.008994
0.020557
0.000000
0.000000
0.000000
0.013802
0.020456
0.007918
0.008756
0.017514
0.000934
0.000000
0.000000
0.000000
0.010340
0.008325
0.010090
0.000929
0.005636
0.000000
0.000067
0.000004
0.027868
0.030821
0.007979
0.009650
0.000000
0.000071
0.000000
0.000000
0.009700
0.015576
0.009877
0.014806
0.000004
0.002660
0.000000
0.000246
0.022582
0.006782
0.009366
0.015602
0.000000
0.000000
0.000000
0.000000
