0.000000
7.638636
6.656547
3.630769
12.118227
15.140730
9.922785
13.750475
1.495053
5.372377
8.123327
6.740664
8.420992
10.097901
9.802910
14.682839
6.890293
5.673725
7.204807
7.312931
15.556973
10.104604
13.035285
11.937900
5.468671
5.586776
1.492176
7.890749
11.130461
13.379277
7.993982
12.370007
9.188413
7.432836
5.989152
10.930676
15.609975
12.583273
13.983428
13.332430
3.814920
5.741714
7.506788
2.598571
16.477764
8.390595
16.274189
9.751074
6.673835
7.591469
7.788572
7.677221
13.454203
13.776803
14.481694
9.104460
1.936922
8.304192
6.338298
2.774619
10.379070
13.161502
9.962365
12.242237
20.578792
31.481219
25.465066
25.950877
52.354258
35.493698
46.273159
58.848214
22.552469
20.177908
27.953341
24.871016
34.964291
60.971733
58.894495
52.115280
19.578178
30.394550
21.233642
25.466662
49.027344
84.602714
68.175636
40.274419
18.887020
35.372734
17.705941
22.197133
48.530861
60.256391
40.088002
55.999552
27.895150
24.300047
19.600369
24.022055
56.025445
41.656887
39.693773
60.823961
26.359873
19.230014
25.288406
19.067427
50.856217
52.264020
41.645603
63.550359
27.021569
23.306894
18.138205
27.377105
57.679989
47.813920
62.798677
32.045930
17.503283
33.663319
22.475277
26.089372
76.199287
36.331555
36.818462
57.309777
1.170483
1.883750
3.679328
1.808755
9.205671
7.003535
8.610291
10.180912
1.326345
2.348890
1.454196
2.196625
4.505675
9.353848
7.207520
10.061660
4.058445
1.592464
3.868486
4.394985
10.160735
12.359426
6.902569
4.908817
1.607597
3.052087
1.513608
2.155774
5.344165
9.464843
9.133901
4.230480
2.723595
1.260349
3.404482
4.667662
12.472537
7.104462
11.665767
4.143145
2.594657
1.621110
4.783364
1.078550
6.055757
10.261179
5.898690
7.539416
2.488997
1.103193
2.451230
3.086228
13.016625
9.737064
4.990493
9.470733
1.226173
2.935477
2.458045
1.526141
7.592601
9.788124
5.439634
9.816370
17.259980
22.927817
25.615328
14.574544
34.063934
49.121048
45.544206
40.442048
9.381773
18.185653
17.905625
19.031317
44.681094
30.063678
52.319645
25.883552
18.353553
19.522234
16.555436
18.622047
33.650406
53.786027
43.604069
38.496080
20.528194
11.123936
25.679670
11.501201
50.255953
32.343052
28.803180
57.507842
17.916600
35.100598
29.869022
18.539164
43.045181
43.529417
42.681605
60.350323
16.242672
24.654175
14.615539
20.435744
34.403677
52.867344
32.942584
43.636630
25.836220
17.909614
22.654103
19.362058
37.659144
48.534442
45.109014
52.809864
24.484805
14.695936
19.007894
12.977062
33.802611
45.397005
36.924873
44.737756
10.221616
5.392883
3.004762
7.903904
14.858177
11.362149
14.198461
8.819186
2.759054
3.533631
5.792145
6.888727
9.354259
9.036432
13.862719
12.235595
4.486820
11.494612
4.403347
11.302864
13.626222
11.705974
8.502856
17.237173
9.024383
2.502963
4.962932
4.495471
11.789734
11.278069
9.486252
12.269236
4.364508
7.548718
6.760884
8.925085
10.282393
13.321427
11.814283
11.984785
2.115405
10.674665
1.977535
6.052381
13.977428
9.964344
9.364149
11.684882
7.672555
6.191628
5.892966
2.875045
9.566946
19.292137
11.968287
13.480197
6.583117
9.198854
2.257400
2.838587
14.979416
5.887752
14.966244
11.953687
18.397809
31.133336
27.043798
16.993630
49.765627
66.515678
46.428862
74.095233
26.063436
21.830692
30.060269
19.050256
40.519461
54.317161
62.397208
40.033192
16.184684
29.123502
30.538941
15.361334
79.186316
35.391080
44.358628
56.090886
17.958158
22.840495
27.006589
15.362986
31.227158
62.941161
54.413128
29.909030
23.806175
24.600484
21.396422
19.564194
45.279858
66.106119
40.735695
62.130134
23.407220
22.351562
29.277780
14.403197
49.719220
58.733391
44.986602
55.370372
23.629109
34.703661
25.000403
15.155750
33.950278
64.096702
61.164031
46.820809
16.682819
30.324092
24.496973
18.101944
28.684033
83.319722
41.609311
61.316964
1.300203
5.879456
1.253180
3.553118
14.178255
5.092339
6.880945
9.294183
1.106635
2.912632
1.812139
2.327447
4.228016
9.058095
7.565717
5.110663
1.219000
2.011690
2.766716
2.973328
10.023043
10.603456
6.981094
10.942295
2.167990
1.516743
1.446686
3.200591
7.583184
7.897150
4.420327
6.225435
2.105649
6.364071
1.049602
5.298774
9.367973
6.024998
10.080240
10.923320
1.993094
1.712861
1.117964
3.073623
5.762360
8.881127
10.682645
7.623523
3.562538
3.589293
1.635878
2.431765
15.133345
5.818518
9.984039
5.794606
2.582713
1.314901
2.418933
1.005829
7.102752
7.300875
9.088741
6.272180
18.582706
24.708505
14.653572
25.257747
33.871620
54.159244
39.861922
69.835428
21.652419
13.883355
14.907986
15.103908
42.506922
29.510125
44.201641
26.542583
12.017886
29.153617
25.163369
10.895524
72.111028
33.996969
30.231509
55.028623
14.654255
11.752960
11.931360
21.727848
37.394714
33.802144
28.125598
37.561358
17.285858
27.090003
18.925405
23.321809
36.999580
45.990045
31.587592
65.824159
23.169823
12.909266
14.647558
22.128878
45.963134
29.204773
42.152431
49.758336
17.871298
22.682231
18.730950
17.212433
34.534519
48.059609
29.168666
83.012748
25.794897
12.027010
10.126653
20.469791
32.811744
48.555323
29.948412
40.252216
7.892287
6.839507
4.040299
8.432285
9.991920
13.968775
16.488889
10.600024
4.257707
10.790020
1.945796
4.087746
12.247199
10.213566
8.852909
14.242608
5.580375
5.814251
8.171361
8.410864
10.639470
12.287275
17.049948
10.311219
1.506934
9.519475
3.256625
6.740450
12.794219
10.775510
6.891994
14.485900
8.626211
8.976510
7.432502
4.037363
13.533980
12.390210
16.126584
11.142666
5.816170
4.614602
3.549378
6.569653
11.414475
10.535072
8.060803
18.272000
9.920344
7.760626
10.565667
3.684720
16.146702
12.058354
11.920107
8.942574
1.599789
6.897925
2.094279
10.603631
7.252575
12.136220
11.717364
11.904165
25.055819
22.602409
23.549145
23.736767
86.967042
42.331597
53.587006
47.726442
27.544433
17.164925
25.178808
20.313544
48.027111
54.220662
62.034066
38.001212
24.934445
20.605359
18.708016
23.577845
35.036973
63.473008
55.286855
69.373498
29.142409
17.601794
22.766797
15.351098
35.258808
68.601073
52.965708
50.133430
18.939261
33.219484
19.043798
34.493591
40.590487
59.823517
55.382987
56.080697
20.204481
20.736630
16.963475
30.145239
95.712059
48.659244
53.636470
61.355258
24.855497
23.221350
24.477084
28.968361
63.198278
38.687687
36.121573
84.802555
29.042242
22.158636
19.776370
19.517811
45.117898
98.532325
52.141877
62.531436
1.189506
3.049948
2.026314
7.209112
5.436643
10.625839
5.604518
10.462000
1.749735
1.804885
1.484829
2.699262
11.410217
6.087751
4.638481
7.367954
2.281231
5.707675
0.908522
2.450656
15.804152
6.889422
10.507686
5.002301
1.124281
3.128371
0.952837
2.782774
9.640292
6.615258
6.146676
9.612714
3.544450
1.958170
4.700332
5.235908
10.719547
8.730908
7.694979
8.808393
1.230555
2.109632
4.566686
1.274928
11.835050
8.634516
4.644369
7.494333
3.493256
4.382473
1.603141
2.410910
12.589435
4.253540
9.533311
5.829276
1.207966
2.392524
0.917150
2.023627
9.350958
4.654868
5.687398
7.802279
19.953764
10.054070
26.667677
14.901850
49.877394
42.619130
47.892277
46.408842
12.078614
26.445925
8.978532
21.110295
82.306941
39.578447
34.167547
50.669528
15.612330
31.434086
18.203394
18.016012
59.467456
45.726011
32.131214
54.770409
14.781586
22.758348
11.304075
22.403083
38.502503
35.121627
36.796550
57.563322
21.823480
22.367448
13.328011
21.694973
35.760339
78.591023
48.252248
38.911900
12.431177
18.752353
25.799789
11.971835
28.051858
43.313508
30.381128
71.665744
29.834030
16.524316
14.307727
29.623328
44.561116
58.171380
54.694452
54.783084
25.164308
12.270898
13.360348
14.290209
46.177481
41.417395
55.763709
34.774095
6.835491
9.834129
4.250175
5.834401
17.286137
11.077589
14.480975
7.751342
5.403481
4.672349
2.020045
10.149979
9.149715
8.469451
12.761465
10.564037
5.019520
12.273016
2.727196
8.088129
7.266904
15.022112
10.035634
14.623381
1.428239
7.865590
7.574110
2.713660
9.647435
5.547184
11.101823
10.612511
4.253758
7.290104
11.768750
4.375229
19.266542
6.228019
13.743711
13.166636
4.113390
7.814260
2.359110
9.582635
8.948452
18.537773
9.285578
10.768444
9.585558
7.766048
9.528237
3.325491
11.031568
11.830673
9.130918
23.484216
10.834881
5.189419
2.224015
5.138815
11.356905
10.035555
11.233696
14.260323
17.024386
22.386695
19.190036
32.222180
63.210495
32.419312
37.589898
92.791805
20.152294
28.503122
18.132139
19.140052
54.693897
53.471520
57.498816
40.131191
15.598412
26.543741
19.512656
27.457131
71.849217
27.966756
57.071541
38.673202
28.543780
14.496345
25.053141
20.430328
45.633822
56.001000
74.959147
27.280469
25.394472
18.147011
24.644544
24.265064
52.995972
46.399591
32.303950
63.234152
29.438194
22.901734
12.139983
26.526402
34.969778
77.662884
59.046252
28.107612
18.936489
26.680386
14.905727
32.695844
48.370212
55.336862
53.670275
57.449909
13.836420
32.297875
23.461805
20.454497
69.328398
28.558961
45.382739
92.082598
1.488421
3.335677
6.336421
2.622624
5.961928
6.574960
6.535867
12.335738
4.308580
1.466225
2.655999
1.388823
6.575579
10.110232
8.360294
3.710418
1.209782
3.820509
5.012786
2.765557
9.697413
8.797903
8.303786
5.412980
1.448690
2.310760
3.248520
1.735526
6.100445
10.377405
8.444197
4.049090
2.028922
8.224397
1.134234
2.719113
4.402337
12.621842
4.179376
15.877294
4.033752
0.898332
1.212735
1.538255
7.074008
6.722055
8.349988
7.647258
1.889121
2.920877
4.400271
3.537724
12.147163
3.537723
9.148185
9.094374
1.520853
2.593025
2.515796
2.300842
6.664059
6.266465
5.822428
7.255229
18.273139
17.077658
22.629906
22.292981
30.538914
75.264862
36.598969
53.694842
24.455578
12.386442
22.030617
10.277047
35.940492
45.484387
28.986952
37.270119
20.227608
13.300884
16.043541
16.584141
40.404712
37.336806
79.084047
33.258983
13.010419
22.394737
13.291819
10.522796
30.887973
39.294422
43.172886
23.043019
17.671152
17.419327
16.724241
23.275755
42.340853
57.675453
27.596137
72.932092
23.104284
11.467742
16.531914
15.156644
38.178869
43.277305
34.951917
48.815428
14.578458
29.171384
19.576302
18.131253
48.114108
35.041319
46.790398
56.943116
12.459738
23.676387
13.038790
15.959711
41.367694
33.958831
53.430564
33.479578
1.087519
2.082150
2.726627
5.096955
0.632366
0.035192
1.415262
0.459648
3.830103
2.986254
0.228635
1.251329
1.564150
0.479229
0.068042
0.024689
2.560507
4.580509
1.168540
2.588080
0.035238
1.123902
0.495554
0.525201
0.614177
1.947771
5.460026
0.266040
0.130500
0.019649
0.853679
0.094805
1.604572
1.394127
4.353265
0.588127
0.378085
0.562721
0.177478
0.578629
1.132548
1.717124
1.091293
1.483445
0.017774
0.250022
0.010052
0.637977
2.673688
1.919753
1.793616
2.368018
0.447006
0.121063
0.506030
1.459275
3.122817
0.212605
1.226707
1.233127
0.064757
0.084566
0.216427
0.062822
0.035696
0.000000
0.000000
0.008866
0.000000
0.000000
0.000000
0.000000
0.000000
0.000000
0.000000
0.000000
0.000000
0.000000
0.000000
0.000000
0.031796
0.000000
0.050088
0.000000
0.000000
0.000000
0.000000
0.000000
0.000000
0.000000
0.006883
0.008784
0.000000
0.000000
0.000000
0.000000
0.000000
0.000000
0.164169
0.000000
0.000000
0.000000
0.000000
0.000000
0.000000
0.034988
0.000000
0.000000
0.000000
0.000000
0.000000
0.000000
0.000000
0.000000
0.267834
0.000000
0.000000
0.000000
0.000000
0.007096
0.123693
0.000000
0.008989
0.000000
0.000000
0.000000
0.000000
0.000000
0.974580
0.780188
0.178509
1.115865
0.042358
0.067527
0.040023
0.027121
0.761088
0.234981
0.682576
0.273354
0.103240
0.011914
0.069029
0.000000
0.176423
1.586114
0.762931
0.105403
0.046130
0.000000
0.051004
0.490569
0.523738
0.181546
0.433953
0.296031
0.046756
0.012109
0.011297
0.102398
0.232341
1.836952
0.644915
0.226340
0.007786
0.061371
0.035417
0.151467
0.217373
0.548988
0.140795
0.848924
0.044073
0.011183
0.053412
0.029878
0.310195
2.084178
0.417786
0.229368
0.000000
0.055596
0.105142
0.013907
0.975619
0.206722
0.208314
0.633783
0.040603
0.000000
0.099191
0.004469
0.000000
0.000000
0.000000
0.000000
0.000000
0.000000
0.000000
0.000000
0.000362
0.000000
0.000000
0.000000
0.000000
0.000000
0.000000
0.000000
0.000000
0.000000
0.000000
0.000000
0.000000
0.000000
0.000000
0.000000
0.000000
0.000000
0.000000
0.000000
0.000000
0.000000
0.000000
0.000000
0.000000
0.000000
0.000000
0.000000
0.000000
0.000000
0.000000
0.000000
0.000000
0.000000
0.000000
0.000000
0.000000
0.000000
0.000000
0.000000
0.000000
0.000000
0.000000
0.000000
0.000000
0.000000
0.000000
0.000000
0.000000
0.000000
0.000000
0.000000
0.000000
0.000000
0.000000
0.000000
0.635662
3.404350
6.378035
2.016211
0.034839
0.845632
0.109432
1.264506
1.592161
3.809635
0.920896
0.351332
0.897607
0.401592
0.016946
0.135245
3.681543
0.945156
5.478158
0.828541
0.123131
0.197398
1.672238
0.012502
0.192171
5.138593
0.597755
1.743051
0.133432
0.150842
0.149509
0.057760
6.054703
1.020065
2.452039
1.339582
0.852561
0.082429
0.689866
0.872583
2.851074
0.211588
4.560770
0.341294
0.013191
0.659752
0.167956
0.304361
2.522859
1.032004
4.087529
4.018033
1.197719
0.011381
0.441992
0.565683
0.395161
1.205586
2.487208
1.076037
0.012055
0.590369
0.011783
0.014352
0.011084
0.000000
0.014681
0.014219
0.000000
0.000000
0.000000
0.000000
0.000000
0.000000
0.000000
0.000992
0.000000
0.000000
0.000000
0.000000
0.512787
0.000000
0.000000
0.165229
0.000000
0.000000
0.000000
0.000000
0.000000
0.000000
0.000000
0.074311
0.000000
0.000000
0.000000
0.002933
0.000000
0.009092
0.054399
0.009273
0.000288
0.000000
0.000000
0.000000
0.000000
0.000000
0.000000
0.037887
0.000000
0.000000
0.000000
0.000000
0.000000
0.000000
0.048493
0.484772
0.000000
0.000000
0.000000
0.005910
0.021465
0.000000
0.000000
0.000000
0.009266
0.000000
0.000000
0.000000
0.857089
0.442654
2.369080
0.276641
0.011682
0.129957
0.026331
0.070095
0.874901
0.170011
0.306860
0.439809
0.058254
0.009733
0.027927
0.169938
0.952137
1.599322
0.331758
1.033853
0.066965
0.012728
0.122748
0.061958
0.342272
0.707389
0.854039
0.097258
0.022920
0.045268
0.073479
0.057101
0.634460
0.262818
2.177840
0.143420
0.028838
0.075496
0.016868
0.017632
0.466975
0.452839
0.885354
0.233230
0.056426
0.011533
0.012186
0.023280
0.168390
0.731328
1.683667
0.470789
0.000000
0.166683
0.014605
0.164054
0.299945
0.665944
0.414347
0.920747
0.034029
0.033340
0.037955
0.030462
0.000000
0.000000
0.003670
0.000000
0.000000
0.000000
0.000000
0.000000
0.000000
0.000000
0.000000
0.000000
0.000000
0.000000
0.000000
0.000000
0.000000
0.000000
0.000000
0.011764
0.000000
0.000000
0.000000
0.000000
0.000000
0.000000
0.008271
0.000000
0.000000
0.000000
0.000000
0.000000
0.000000
0.000000
0.000000
0.000000
0.000000
0.000000
0.000000
0.000000
0.000000
0.000000
0.000000
0.000000
0.000000
0.000000
0.000000
0.000000
0.000768
0.000000
0.000000
0.000000
0.000000
0.000000
0.000000
0.000000
0.000000
0.000000
0.010834
0.000000
0.000000
0.000000
0.000000
0.000000
1.475078
2.427829
4.790417
1.520227
1.322866
0.248638
0.265740
0.162438
1.157585
0.198948
4.831621
1.026769
0.035288
0.762412
0.075511
0.056618
4.800027
2.774867
1.057292
1.883148
0.753853
0.751957
0.061374
1.399325
2.837096
0.201939
4.590256
0.268438
0.157123
0.048576
1.729910
0.052440
1.302653
1.695850
1.765513
5.069716
0.450791
0.451958
0.441256
0.571010
1.775741
0.889826
2.849079
0.864875
0.434937
0.079205
1.251815
0.015370
0.939996
1.422320
1.608237
4.970267
0.250556
0.861250
0.367844
1.346895
3.658434
0.323887
5.229615
0.163498
1.273633
0.090483
0.114390
0.028477
0.007984
0.032893
0.000000
0.025066
0.000000
0.000000
0.000000
0.000000
0.008389
0.000968
0.000000
0.001512
0.000000
0.000000
0.000000
0.000000
0.000000
0.009871
0.067339
0.021160
0.000000
0.000000
0.000000
0.000000
0.000000
0.147202
0.000000
0.014130
0.000000
0.000000
0.000000
0.000000
0.021103
0.007831
0.010046
0.000000
0.000000
0.000000
0.000000
0.000000
0.003307
0.014355
0.000000
0.000000
0.000000
0.000000
0.000000
0.000000
0.000000
0.094110
0.000069
0.000000
0.000000
0.000000
0.000000
0.000000
0.000000
0.000000
0.017221
0.011105
0.000000
0.000000
0.000000
0.000000
1.291451
0.621581
1.086054
0.129896
0.043541
0.073703
0.077841
0.020440
0.330770
0.554411
0.767766
0.191032
0.012213
0.020277
0.167443
0.012844
0.406592
0.284721
3.184923
0.460256
0.011698
0.093422
0.022546
0.127238
0.947832
0.137053
1.003808
0.266164
0.012112
0.044410
0.041209
0.013882
0.267004
0.706777
0.628406
0.221087
0.033594
0.060319
0.028985
0.027913
0.723713
0.296749
0.141712
0.789220
0.003545
0.057135
0.052661
0.012087
0.204178
0.602815
1.456945
0.223780
0.026215
0.154796
0.010378
0.239565
0.905017
0.164282
1.228301
0.319092
0.004524
0.139311
0.101232
0.011599
0.000000
0.011341
0.000000
0.004079
0.000000
0.000000
0.000000
0.000000
0.000000
0.000000
0.000000
0.000000
0.000000
0.000000
0.000000
0.000000
0.004117
0.000000
0.000000
0.000000
0.000000
0.000000
0.000000
0.000000
0.000000
0.000000
0.000000
0.000000
0.000000
0.000000
0.000000
0.000000
0.000000
0.000000
0.000000
0.000000
0.000000
0.000000
0.000000
0.000000
0.000000
0.000000
0.000000
0.000000
0.000000
0.000000
0.000000
0.000000
0.000000
0.003451
0.000012
0.000000
0.000000
0.000000
0.000000
0.000000
0.000000
0.001634
0.000000
0.000000
0.000000
0.000000
0.000000
0.000000
2.759750
0.921377
3.945282
3.327645
0.057299
0.770226
0.608278
1.388850
0.671898
3.486131
4.367356
0.163611
0.587784
0.628348
0.024097
0.132553
1.954513
0.855468
6.106477
1.963626
2.196610
0.050484
0.810965
0.128564
2.644822
0.352323
1.087031
2.116762
0.056997
1.433429
0.127259
0.081759
4.448106
2.868710
0.944093
3.863470
0.107480
2.572965
0.062346
0.658371
1.092182
1.494004
3.925824
0.208077
0.839038
0.000000
0.599463
0.065802
0.437471
3.034418
1.262316
6.713401
0.996973
0.173018
0.493404
0.011266
0.256332
0.579773
2.693122
1.261612
0.600942
0.094922
0.232251
0.082705
0.048963
0.000000
0.315787
0.000000
0.000000
0.006828
0.000000
0.000000
0.008665
0.000000
0.008918
0.011069
0.000000
0.000000
0.000000
0.000000
0.325938
0.000000
0.011038
0.015513
0.000000
0.000000
0.000000
0.000000
0.000000
0.030184
0.000000
0.000000
0.000000
0.000000
0.000000
0.007383
0.000000
0.511936
0.001901
0.000000
0.000000
0.000000
0.000000
0.000000
0.000000
0.000000
0.442110
0.000000
0.000000
0.000000
0.000000
0.000000
0.347169
0.000000
0.321571
0.000000
0.006253
0.000000
0.000000
0.000000
0.010832
0.000000
0.000000
0.020108
0.000000
0.007810
0.000000
0.000000
0.765100
0.493768
0.164201
0.688531
0.070789
0.094360
0.157536
0.003915
0.124063
0.593257
0.241431
0.747779
0.062297
0.000000
0.013758
0.165446
1.147363
0.288842
0.492150
0.349683
0.013023
0.136167
0.013657
0.128660
0.559875
0.177410
0.221822
0.553963
0.095209
0.000000
0.083355
0.041884
0.504791
0.143719
2.045985
0.448728
0.125076
0.012036
0.101540
0.028174
0.215379
1.058777
0.935151
0.529006
0.115309
0.013036
0.044893
0.013051
1.046186
0.357975
0.655915
0.221020
0.083348
0.226927
0.000629
0.156313
0.533444
0.190314
0.297471
0.363160
0.122150
0.075849
0.052366
0.013163
0.000000
0.000000
0.000000
0.000000
0.000000
0.000000
0.000000
0.000000
0.000000
0.000000
0.000000
0.002631
0.000000
0.000000
0.000000
0.000000
0.000000
0.000000
0.000097
0.010275
0.000000
0.000000
0.000000
0.000000
0.005543
0.000000
0.000000
0.010631
0.000000
0.000000
0.000000
0.000000
0.000000
0.000000
0.006438
0.000000
0.000000
0.000000
0.000000
0.000000
0.000000
0.000000
0.000000
0.000000
0.000000
0.000000
0.000000
0.000000
0.000000
0.000000
0.000000
0.000000
0.000000
0.000000
0.000000
0.000000
0.010285
0.000000
0.000000
0.000000
0.000000
0.000000
0.000000
0.000000
