0.000000
3.666551
2.490003
0.876028
6.516086
7.829680
4.186190
7.138714
0.310805
1.416531
2.537523
3.725901
2.133470
4.973561
3.649732
8.818042
1.491913
3.242535
4.469376
1.859586
7.428822
6.733434
3.906039
7.891353
1.650274
1.251595
0.285472
2.034156
5.008293
8.472544
2.491398
3.053545
4.445995
4.301810
2.238490
4.447315
7.588202
6.738612
7.004672
8.980887
0.872344
2.556073
4.299997
0.600230
8.151454
2.006335
9.688358
3.100245
4.102743
1.475854
2.731014
4.625065
9.127350
6.942437
8.712961
1.190075
0.449723
4.773658
2.054345
0.635252
4.053425
3.958786
3.043179
8.465723
9.555632
14.246175
14.796078
15.760141
44.003211
15.678497
31.164341
58.158144
9.911570
12.752012
12.657144
10.095934
17.512636
44.562875
43.441230
31.786098
9.175788
12.344727
15.277089
18.944558
39.622103
109.010958
84.334627
21.162817
4.815070
14.872686
12.055303
13.614300
34.356850
62.050922
21.350870
39.884423
14.723967
11.954028
9.327650
16.095292
48.079202
22.761264
22.687133
59.247248
13.426005
10.869945
10.627934
9.922603
31.911345
37.054025
20.110955
55.176738
18.651642
9.582508
10.863127
10.311291
64.331473
28.560073
63.777616
23.334720
11.204744
21.023439
7.694749
9.885230
67.111517
21.899436
18.674325
57.502753
0.186471
0.376847
0.586686
0.220839
2.185560
1.187415
2.261025
4.538306
0.239594
0.562648
0.244496
0.612648
0.942910
3.259505
2.010946
3.730174
1.209128
0.305161
0.947311
0.649483
5.247589
3.465432
1.958338
1.147766
0.466729
0.782191
0.431134
0.432232
1.719162
2.431398
2.968273
1.152920
0.694205
0.179698
0.327864
0.568854
5.319049
1.150461
3.712999
1.568033
0.788476
0.348581
0.795656
0.238109
1.386403
2.436232
1.969153
2.141678
0.664278
0.254954
0.301650
0.497227
3.042665
5.905410
1.126749
2.251828
0.252193
0.757899
0.647141
0.347161
1.825483
3.291657
1.917723
3.118182
6.998840
10.285523
11.351839
3.740605
14.786136
31.801083
29.950311
17.813919
2.877482
7.506233
7.120269
6.916713
27.316417
14.617511
46.237652
10.608276
8.088817
7.091665
3.848488
8.632495
13.687700
31.413197
30.881847
22.374964
8.545293
4.876489
9.597433
4.186314
35.618878
14.250858
13.229577
47.843897
8.283348
16.152369
12.765167
7.663516
25.157194
30.117633
17.159127
57.240406
5.883103
7.931667
5.544660
8.795020
18.442148
38.010630
12.905013
35.110911
9.996738
4.821287
11.347466
10.432120
20.314044
39.793530
18.881852
40.374909
9.750538
3.924495
9.220044
5.968190
15.484925
34.380148
18.034550
24.452125
3.367282
3.548737
1.114437
1.483276
5.359318
8.016221
3.041481
6.633296
0.611363
0.702961
3.014324
0.918869
1.868829
5.902219
9.280183
2.840561
3.042591
1.789926
3.160679
1.855434
2.379760
9.222930
6.059666
3.223839
1.438110
1.090954
2.892793
1.231414
1.957960
7.998419
2.162656
9.483548
3.111830
4.883878
0.815502
3.158436
7.365306
2.825047
3.179791
8.007895
0.362443
1.649800
0.624156
3.894946
3.836742
2.019485
5.341438
8.614104
1.233663
4.830262
3.850438
0.575413
6.654992
3.914943
3.406262
10.170533
4.062715
1.517123
0.692475
1.255590
3.582041
2.359112
13.004958
1.711266
6.738979
24.521150
22.647059
3.894736
42.000828
86.319331
25.873397
91.476806
16.868653
5.390592
12.310983
14.779052
18.316650
47.672395
47.632034
21.113947
13.715395
9.949885
10.176388
15.489655
100.350634
15.252144
36.880264
63.042848
4.028000
21.362920
9.309337
12.029383
27.713769
45.863442
45.618908
22.829322
5.891052
21.512748
16.609452
7.203606
32.538578
100.245045
19.537948
60.846348
8.785989
4.974601
21.598803
8.714447
35.994631
71.643088
29.456375
42.366631
5.387915
15.204736
21.768019
13.608434
14.659247
80.021725
51.892062
41.147872
11.630308
9.541629
22.055573
5.635133
25.636241
87.647567
22.892262
56.507070
0.221413
2.402895
0.228139
0.489523
8.885532
1.283559
1.609458
1.777977
0.295077
1.043551
0.415069
0.455872
1.338069
2.719226
2.410081
2.000236
0.400737
0.752275
0.626483
0.256855
1.834986
3.400583
2.722449
7.705825
0.504752
0.486417
0.371421
1.075775
1.764357
3.068543
1.356320
2.614454
0.531023
1.966296
0.259474
0.901570
3.085158
1.416237
5.758897
2.041150
0.497334
0.531103
0.306572
0.681415
1.097474
3.626207
3.488627
2.127031
0.677117
1.894865
0.451072
0.775855
3.156776
2.256622
2.665977
2.184984
0.576963
0.447403
0.736832
0.290853
2.923896
2.258278
3.182414
1.192457
11.744306
9.469155
8.218379
9.062849
21.322509
49.055450
21.653109
47.370144
7.227096
5.029238
7.423279
8.077200
23.999434
15.083852
23.790053
14.869752
3.497880
11.546233
19.652605
7.011496
57.249200
22.296508
12.154984
45.371897
8.153649
4.087247
6.515566
7.765612
26.373164
20.974150
13.930512
24.633053
4.020734
18.022800
6.955827
12.674595
24.776628
30.991937
13.093741
58.309883
10.867834
4.395150
5.709053
10.865142
30.539502
14.523058
23.962831
36.801327
11.394916
4.862697
13.383059
5.911368
15.803075
41.260347
14.580541
73.525789
17.812259
4.978590
5.781610
8.707794
17.062531
38.230767
13.612877
28.501125
3.833670
3.851889
0.715432
4.618510
4.871753
6.979470
8.048402
6.828010
1.445839
4.358278
0.610409
1.058259
6.400661
2.265080
3.720551
6.976906
2.710755
1.245584
5.773456
1.885061
5.385716
8.586519
9.876763
2.000417
0.285262
5.364280
1.101376
1.348694
4.496518
7.010343
1.337104
7.717923
3.557213
2.285256
4.212958
1.567370
6.383977
6.670175
6.356458
7.559028
3.594561
0.932038
0.878582
0.875182
6.380336
5.517532
1.558379
9.050599
5.353214
4.370153
1.811916
1.524277
5.803699
6.572963
8.746430
3.673752
0.430504
4.704700
0.332449
1.822661
3.823409
2.978081
5.318518
5.656457
13.574727
10.168472
13.227341
13.227380
107.255634
23.354395
53.533775
26.668789
12.200170
11.362322
12.174895
5.723988
28.706609
42.602325
46.562864
22.848800
11.906325
13.985998
6.478872
17.700944
16.670759
79.297427
43.079764
58.888547
10.829409
10.486296
14.814878
6.158811
20.521225
69.299366
33.354847
39.560973
10.991036
18.411459
12.252109
15.225786
21.264539
71.711248
48.260447
43.103208
6.945281
11.960848
9.576152
9.426840
86.948505
38.936513
31.337011
63.211853
17.473636
15.121837
8.894443
12.033847
53.360284
33.599528
17.926062
89.211517
9.556697
9.457906
13.085480
9.523024
25.174889
93.354337
32.843145
77.801320
0.213066
0.975917
0.348951
1.045821
1.471245
2.228111
1.621615
5.542455
0.509677
0.374543
0.284159
0.906401
2.985177
1.497428
1.113821
2.182430
0.481835
1.956870
0.167368
0.530581
8.057167
1.059773
2.296624
1.758603
0.196543
1.037867
0.234234
0.545486
3.245270
1.885905
1.460355
2.252105
1.126425
0.414905
0.506068
1.674571
3.147448
1.384492
2.655534
3.576544
0.328635
0.533364
1.208863
0.154605
3.835736
2.030589
1.750540
2.483293
0.921145
0.422733
0.218322
0.827431
4.570392
1.753307
3.054068
1.495040
0.192728
0.875796
0.199235
0.399851
3.562513
1.239835
1.310832
2.836903
9.515050
3.857553
8.889207
4.686115
26.659281
29.636198
28.413981
28.734730
4.579265
9.586719
3.096934
5.913486
59.759078
21.706183
17.817798
39.311189
5.955853
13.765308
9.339491
5.399822
33.187764
35.284342
17.872184
42.791022
6.276123
11.651481
3.997423
7.059861
19.758891
23.991341
19.330520
44.672284
7.033606
6.849906
6.780543
11.487169
17.331103
58.452125
39.653098
17.685264
4.358460
8.105516
7.244194
5.001536
14.965828
31.224091
11.127316
48.339212
12.256200
4.958125
8.001190
15.528245
28.471266
51.683227
34.604694
26.866492
7.646123
4.745389
6.715370
5.629273
28.683458
31.313456
38.019250
16.822522
4.280303
3.527969
0.487429
3.931511
3.717720
3.269151
8.390313
6.018707
3.522855
1.512844
0.673828
1.390315
5.653727
1.732549
5.084205
6.342849
3.595205
1.854461
1.759870
1.451918
5.660493
3.381967
7.022207
2.787541
0.359098
5.298639
1.468434
1.508721
2.818372
1.939181
1.684279
9.159025
3.084651
3.797988
1.945766
0.741518
12.348147
4.342166
6.574322
2.388639
1.022111
2.725780
0.770127
5.160819
2.161056
3.551310
3.030726
9.146052
6.044220
0.810898
3.040752
2.756057
6.749238
2.556010
7.735240
4.390422
1.394022
3.841855
0.810190
1.703424
9.026225
1.500889
2.349860
9.171412
14.459417
9.482334
13.689805
11.371331
60.241956
28.399380
17.683617
106.628259
13.283895
9.233452
11.721672
4.435006
35.172030
41.850658
62.544347
34.472742
13.151678
9.929583
4.008926
24.725614
79.068058
26.979005
57.146892
17.503048
10.900882
9.460729
23.028947
3.941354
36.091997
45.344106
91.478727
26.313711
21.588758
12.408956
5.841528
11.162272
43.612328
52.206370
15.652364
53.087198
9.148768
8.322762
9.186457
17.539189
14.881628
62.896661
45.310825
24.815956
13.702417
9.650346
14.768303
11.815403
40.216205
50.948955
36.121652
76.353305
11.087372
11.143554
8.422624
13.093292
77.149700
28.092711
33.726481
97.854659
0.437891
1.068571
0.960143
0.471911
1.389998
1.499836
3.670435
2.987630
0.826334
0.479487
0.622007
0.426250
1.845593
3.018996
1.916365
1.189718
0.316220
1.012606
0.678631
0.992486
3.035298
5.182247
1.643178
2.947205
0.487346
0.785581
0.713374
0.522881
2.347613
2.674485
2.738182
1.192383
0.582562
1.407326
0.302336
0.417724
1.227104
3.865526
0.808094
8.630742
0.687176
0.285701
0.238733
0.566180
2.168179
1.621172
1.668964
3.589797
0.518987
0.476472
3.058127
0.997750
6.942031
1.338840
2.686425
2.085862
0.424078
0.862652
0.841893
0.447132
2.244422
2.652499
1.732427
1.914662
11.336845
6.252975
10.558541
4.749051
19.064850
53.314612
18.438744
42.014148
9.945478
5.268826
9.640444
5.711629
17.447009
29.904325
13.027367
23.676122
6.665402
4.151631
12.441633
9.859581
34.003153
25.665919
60.200809
22.312481
5.483400
7.678546
5.016306
6.722253
17.970945
29.548830
26.058561
11.184259
3.869754
6.525753
8.557199
17.591148
23.184648
59.092470
16.153297
57.989797
9.637567
6.344826
9.288077
5.022837
27.519364
23.823745
20.197178
26.798806
4.219213
22.949973
6.165824
13.380172
43.019723
18.311142
22.474448
50.244845
5.686419
8.411827
5.178478
11.476517
38.250355
21.144403
37.638331
22.284408
0.133699
0.635917
0.992791
2.768552
0.130304
0.018554
0.554092
0.173367
0.885270
0.929454
0.036450
0.194009
0.480748
0.068981
0.018209
0.012734
1.638051
1.008123
0.134001
1.696256
0.029725
0.115347
0.236093
0.051576
0.072190
1.398342
1.199949
0.068189
0.040969
0.005956
0.108367
0.114233
0.726980
0.153591
1.313162
0.170220
0.185226
0.188282
0.059486
0.142772
0.165911
0.322683
0.125785
0.308328
0.015042
0.078822
0.011193
0.129870
0.339473
0.934794
0.629449
0.696085
0.106244
0.064355
0.105909
0.986193
1.143733
0.024923
0.151116
0.053141
0.013830
0.049184
0.100765
0.014331
0.068747
0.008197
0.009009
0.025418
0.004950
0.007947
0.002394
0.002843
0.008520
0.009674
0.011684
0.009016
0.008752
0.000000
0.000000
0.005891
0.054060
0.008148
0.040240
0.004829
0.006872
0.000000
0.001847
0.005814
0.010441
0.008422
0.005958
0.011171
0.000000
0.002681
0.002166
0.005822
0.009073
0.010352
0.105993
0.005353
0.000139
0.006979
0.006663
0.002079
0.008696
0.039208
0.015101
0.010190
0.000156
0.002070
0.004639
0.002941
0.007872
0.013825
0.101700
0.012882
0.000000
0.006385
0.000418
0.013386
0.059204
0.001984
0.034572
0.008446
0.000000
0.006959
0.006691
0.000000
0.125496
0.058283
0.020411
0.158460
0.019372
0.015295
0.014977
0.012149
0.092286
0.039921
0.094424
0.071468
0.019763
0.011696
0.017383
0.011114
0.069625
0.100769
0.086495
0.031147
0.013922
0.012031
0.013480
0.144187
0.100858
0.019448
0.100089
0.024570
0.019243
0.005091
0.011274
0.056539
0.024297
0.313830
0.066354
0.028840
0.008520
0.022631
0.020809
0.031389
0.035126
0.044671
0.033711
0.086562
0.016293
0.010693
0.018746
0.013287
0.102346
0.144932
0.069172
0.027310
0.011649
0.011321
0.015801
0.020471
0.144445
0.020559
0.020112
0.142713
0.014034
0.011735
0.015398
0.014700
0.009201
0.003192
0.007779
0.010690
0.000505
0.001558
0.003577
0.000000
0.011004
0.003905
0.008490
0.004676
0.000000
0.000538
0.000000
0.006158
0.003042
0.010595
0.010816
0.005823
0.006776
0.000000
0.000000
0.000037
0.003688
0.004367
0.002522
0.012043
0.000000
0.000000
0.003086
0.000000
0.009030
0.000291
0.007688
0.008755
0.000000
0.001316
0.000000
0.000927
0.009290
0.005944
0.009036
0.001373
0.000000
0.000000
0.000797
0.000000
0.008654
0.009284
0.002684
0.001117
0.000000
0.001441
0.000000
0.000000
0.002012
0.010832
0.005866
0.001985
0.000000
0.000000
0.000000
0.000000
0.175239
0.368600
1.373157
1.251341
0.032886
0.052364
0.132567
0.058173
0.080100
2.470366
0.221751
0.124950
0.340337
0.015603
0.005401
0.088153
0.488749
0.414729
0.791956
0.328500
0.141792
0.019106
0.091595
0.023436
0.090057
0.351248
0.099224
1.255731
0.085232
0.007149
0.125230
0.001756
1.155969
0.169327
1.832711
0.440215
0.042734
0.105922
0.278764
0.113349
0.150597
0.125375
2.396149
0.033188
0.016405
0.321978
0.019877
0.014809
1.586272
0.223514
0.333399
2.975586
0.060726
0.042537
0.173238
0.019859
0.053875
0.410026
2.255442
0.047626
0.051302
0.023393
0.000638
0.033227
0.030412
0.000000
0.013928
0.054204
0.006052
0.000838
0.006803
0.005023
0.010282
0.011968
0.009205
0.000395
0.007258
0.000204
0.000000
0.006819
0.046709
0.009027
0.008680
0.011761
0.004772
0.007651
0.000048
0.001133
0.011079
0.000111
0.009764
0.009721
0.000000
0.000000
0.003588
0.002141
0.020163
0.008761
0.023350
0.022071
0.011272
0.004009
0.007142
0.002134
0.010706
0.010539
0.000091
0.010850
0.002852
0.000000
0.000095
0.005508
0.019503
0.007361
0.010917
0.014135
0.007460
0.000021
0.002110
0.007030
0.005118
0.008888
0.000000
0.015372
0.007079
0.000000
0.001998
0.001788
0.159459
0.055646
0.556939
0.120150
0.002307
0.013641
0.039332
0.035001
0.235459
0.094897
0.036779
0.057566
0.029590
0.017037
0.007015
0.017376
0.201147
0.543905
0.049102
0.317470
0.042244
0.038031
0.002380
0.002331
0.054868
0.168509
0.243876
0.083960
0.027258
0.001580
0.070043
0.001736
0.192854
0.033016
0.164206
0.045797
0.012087
0.055044
0.003060
0.027269
0.168133
0.058031
0.173780
0.024350
0.024693
0.004334
0.005868
0.038655
0.059865
0.149856
0.618360
0.031548
0.013415
0.013191
0.035864
0.017699
0.041041
0.195441
0.031839
0.353720
0.002077
0.056811
0.002054
0.026166
0.000082
0.008886
0.001605
0.006069
0.000000
0.000000
0.006091
0.000000
0.006066
0.009464
0.003380
0.000142
0.000000
0.000000
0.001206
0.000000
0.015008
0.003111
0.000000
0.001527
0.000000
0.000000
0.007096
0.000000
0.000121
0.011753
0.002424
0.007920
0.000000
0.000000
0.001487
0.000000
0.012027
0.000000
0.010285
0.000699
0.000025
0.000000
0.007066
0.000000
0.001699
0.011441
0.002494
0.000238
0.000000
0.003222
0.000000
0.000000
0.001468
0.010413
0.000000
0.011459
0.006607
0.000000
0.000824
0.000000
0.000000
0.009485
0.001924
0.007461
0.001961
0.000000
0.001155
0.000000
0.330368
0.782598
2.606012
0.256837
0.461927
0.120639
0.118163
0.019902
0.159043
0.062116
1.161430
0.129109
0.014351
0.318446
0.018734
0.016958
1.478030
1.776106
0.089269
0.983431
0.164613
0.096054
0.016065
0.898139
1.068888
0.020850
0.793338
0.065083
0.073354
0.009727
0.455370
0.013833
0.293380
1.351510
0.271017
0.793896
0.140688
0.144448
0.209412
0.065621
0.264820
0.154941
0.633382
0.154877
0.105166
0.017572
0.358592
0.013488
0.202007
0.159035
1.039305
0.876835
0.145906
0.182080
0.028599
0.317781
1.148974
0.057185
1.930678
0.088786
0.088668
0.108742
0.017914
0.015236
0.020244
0.065196
0.008473
0.030442
0.000280
0.006339
0.001506
0.010158
0.034560
0.006633
0.012282
0.011788
0.003549
0.000000
0.001536
0.007973
0.009602
0.009440
0.104365
0.020712
0.007417
0.001681
0.006781
0.003133
0.008683
0.056483
0.003101
0.036289
0.007379
0.000848
0.000000
0.001024
0.030404
0.031887
0.011840
0.008708
0.008241
0.000000
0.002900
0.006019
0.010947
0.022459
0.010001
0.009370
0.000000
0.000152
0.005455
0.002115
0.002992
0.058380
0.013138
0.007931
0.000000
0.006833
0.003861
0.002386
0.008635
0.009284
0.017326
0.010897
0.005763
0.000000
0.002068
0.000000
0.152507
0.116012
0.125627
0.020504
0.016454
0.028821
0.017824
0.012322
0.049668
0.072607
0.089267
0.035574
0.012414
0.015070
0.048038
0.010629
0.117585
0.036263
0.586110
0.030997
0.011363
0.021341
0.024576
0.015122
0.159587
0.070849
0.097267
0.024790
0.015867
0.019086
0.009276
0.017396
0.020014
0.055359
0.075472
0.063578
0.015413
0.029527
0.012665
0.016564
0.067279
0.030598
0.030298
0.160961
0.012168
0.016741
0.015541
0.008515
0.018257
0.189634
0.177798
0.048369
0.013109
0.016215
0.012213
0.146875
0.187880
0.026242
0.215592
0.036630
0.011754
0.018013
0.052278
0.002805
0.004765
0.011110
0.008592
0.007846
0.001001
0.000218
0.002396
0.000000
0.008180
0.003580
0.010980
0.008743
0.000000
0.000000
0.000148
0.000000
0.004699
0.001961
0.004177
0.021268
0.000000
0.000922
0.000000
0.000000
0.009430
0.000009
0.010328
0.007997
0.000425
0.000000
0.000000
0.000000
0.008948
0.010929
0.005590
0.003710
0.003265
0.000000
0.000000
0.003546
0.010591
0.001161
0.008320
0.009299
0.000167
0.000000
0.006159
0.000000
0.000009
0.029930
0.006099
0.000870
0.001500
0.000000
0.000000
0.001209
0.007794
0.010025
0.002920
0.009249
0.000000
0.000000
0.000000
0.000000
0.249218
0.260195
2.689570
0.532305
0.066860
0.224378
0.113544
0.053095
0.130370
0.733208
2.275062
0.114306
0.022209
0.293327
0.018245
0.016437
0.275591
0.428332
1.254964
1.345025
0.077837
0.043093
0.052480
0.178704
1.689613
0.121648
0.243511
0.095705
0.070605
0.042896
0.106824
0.003707
0.448532
0.594725
0.436251
2.046106
0.024412
0.141285
0.039002
0.379995
0.465070
0.297180
0.199796
0.022544
0.227820
0.014380
0.039663
0.005759
0.102794
2.582927
0.357831
0.651004
0.122191
0.103474
0.064505
0.045083
0.179845
0.102151
1.621555
0.043336
0.015957
0.044983
0.195244
0.007774
0.011680
0.010300
0.055081
0.009737
0.003480
0.007660
0.006885
0.000000
0.004282
0.008223
0.008789
0.055765
0.005464
0.005551
0.000865
0.000000
0.014827
0.009165
0.044902
0.008373
0.002439
0.000000
0.006653
0.007012
0.008566
0.004606
0.000000
0.014361
0.000000
0.002040
0.000000
0.006876
0.000250
0.090142
0.019208
0.008584
0.003634
0.005592
0.007156
0.005535
0.008577
0.009290
0.023649
0.001613
0.007600
0.000000
0.000000
0.000002
0.030366
0.008774
0.014872
0.009159
0.011108
0.001781
0.006275
0.000000
0.000370
0.008734
0.010289
0.009015
0.001075
0.006646
0.000236
0.000000
0.095071
0.223141
0.036017
0.135769
0.040941
0.010084
0.009300
0.015932
0.063967
0.076736
0.029781
0.193608
0.011943
0.012291
0.026981
0.010864
0.281386
0.023085
0.225892
0.045679
0.044174
0.007091
0.015896
0.003299
0.090699
0.085855
0.020689
0.281275
0.002037
0.013752
0.007893
0.028190
0.066972
0.103764
0.300145
0.051076
0.007346
0.043200
0.021382
0.011139
0.021478
0.202607
0.298892
0.044485
0.015534
0.014522
0.041933
0.001646
0.260600
0.198802
0.093895
0.020880
0.004867
0.024084
0.013173
0.169171
0.262272
0.066936
0.022872
0.081083
0.006084
0.000945
0.065632
0.015874
0.000000
0.011601
0.002860
0.011508
0.000066
0.000000
0.000000
0.003382
0.007376
0.009266
0.001591
0.000750
0.001877
0.000000
0.006744
0.000000
0.008908
0.027246
0.000000
0.001116
0.000000
0.001555
0.000000
0.000000
0.002576
0.008772
0.008770
0.000181
0.000028
0.000000
0.000000
0.001182
0.010909
0.008891
0.005605
0.000000
0.006479
0.000000
0.000538
0.000000
0.001511
0.000793
0.005394
0.011483
0.000000
0.000068
0.000577
0.000368
0.009714
0.000071
0.016828
0.000000
0.000000
0.005613
0.001674
0.000000
0.004635
0.007644
0.010071
0.000019
0.000000
0.000000
0.000000
0.000000
