0.000000
0.000297
0.000000
0.000000
0.014008
0.096656
0.006247
0.828110
0.000000
0.000000
0.000495
0.000119
0.000437
0.007983
0.007764
0.046999
0.000000
0.000000
0.005476
0.000000
0.967382
0.006387
1.221326
0.007914
0.000000
0.000000
0.000000
0.003378
0.027042
0.067421
0.000000
4.249378
0.003120
0.003798
0.000000
0.005817
0.215794
0.050069
0.046054
0.173313
0.000000
0.000000
0.005377
0.000000
0.205399
0.024800
1.872321
0.001718
0.005082
0.001253
0.000000
0.000000
0.058901
0.766668
0.051281
0.000421
0.000000
0.005989
0.000000
0.000000
0.008236
0.020035
0.121126
0.064247
7.523211
22.788231
6.802507
16.286309
43.209984
22.799341
37.281009
58.012125
12.616630
4.382088
17.802959
10.094480
22.088184
48.474416
47.776828
41.570498
5.146106
19.705814
7.161157
8.036555
40.041120
78.962253
72.831830
30.721128
5.151754
23.137284
2.115764
8.657412
39.069434
66.273431
35.321856
47.104091
19.667259
6.115849
2.105135
13.849336
49.993206
25.989500
30.416466
49.146950
9.066147
9.259432
14.358836
6.227174
39.501800
41.412898
29.848688
63.522233
19.912483
16.078130
1.359547
15.799398
55.838986
33.896702
54.635877
21.529344
6.298318
21.818978
12.852705
17.766289
61.012606
22.422467
28.787377
51.552108
0.000000
0.000000
0.000000
0.000000
0.028579
0.000000
0.007587
0.065756
0.000000
0.000000
0.000000
0.000000
0.000000
0.079730
0.007079
1.705530
0.000182
0.000000
0.000000
0.000000
0.008347
2.380444
0.000000
0.005922
0.000000
0.000000
0.000000
0.000000
0.006430
0.009357
0.839331
0.006044
0.000000
0.000000
0.000000
0.000000
0.193834
0.000000
0.054006
0.000000
0.000000
0.000000
0.000000
0.000000
0.000650
0.046041
0.000510
0.024549
0.000000
0.000000
0.000000
0.000000
0.812012
0.008366
0.000000
1.871929
0.000000
0.000000
0.000000
0.000000
0.000000
2.567116
0.000242
0.575522
7.799359
10.879788
16.053622
2.648798
25.521839
39.717880
37.138555
30.892350
1.355094
11.981858
12.568391
6.557477
43.796708
20.423236
56.125763
18.969964
5.253875
13.690627
2.536491
6.420833
23.393848
44.233414
35.108933
30.102877
12.633329
0.250403
22.856686
7.605002
41.339338
29.812225
22.023902
60.954600
9.057673
25.494559
18.095973
6.795628
34.421998
36.562783
29.602303
55.888322
5.580941
19.759478
9.846059
15.081883
30.174673
52.100963
25.747991
42.418131
15.372122
13.292683
14.144638
2.381236
28.705089
52.227922
33.186211
41.802863
16.720770
6.115754
16.351792
2.711824
24.066938
45.523842
32.039630
36.419358
0.014196
0.000000
0.000000
0.004911
0.633139
0.007075
2.646317
0.006285
0.000000
0.000000
0.000000
0.000448
0.045840
0.008710
0.083498
0.035576
0.000000
0.160422
0.000000
0.017905
3.791968
0.007914
0.006504
5.624431
0.015173
0.000000
0.000000
0.003406
0.072805
0.008852
0.718393
0.042663
0.000000
0.005647
0.000000
0.016568
0.006479
4.578018
0.024731
0.007434
0.000000
0.016512
0.000000
0.005310
1.470290
0.135261
0.006930
0.111961
0.000104
0.005011
0.000000
0.000000
0.007028
8.326435
0.523276
0.008988
0.000000
0.026089
0.000000
0.000000
8.939488
0.000000
1.435111
1.448437
4.642940
21.750702
15.344722
6.505823
41.123623
80.459230
30.994777
80.996145
14.518080
8.341036
22.002420
2.749043
28.174936
52.193467
49.922967
31.431078
1.628792
23.173306
20.666189
1.727390
73.321563
28.694511
33.760144
56.984986
10.325172
4.077233
18.718806
2.744658
22.396061
52.935772
68.208838
14.914219
15.271047
5.748320
9.437239
7.709445
27.179128
69.881945
28.883348
74.826603
16.607592
12.373823
23.047834
0.065506
44.305045
62.675547
31.782492
57.957217
12.303091
26.000744
5.969109
2.802355
29.735941
65.983752
51.742645
33.735817
1.727865
19.430502
15.313463
16.574020
16.585742
68.103036
39.578236
70.956486
0.000000
0.000000
0.000000
0.000000
0.098747
0.000000
0.224181
0.103878
0.000000
0.005710
0.000000
0.000000
0.005861
3.511636
0.008093
0.000000
0.000000
0.000137
0.000000
0.000000
0.138546
4.629300
0.001692
0.008604
0.000000
0.000000
0.000000
0.013579
0.279023
0.006588
0.132905
0.000000
0.000000
0.000000
0.000000
0.006404
0.008764
0.217626
0.020330
0.227617
0.000000
0.000000
0.000000
0.000000
0.009504
0.074576
0.009054
0.291742
0.001255
0.000000
0.000000
0.000000
6.097154
0.000693
4.401286
0.000000
0.000000
0.000000
0.000000
0.000000
0.000871
2.403906
0.009202
0.221923
3.620904
16.048311
1.832828
21.520713
24.478692
48.804178
31.203141
57.174131
20.504092
12.371411
1.227102
3.522015
41.988502
21.563308
34.513520
18.259509
10.318921
25.018114
7.971956
0.027044
69.435292
22.628186
24.668239
51.981800
2.363124
11.249755
0.075423
19.805644
25.401209
27.726658
25.761495
36.439241
5.951866
21.246858
12.329938
9.982415
27.671191
37.915144
23.064895
66.906442
24.739300
8.010222
1.232876
13.278112
35.721406
26.470723
33.535736
51.256741
2.197723
14.583427
6.250018
13.490807
27.596109
42.157977
27.044711
66.805528
13.090081
11.330586
0.079491
17.444413
30.456986
45.361008
28.165397
31.815322
0.000000
0.003831
0.000000
0.005384
0.004237
2.118917
0.044104
0.029921
0.000000
0.005546
0.000000
0.000000
0.067156
0.007700
0.081072
0.028197
0.000000
0.000262
0.005311
0.000000
0.047360
0.082230
0.044861
0.007106
0.000000
0.006593
0.000000
0.002254
0.016262
0.015618
0.005761
0.064634
0.000000
0.000000
0.005274
0.000000
0.008348
0.917969
0.058444
0.071932
0.002441
0.000000
0.000000
0.000000
0.242929
0.059779
0.000000
0.111153
0.046108
0.000000
0.000355
0.000000
0.078935
0.008131
0.220590
0.129493
0.000000
0.004948
0.000000
0.004766
0.006483
0.308283
0.005983
1.169310
17.247252
5.369453
16.582477
3.000344
77.277014
36.607883
57.700081
30.415070
16.857370
2.380596
17.718061
2.624089
34.084858
49.334697
50.643689
28.450331
16.484167
1.945246
4.847605
15.403781
25.630877
64.935544
41.836308
50.803934
14.891431
1.293225
13.862722
8.807525
22.354064
68.673139
32.635817
46.432630
10.613174
20.625581
9.976262
15.384205
27.353392
57.657564
60.575794
37.817959
1.180677
14.034948
5.000695
18.444913
71.557383
42.878014
35.001198
67.526631
18.324705
2.996064
5.253790
21.820617
42.861348
35.119031
26.594378
66.783314
16.413903
13.242047
12.238663
0.203240
41.207502
77.828619
36.479861
59.296463
0.000000
0.000000
0.000000
0.000000
0.006976
0.007454
0.000000
0.055372
0.000000
0.000000
0.000000
0.000000
0.025209
0.016506
0.000000
0.030888
0.000000
0.000039
0.000000
0.000000
0.119031
0.006060
0.456162
0.000599
0.000000
0.000000
0.000000
0.000000
0.033337
0.181886
0.003575
0.209935
0.000000
0.000000
0.000000
0.000000
0.015805
0.000000
0.015767
0.272882
0.000000
0.000000
0.000000
0.000000
0.260343
0.000000
0.000592
0.308206
0.000000
0.000000
0.000000
0.000000
0.011720
0.000000
1.139992
0.006060
0.000000
0.000000
0.000000
0.000000
5.801001
0.000000
0.000000
0.131691
11.105501
1.787562
15.739841
0.187146
32.987353
42.988603
34.312691
37.963777
6.725305
16.398527
3.956045
11.979795
71.069622
29.538936
25.917497
55.176638
0.237133
25.557636
10.750055
7.186718
42.096491
47.879838
25.965850
44.933184
0.802736
17.261791
8.769907
17.489400
30.403964
29.854114
31.549125
56.232061
6.117012
9.816820
3.251970
12.644559
27.182261
59.035852
46.784783
25.363395
0.489193
14.303467
18.227347
10.162054
24.453942
45.672342
20.771830
66.680316
22.522642
5.494869
7.319348
15.293180
39.466286
54.657423
41.319034
35.267317
17.320980
0.092688
7.379050
11.373694
35.067717
45.165519
44.421313
28.366559
0.000000
0.033941
0.000000
0.004943
1.040290
0.176763
0.037461
0.005879
0.003568
0.000000
0.000000
0.020822
0.008610
0.007076
0.911284
0.007394
0.004446
0.064467
0.000000
0.064145
0.006469
3.950494
0.006882
3.522296
0.000000
0.000500
0.030344
0.000000
3.252257
0.000000
0.054478
0.068056
0.000197
0.000000
0.005860
0.000000
0.132052
0.006918
2.394749
0.879124
0.000000
0.005537
0.000000
0.000000
0.979448
5.059174
0.000000
0.140324
0.000452
0.000000
0.114987
0.003105
0.002927
3.143249
0.029726
10.145503
0.017601
0.004695
0.000000
0.000000
0.221060
0.730544
0.403843
0.007628
2.421214
19.513222
1.458817
17.503650
63.243316
21.542838
28.853606
72.103764
1.901009
19.842983
8.974077
8.314823
39.345038
35.258505
63.304406
34.060983
2.873694
19.949011
7.402203
6.826038
65.601938
19.636475
46.770172
34.159613
23.864244
0.038985
18.827869
7.474301
30.314877
58.533022
70.168902
18.387247
16.968063
0.096619
6.999752
20.413389
38.044184
57.933011
26.296048
52.906809
17.981470
15.279470
1.489610
6.448630
25.462394
57.195734
41.345617
22.441316
0.221253
17.868116
2.977340
28.721572
30.620920
64.935261
39.836092
59.541092
2.147597
23.957506
18.484120
1.896472
72.820303
19.735883
44.480400
69.796223
0.000000
0.003518
0.005476
0.000000
0.067297
0.000000
0.006551
2.159109
0.000000
0.000000
0.000000
0.000000
0.000000
4.286598
0.342716
0.000000
0.000000
0.000000
0.001909
0.000000
2.583587
0.000000
1.041606
0.000283
0.000000
0.006238
0.000000
0.000000
0.004074
5.371151
0.000000
0.302653
0.000000
0.005700
0.000000
0.000000
0.000000
4.878697
0.005683
0.050691
0.000000
0.000000
0.000000
0.000000
0.000000
0.588097
0.021882
0.020640
0.000000
0.000141
0.004072
0.000000
0.008417
0.000000
2.129246
0.356652
0.000000
0.006166
0.000000
0.000000
0.000000
0.008462
0.053572
3.957501
8.034066
11.645512
7.218634
9.207836
21.479348
62.262003
32.444630
46.400789
14.645198
12.677237
7.124417
0.343552
29.633720
34.036269
23.930295
29.895763
16.975133
9.394429
4.795590
0.286381
35.686348
37.950306
74.063720
18.379003
0.052903
20.031088
15.773369
0.179179
20.497767
36.164103
36.622044
24.655800
7.163077
14.979875
0.116457
18.970416
33.842389
64.766295
20.509469
56.355080
8.038261
2.331338
16.763134
7.760013
36.399291
30.993839
30.816545
38.807178
13.863170
9.232487
9.992099
9.306252
45.493819
30.599909
34.236273
44.407511
0.015170
20.680375
12.141946
8.054070
46.743077
31.282767
41.557536
37.629834
0.000000
0.000000
0.000000
0.000000
0.000000
0.000000
0.000000
0.000000
0.000000
0.000000
0.000000
0.000000
0.000000
0.000000
0.000000
0.000000
0.000000
0.000000
0.000000
0.000000
0.000000
0.000000
0.000000
0.000000
0.000000
0.000000
0.000000
0.000000
0.000000
0.000000
0.000000
0.000000
0.000000
0.000000
0.000000
0.000000
0.000000
0.000000
0.000000
0.000000
0.000000
0.000000
0.000000
0.000000
0.000000
0.000000
0.000000
0.000000
0.000000
0.000000
0.000000
0.000000
0.000000
0.000000
0.000000
0.000000
0.000000
0.000000
0.000000
0.000000
0.000000
0.000000
0.000000
0.000000
0.000000
0.000000
0.000000
0.000000
0.000000
0.000000
0.000000
0.000000
0.000000
0.000000
0.000000
0.000000
0.000000
0.000000
0.000000
0.000000
0.000000
0.000000
0.000000
0.000000
0.000000
0.000000
0.000000
0.000000
0.000000
0.000000
0.000000
0.000000
0.000000
0.000000
0.000000
0.000000
0.000000
0.000000
0.000000
0.000000
0.000000
0.000000
0.000000
0.000000
0.000000
0.000000
0.000000
0.000000
0.000000
0.000000
0.000000
0.000000
0.000000
0.000000
0.000000
0.000000
0.000000
0.000000
0.000000
0.000000
0.000000
0.000000
0.000000
0.000000
0.000000
0.000000
0.000000
0.000000
0.000000
0.000000
0.000000
0.000000
0.000000
0.000000
0.000000
0.000000
0.000000
0.000000
0.000000
0.000000
0.000000
0.000000
0.000000
0.000000
0.000000
0.000000
0.000000
0.000000
0.000000
0.000000
0.000000
0.000000
0.000000
0.000000
0.000000
0.000000
0.000000
0.000000
0.000000
0.000000
0.000000
0.000000
0.000000
0.000000
0.000000
0.000000
0.000000
0.000000
0.000000
0.000000
0.000000
0.000000
0.000000
0.000000
0.000000
0.000000
0.000000
0.000000
0.000000
0.000000
0.000000
0.000000
0.000000
0.000000
0.000000
0.000000
0.000000
0.000000
0.000000
0.000000
0.000000
0.000000
0.000000
0.000000
0.000000
0.000000
0.000000
0.000000
0.000000
0.000000
0.000000
0.000000
0.000000
0.000000
0.000000
0.000000
0.000000
0.000000
0.000000
0.000000
0.000000
0.000000
0.000000
0.000000
0.000000
0.000000
0.000000
0.000000
0.000000
0.000000
0.000000
0.000000
0.000000
0.000000
0.000000
0.000000
0.000000
0.000000
0.000000
0.000000
0.000000
0.000000
0.000000
0.000000
0.000000
0.000000
0.000000
0.000000
0.000000
0.000000
0.000000
0.000000
0.000000
0.000000
0.000000
0.000000
0.000000
0.000000
0.000000
0.000000
0.000000
0.000000
0.000000
0.000000
0.000000
0.000000
0.000000
0.000000
0.000000
0.000000
0.000000
0.000000
0.000000
0.000000
0.000000
0.000000
0.000000
0.000000
0.000000
0.000000
0.000000
0.000000
0.000000
0.000000
0.000000
0.000000
0.000000
0.000000
0.000000
0.000000
0.000000
0.000000
0.000000
0.000000
0.000000
0.000000
0.000000
0.000000
0.000000
0.000000
0.000000
0.000000
0.000000
0.000000
0.000000
0.000000
0.000000
0.000000
0.000000
0.000000
0.000000
0.000000
0.000000
0.000000
0.000000
0.000000
0.000000
0.000000
0.000000
0.000000
0.000000
0.000000
0.000000
0.000000
0.000000
0.000000
0.000000
0.000000
0.000000
0.000000
0.000000
0.000000
0.000000
0.000000
0.000000
0.000000
0.000000
0.000000
0.000000
0.000000
0.000000
0.000000
0.000000
0.000000
0.000000
0.000000
0.000000
0.000000
0.000000
0.000000
0.000000
0.000000
0.000000
0.000000
0.000000
0.000000
0.000000
0.000000
0.000000
0.000000
0.000000
0.000000
0.000000
0.000000
0.000000
0.000000
0.000000
0.000000
0.000000
0.000000
0.000000
0.000000
0.000000
0.000000
0.000000
0.000000
0.000000
0.000000
0.000000
0.000000
0.000000
0.000000
0.000000
0.000000
0.000000
0.000000
0.000000
0.000000
0.000000
0.000000
0.000000
0.000000
0.000000
0.000000
0.000000
0.000000
0.000000
0.000000
0.000000
0.000000
0.000000
0.000000
0.000000
0.000000
0.000000
0.000000
0.000000
0.000000
0.000000
0.000000
0.000000
0.000000
0.000000
0.000000
0.000000
0.000000
0.000000
0.000000
0.000000
0.000000
0.000000
0.000000
0.000000
0.000000
0.000000
0.000000
0.000000
0.000000
0.000000
0.000000
0.000000
0.000000
0.000000
0.000000
0.000000
0.000000
0.000000
0.000000
0.000000
0.000000
0.000000
0.000000
0.000000
0.000000
0.000000
0.000000
0.000000
0.000000
0.000000
0.000000
0.000000
0.000000
0.000000
0.000000
0.000000
0.000000
0.000000
0.000000
0.000000
0.000000
0.000000
0.000000
0.000000
0.000000
0.000000
0.000000
0.000000
0.000000
0.000000
0.000000
0.000000
0.000000
0.000000
0.000000
0.000000
0.000000
0.000000
0.000000
0.000000
0.000000
0.000000
0.000000
0.000000
0.000000
0.000000
0.000000
0.000000
0.000000
0.000000
0.000000
0.000000
0.000000
0.000000
0.000000
0.000000
0.000000
0.000000
0.000000
0.000000
0.000000
0.000000
0.000000
0.000000
0.000000
0.000000
0.000000
0.000000
0.000000
0.000000
0.000000
0.000000
0.000000
0.000000
0.000000
0.000000
0.000000
0.000000
0.000000
0.000000
0.000000
0.000000
0.000000
0.000000
0.000000
0.000000
0.000000
0.000000
0.000000
0.000000
0.000000
0.000000
0.000000
0.000000
0.000000
0.000000
0.000000
0.000000
0.000000
0.000000
0.000000
0.000000
0.000000
0.000000
0.000000
0.000000
0.000000
0.000000
0.000000
0.000000
0.000000
0.000000
0.000000
0.000000
0.000000
0.000000
0.000000
0.000000
0.000000
0.000000
0.000000
0.000000
0.000000
0.000000
0.000000
0.000000
0.000000
0.000000
0.000000
0.000000
0.000000
0.000000
0.000000
0.000000
0.000000
0.000000
0.000000
0.000000
0.000000
0.000000
0.000000
0.000022
0.000000
0.000000
0.000000
0.000000
0.000000
0.000000
0.000000
0.000000
0.000000
0.000000
0.000000
0.000000
0.000000
0.000000
0.000000
0.000000
0.000000
0.000000
0.000000
0.000000
0.000000
0.000000
0.000000
0.000000
0.000000
0.000000
0.000000
0.000000
0.000000
0.000000
0.000000
0.000000
0.000000
0.000000
0.000000
0.000000
0.000000
0.000000
0.000000
0.000000
0.000000
0.000000
0.000000
0.000000
0.000000
0.000000
0.000000
0.000000
0.000000
0.000000
0.000000
0.000000
0.000000
0.000000
0.000000
0.000000
0.000000
0.000000
0.000000
0.000000
0.000000
0.000000
0.000000
0.000000
0.000000
0.000000
0.000000
0.000000
0.000000
0.000000
0.000000
0.000000
0.000000
0.000000
0.000000
0.000000
0.000000
0.000000
0.000000
0.000000
0.000000
0.000000
0.000000
0.000000
0.000000
0.000000
0.000000
0.000000
0.000000
0.000000
0.000000
0.000000
0.000000
0.000000
0.000000
0.000000
0.000000
0.000000
0.000000
0.000000
0.000000
0.000000
0.000000
0.000000
0.000000
0.000000
0.000000
0.000000
0.000000
0.000000
0.000000
0.000000
0.000000
0.000000
0.000000
0.000000
0.000000
0.000000
0.000000
0.000000
0.000000
0.000000
0.000000
0.000000
0.000000
0.000000
0.000000
0.000000
0.000000
0.000000
0.000000
0.000000
0.000000
0.000000
0.000000
0.000000
0.000000
0.000000
0.000000
0.000000
0.000000
0.000000
0.000000
0.000000
0.000000
0.000000
0.000000
0.000000
0.000000
0.000000
0.000000
0.000000
0.000000
0.000000
0.000000
0.000000
0.000000
0.000000
0.000000
0.000000
0.000000
0.000000
0.000000
0.000000
0.000000
0.000000
0.000000
0.000000
0.000000
0.000000
0.000000
0.000000
0.000000
0.000000
0.000000
0.000000
0.000000
0.000000
0.000000
0.000000
0.000000
0.000000
0.000000
0.000000
0.000000
0.000000
0.000000
0.000000
0.000000
0.000000
0.000000
0.000000
0.000000
0.000000
0.000000
0.000000
0.000000
0.000000
0.000000
0.000000
0.000000
0.000000
0.000000
0.000000
0.000000
0.000000
0.000000
0.000000
0.000000
0.000000
0.000000
0.000000
0.000000
0.000000
0.000000
0.000299
0.000000
0.000000
0.000000
0.000000
0.000000
0.000000
0.000000
0.000000
0.000000
0.000000
0.000000
0.000000
0.000000
0.000000
0.000000
0.000000
0.000000
0.000000
0.000000
0.000000
0.000000
0.000000
0.000000
0.000000
0.000000
0.000000
0.000000
0.000000
0.000000
0.000000
0.001432
0.000000
0.000000
0.000000
0.000000
0.000000
0.000000
0.000000
0.000000
0.000000
0.000000
0.000000
0.000000
0.000000
0.000000
0.000000
0.000000
0.000000
0.000000
0.000000
0.000000
0.000000
0.000000
0.000000
0.000000
0.000000
0.000000
0.000000
0.000000
0.000000
0.000000
0.000000
0.000000
0.000000
0.000000
0.000000
0.000000
0.000000
0.000000
0.000000
0.000000
0.000000
0.000000
0.000000
0.000000
0.000000
0.000000
0.000000
0.000000
0.000000
0.000000
0.000000
0.000000
0.000000
0.000000
0.000000
0.000000
0.000000
0.000000
0.000000
0.000000
0.000000
0.000000
0.000000
0.000000
0.000000
0.000000
0.000000
0.000000
0.000000
0.000000
0.000000
0.000000
0.000000
0.000000
0.000000
0.000000
0.000000
0.000000
0.000000
0.000000
0.000000
0.000000
0.000000
0.000000
0.000000
0.000000
0.000000
0.000000
0.000000
0.000000
0.000000
0.000000
0.000000
0.000000
0.000000
0.000000
0.000000
0.000000
0.000000
0.000000
0.000000
0.000000
0.000000
0.000000
0.000000
0.000000
0.000000
0.000000
0.000000
0.000000
0.000000
0.000000
0.000000
0.000000
0.000000
0.000000
0.000000
0.000000
0.000000
0.000000
0.000000
0.000000
0.000000
0.000000
0.000000
0.000000
0.000000
0.000000
0.000000
0.000000
0.000000
0.000000
0.000000
0.000000
0.000000
0.000000
0.000000
0.000000
0.000000
0.000000
0.000000
0.000000
0.000000
0.000000
0.000000
0.000000
0.000000
0.000000
0.000000
0.000000
0.000000
0.000000
0.000000
0.000000
0.000000
0.000000
0.000000
0.000000
0.000000
0.000000
0.000000
0.000000
0.000000
0.000000
0.000000
0.000000
0.000000
0.000000
0.000000
0.000000
0.000000
0.000000
0.000000
0.000000
0.000000
0.000000
0.000000
0.000000
0.000000
0.000000
0.000000
0.000000
0.000000
0.000000
0.000000
0.000000
0.000000
0.000000
0.000000
0.000000
0.000000
0.000000
0.000000
0.000000
0.000000
0.000000
0.000000
0.000000
0.000000
0.000000
0.000000
0.000000
0.000000
0.000000
0.000000
0.000000
