5.0200
5.0473
5.0747
5.1020
5.1294
5.1567
5.1841
5.2114
5.2388
5.2661
5.2935
5.3208
5.3482
5.3755
5.4029
5.4302
5.4576
5.4849
5.5123
5.5396
5.5669
5.5943
5.6216
5.6490
5.6763
5.7037
5.7310
5.7584
5.7857
5.8131
5.8404
5.8678
5.8951
5.9225
5.9498
5.9772
6.0045
6.0319
6.0592
6.0866
6.1139
6.1412
6.1686
6.1959
6.2233
6.2506
6.2780
6.3053
6.3327
6.3600
6.3874
6.4147
6.4421
6.4694
6.4968
6.5241
6.5515
6.5788
6.6062
6.6335
6.6608
6.6882
6.7155
6.7429
6.7702
6.7976
6.8249
6.8523
6.8796
6.9070
6.9343
6.9617
6.9890
7.0164
7.0437
7.0711
7.0984
7.1258
7.1531
7.1805
7.2078
7.2351
7.2625
7.2898
7.3172
7.3445
7.3719
7.3992
7.4266
7.4539
7.4813
7.5086
7.5360
7.5633
7.5907
7.6180
7.6454
7.6727
7.7001
7.7274
