5.0200
5.0359
5.0517
5.0676
5.0835
5.0994
5.1152
5.1311
5.1470
5.1629
5.1787
5.1946
5.2105
5.2263
5.2422
5.2581
5.2740
5.2898
5.3057
5.3216
5.3375
5.3533
5.3692
5.3851
5.4009
5.4168
5.4327
5.4486
5.4644
5.4803
5.4962
5.5121
5.5279
5.5438
5.5597
5.5755
5.5914
5.6073
5.6232
5.6390
5.6549
5.6708
5.6867
5.7025
5.7184
5.7343
5.7501
5.7660
5.7819
5.7978
5.8136
5.8295
5.8454
5.8613
5.8771
5.8930
5.9089
5.9247
5.9406
5.9565
5.9724
5.9882
6.0041
6.0200
6.0359
6.0517
6.0676
6.0835
6.0993
6.1152
6.1311
6.1470
6.1628
6.1787
6.1946
6.2105
6.2263
6.2422
6.2581
6.2739
6.2898
6.3057
6.3216
6.3374
6.3533
6.3692
6.3851
6.4009
6.4168
6.4327
6.4485
6.4644
6.4803
6.4962
6.5120
6.5279
6.5438
6.5597
6.5755
6.5914
