5.0200
5.0579
5.0958
5.1337
5.1716
5.2094
5.2473
5.2852
5.3231
5.3610
5.3989
5.4368
5.4747
5.5126
5.5505
5.5883
5.6262
5.6641
5.7020
5.7399
5.7778
5.8157
5.8536
5.8915
5.9294
5.9672
6.0051
6.0430
6.0809
6.1188
6.1567
6.1946
6.2325
6.2704
6.3083
6.3461
6.3840
6.4219
6.4598
6.4977
6.5356
6.5735
6.6114
6.6493
6.6872
6.7250
6.7629
6.8008
6.8387
6.8766
6.9145
6.9524
6.9903
7.0282
7.0661
7.1039
7.1418
7.1797
7.2176
7.2555
7.2934
7.3313
7.3692
7.4071
7.4450
7.4828
7.5207
7.5586
7.5965
7.6344
7.6723
7.7102
7.7481
7.7860
7.8239
7.8617
7.8996
7.9375
7.9754
8.0133
8.0512
8.0891
8.1270
8.1649
8.2028
8.2406
8.2785
8.3164
8.3543
8.3922
8.4301
8.4680
8.5059
8.5438
8.5817
8.6195
8.6574
8.6953
8.7332
8.7711
