5.0200
5.0373
5.0546
5.0719
5.0892
5.1065
5.1238
5.1411
5.1584
5.1756
5.1929
5.2102
5.2275
5.2448
5.2621
5.2794
5.2967
5.3140
5.3313
5.3486
5.3659
5.3832
5.4005
5.4178
5.4351
5.4523
5.4696
5.4869
5.5042
5.5215
5.5388
5.5561
5.5734
5.5907
5.6080
5.6253
5.6426
5.6599
5.6772
5.6945
5.7118
5.7291
5.7463
5.7636
5.7809
5.7982
5.8155
5.8328
5.8501
5.8674
5.8847
5.9020
5.9193
5.9366
5.9539
5.9712
5.9885
6.0058
6.0230
6.0403
6.0576
6.0749
6.0922
6.1095
6.1268
6.1441
6.1614
6.1787
6.1960
6.2133
6.2306
6.2479
6.2652
6.2825
6.2998
6.3170
6.3343
6.3516
6.3689
6.3862
6.4035
6.4208
6.4381
6.4554
6.4727
6.4900
6.5073
6.5246
6.5419
6.5592
6.5765
6.5937
6.6110
6.6283
6.6456
6.6629
6.6802
6.6975
6.7148
6.7321
