5.0200
5.0569
5.0938
5.1307
5.1677
5.2046
5.2415
5.2784
5.3153
5.3522
5.3891
5.4260
5.4630
5.4999
5.5368
5.5737
5.6106
5.6475
5.6844
5.7213
5.7583
5.7952
5.8321
5.8690
5.9059
5.9428
5.9797
6.0167
6.0536
6.0905
6.1274
6.1643
6.2012
6.2381
6.2750
6.3120
6.3489
6.3858
6.4227
6.4596
6.4965
6.5334
6.5704
6.6073
6.6442
6.6811
6.7180
6.7549
6.7918
6.8287
6.8657
6.9026
6.9395
6.9764
7.0133
7.0502
7.0871
7.1240
7.1610
7.1979
7.2348
7.2717
7.3086
7.3455
7.3824
7.4194
7.4563
7.4932
7.5301
7.5670
7.6039
7.6408
7.6777
7.7147
7.7516
7.7885
7.8254
7.8623
7.8992
7.9361
7.9731
8.0100
8.0469
8.0838
8.1207
8.1576
8.1945
8.2314
8.2684
8.3053
8.3422
8.3791
8.4160
8.4529
8.4898
8.5267
8.5637
8.6006
8.6375
8.6744
