5.0200
5.0626
5.1053
5.1479
5.1906
5.2332
5.2758
5.3185
5.3611
5.4038
5.4464
5.4890
5.5317
5.5743
5.6170
5.6596
5.7022
5.7449
5.7875
5.8301
5.8728
5.9154
5.9581
6.0007
6.0433
6.0860
6.1286
6.1713
6.2139
6.2565
6.2992
6.3418
6.3845
6.4271
6.4697
6.5124
6.5550
6.5977
6.6403
6.6829
6.7256
6.7682
6.8109
6.8535
6.8961
6.9388
6.9814
7.0241
7.0667
7.1093
7.1520
7.1946
7.2372
7.2799
7.3225
7.3652
7.4078
7.4504
7.4931
7.5357
7.5784
7.6210
7.6636
7.7063
7.7489
7.7916
7.8342
7.8768
7.9195
7.9621
8.0048
8.0474
8.0900
8.1327
8.1753
8.2180
8.2606
8.3032
8.3459
8.3885
8.4312
8.4738
8.5164
8.5591
8.6017
8.6443
8.6870
8.7296
8.7723
8.8149
8.8575
8.9002
8.9428
8.9855
9.0281
9.0707
9.1134
9.1560
9.1987
9.2413
