5.0200
5.0424
5.0648
5.0872
5.1096
5.1320
5.1544
5.1768
5.1992
5.2216
5.2440
5.2664
5.2888
5.3112
5.3336
5.3560
5.3784
5.4008
5.4232
5.4456
5.4680
5.4904
5.5128
5.5352
5.5576
5.5799
5.6023
5.6247
5.6471
5.6695
5.6919
5.7143
5.7367
5.7591
5.7815
5.8039
5.8263
5.8487
5.8711
5.8935
5.9159
5.9383
5.9607
5.9831
6.0055
6.0279
6.0503
6.0727
6.0951
6.1175
6.1399
6.1623
6.1847
6.2071
6.2295
6.2519
6.2743
6.2967
6.3191
6.3415
6.3639
6.3863
6.4087
6.4311
6.4535
6.4759
6.4983
6.5207
6.5431
6.5655
6.5879
6.6103
6.6327
6.6551
6.6775
6.6998
6.7222
6.7446
6.7670
6.7894
6.8118
6.8342
6.8566
6.8790
6.9014
6.9238
6.9462
6.9686
6.9910
7.0134
7.0358
7.0582
7.0806
7.1030
7.1254
7.1478
7.1702
7.1926
7.2150
7.2374
