5.0200
5.0398
5.0597
5.0795
5.0994
5.1192
5.1391
5.1589
5.1788
5.1986
5.2185
5.2383
5.2581
5.2780
5.2978
5.3177
5.3375
5.3574
5.3772
5.3971
5.4169
5.4368
5.4566
5.4764
5.4963
5.5161
5.5360
5.5558
5.5757
5.5955
5.6154
5.6352
5.6551
5.6749
5.6947
5.7146
5.7344
5.7543
5.7741
5.7940
5.8138
5.8337
5.8535
5.8734
5.8932
5.9130
5.9329
5.9527
5.9726
5.9924
6.0123
6.0321
6.0520
6.0718
6.0917
6.1115
6.1313
6.1512
6.1710
6.1909
6.2107
6.2306
6.2504
6.2703
6.2901
6.3100
6.3298
6.3496
6.3695
6.3893
6.4092
6.4290
6.4489
6.4687
6.4886
6.5084
6.5283
6.5481
6.5679
6.5878
6.6076
6.6275
6.6473
6.6672
6.6870
6.7069
6.7267
6.7466
6.7664
6.7862
6.8061
6.8259
6.8458
6.8656
6.8855
6.9053
6.9252
6.9450
6.9649
6.9847
