5.0200
5.0404
5.0608
5.0812
5.1016
5.1220
5.1424
5.1628
5.1832
5.2036
5.2240
5.2444
5.2648
5.2852
5.3056
5.3260
5.3464
5.3668
5.3872
5.4076
5.4280
5.4484
5.4688
5.4892
5.5096
5.5300
5.5504
5.5708
5.5912
5.6116
5.6320
5.6524
5.6728
5.6932
5.7136
5.7340
5.7544
5.7748
5.7952
5.8156
5.8360
5.8564
5.8768
5.8972
5.9176
5.9380
5.9584
5.9788
5.9992
6.0196
6.0401
6.0605
6.0809
6.1013
6.1217
6.1421
6.1625
6.1829
6.2033
6.2237
6.2441
6.2645
6.2849
6.3053
6.3257
6.3461
6.3665
6.3869
6.4073
6.4277
6.4481
6.4685
6.4889
6.5093
6.5297
6.5501
6.5705
6.5909
6.6113
6.6317
6.6521
6.6725
6.6929
6.7133
6.7337
6.7541
6.7745
6.7949
6.8153
6.8357
6.8561
6.8765
6.8969
6.9173
6.9377
6.9581
6.9785
6.9989
7.0193
7.0397
