5.0200
5.0523
5.0845
5.1168
5.1490
5.1813
5.2135
5.2458
5.2780
5.3103
5.3425
5.3748
5.4070
5.4393
5.4715
5.5038
5.5360
5.5683
5.6005
5.6328
5.6651
5.6973
5.7296
5.7618
5.7941
5.8263
5.8586
5.8908
5.9231
5.9553
5.9876
6.0198
6.0521
6.0843
6.1166
6.1488
6.1811
6.2133
6.2456
6.2778
6.3101
6.3424
6.3746
6.4069
6.4391
6.4714
6.5036
6.5359
6.5681
6.6004
6.6326
6.6649
6.6971
6.7294
6.7616
6.7939
6.8261
6.8584
6.8906
6.9229
6.9552
6.9874
7.0197
7.0519
7.0842
7.1164
7.1487
7.1809
7.2132
7.2454
7.2777
7.3099
7.3422
7.3744
7.4067
7.4389
7.4712
7.5034
7.5357
7.5679
7.6002
7.6325
7.6647
7.6970
7.7292
7.7615
7.7937
7.8260
7.8582
7.8905
7.9227
7.9550
7.9872
8.0195
8.0517
8.0840
8.1162
8.1485
8.1807
8.2130
