5.0200
5.0581
5.0961
5.1342
5.1723
5.2103
5.2484
5.2865
5.3245
5.3626
5.4007
5.4387
5.4768
5.5149
5.5529
5.5910
5.6291
5.6672
5.7052
5.7433
5.7814
5.8194
5.8575
5.8956
5.9336
5.9717
6.0098
6.0478
6.0859
6.1240
6.1620
6.2001
6.2382
6.2762
6.3143
6.3524
6.3904
6.4285
6.4666
6.5046
6.5427
6.5808
6.6188
6.6569
6.6950
6.7330
6.7711
6.8092
6.8472
6.8853
6.9234
6.9615
6.9995
7.0376
7.0757
7.1137
7.1518
7.1899
7.2279
7.2660
7.3041
7.3421
7.3802
7.4183
7.4563
7.4944
7.5325
7.5705
7.6086
7.6467
7.6847
7.7228
7.7609
7.7989
7.8370
7.8751
7.9131
7.9512
7.9893
8.0273
8.0654
8.1035
8.1415
8.1796
8.2177
8.2558
8.2938
8.3319
8.3700
8.4080
8.4461
8.4842
8.5222
8.5603
8.5984
8.6364
8.6745
8.7126
8.7506
8.7887
