5.0200
5.0477
5.0755
5.1032
5.1310
5.1587
5.1865
5.2142
5.2420
5.2697
5.2975
5.3252
5.3530
5.3807
5.4085
5.4362
5.4640
5.4917
5.5195
5.5472
5.5749
5.6027
5.6304
5.6582
5.6859
5.7137
5.7414
5.7692
5.7969
5.8247
5.8524
5.8802
5.9079
5.9357
5.9634
5.9912
6.0189
6.0467
6.0744
6.1022
6.1299
6.1576
6.1854
6.2131
6.2409
6.2686
6.2964
6.3241
6.3519
6.3796
6.4074
6.4351
6.4629
6.4906
6.5184
6.5461
6.5739
6.6016
6.6294
6.6571
6.6848
6.7126
6.7403
6.7681
6.7958
6.8236
6.8513
6.8791
6.9068
6.9346
6.9623
6.9901
7.0178
7.0456
7.0733
7.1011
7.1288
7.1566
7.1843
7.2121
7.2398
7.2675
7.2953
7.3230
7.3508
7.3785
7.4063
7.4340
7.4618
7.4895
7.5173
7.5450
7.5728
7.6005
7.6283
7.6560
7.6838
7.7115
7.7393
7.7670
