5.0200
5.0509
5.0819
5.1128
5.1438
5.1747
5.2057
5.2366
5.2675
5.2985
5.3294
5.3604
5.3913
5.4223
5.4532
5.4842
5.5151
5.5460
5.5770
5.6079
5.6389
5.6698
5.7008
5.7317
5.7626
5.7936
5.8245
5.8555
5.8864
5.9174
5.9483
5.9792
6.0102
6.0411
6.0721
6.1030
6.1340
6.1649
6.1959
6.2268
6.2577
6.2887
6.3196
6.3506
6.3815
6.4125
6.4434
6.4743
6.5053
6.5362
6.5672
6.5981
6.6291
6.6600
6.6909
6.7219
6.7528
6.7838
6.8147
6.8457
6.8766
6.9075
6.9385
6.9694
7.0004
7.0313
7.0623
7.0932
7.1242
7.1551
7.1860
7.2170
7.2479
7.2789
7.3098
7.3408
7.3717
7.4026
7.4336
7.4645
7.4955
7.5264
7.5574
7.5883
7.6192
7.6502
7.6811
7.7121
7.7430
7.7740
7.8049
7.8359
7.8668
7.8977
7.9287
7.9596
7.9906
8.0215
8.0525
8.0834
