5.0200
5.0511
5.0822
5.1132
5.1443
5.1754
5.2065
5.2375
5.2686
5.2997
5.3308
5.3618
5.3929
5.4240
5.4551
5.4862
5.5172
5.5483
5.5794
5.6105
5.6415
5.6726
5.7037
5.7348
5.7658
5.7969
5.8280
5.8591
5.8901
5.9212
5.9523
5.9834
6.0145
6.0455
6.0766
6.1077
6.1388
6.1698
6.2009
6.2320
6.2631
6.2941
6.3252
6.3563
6.3874
6.4185
6.4495
6.4806
6.5117
6.5428
6.5738
6.6049
6.6360
6.6671
6.6981
6.7292
6.7603
6.7914
6.8225
6.8535
6.8846
6.9157
6.9468
6.9778
7.0089
7.0400
7.0711
7.1021
7.1332
7.1643
7.1954
7.2265
7.2575
7.2886
7.3197
7.3508
7.3818
7.4129
7.4440
7.4751
7.5061
7.5372
7.5683
7.5994
7.6304
7.6615
7.6926
7.7237
7.7548
7.7858
7.8169
7.8480
7.8791
7.9101
7.9412
7.9723
8.0034
8.0344
8.0655
8.0966
