5.0200
5.0621
5.1041
5.1462
5.1883
5.2303
5.2724
5.3144
5.3565
5.3986
5.4406
5.4827
5.5248
5.5668
5.6089
5.6509
5.6930
5.7351
5.7771
5.8192
5.8613
5.9033
5.9454
5.9874
6.0295
6.0716
6.1136
6.1557
6.1978
6.2398
6.2819
6.3239
6.3660
6.4081
6.4501
6.4922
6.5343
6.5763
6.6184
6.6604
6.7025
6.7446
6.7866
6.8287
6.8708
6.9128
6.9549
6.9969
7.0390
7.0811
7.1231
7.1652
7.2073
7.2493
7.2914
7.3334
7.3755
7.4176
7.4596
7.5017
7.5438
7.5858
7.6279
7.6699
7.7120
7.7541
7.7961
7.8382
7.8803
7.9223
7.9644
8.0064
8.0485
8.0906
8.1326
8.1747
8.2168
8.2588
8.3009
8.3429
8.3850
8.4271
8.4691
8.5112
8.5533
8.5953
8.6374
8.6794
8.7215
8.7636
8.8056
8.8477
8.8898
8.9318
8.9739
9.0159
9.0580
9.1001
9.1421
9.1842
