5.0200
5.0379
5.0559
5.0738
5.0917
5.1097
5.1276
5.1456
5.1635
5.1814
5.1994
5.2173
5.2352
5.2532
5.2711
5.2891
5.3070
5.3249
5.3429
5.3608
5.3787
5.3967
5.4146
5.4326
5.4505
5.4684
5.4864
5.5043
5.5222
5.5402
5.5581
5.5761
5.5940
5.6119
5.6299
5.6478
5.6657
5.6837
5.7016
5.7196
5.7375
5.7554
5.7734
5.7913
5.8092
5.8272
5.8451
5.8631
5.8810
5.8989
5.9169
5.9348
5.9527
5.9707
5.9886
6.0066
6.0245
6.0424
6.0604
6.0783
6.0962
6.1142
6.1321
6.1501
6.1680
6.1859
6.2039
6.2218
6.2397
6.2577
6.2756
6.2936
6.3115
6.3294
6.3474
6.3653
6.3832
6.4012
6.4191
6.4371
6.4550
6.4729
6.4909
6.5088
6.5267
6.5447
6.5626
6.5806
6.5985
6.6164
6.6344
6.6523
6.6702
6.6882
6.7061
6.7241
6.7420
6.7599
6.7779
6.7958
