5.0200
5.0604
5.1009
5.1413
5.1818
5.2222
5.2627
5.3031
5.3435
5.3840
5.4244
5.4649
5.5053
5.5458
5.5862
5.6266
5.6671
5.7075
5.7480
5.7884
5.8288
5.8693
5.9097
5.9502
5.9906
6.0311
6.0715
6.1119
6.1524
6.1928
6.2333
6.2737
6.3142
6.3546
6.3950
6.4355
6.4759
6.5164
6.5568
6.5973
6.6377
6.6781
6.7186
6.7590
6.7995
6.8399
6.8804
6.9208
6.9612
7.0017
7.0421
7.0826
7.1230
7.1634
7.2039
7.2443
7.2848
7.3252
7.3657
7.4061
7.4465
7.4870
7.5274
7.5679
7.6083
7.6488
7.6892
7.7296
7.7701
7.8105
7.8510
7.8914
7.9319
7.9723
8.0127
8.0532
8.0936
8.1341
8.1745
8.2150
8.2554
8.2958
8.3363
8.3767
8.4172
8.4576
8.4980
8.5385
8.5789
8.6194
8.6598
8.7003
8.7407
8.7811
8.8216
8.8620
8.9025
8.9429
8.9834
9.0238
