5.0200
5.0456
5.0711
5.0967
5.1223
5.1479
5.1734
5.1990
5.2246
5.2501
5.2757
5.3013
5.3269
5.3524
5.3780
5.4036
5.4291
5.4547
5.4803
5.5059
5.5314
5.5570
5.5826
5.6081
5.6337
5.6593
5.6849
5.7104
5.7360
5.7616
5.7872
5.8127
5.8383
5.8639
5.8894
5.9150
5.9406
5.9662
5.9917
6.0173
6.0429
6.0684
6.0940
6.1196
6.1452
6.1707
6.1963
6.2219
6.2474
6.2730
6.2986
6.3242
6.3497
6.3753
6.4009
6.4264
6.4520
6.4776
6.5032
6.5287
6.5543
6.5799
6.6054
6.6310
6.6566
6.6822
6.7077
6.7333
6.7589
6.7844
6.8100
6.8356
6.8612
6.8867
6.9123
6.9379
6.9635
6.9890
7.0146
7.0402
7.0657
7.0913
7.1169
7.1425
7.1680
7.1936
7.2192
7.2447
7.2703
7.2959
7.3215
7.3470
7.3726
7.3982
7.4237
7.4493
7.4749
7.5005
7.5260
7.5516
