5.0200
5.0501
5.0802
5.1103
5.1404
5.1705
5.2006
5.2307
5.2608
5.2909
5.3210
5.3511
5.3812
5.4113
5.4414
5.4715
5.5016
5.5317
5.5618
5.5919
5.6220
5.6521
5.6822
5.7123
5.7424
5.7725
5.8026
5.8327
5.8628
5.8929
5.9230
5.9531
5.9832
6.0133
6.0434
6.0735
6.1036
6.1337
6.1638
6.1939
6.2240
6.2541
6.2842
6.3143
6.3444
6.3745
6.4046
6.4347
6.4648
6.4949
6.5250
6.5551
6.5852
6.6153
6.6454
6.6755
6.7056
6.7357
6.7658
6.7959
6.8260
6.8561
6.8862
6.9163
6.9464
6.9765
7.0066
7.0367
7.0668
7.0969
7.1270
7.1571
7.1872
7.2173
7.2474
7.2775
7.3076
7.3377
7.3678
7.3979
7.4280
7.4581
7.4882
7.5183
7.5484
7.5785
7.6086
7.6387
7.6688
7.6989
7.7290
7.7591
7.7892
7.8193
7.8494
7.8795
7.9096
7.9397
7.9698
7.9999
