5.0200
5.0539
5.0878
5.1217
5.1556
5.1895
5.2234
5.2573
5.2912
5.3251
5.3589
5.3928
5.4267
5.4606
5.4945
5.5284
5.5623
5.5962
5.6301
5.6640
5.6979
5.7318
5.7657
5.7996
5.8335
5.8674
5.9013
5.9352
5.9691
6.0030
6.0368
6.0707
6.1046
6.1385
6.1724
6.2063
6.2402
6.2741
6.3080
6.3419
6.3758
6.4097
6.4436
6.4775
6.5114
6.5453
6.5792
6.6131
6.6470
6.6809
6.7147
6.7486
6.7825
6.8164
6.8503
6.8842
6.9181
6.9520
6.9859
7.0198
7.0537
7.0876
7.1215
7.1554
7.1893
7.2232
7.2571
7.2910
7.3249
7.3588
7.3926
7.4265
7.4604
7.4943
7.5282
7.5621
7.5960
7.6299
7.6638
7.6977
7.7316
7.7655
7.7994
7.8333
7.8672
7.9011
7.9350
7.9689
8.0028
8.0367
8.0705
8.1044
8.1383
8.1722
8.2061
8.2400
8.2739
8.3078
8.3417
8.3756
