5.0200
5.0482
5.0763
5.1045
5.1327
5.1608
5.1890
5.2172
5.2453
5.2735
5.3017
5.3299
5.3580
5.3862
5.4144
5.4425
5.4707
5.4989
5.5270
5.5552
5.5834
5.6115
5.6397
5.6679
5.6960
5.7242
5.7524
5.7806
5.8087
5.8369
5.8651
5.8932
5.9214
5.9496
5.9777
6.0059
6.0341
6.0622
6.0904
6.1186
6.1467
6.1749
6.2031
6.2313
6.2594
6.2876
6.3158
6.3439
6.3721
6.4003
6.4284
6.4566
6.4848
6.5129
6.5411
6.5693
6.5974
6.6256
6.6538
6.6820
6.7101
6.7383
6.7665
6.7946
6.8228
6.8510
6.8791
6.9073
6.9355
6.9636
6.9918
7.0200
7.0481
7.0763
7.1045
7.1327
7.1608
7.1890
7.2172
7.2453
7.2735
7.3017
7.3298
7.3580
7.3862
7.4143
7.4425
7.4707
7.4988
7.5270
7.5552
7.5834
7.6115
7.6397
7.6679
7.6960
7.7242
7.7524
7.7805
7.8087
