5.0200
5.0639
5.1079
5.1518
5.1957
5.2396
5.2836
5.3275
5.3714
5.4153
5.4593
5.5032
5.5471
5.5911
5.6350
5.6789
5.7228
5.7668
5.8107
5.8546
5.8985
5.9425
5.9864
6.0303
6.0743
6.1182
6.1621
6.2060
6.2500
6.2939
6.3378
6.3817
6.4257
6.4696
6.5135
6.5575
6.6014
6.6453
6.6892
6.7332
6.7771
6.8210
6.8649
6.9089
6.9528
6.9967
7.0407
7.0846
7.1285
7.1724
7.2164
7.2603
7.3042
7.3481
7.3921
7.4360
7.4799
7.5239
7.5678
7.6117
7.6556
7.6996
7.7435
7.7874
7.8313
7.8753
7.9192
7.9631
8.0071
8.0510
8.0949
8.1388
8.1828
8.2267
8.2706
8.3145
8.3585
8.4024
8.4463
8.4903
8.5342
8.5781
8.6220
8.6660
8.7099
8.7538
8.7977
8.8417
8.8856
8.9295
8.9735
9.0174
9.0613
9.1052
9.1492
9.1931
9.2370
9.2809
9.3249
9.3688
