5.0200
5.0518
5.0837
5.1155
5.1473
5.1792
5.2110
5.2428
5.2747
5.3065
5.3383
5.3701
5.4020
5.4338
5.4656
5.4975
5.5293
5.5611
5.5930
5.6248
5.6566
5.6885
5.7203
5.7521
5.7840
5.8158
5.8476
5.8794
5.9113
5.9431
5.9749
6.0068
6.0386
6.0704
6.1023
6.1341
6.1659
6.1978
6.2296
6.2614
6.2933
6.3251
6.3569
6.3887
6.4206
6.4524
6.4842
6.5161
6.5479
6.5797
6.6116
6.6434
6.6752
6.7071
6.7389
6.7707
6.8026
6.8344
6.8662
6.8980
6.9299
6.9617
6.9935
7.0254
7.0572
7.0890
7.1209
7.1527
7.1845
7.2164
7.2482
7.2800
7.3119
7.3437
7.3755
7.4073
7.4392
7.4710
7.5028
7.5347
7.5665
7.5983
7.6302
7.6620
7.6938
7.7257
7.7575
7.7893
7.8212
7.8530
7.8848
7.9166
7.9485
7.9803
8.0121
8.0440
8.0758
8.1076
8.1395
8.1713
