5.0200
5.0446
5.0692
5.0938
5.1184
5.1430
5.1676
5.1922
5.2168
5.2414
5.2660
5.2906
5.3152
5.3397
5.3643
5.3889
5.4135
5.4381
5.4627
5.4873
5.5119
5.5365
5.5611
5.5857
5.6103
5.6349
5.6595
5.6841
5.7087
5.7333
5.7579
5.7825
5.8071
5.8317
5.8563
5.8809
5.9055
5.9301
5.9546
5.9792
6.0038
6.0284
6.0530
6.0776
6.1022
6.1268
6.1514
6.1760
6.2006
6.2252
6.2498
6.2744
6.2990
6.3236
6.3482
6.3728
6.3974
6.4220
6.4466
6.4712
6.4958
6.5204
6.5449
6.5695
6.5941
6.6187
6.6433
6.6679
6.6925
6.7171
6.7417
6.7663
6.7909
6.8155
6.8401
6.8647
6.8893
6.9139
6.9385
6.9631
6.9877
7.0123
7.0369
7.0615
7.0861
7.1107
7.1353
7.1598
7.1844
7.2090
7.2336
7.2582
7.2828
7.3074
7.3320
7.3566
7.3812
7.4058
7.4304
7.4550
