0.1306
0.1816
0.0956
0.1053
0.1940
0.7086
0.3473
0.1248
0.1253
0.1680
0.4022
0.2043
0.4332
0.1158
0.7215
0.1386
0.2345
0.1099
0.5214
0.5451
0.1200
0.1964
0.9781
0.1085
0.5299
0.2187
0.1042
0.3190
0.1084
0.5407
0.6377
0.8466
0.9623
0.4337
0.8360
0.2022
0.3376
0.9347
0.1884
0.7403
0.5551
0.9002
0.9492
1.4063
0.3614
0.1806
1.2179
0.4039
0.9889
0.4589
1.0515
1.5147
1.6951
1.5118
0.7171
1.6765
1.3613
1.6078
1.2706
0.8647
0.4708
1.3471
0.4820
1.0969
1.5786
0.9239
1.7023
1.4625
1.8359
1.3488
1.2014
1.3983
0.9219
1.9930
0.9187
1.0107
1.5459
1.7248
1.6596
1.4463
1.2392
0.0558
0.0137
0.0470
0.0566
0.0820
0.0348
0.0000
0.0066
0.0392
0.0472
0.0595
0.0758
0.0813
0.0874
0.0883
0.0678
0.0663
0.0838
