0.1645
0.1903
0.2927
0.5865
0.5339
0.3420
0.6428
0.6777
1.1069
0.9814
0.1652
0.5145
0.9887
1.1850
0.7651
0.2754
0.4593
0.1751
1.5070
0.5893
1.3568
1.1448
0.7764
1.1967
1.2185
1.4766
1.1729
1.8640
0.6100
1.1549
1.6728
0.3230
0.1230
0.6639
1.6234
0.1664
1.6926
1.1162
0.2503
1.7559
0.1793
0.2393
1.5588
1.7567
0.4174
1.7366
1.7263
1.6430
1.0163
1.8368
1.1483
0.2121
0.2155
0.3831
0.1931
0.6112
0.6504
1.3359
1.8856
1.9132
1.3986
0.5299
0.4146
0.2300
0.9102
0.6438
0.5317
0.4575
1.7114
0.5391
0.8182
1.1625
1.7931
1.2426
0.6859
0.9096
1.6262
0.9779
1.5135
1.0374
1.9044
0.9480
2.0296
1.9637
1.4310
1.0074
1.9609
0.7071
1.8442
1.5109
1.9908
1.1508
1.1754
1.1130
0.7998
1.3913
0.0115
0.0127
0.0452
0.0227
0.0898
0.0153
0.0000
0.0200
0.0163
0.0199
0.0000
0.0000
0.0000
0.0000
0.0656
0.0273
0.0457
0.0476
0.0750
0.0000
0.0223
0.0768
