0.1415
0.2009
0.3390
0.1037
0.1574
0.2267
0.2875
0.5065
0.1427
0.1164
0.4297
0.4777
0.1727
0.1428
0.0986
0.1394
0.1270
0.6286
0.1659
0.3718
0.2009
0.1017
0.1522
0.1038
0.1675
0.4137
0.1007
0.2392
0.4298
0.1665
0.6474
0.5877
0.1772
0.4924
0.6509
0.1143
0.1815
0.1405
0.1427
0.1403
0.1178
0.1713
0.1908
0.1990
0.1673
0.1811
0.1159
0.1783
0.6604
0.1751
0.1669
0.1287
0.2256
0.1321
0.7011
0.1642
0.2451
0.1012
0.0982
0.1504
0.1051
0.2253
0.1287
0.4520
0.2824
0.7440
0.1346
0.8327
0.0990
0.4783
0.1571
0.3051
0.7584
0.1216
0.2733
0.4168
0.5841
0.1632
0.1957
0.6287
0.8863
0.8100
0.3016
0.1568
0.7939
0.1906
0.7253
0.1792
0.6289
0.1861
0.3663
0.5056
0.1094
0.3377
0.2977
0.2062
0.2753
0.2018
0.1661
0.2067
0.4571
0.5530
0.5191
0.3698
0.3710
0.4893
0.2037
0.1304
0.1911
0.1532
0.2397
0.8478
0.1362
0.1677
0.3136
0.1666
0.4432
0.2156
0.4423
1.0435
1.0282
0.1077
0.2938
0.3864
0.1559
0.3315
1.0483
0.7805
0.7302
0.2294
0.5426
0.4543
0.9321
1.0383
0.9769
0.2631
0.1756
0.1741
0.1870
0.1601
0.7018
0.7831
0.2715
0.1582
0.2909
0.1945
0.2481
0.7316
0.5250
1.0594
0.6627
0.2306
0.1998
0.2394
0.1444
0.1699
0.3441
0.2007
0.6681
0.2140
0.1701
0.7340
0.2557
0.3648
0.2561
0.3316
0.9662
1.0265
0.2021
0.7389
0.1733
0.6071
0.2033
0.2006
0.2727
0.7566
0.4411
0.7943
0.7738
0.5673
0.2181
0.2849
0.2258
0.2278
0.7618
0.8620
0.2522
0.7543
0.2840
0.3909
0.2778
0.2455
0.4610
0.2708
0.2372
0.2721
0.2389
0.2329
1.0199
0.2791
0.3179
0.7264
0.8060
0.2956
0.9796
0.7639
0.5534
0.3319
0.3858
0.2573
0.2949
0.8236
0.9013
1.1086
1.1880
0.3161
0.2813
0.3115
0.7419
0.2740
0.5268
0.4429
0.3075
0.5526
0.3334
0.3704
0.7610
0.3850
0.3354
0.3691
0.8185
0.3162
0.5368
0.3293
1.0539
0.3116
0.4007
0.8786
1.2106
1.3876
0.3332
1.0970
1.1053
0.3434
1.4638
1.2206
0.9945
0.3484
0.6570
0.6844
0.4902
1.3147
0.5098
0.9222
1.0610
1.2898
0.7552
0.7872
0.7087
0.7401
0.7007
0.7907
0.9566
1.0857
0.7115
1.4699
0.9515
0.6349
1.2622
0.8434
0.8509
1.2931
1.5986
0.8600
0.8733
1.3156
1.1497
1.3938
1.0536
0.0820
0.0613
0.0906
0.0551
0.0463
0.0354
0.0744
0.0910
0.0423
0.0707
0.0426
0.0448
0.0719
0.0776
0.0798
0.0806
0.0835
0.0642
0.0669
0.0723
0.0733
0.0830
0.0897
0.0656
0.0722
0.0682
0.0816
0.0914
0.0732
0.0729
0.0675
0.0686
0.0915
0.0711
0.0903
0.0899
0.0743
0.0793
