0.1123
0.1024
0.0966
0.1465
0.1766
0.1344
0.0986
0.1576
0.1417
0.1243
0.2546
0.1229
0.1166
0.1080
0.1427
0.1022
0.2450
0.3062
0.2075
0.1488
0.1711
0.1645
0.3505
0.2653
0.1428
0.1055
0.1763
0.1051
0.0985
0.2569
0.0957
0.0998
0.1039
0.1236
0.2812
0.1128
0.3315
0.3204
0.1068
0.2495
0.4977
0.1422
0.1125
0.1114
0.1246
0.0970
0.1365
0.1226
0.1120
0.1056
0.2491
0.2395
0.1404
0.1308
0.1142
0.1371
0.1168
0.1223
0.3704
0.1272
0.1183
0.1315
0.1232
0.1348
0.1592
0.4866
0.1095
0.1780
0.1408
0.1706
0.1734
0.1439
0.1484
0.1366
0.1578
0.2919
0.1893
0.1532
0.5167
0.1919
0.1597
0.2073
0.2004
0.5529
0.1824
0.3161
0.1707
0.1870
0.5379
0.1950
0.1540
0.4204
0.7964
0.2132
0.2091
0.7088
0.5912
0.5196
0.2659
0.2504
0.1709
0.1778
0.6361
0.3780
0.7299
0.2112
0.7619
0.1764
0.2563
0.6969
0.3099
0.2744
0.2304
0.2082
0.2380
0.2676
0.3658
0.2260
0.2480
0.2162
0.6839
0.5188
0.9862
0.3378
0.3173
0.2730
0.3363
0.2383
0.2584
0.2365
0.2596
0.2660
0.7833
0.3236
0.3296
0.3474
0.4057
0.3216
0.3972
0.3935
0.3221
0.3971
0.2659
0.3539
0.7587
0.7878
0.3659
0.3308
0.3253
0.4879
0.3199
0.9087
0.6757
1.0661
0.3182
0.7714
0.7725
0.7673
0.7655
0.9938
0.4071
0.5043
0.4945
0.4355
0.5050
1.2371
0.7252
0.3925
0.4357
0.3784
0.4443
0.3974
1.3618
0.8446
0.8474
1.0819
0.4644
0.5125
0.6236
0.5901
0.6170
0.3946
0.5850
0.8972
0.7239
0.5821
0.8267
0.5046
0.4350
0.5996
0.5337
1.1720
1.2038
0.6558
1.0746
0.6340
1.2488
0.5917
0.6671
0.5093
1.3716
0.9687
1.8097
1.6250
1.1477
0.8281
0.6501
0.5328
0.6584
1.4690
1.9205
0.6575
1.6134
0.6368
0.9080
0.6726
0.8058
0.8371
0.8868
0.6898
0.6920
0.6884
0.8041
1.9590
0.7837
0.6886
1.1836
1.2203
0.7838
2.1075
1.4483
1.0026
0.8335
0.8898
0.8241
0.8948
1.6475
1.7525
2.0360
1.8354
0.9156
0.7576
1.0000
1.3497
0.8141
0.0511
0.0474
0.0644
0.0607
0.0414
0.0913
0.0601
0.0888
0.0567
0.0899
0.0640
0.0647
0.0952
0.0495
0.0732
0.0731
0.0703
0.0747
0.0865
0.0890
0.0836
0.0692
0.0738
0.0787
0.0934
0.0912
0.0896
