0.4267
0.1248
0.1407
0.4663
0.6409
0.3989
0.2493
0.2238
0.2881
0.5424
0.4061
0.7956
0.3566
0.7393
0.6280
0.8739
0.2177
0.9083
0.7539
0.9986
0.7984
0.8281
0.7195
0.1792
0.7476
0.2596
0.6289
0.9116
1.1696
0.6212
0.1177
1.0027
0.1376
0.4007
0.7389
0.5528
0.2135
0.8688
0.2065
0.7371
0.1578
1.0963
0.2489
1.1173
1.1060
0.5776
0.2737
1.4960
0.7625
0.8561
1.4562
0.2329
0.3009
0.2828
0.1105
0.6481
0.9164
1.5600
0.3311
0.6445
1.0089
0.3324
1.2041
0.6461
1.0674
1.0113
0.5580
0.7782
1.1259
1.6655
1.1005
0.9775
1.3604
0.4200
1.2501
1.7479
0.9516
0.9687
0.8857
1.7323
0.9454
1.8027
1.5359
1.4595
0.8247
1.4386
0.8457
1.8171
1.0668
0.0267
0.0337
0.0532
0.0205
0.0768
0.0182
0.0413
0.0000
0.0382
0.0098
0.0001
0.0637
0.0045
0.0042
0.0232
0.0497
0.0480
0.0453
0.0636
0.0413
0.0148
0.0486
0.0523
