0.1022
0.1524
0.1791
0.1880
0.1407
0.1219
0.0982
0.2252
0.1845
0.1247
0.1953
0.2008
0.2103
0.2182
0.1466
0.2926
0.0974
0.2702
0.3045
0.1732
0.3435
0.3702
0.2071
0.3608
0.2246
0.5985
0.4571
0.4691
0.4205
0.4687
0.1149
0.4913
0.5932
0.1145
0.4459
0.1001
0.1970
0.3714
0.3361
0.5717
0.1622
0.1417
0.2100
0.0995
0.6288
0.1240
0.2143
0.0955
0.2222
0.0959
0.1818
0.6488
0.7082
0.1009
0.1520
0.1714
0.1292
0.1353
0.7242
0.5116
0.7171
0.1376
0.5046
0.3649
0.5008
0.6287
0.7185
0.1801
0.1506
0.1422
0.1064
0.7234
0.6415
0.1698
0.1341
0.1699
0.1425
0.1446
0.8091
0.5472
0.6730
0.7011
0.1732
0.2405
0.1650
0.1027
0.1191
0.2107
0.1782
0.7058
0.2009
0.1394
0.6020
0.2340
0.2139
0.2457
0.2607
0.7826
0.8284
0.2046
0.6939
0.1281
0.3335
0.1858
0.1841
0.2601
0.7950
0.3918
0.9238
0.9076
0.6571
0.1898
0.2632
0.2649
0.1845
0.8627
1.0047
0.2414
0.7953
0.3174
0.3729
0.2882
0.2705
0.1681
0.2421
0.2911
0.2855
0.3044
0.2466
1.0872
0.2374
0.3295
0.7379
0.7145
0.3174
1.1631
0.8337
0.1883
0.3424
0.2039
0.3250
0.2457
0.8803
0.8349
1.1557
1.0729
0.3208
0.3630
0.2371
0.5887
0.3589
0.3051
0.3494
0.1493
0.4304
0.3954
0.2383
0.3483
0.2638
0.3008
0.3427
0.8499
0.2670
0.2040
0.2646
1.1833
0.3771
0.2870
0.8903
1.4074
1.3616
0.3308
1.0886
1.1563
0.1763
1.4116
1.3822
1.0988
0.3440
0.1232
0.2764
0.2500
1.3640
0.2943
0.8672
1.0075
1.1703
0.3726
0.4051
0.2857
0.5057
0.2852
0.5918
0.8434
1.0777
0.4214
1.5814
0.6397
0.2364
1.4221
0.4825
0.4982
1.4706
1.5890
0.3276
0.5796
1.5680
1.1175
1.5024
0.9296
1.2109
0.9396
0.5934
0.5757
0.4392
0.6444
0.4831
0.2709
0.6856
1.4753
1.6908
0.7095
0.4311
0.6429
0.6384
0.3301
0.5695
0.4319
0.6706
1.6733
0.5325
0.4042
0.9172
1.1457
0.7544
0.6025
0.8899
1.1672
0.4041
1.0369
0.3436
1.8009
0.4921
1.9161
1.9038
0.5834
0.3559
1.8665
0.6241
1.1788
0.6495
1.7154
0.8129
0.3628
0.5235
0.6652
1.0637
0.9767
1.8421
0.4044
0.5315
1.4145
0.5361
1.7650
0.5305
1.5333
1.3627
0.4754
0.7942
1.5703
1.9843
1.5729
0.7385
1.6820
0.7965
1.8078
2.0579
0.5590
1.2329
0.5586
2.0466
0.7723
2.0587
2.0871
1.9548
0.7970
1.8247
0.8160
1.9818
1.0818
1.7432
0.8479
0.6684
1.5892
1.2881
1.1429
1.5978
2.0424
1.8995
0.8294
1.8269
0.6350
0.7007
0.7633
1.0900
1.9419
0.9417
2.1688
1.0857
1.9562
1.8279
2.1444
1.5930
2.1361
2.2094
1.3697
1.1675
2.1839
2.1192
1.7433
2.0305
0.8659
2.2570
0.0769
0.0854
0.0904
0.0672
0.0916
0.0507
0.0619
0.0388
0.0878
0.0589
0.0355
0.0483
0.0686
0.0691
0.0439
0.0678
0.0894
0.0536
0.0838
0.0480
0.0763
0.0920
0.0673
0.0860
0.0912
0.0691
0.0635
0.0607
0.0921
