0.1149
0.1110
0.1266
0.0999
0.1236
0.1466
0.2012
0.0968
0.2263
0.2462
0.1210
0.2248
0.1507
0.1357
0.2058
0.3073
0.2754
0.1591
0.2419
0.3927
0.4520
0.1915
0.2074
0.4437
0.2716
0.1972
0.2687
0.1454
0.3292
0.5415
0.5824
0.5614
0.4947
0.1477
0.2416
0.7472
0.1101
0.9017
0.6438
0.6646
0.6977
0.1986
0.3961
0.1032
0.1993
0.1054
0.1020
0.1151
0.7539
0.1126
0.1052
0.2393
0.2144
0.0979
0.1226
0.1220
0.8882
0.6042
0.1208
0.3720
0.0990
0.6332
0.1320
0.1306
0.1352
0.6125
0.2254
0.7427
0.6991
0.3822
0.1129
0.1754
0.1393
0.1358
0.6384
1.1686
0.1791
1.2056
0.1674
0.2440
0.2041
0.1499
0.3480
0.1464
0.1824
0.1643
0.1839
0.1752
1.4784
0.1700
0.2123
0.9235
0.4505
0.2539
1.1739
1.0522
0.2934
0.2534
0.1569
0.2181
0.1456
1.3674
1.1312
1.7694
1.0235
0.2198
0.2447
0.1673
0.4440
0.2840
0.3560
0.3316
0.1329
0.4363
0.3024
0.2055
0.3815
0.2285
0.2081
0.2652
0.5685
0.1881
0.3198
0.1988
1.1794
0.3201
0.2086
0.7592
1.8225
1.7631
0.2388
0.9676
1.7690
0.1710
1.7514
1.6692
0.9760
0.2607
0.4060
0.3856
0.2769
1.0624
0.3533
1.2024
1.7459
1.6417
0.4289
0.4700
0.4391
0.5186
0.4576
0.6207
1.1696
0.9480
0.4182
2.0822
0.6582
0.4353
1.3116
0.4999
0.5760
1.7237
2.0107
0.5959
0.5685
1.7062
0.9524
2.1831
1.2837
1.0509
1.2700
0.5218
0.6224
0.5258
0.6205
0.5892
0.4327
0.7410
1.2002
1.6800
1.2447
0.4426
0.6251
0.5687
0.5731
0.5802
0.4845
0.7038
2.3646
0.5100
0.4939
0.6590
1.0408
0.6640
0.6540
0.6729
1.0663
0.5791
0.7662
0.5990
2.1041
0.5602
2.4191
2.4449
0.7165
0.5684
2.5232
0.5897
1.6141
0.7469
2.3089
1.0011
0.6737
0.7645
0.6039
1.5130
1.4932
2.2219
0.6776
1.1577
1.2979
0.7287
2.0267
0.7828
1.5411
2.0646
0.7595
1.2530
1.7734
0.0737
0.0800
0.0868
0.0623
0.0872
0.0828
0.0579
0.0922
0.0509
0.0622
0.0668
0.0716
0.0778
0.0819
0.0638
0.0850
0.0812
0.0762
0.0868
0.0917
