0.0972
0.0969
0.1283
0.1509
0.1620
0.0973
0.1242
0.1023
0.1351
0.1796
0.1621
0.0971
0.1265
0.2392
0.1821
0.1194
0.3674
0.1524
0.6215
0.1855
0.1194
0.4333
0.1381
0.1925
0.1311
0.7024
0.4573
0.1363
0.7645
0.2132
0.8039
0.8513
0.4381
0.5045
0.8953
0.8502
0.4593
1.2167
0.1727
0.4251
0.8102
0.2274
0.5022
1.2701
1.1967
1.1272
1.3668
1.1925
0.5483
1.1888
0.1299
0.5665
0.1228
0.3726
1.3396
1.4432
0.3553
0.1038
0.1003
0.1056
0.1119
1.3499
0.1884
0.5712
0.1816
0.1875
0.8969
0.4727
1.4511
1.5536
1.5435
0.1322
1.6380
0.5739
0.1934
1.6263
0.1272
0.0982
0.3535
0.7065
1.7432
0.1514
1.0663
0.1131
1.5891
1.2978
1.3338
0.4259
1.3685
1.8205
1.4508
0.5430
1.6388
0.1565
1.6279
1.8887
0.2636
0.9635
0.1319
1.8537
0.5200
1.9623
1.8764
1.7347
0.3208
1.8191
0.3743
1.9487
0.9289
1.7003
0.4124
0.2287
1.6711
1.3729
1.2159
1.4676
2.0017
1.8129
0.5216
1.7323
0.1019
0.1691
0.1933
0.7540
1.9866
0.5983
1.9554
0.8540
1.8002
1.8580
1.9838
1.4349
2.1304
2.0122
1.3691
0.7708
2.0396
2.0417
1.5710
2.0069
0.6069
2.0543
1.9340
0.5951
0.4091
0.8647
0.7260
1.7881
2.0706
0.5216
0.4038
1.7667
0.9986
1.2998
1.0913
0.8894
1.8559
2.1231
1.2428
1.7150
2.0388
1.1846
1.3400
1.7708
0.0486
0.0724
0.0494
0.0600
0.0597
0.0669
0.0864
0.0643
0.0432
0.0738
0.0192
0.0744
0.0426
0.0861
0.0697
0.0413
0.0875
0.0807
0.0731
0.0479
0.0799
0.0598
0.0874
0.0640
0.0488
0.0335
0.0921
0.0917
0.0394
0.0747
0.0909
