0.1248
0.1163
0.1365
0.1046
0.1412
0.1478
0.1128
0.2139
0.1219
0.2571
0.1976
0.2323
0.1441
0.1001
0.2928
0.3350
0.2065
0.3112
0.5243
0.5087
0.2242
0.2360
0.4549
0.3565
0.1685
0.2421
0.1727
0.2604
0.6168
0.4233
0.6922
0.6912
0.1314
0.1909
0.7106
0.1275
0.9080
0.7235
0.6598
0.8906
0.1880
0.3164
0.3255
0.1003
0.1463
0.8927
0.1177
0.1730
0.2981
0.1075
0.1416
0.1327
0.9484
0.4186
0.1081
0.2763
0.9771
0.1091
0.1380
0.1284
0.5572
0.2076
0.8538
0.7282
0.3227
0.1259
0.2415
0.1644
0.1270
0.6554
1.1853
0.1573
1.4941
0.1891
0.2519
0.2227
0.1728
0.6198
0.2162
0.2340
0.1498
0.1817
0.2611
1.4786
0.2339
0.2886
1.1462
0.4913
0.2973
1.2228
1.3394
0.4644
0.2508
0.2063
0.3244
0.1944
1.5704
1.6678
1.8832
0.9914
0.2875
0.2917
0.2226
0.5689
0.3716
0.5649
0.4530
0.1903
0.7038
0.3660
0.3163
0.6216
0.3721
0.2969
0.4046
0.7574
0.2596
0.5024
0.3306
1.1162
0.4802
0.3162
0.8883
1.8923
1.8345
0.3530
1.0378
1.9575
0.2723
1.7747
1.6245
0.9940
0.3953
0.6846
0.6100
0.4118
1.2937
0.4811
1.5575
1.9957
1.9896
0.6442
0.7623
0.6777
0.7601
0.7128
0.8193
1.4861
0.9610
0.5652
2.2070
0.8579
0.6488
1.2769
0.7623
0.8571
1.6376
2.1167
0.7657
0.9126
1.6629
1.0007
2.3026
1.7203
1.0808
1.8404
0.8622
0.9093
0.7248
0.9395
0.7852
0.5485
0.8580
1.3212
1.7673
1.7600
0.5690
0.9224
0.8220
0.7362
0.7590
0.6093
1.0055
2.4957
0.6439
0.6142
0.7987
1.2298
0.7751
0.9322
0.9347
1.1070
0.7011
0.9129
0.7004
2.1568
0.6726
2.5808
2.5911
0.7933
0.6374
2.6652
0.7746
2.0928
0.7838
2.6023
1.3582
0.7595
0.8947
0.7503
1.8976
1.9276
2.5349
0.7636
1.3836
1.5323
0.8781
0.0866
0.0795
0.0902
0.0539
0.0701
0.0766
0.0797
0.0659
0.0904
0.0740
0.0561
0.0474
0.0610
0.0946
0.0572
0.0775
0.0768
0.0936
0.0911
0.0802
0.0859
0.0939
0.0891
