0.1440
0.1567
0.1794
0.1133
0.2106
0.1580
0.1011
0.1683
0.1756
0.1951
0.1991
0.1440
0.3614
0.1339
0.1218
0.2484
0.3535
0.1634
0.4171
0.0984
0.4220
0.2111
0.4261
0.2576
0.6697
0.1067
0.1002
0.5322
0.4826
0.4251
0.1197
0.1176
0.5259
0.2463
0.5698
0.1113
0.6703
0.1339
0.5864
0.1496
0.1392
0.1177
0.0995
0.1213
0.1332
0.2463
0.1171
0.1184
0.1086
0.5210
0.3982
0.8480
0.1971
0.1527
0.1676
0.2158
0.1204
0.1356
0.1238
0.1311
0.1311
0.6886
0.1770
0.2044
0.2010
0.2730
0.1651
0.2117
0.2293
0.1775
0.2725
0.1361
0.2031
0.6414
0.6659
0.2074
0.1953
0.2129
0.3317
0.1704
0.7906
0.5527
1.0032
0.1982
0.6217
0.6323
0.6146
0.6609
0.9420
0.2618
0.2900
0.3432
0.2553
0.3536
1.1734
0.6342
0.2367
0.2887
0.2381
0.2672
0.2300
1.2494
0.7684
0.7141
0.9992
0.2993
0.3713
0.4286
0.3787
0.4214
0.2716
0.4000
0.8043
0.5281
0.4286
0.7117
0.3686
0.2887
0.4103
0.3662
1.1013
1.1307
0.4874
0.9829
0.4663
0.9754
0.4556
0.4668
0.3879
1.2647
0.7743
1.5475
1.4663
1.0888
0.6100
0.4595
0.3999
0.4500
1.3815
1.6649
0.5110
1.4935
0.4804
0.7856
0.5370
0.6369
0.6510
0.6755
0.5458
0.4909
0.5662
0.6484
1.7953
0.6361
0.5161
1.0094
1.0305
0.6405
1.9119
1.2639
0.7931
0.6598
0.7298
0.6809
0.7211
1.4355
1.6555
1.8794
1.6138
0.7601
0.6231
0.8148
1.1957
0.6997
0.7600
0.7382
0.7873
0.7707
0.7248
0.7586
1.1014
0.7800
0.7781
0.7608
1.2565
0.8007
0.8051
0.8026
1.9515
0.7469
0.8623
1.3994
2.1599
1.9759
0.0917
0.0780
0.0729
0.0686
0.0940
0.0857
0.0655
0.0524
0.0721
0.0803
0.0745
0.0746
0.0678
0.0638
0.0880
0.0916
0.0726
0.0881
0.0917
0.0831
0.0841
0.0934
0.0876
0.0827
0.0867
