0.1041
0.0981
0.1409
0.1675
0.1267
0.1519
0.1410
0.1185
0.2319
0.0966
0.1339
0.2555
0.2706
0.1987
0.1258
0.1675
0.1524
0.3210
0.2656
0.1255
0.1722
0.2813
0.1253
0.2833
0.3211
0.3303
0.2490
0.4407
0.1262
0.0986
0.1095
0.1982
0.2013
0.1002
0.1250
0.1138
0.4238
0.1188
0.1038
0.1206
0.1250
0.4570
0.1368
0.0996
0.1173
0.1041
0.1182
0.1149
0.1142
0.1166
0.2668
0.1335
0.1207
0.4703
0.1138
0.1268
0.1262
0.1177
0.5350
0.1428
0.2895
0.1349
0.1379
0.5167
0.1344
0.1333
0.3552
0.6397
0.1618
0.1551
0.5831
0.5748
0.5377
0.1426
0.1435
0.1452
0.1347
0.5732
0.2609
0.6265
0.1609
0.6215
0.1295
0.2004
0.5765
0.1561
0.1759
0.1797
0.1545
0.1863
0.1623
0.3717
0.1732
0.1809
0.1659
0.5763
0.4696
0.6897
0.3042
0.1790
0.2174
0.3544
0.1858
0.1749
0.1876
0.1794
0.2019
0.6575
0.2005
0.2033
0.2338
0.3950
0.1945
0.2201
0.2123
0.2169
0.3273
0.2069
0.2864
0.6847
0.7071
0.2312
0.2604
0.2824
0.2930
0.2494
0.7622
0.6780
0.8227
0.2391
0.6860
0.6130
0.6607
0.6771
0.8057
0.2971
0.2837
0.3047
0.2837
0.2771
0.8969
0.6984
0.2940
0.2780
0.2906
0.2882
0.2946
1.0282
0.6909
0.7369
0.8319
0.3096
0.3650
0.3763
0.3185
0.3390
0.3207
0.3753
0.7558
0.4618
0.3355
0.7195
0.3789
0.3430
0.4169
0.4048
0.9093
0.9453
0.4288
0.8298
0.3695
0.7719
0.3757
0.4210
0.3819
1.0594
0.7493
1.1862
1.1511
0.8395
0.4981
0.4548
0.3993
0.4202
1.1169
1.2374
0.4520
1.0922
0.4823
0.7019
0.4830
0.5331
0.5810
0.5829
0.5019
0.4892
0.5220
0.5327
1.3281
0.5115
0.5218
0.8519
0.9029
0.5835
1.4061
1.0230
0.7084
0.5893
0.6729
0.6056
0.6170
1.1419
1.2926
1.3846
1.2434
0.6534
0.6277
0.6675
0.9925
0.6475
0.6779
0.6811
0.6647
0.7104
0.6566
0.6720
1.0185
0.6595
0.6750
0.6905
0.9650
0.6729
0.7378
0.6973
1.4979
0.6517
0.7530
1.0969
1.6088
1.5089
0.7264
1.2858
1.4987
0.7020
1.5903
1.5719
1.3299
0.7692
0.8403
0.8924
0.8241
1.8908
0.8631
1.1667
1.3464
1.6361
0.8937
0.0848
0.0348
0.0515
0.0286
0.0829
0.0586
0.0880
0.0940
0.0576
0.0730
0.0646
0.0661
0.0722
0.0849
0.0793
0.0905
0.0900
0.0907
0.0849
0.0858
0.0828
0.0861
0.0921
0.0907
0.0876
0.0897
0.0848
