0.1944
0.2170
0.3163
0.2112
0.1338
0.1386
0.1474
0.2588
0.1957
0.4218
0.1788
0.3794
0.3187
0.4867
0.1276
0.5272
0.4109
0.6806
0.4269
0.4579
0.3592
0.1063
0.3898
0.1354
0.3155
0.5045
0.7894
0.3090
0.6987
0.1891
0.3833
0.2615
0.0987
0.5635
0.1042
0.3969
0.1031
0.7435
0.1108
0.6992
0.6981
0.2864
0.1282
1.4539
0.4014
0.4924
1.4345
0.1317
0.1467
0.1389
0.3407
0.5162
1.5293
0.1636
0.3388
0.5980
0.1552
0.8786
0.3186
0.7431
0.6275
0.2609
0.4289
0.7299
1.5975
0.7888
0.5742
1.4031
0.2079
0.8900
1.6737
0.5716
0.5760
0.5046
1.6577
0.5565
1.7334
1.1054
1.0340
0.4609
1.0128
0.4934
1.7333
0.7448
0.8790
0.4287
0.4796
0.9821
0.9035
0.7672
0.7839
1.7841
1.6190
0.4676
1.0852
0.5849
0.5453
0.4022
0.5895
1.7235
0.5551
1.7548
0.7545
1.0100
1.1301
1.7856
0.8284
1.9069
1.7890
0.7901
0.7264
1.7801
1.8028
0.8499
1.7801
0.6116
1.8346
1.6708
0.5760
0.6311
0.6483
0.6619
1.5995
1.8610
0.6733
0.8756
1.0572
0.8063
0.8714
0.9186
0.8338
1.6691
1.8703
0.8273
1.0322
1.8477
1.0645
0.9569
1.0547
0.0427
0.0527
0.0847
0.0255
0.0892
0.0228
0.0461
0.0653
0.0450
0.0569
0.0082
0.0207
0.0509
0.0412
0.0829
0.0401
0.0217
0.0792
0.0562
0.0595
0.0755
