0.1185
0.1371
0.1471
0.1735
0.1459
0.1519
0.1611
0.1742
0.1821
0.1171
0.2373
0.2253
0.2390
0.1445
0.2706
0.3067
0.1715
0.3013
0.1832
0.4398
0.3555
0.3679
0.3387
0.3633
0.1141
0.3990
0.4337
0.3430
0.1879
0.3263
0.2657
0.4158
0.1451
0.1082
0.1780
0.4672
0.1055
0.1984
0.1868
0.1413
0.4821
0.5327
0.1222
0.1409
0.1099
0.1005
0.5362
0.4433
0.5749
0.1051
0.4366
0.3284
0.4147
0.4684
0.5796
0.1456
0.1242
0.1232
0.5995
0.5062
0.1341
0.1137
0.1300
0.1269
0.1222
0.6532
0.4452
0.5139
0.5401
0.1480
0.1878
0.1520
0.0989
0.1088
0.1665
0.1538
0.5571
0.1900
0.1302
0.4719
0.1924
0.1689
0.2028
0.2191
0.6048
0.6380
0.1803
0.5646
0.1355
0.3768
0.1611
0.1617
0.2019
0.6557
0.3503
0.7978
0.7898
0.5261
0.1817
0.2263
0.2105
0.1582
0.6861
0.8781
0.2013
0.7018
0.2511
0.3682
0.2473
0.2581
0.2420
0.2391
0.2499
0.2390
0.2588
0.2459
0.9101
0.2375
0.2814
0.6250
0.6149
0.2778
1.0146
0.6747
0.2594
0.2895
0.2804
0.2870
0.2804
0.7435
0.7146
0.9884
0.8931
0.3126
0.3126
0.2671
0.5730
0.3249
0.3374
0.3404
0.2192
0.3767
0.3412
0.2916
0.4764
0.2849
0.3190
0.3294
0.6963
0.3059
0.2836
0.3063
1.0348
0.3467
0.3117
0.7731
1.1829
1.1441
0.3516
0.9806
1.0658
0.2769
1.1789
1.1695
0.9727
0.3517
0.2455
0.3397
0.3292
1.3231
0.3640
0.7277
0.9470
1.0809
0.4278
0.4459
0.3920
0.4508
0.3646
0.5215
0.7097
1.0168
0.4654
1.4601
0.7079
0.3661
1.3095
0.5152
0.5676
1.3560
1.5052
0.4736
0.5535
1.4252
1.0633
1.4149
0.8086
1.1605
0.8208
0.5887
0.5747
0.5454
0.6132
0.5799
0.4019
0.7714
1.3895
1.5588
0.7766
0.5018
0.6402
0.6127
0.5175
0.6180
0.5588
0.6850
1.5491
0.6146
0.5135
0.8293
1.1177
0.7805
0.6871
0.7395
1.0542
0.5504
0.9645
0.5088
1.6387
0.5717
1.7393
1.7669
0.7442
0.4541
1.7253
0.6976
1.0879
0.7081
1.7007
0.8173
0.5385
0.6857
0.7138
0.9405
0.9591
1.8167
0.4952
0.7798
1.2964
0.7166
1.6602
0.5996
1.4303
1.2772
0.5879
0.8774
1.5134
1.8770
1.4864
0.8169
1.6135
0.8089
1.7397
1.9402
0.6607
1.1694
0.6213
1.9640
0.8230
2.0381
2.0137
1.8545
0.7721
1.7281
0.7850
1.9178
1.0497
1.7002
0.9603
0.8434
1.4979
1.1937
1.1375
1.5021
1.9786
1.8563
0.9536
1.7865
0.6875
0.8445
0.8695
1.0430
1.8883
0.9641
2.0557
1.0060
1.9034
1.7476
2.0576
1.4881
2.0732
2.0721
1.2725
1.1186
2.1081
2.0716
1.5919
2.0300
0.9189
2.1620
1.7543
0.9565
0.9046
1.0825
1.0418
1.6459
2.0401
0.9458
0.6930
1.6135
1.0999
1.2402
0.9006
1.1194
1.8841
2.1583
1.0992
1.6082
1.9966
0.9726
1.0901
1.6808
0.0764
0.0560
0.0952
0.0330
0.0669
0.0436
0.0280
0.0814
0.0717
0.0255
0.0414
0.0600
0.0487
0.0388
0.0788
0.0692
0.0464
0.0609
0.0614
0.0738
0.0753
0.0634
0.0657
0.0598
0.0791
0.0883
0.0895
0.0950
