0.1854
0.1202
0.1393
0.4798
0.4307
0.1387
0.2524
0.0983
0.1036
0.1221
0.4442
0.2954
0.0985
0.1006
0.4116
0.1239
0.2410
0.1179
0.3192
0.2711
0.3522
0.2050
0.0992
0.2612
0.1888
0.8842
0.4329
0.4994
0.1033
0.0964
0.5782
0.1732
0.5451
1.1951
1.4447
0.7865
0.1202
1.0016
0.1193
0.1109
0.1907
1.4836
0.6776
0.1257
0.1353
0.1148
2.0140
1.6119
0.1538
0.7905
2.5293
0.2017
0.4554
0.9868
2.4938
0.5223
0.6553
0.6087
2.1714
0.8927
2.5589
2.6544
1.7043
2.1769
1.1160
2.0391
1.9298
2.8091
2.8613
2.0691
2.0332
0.3966
1.8798
0.7660
1.0221
3.2088
2.8145
0.6529
2.8742
3.2907
1.8913
2.6179
0.6854
3.0699
3.1281
2.6404
3.3458
3.2238
2.9673
3.1610
2.0045
3.1913
3.1216
3.3207
3.2057
2.9506
2.8975
3.3382
3.4939
0.0000
0.0005
0.0004
0.0820
0.0785
0.0000
0.0868
0.0654
0.0000
0.0474
0.0919
0.0487
0.0009
0.0910
0.0919
0.0240
0.0450
0.0931
0.0005
0.0944
0.0680
0.0064
0.0481
0.0906
0.0613
0.0740
0.0730
0.0352
0.0931
