0.1044
0.1300
0.1658
0.0965
0.1581
0.1261
0.1315
0.3067
0.1712
0.1476
0.1130
0.1700
0.1103
0.2155
0.0988
0.1129
0.1028
0.1685
0.3234
0.1425
0.1452
0.1358
0.3006
0.1669
0.1394
0.3746
0.1403
0.2807
0.8038
0.1460
0.1075
0.6620
0.4026
0.2892
0.2141
0.1901
0.6031
0.4752
0.6941
0.1313
0.7845
0.1118
0.7016
0.2950
0.2288
0.0988
0.1237
0.2347
0.3573
0.1324
0.1615
0.1037
0.7965
0.4384
1.1482
0.2396
0.2752
0.1604
0.2208
0.1326
0.2242
0.1529
0.2035
0.1286
0.8238
0.3326
0.3629
0.3321
0.4002
0.3114
0.3540
0.3634
0.3050
0.3003
0.1579
0.1960
0.6307
0.5620
0.4147
0.2337
0.2289
0.5454
0.1771
0.7879
0.5820
1.0509
0.2640
0.9448
0.9798
0.5787
0.5738
1.1004
0.3534
0.5070
0.5085
0.4255
0.5660
1.1801
0.7562
0.3348
0.4832
0.2918
0.4610
0.3366
1.2657
1.0455
0.6312
1.1031
0.4564
0.5244
0.6807
0.5818
0.5942
0.3185
0.6134
1.0350
0.7435
0.5846
0.8622
0.5805
0.3618
0.6403
0.5186
1.2899
1.1991
0.7172
1.0721
0.5804
1.0697
0.6863
0.7150
0.5923
1.3046
1.0314
1.4308
1.3837
1.1498
0.7256
0.7627
0.5770
0.6784
1.3984
1.5696
0.7939
1.1771
0.7311
0.9838
0.8207
0.8819
0.6310
0.8684
0.8064
0.7240
0.8515
0.8233
1.6229
0.8389
0.8150
1.1995
1.2703
0.9306
1.6986
1.5234
0.6959
0.9762
0.6407
0.9621
0.8164
1.6095
1.3216
1.7630
1.5180
0.9803
0.9231
0.7879
1.2520
1.0220
0.9183
1.0010
0.5537
1.0227
1.0335
0.7685
0.8183
0.8715
0.9717
0.9860
1.3861
0.8578
0.6745
0.8680
1.7783
1.0452
0.8334
1.4096
1.9670
1.9681
0.9836
1.6723
1.7605
0.5530
1.9817
1.7999
1.6502
1.0597
0.5763
0.7246
0.6817
1.6147
0.8300
1.3521
1.6941
1.4714
0.9815
1.0381
0.6589
1.1937
0.7708
1.2747
1.2596
1.5179
1.0046
2.1312
1.2079
0.6404
1.8833
1.1075
1.1085
1.8268
1.9944
0.8202
1.2936
1.8569
1.5409
2.1507
1.4459
0.0885
0.0868
0.0833
0.0400
0.0902
0.0387
0.0897
0.0748
0.0867
0.0708
0.0894
0.0687
0.0757
0.0810
0.0655
0.0874
0.0808
0.0797
