0.1092
0.1098
0.1388
0.4829
0.3522
0.2556
0.1537
0.3187
0.4255
0.4749
0.3531
0.3221
0.1437
0.5806
0.5297
0.4337
0.5103
0.1173
0.6251
0.4225
0.7856
0.5294
0.4139
0.3858
0.4501
0.7631
0.1319
0.1105
0.8439
0.5405
0.9778
0.5514
0.5198
0.7988
0.1511
0.1686
0.1363
0.1615
0.1739
0.7530
0.2635
0.1649
0.5038
0.1340
0.1704
0.1248
0.9379
0.8936
0.2278
0.7946
0.2016
0.6196
0.1832
0.2240
0.1500
0.9997
0.5583
1.1224
1.1071
0.7824
0.3152
0.2054
0.1746
0.2168
1.0734
1.2136
0.2346
1.0735
0.2329
0.4977
0.2508
0.3221
0.3929
0.3923
0.2639
0.2601
0.2740
0.2996
1.2462
0.2882
0.2653
0.8600
0.9000
0.2809
1.3618
1.0364
0.5632
0.3516
0.4560
0.3067
0.3966
1.1127
1.2846
1.3266
1.1550
0.3509
0.2867
0.5115
0.8982
0.3138
0.5043
0.3995
0.4822
0.4677
0.3681
0.4486
0.9703
0.4335
0.5183
0.3912
0.9706
0.4295
0.4918
0.5325
1.4272
0.3855
0.5987
1.0376
1.5694
1.5198
0.5185
1.2428
1.4746
0.4654
1.5881
1.4977
1.2594
0.5682
0.6624
0.7013
0.6376
1.7767
0.6524
1.1322
1.3001
1.5594
0.6840
0.7318
0.7404
0.5901
0.6380
0.6733
1.0512
1.4261
0.6768
1.7072
1.3086
0.7091
1.6399
0.7706
0.8062
1.5193
1.7365
0.8457
0.8239
1.6977
1.4556
1.6185
1.3174
0.0544
0.0194
0.0530
0.0514
0.0473
0.0533
0.0418
0.0671
0.0137
0.0545
0.0567
0.0667
0.0602
0.0943
0.0596
0.0747
0.0703
0.0781
0.0679
0.0743
