0.2810
0.3422
0.6051
0.3135
0.1413
0.1374
0.1834
0.4315
0.2596
1.0584
0.2124
0.7927
0.5960
0.8799
0.1572
1.0416
0.6785
1.1084
0.8103
0.8763
0.6543
0.8025
0.1437
0.5195
1.1361
1.1911
0.5180
0.9610
0.2980
0.7408
0.4367
0.0982
0.9600
0.1394
0.7194
0.1088
1.1644
0.1758
1.2466
1.1952
0.5283
0.2300
1.4029
0.7744
0.8848
1.3726
0.1430
0.2446
0.2161
0.4966
0.9981
1.5852
0.3204
0.6498
1.2050
0.2684
1.3482
0.5768
1.1813
1.1916
0.4775
0.7252
1.2297
1.5909
1.2055
1.1001
1.3674
0.3588
1.3303
1.6836
1.0647
1.0765
0.9425
1.5855
1.0351
1.8082
1.6413
1.4516
0.7303
1.5945
0.7827
1.7029
1.2455
0.0028
0.0170
0.0485
0.0000
0.0000
0.0099
0.0213
0.0023
0.0000
0.0000
0.0814
0.0160
0.0117
0.0690
0.0021
0.0000
0.0879
0.0181
