0.1037
0.1511
0.1926
0.1370
0.1764
0.1040
0.2028
0.2326
0.1489
0.2193
0.3721
0.3585
0.1479
0.1613
0.3316
0.2487
0.1111
0.1604
0.1151
0.1846
0.5091
0.3386
0.5516
0.5267
0.1334
0.5890
0.7335
0.6033
0.4766
0.6964
0.1232
0.2196
0.2373
0.1061
0.7149
0.0972
0.1328
0.1969
0.0999
0.7673
0.3536
0.2119
0.1030
0.8364
0.1020
0.0996
0.4461
0.2218
0.7490
0.6229
0.3355
0.1145
0.1517
0.1210
0.0961
0.5352
1.0567
0.1203
1.4053
0.1368
0.2808
0.1582
0.1363
0.5847
0.1825
0.1615
0.1109
0.1423
0.2251
1.4308
0.1995
0.1854
0.9240
0.3446
0.2051
1.1403
1.1161
0.5308
0.1774
0.2694
0.2336
0.2103
1.3614
1.6369
1.7468
0.8230
0.2324
0.2077
0.2690
0.6759
0.2558
0.6068
0.3325
0.2314
0.5038
0.2565
0.3784
0.6388
0.3776
0.2708
0.3769
0.5372
0.2818
0.5297
0.3291
1.2276
0.3623
0.3592
0.7593
1.6941
1.5784
0.3397
0.8690
1.7685
0.3416
1.5336
1.4974
1.0545
0.3527
0.6003
0.6654
0.4704
1.6861
0.5814
1.3761
1.8350
2.0915
0.7711
0.7653
0.6939
0.5547
0.6951
0.6648
1.3134
1.2238
0.6964
2.1599
0.9173
0.6808
1.3892
0.7927
0.9267
1.5178
2.1822
0.9046
0.8375
1.6610
1.1808
2.0924
1.6322
1.2235
1.7150
0.8594
0.9782
0.9032
0.9444
0.9901
0.5818
0.9109
1.5741
1.9147
1.7707
0.6547
0.9988
0.8279
0.8822
0.9555
0.7363
1.0412
2.3164
0.8159
0.7574
1.0324
1.3042
0.9756
1.0866
1.0642
1.1729
0.8762
1.0971
0.8592
2.1271
0.8245
2.4403
2.3955
0.8868
0.5942
2.5980
0.9041
2.0488
0.8315
2.6380
1.4036
0.9256
1.0427
0.9261
1.8205
1.9387
2.6370
0.8064
1.4798
1.5655
1.0940
0.0823
0.0798
0.0701
0.0351
0.0845
0.0542
0.0758
0.0395
0.0657
0.0348
0.0870
0.0872
0.0624
0.0398
0.0504
0.0646
0.0535
0.0547
0.0884
0.0856
0.0769
0.0898
