0.2364
0.2182
0.1382
0.1488
0.1794
0.3670
0.9858
0.7543
0.2142
0.1472
0.1229
0.1923
0.2724
0.7626
0.4068
0.9002
0.1268
0.2155
1.3333
0.2004
0.0974
0.3635
0.2039
0.9995
0.9004
0.1566
0.3582
1.0796
0.1172
0.1116
0.8630
0.4678
0.1351
0.7000
0.1944
0.9567
0.8808
1.1764
1.1360
0.8502
1.1865
0.3813
0.5739
1.5990
0.3140
0.9980
0.7724
1.1331
1.3333
1.8276
0.7167
0.3203
1.7632
0.7356
1.6747
0.8667
1.2014
1.9608
2.0745
1.7193
1.0279
1.9098
1.7875
1.8826
1.7576
1.2008
0.8205
1.8846
0.8494
1.3845
1.9549
0.0000
0.0022
0.0407
0.0445
0.0600
0.0552
0.0620
0.0062
0.0011
0.0046
0.0492
0.0471
0.0164
0.0859
0.0765
0.0311
