0.1021
0.1019
0.1102
0.1565
0.2026
0.1443
0.1788
0.1103
0.2291
0.2516
0.1556
0.2385
0.4413
0.4320
0.1646
0.1761
0.3617
0.2741
0.1201
0.1705
0.1284
0.1885
0.5431
0.3444
0.6022
0.5994
0.1406
0.6216
0.0960
0.7986
0.6384
0.5503
0.7626
0.1330
0.2432
0.2899
0.1294
0.7657
0.1167
0.1390
0.1393
0.2402
0.1143
0.0998
0.8199
0.3509
0.0998
0.2138
0.1303
0.9701
0.1064
0.1296
0.1093
0.5166
0.2807
0.8061
0.6948
0.4091
0.1645
0.1940
0.1389
0.1183
0.6384
1.1260
0.1429
1.5224
0.1578
0.3454
0.1981
0.1847
0.7290
0.2718
0.2096
0.1328
0.1762
0.3239
1.5016
0.2833
0.2333
0.9929
0.3833
0.2732
1.1800
1.2133
0.6102
0.2280
0.2778
0.3203
0.2863
1.4792
1.7563
1.8499
0.8783
0.3304
0.2725
0.3501
0.7679
0.3350
0.7376
0.4145
0.2536
0.6540
0.3386
0.4504
0.6681
0.4994
0.3746
0.4978
0.6731
0.3705
0.5681
0.4462
1.2238
0.4611
0.4470
0.8503
1.7954
1.6636
0.4699
0.9537
1.8927
0.3629
1.6069
1.5707
1.0849
0.4757
0.7160
0.6840
0.4810
1.5995
0.6154
1.5194
1.9568
2.1614
0.8567
0.9071
0.7139
0.7031
0.7459
0.7902
1.4460
1.1957
0.7535
2.2378
0.8841
0.7029
1.3785
0.9147
0.9884
1.5643
2.2271
0.9520
0.9866
1.6821
1.0966
2.1896
1.8161
1.2584
1.8964
1.0271
1.0592
0.9548
1.0649
1.0363
0.5990
0.8793
1.5466
1.9039
1.9230
0.6583
1.0952
0.9379
0.8812
1.0082
0.7436
1.1455
2.4061
0.8532
0.7634
1.0948
1.3541
0.9864
1.2068
1.1450
1.1574
0.8937
1.0975
0.8829
2.1868
0.8318
2.5445
2.5053
0.8658
0.6624
2.6653
1.0142
2.2403
0.8323
2.7069
1.4687
0.9434
1.0624
0.9934
1.9745
2.1289
2.6931
0.8325
1.5679
1.6319
1.1279
0.0653
0.0897
0.0848
0.0757
0.0379
0.0914
0.0578
0.0781
0.0465
0.0661
0.0402
0.0420
0.0940
0.0540
0.0838
0.0408
0.0447
0.0626
0.0704
0.0771
0.0692
0.0747
