0.1095
0.3560
0.3415
0.1017
0.0953
0.1000
0.2542
0.1793
0.1000
0.1638
0.3946
0.2688
0.1175
0.3689
0.2065
0.2686
0.1163
0.1591
0.1074
0.1611
0.4695
0.1554
0.5612
0.5626
0.3366
0.1876
0.1286
0.1592
0.5802
0.2289
0.4574
0.6056
0.1567
0.1953
0.1863
0.5880
0.5607
0.7977
0.5925
0.9590
0.3436
0.2529
0.7677
0.5109
1.0508
1.0892
0.6387
0.3533
1.1691
0.4475
0.4690
0.7092
0.5862
0.6303
1.4009
1.4390
0.8002
1.6698
1.4706
0.9254
0.8752
1.2445
1.4893
1.4724
1.1948
1.5013
1.2893
1.4116
1.2050
0.8818
0.9795
0.9712
1.5751
1.4675
1.2743
1.0985
1.4457
1.6431
0.8570
0.9648
1.0844
0.5744
1.5641
0.7914
1.0242
1.7761
1.1245
1.3482
1.5129
1.4247
2.0610
1.7750
1.7779
1.2810
1.3995
1.9765
1.1965
1.6335
1.5870
1.4909
1.9520
1.9678
0.0534
0.0557
0.0502
0.0177
0.0032
0.0355
0.0530
0.0669
0.0606
0.0089
0.0737
0.0813
0.0689
0.0908
0.0439
0.0664
0.0877
0.0775
0.0782
0.0646
0.0936
0.0670
0.0943
