0.1080
0.1219
0.1379
0.1517
0.1073
0.1244
0.1313
0.1366
0.1337
0.0996
0.1674
0.1769
0.2067
0.1084
0.2304
0.2323
0.1531
0.2174
0.1442
0.2310
0.2144
0.2962
0.2893
0.2978
0.2364
0.2990
0.2208
0.1199
0.1800
0.2127
0.1802
0.1094
0.1069
0.1261
0.3363
0.1243
0.1605
0.1250
0.3853
0.4543
0.1108
0.1187
0.0966
0.3930
0.2719
0.4318
0.0980
0.2342
0.1671
0.2815
0.3537
0.4846
0.1140
0.4004
0.3160
0.1117
0.1160
0.3925
0.2184
0.3504
0.3352
0.1095
0.1469
0.3020
0.3150
0.1265
0.1382
0.1115
0.1433
0.3588
0.5146
0.3270
0.1454
0.1396
0.4200
0.1640
0.4433
0.4685
0.2807
0.1169
0.1238
0.4142
0.5075
0.1050
0.3045
0.1388
0.1704
0.1290
0.1098
0.1025
0.1231
0.1228
0.1292
0.0985
0.8002
0.0968
0.1506
0.3418
0.3572
0.1382
0.6515
0.2913
0.1405
0.1359
0.1606
0.1257
0.1334
0.3528
0.3719
0.6286
0.8460
0.1309
0.1592
0.1174
0.3677
0.1506
0.1451
0.1602
0.1508
0.1869
0.1598
0.1620
0.3834
0.1250
0.1580
0.1426
0.4034
0.1431
0.1664
0.1616
0.7500
0.1621
0.1614
0.4902
0.7336
0.9126
0.1581
0.6808
0.5491
0.1740
1.1908
1.1768
0.6140
0.1610
0.2278
0.2235
0.1750
0.8446
0.1737
0.3547
0.4942
0.6378
0.2689
0.2766
0.2684
0.2358
0.2266
0.2743
0.4578
0.6056
0.2445
1.2398
0.5574
0.2534
0.9139
0.3853
0.4492
1.4046
1.1506
0.4373
0.3916
1.1200
0.7445
1.1232
0.4975
0.6833
0.5177
0.4772
0.4319
0.4724
0.4507
0.4877
0.4734
0.6945
0.9796
1.1222
0.6334
0.4933
0.5000
0.4581
0.5482
0.5194
0.4965
0.5346
1.4973
0.5067
0.5054
0.6827
0.8046
0.7490
0.5763
0.6144
0.8594
0.5408
0.8494
0.5748
1.5437
0.5580
1.5925
1.7070
0.7772
0.5942
1.5937
0.5623
0.7975
0.8627
1.2596
0.6921
0.6009
0.6901
0.5980
0.6725
0.9974
1.3182
0.6305
0.7884
0.9245
0.6455
1.2360
0.7840
1.0872
1.1170
0.6524
0.7641
1.2137
1.7042
1.1964
1.1082
1.2341
0.7113
1.4397
1.7549
0.9284
1.0979
0.8443
0.0783
0.0552
0.0757
0.0392
0.0568
0.0473
0.0372
0.0768
0.0626
0.0401
0.0593
0.0575
0.0620
0.0836
0.0720
0.0691
0.0555
0.0687
0.0714
0.0411
0.0647
0.0732
0.0934
0.0905
0.0662
0.0433
0.0805
0.0890
0.0545
0.0866
0.0511
0.0827
0.0781
0.0755
0.0791
0.0952
