0.1384
0.1843
0.1047
0.1523
0.1387
0.6486
0.2235
0.1604
0.4183
0.1141
0.0956
0.3899
0.6268
0.8227
0.7031
0.3223
1.4291
0.3336
1.0703
0.2492
0.1163
0.7420
0.1619
0.8030
1.4614
0.1429
0.2087
0.3359
1.5024
0.3381
0.6345
1.8676
1.8815
1.3798
1.8777
1.4101
0.1599
1.4410
1.4153
1.3507
0.4248
1.9513
0.1442
1.6465
0.5922
0.2566
1.3503
0.3448
1.7813
0.3121
1.6713
0.4557
1.9221
1.9294
0.8636
2.0091
1.8989
0.3559
1.7968
2.0778
1.5397
0.2927
1.8212
0.2553
2.0946
0.3648
2.2049
1.9480
1.8356
0.8555
0.4548
2.3667
1.8157
2.1620
1.4468
2.5572
2.5109
2.1504
1.7375
2.3502
1.4309
1.3126
2.0568
2.6871
2.3718
1.4028
1.5969
1.0199
2.8265
2.7504
1.8826
2.3207
0.0086
0.0636
0.0744
0.0678
0.0023
0.0000
0.0841
0.0030
0.0116
0.0208
0.0123
0.0122
0.0011
0.0843
0.0005
0.0011
0.0030
0.0127
0.0000
0.0135
0.0135
0.0145
0.0150
