0.0969
0.1294
0.1594
0.1144
0.1367
0.1140
0.2246
0.1220
0.2435
0.2775
0.1851
0.1539
0.1336
0.3208
0.2504
0.1015
0.1546
0.2529
0.2794
0.2945
0.2981
0.1959
0.3722
0.1000
0.1554
0.1292
0.0981
0.3626
0.4184
0.0971
0.2575
0.4496
0.4658
0.2901
0.0969
0.1014
0.4375
0.1091
0.3235
0.5553
0.1125
0.1106
0.5149
0.5724
0.5288
0.1129
0.5605
0.1519
0.5489
0.1180
0.6027
0.0955
0.1748
0.4992
0.1054
0.1473
0.1170
0.1376
0.2375
0.1269
0.1101
0.1226
0.4341
0.4290
0.5001
0.2145
0.1940
0.2483
0.1323
0.1175
0.1351
0.1164
0.1521
0.6434
0.1291
0.1275
0.1715
0.2581
0.1073
0.1481
0.3147
0.1465
0.2591
0.7480
0.7944
0.1414
0.2154
0.2279
0.1619
0.2035
0.7649
0.5590
0.7917
0.1872
0.5396
0.4176
0.6104
0.6729
0.7868
0.2462
0.1219
0.1913
0.2006
0.1335
0.7439
0.6095
0.2392
0.1788
0.2370
0.1974
0.2162
0.8050
0.5088
0.7404
0.7135
0.2300
0.2842
0.2019
0.1266
0.1405
0.2871
0.2211
0.6576
0.2182
0.1566
0.6536
0.2885
0.2927
0.3044
0.3406
0.7628
0.9227
0.2373
0.7307
0.1423
0.3567
0.2184
0.2149
0.3218
0.8256
0.3979
0.9439
0.9409
0.5838
0.2126
0.3165
0.3103
0.2258
0.8352
1.0404
0.2790
0.6989
0.3696
0.3931
0.3332
0.2939
0.1715
0.2618
0.3331
0.3395
0.3432
0.2732
1.2388
0.2506
0.3926
0.6967
0.7925
0.3441
1.2187
0.7097
0.2059
0.3856
0.2250
0.3455
0.2750
0.7835
0.6014
1.1156
1.1863
0.3370
0.4125
0.2723
0.5981
0.3887
0.3091
0.3565
0.2185
0.4456
0.4423
0.2551
0.4220
0.2690
0.3158
0.3471
0.7981
0.2965
0.2111
0.2883
1.2752
0.3956
0.2914
0.8585
1.3129
1.3936
0.3485
1.1700
1.0761
0.2340
1.5817
1.5554
1.1113
0.3552
0.2484
0.2830
0.2636
1.1306
0.2967
0.6536
0.9670
1.0095
0.3630
0.3960
0.3139
0.5289
0.2845
0.6042
0.6466
0.9979
0.4196
1.6876
0.5747
0.3139
1.4737
0.4730
0.4796
1.6904
1.6545
0.4395
0.5799
1.6569
0.9778
1.6069
0.6328
1.1156
0.6123
0.5790
0.5543
0.4999
0.6155
0.4976
0.4657
0.6836
1.2976
1.7111
0.6078
0.4922
0.6131
0.6264
0.5339
0.5333
0.5154
0.6329
1.8431
0.5255
0.5010
0.7000
1.0613
0.7547
0.5897
0.6597
1.0667
0.5358
0.8694
0.5605
1.9465
0.5512
2.0430
2.0614
0.7526
0.5605
1.9798
0.5895
0.9392
0.8362
1.7333
0.6935
0.5762
0.6614
0.6149
0.9207
0.9745
1.8482
0.6025
0.7159
1.2528
0.6454
1.8008
0.7525
1.5963
1.2136
0.6283
0.7210
1.7098
2.1130
1.6403
1.1002
1.6723
0.7249
1.9260
2.1544
0.8872
1.1348
0.8064
0.0839
0.0802
0.0768
0.0819
0.0902
0.0827
0.0752
0.0719
0.0846
0.0607
0.0642
0.0670
0.0763
0.0612
0.0845
0.0943
0.0789
0.0853
0.0648
0.0683
0.0626
0.0900
0.0806
0.0743
0.0829
0.0602
0.0702
0.0885
0.0570
0.0896
0.0774
0.0895
0.0840
