0.1046
0.1410
0.1184
0.1905
0.1788
0.1029
0.1766
0.3852
0.3838
0.1147
0.1245
0.2840
0.2145
0.1057
0.1195
0.4401
0.2542
0.5242
0.5414
0.4907
0.6964
0.5139
0.4844
0.6869
0.1963
0.2883
0.1413
0.6594
0.1328
0.1889
0.1120
0.2069
0.1048
0.7000
0.2791
0.1146
0.1698
0.1908
1.0536
0.1225
0.1522
0.0984
0.4754
0.3196
0.7899
0.6636
0.4534
0.2546
0.1733
0.1389
0.1355
0.6235
1.0264
0.1623
1.5694
0.1581
0.4596
0.2142
0.2362
0.9129
0.3860
0.2344
0.1361
0.2043
0.4422
1.4622
0.3717
0.2218
0.9282
0.3478
0.2984
1.2061
1.2145
0.9959
0.2531
0.5282
0.3970
0.4687
1.4479
1.9858
1.7572
0.7944
0.4285
0.2989
0.5992
0.8433
0.3861
0.8715
0.4321
0.5463
0.6285
0.3651
0.7743
0.9870
0.7269
0.5351
0.6125
0.5890
0.6250
0.9387
0.6801
1.3139
0.5281
0.7221
0.7865
1.6683
1.5498
0.6436
0.9366
1.8839
0.7045
1.4531
1.4429
1.1820
0.6154
0.8692
1.0953
0.8951
1.8388
1.0321
1.5690
1.9512
2.3627
1.0389
1.1218
1.0595
0.6322
1.0348
0.7207
1.4843
1.2847
1.0712
2.1958
1.1059
1.0907
1.5489
1.1087
1.1193
1.4558
2.2814
1.3132
0.0482
0.0726
0.0659
0.0953
0.0422
0.0487
0.0740
0.0889
0.0579
0.0884
0.0688
0.0475
0.0888
0.0303
0.0471
0.0611
0.0349
0.0582
0.0706
0.0827
0.0795
0.0724
