0.1372
0.1028
0.1279
0.1788
0.1793
0.2012
0.1043
0.3525
0.2407
0.2449
0.1851
0.2552
0.1041
0.2815
0.3764
0.2917
0.1470
0.2608
0.1800
0.4384
0.0985
0.1192
0.4206
0.1592
0.0962
0.0983
0.1140
0.3198
0.3474
0.1493
0.4566
0.3980
0.7505
0.3871
0.3489
0.2836
0.3557
0.7515
0.1051
0.1343
0.1501
0.1050
0.1498
0.9447
0.4814
0.0969
0.1170
0.1140
0.0968
0.9727
0.5316
0.3440
0.6660
0.1194
0.1641
0.2076
0.1563
0.1796
0.1145
0.1780
0.6046
0.2323
0.2035
0.3875
0.1636
0.1206
0.1787
0.1546
0.7708
0.8414
0.2295
0.6111
0.2392
0.7720
0.2154
0.2165
0.1743
0.9847
0.4831
1.3735
1.2708
0.7548
0.2645
0.2059
0.1844
0.2096
1.0341
1.5603
0.2457
1.5731
0.2162
0.5994
0.2484
0.3058
0.8502
0.3246
0.2543
0.2301
0.2866
0.3260
1.7757
0.3413
0.2380
0.8219
0.6708
0.3395
1.8617
1.0456
0.7088
0.3216
0.8038
0.3394
0.3949
1.4216
1.9831
1.9118
1.5427
0.4167
0.3158
0.4522
0.8879
0.3799
0.6225
0.4845
0.4759
0.5048
0.3742
0.6435
1.2287
0.5498
0.4657
0.4941
0.9332
0.4699
1.1244
0.4724
2.0858
0.4602
0.7911
1.2525
2.0773
1.8957
0.4900
1.5621
2.0368
0.7634
1.9588
1.9950
1.8693
0.5092
1.1997
1.0158
1.1931
2.6121
1.3394
1.4810
1.9611
2.4950
0.8179
1.0053
1.2839
0.6213
1.0602
0.7578
1.5589
2.1506
0.9531
2.4088
1.8686
1.2962
2.4610
1.0629
1.0423
2.0326
2.6071
1.5278
0.0645
0.0776
0.0619
0.0780
0.0767
0.0505
0.0372
0.0429
0.0779
0.0378
0.0592
0.0571
0.0656
0.0667
0.0769
0.0781
0.0687
0.0702
0.0842
0.0726
0.0941
0.0735
0.0919
