0.1484
0.1265
0.0996
0.1861
0.1816
0.4982
0.2727
0.5262
0.2562
0.1285
0.1629
0.1938
0.3437
0.5522
0.5626
0.2786
0.5456
0.5538
0.1141
0.9854
0.3175
0.1122
1.3467
0.1267
0.2587
0.9527
1.5362
0.2103
0.8390
0.1036
0.8418
0.2800
0.2067
0.9103
0.1799
0.6164
0.1994
1.0856
0.8639
0.3482
1.1222
0.9992
1.4756
0.9651
0.9547
1.2578
1.0358
1.7236
1.1920
0.7183
0.2337
1.6716
0.1206
1.5510
1.3255
1.5927
0.1353
0.2932
1.6235
1.1295
1.3220
0.2695
1.8132
1.7396
0.6500
1.1452
1.1280
0.4651
0.2587
0.9237
1.7229
0.1323
1.2973
1.2323
1.0518
1.9137
1.5266
0.2943
1.9513
1.4013
1.2662
0.8228
1.3133
1.8147
1.0541
1.9786
0.7663
1.3372
2.1249
0.5630
1.3114
0.3931
0.6272
1.8769
1.7643
1.3463
1.4552
1.9050
1.4472
1.0342
1.6522
0.6165
1.3315
1.6900
1.5466
1.4130
1.7646
1.7456
1.5828
1.6341
1.1402
1.2002
1.6476
1.4196
1.9638
2.0348
1.7268
2.0568
0.0579
0.0372
0.0265
0.0392
0.0473
0.0461
0.0464
0.0668
0.0348
0.0462
0.0540
0.0310
0.0627
0.0650
0.0627
0.0729
0.0586
0.0696
0.0661
0.0515
0.0518
