0.0964
0.2055
0.5105
0.1194
0.8222
0.4276
0.6403
0.2456
0.6009
1.3895
0.7559
0.6264
0.7113
0.5152
1.5537
0.7303
1.2605
0.1401
0.1513
0.2817
1.2228
1.3959
1.7379
0.7937
0.7144
0.3891
2.1263
0.9212
0.6171
1.8294
1.5367
1.1629
0.8620
1.4656
0.4061
1.5920
2.0064
1.6604
1.9135
1.0155
0.9276
0.9566
2.1802
1.4641
0.9928
1.6906
0.9982
2.0629
2.0504
0.4312
1.1102
1.6437
2.1198
1.1281
0.9021
2.0415
1.5649
1.2371
1.5584
0.8101
2.1486
2.1521
2.1758
2.2246
1.9546
2.1953
1.4370
1.7560
2.2729
1.6423
0.0018
0.0791
0.0130
0.0687
0.0842
0.0020
0.0000
0.0004
0.0002
0.0034
0.0015
