0.0987
0.1259
0.0971
0.1086
0.0963
0.1820
0.1015
0.1823
0.2287
0.1474
0.1029
0.1244
0.1168
0.2561
0.1889
0.0982
0.1289
0.1896
0.2035
0.2381
0.2296
0.1808
0.3761
0.0954
0.1782
0.1638
0.2726
0.1104
0.3774
0.1169
0.1125
0.1161
0.1019
0.1026
0.1045
0.2079
0.1294
0.1054
0.4131
0.1292
0.1115
0.1407
0.1311
0.4289
0.1291
0.2369
0.1203
0.1254
0.4309
0.1346
0.1103
0.3144
0.6474
0.1514
0.1457
0.5524
0.4727
0.4128
0.1774
0.1667
0.1252
0.1236
0.5058
0.2727
0.5645
0.1518
0.6294
0.1262
0.1795
0.5678
0.2108
0.1914
0.1610
0.1411
0.1675
0.1871
0.2706
0.1617
0.1660
0.1525
0.5313
0.4064
0.8214
0.2493
0.2158
0.1993
0.2480
0.1666
0.1815
0.1674
0.1796
0.1813
0.6481
0.2281
0.2367
0.2548
0.3010
0.2272
0.2801
0.2824
0.2295
0.2982
0.1851
0.2576
0.6110
0.6380
0.2662
0.2429
0.2454
0.3646
0.2267
0.7471
0.5335
0.9248
0.2310
0.6085
0.6179
0.6060
0.6348
0.8675
0.2971
0.3633
0.3662
0.3204
0.3817
1.2730
0.5833
0.2932
0.3172
0.2747
0.3357
0.2856
1.2646
0.7276
0.6838
0.9316
0.3368
0.3829
0.4651
0.4349
0.4678
0.2964
0.4352
0.7506
0.5729
0.4515
0.6782
0.3780
0.3193
0.4563
0.3984
1.0102
1.0452
0.5080
0.9199
0.5017
1.0286
0.4536
0.4986
0.3908
1.1858
0.7732
1.5822
1.3898
1.0338
0.6542
0.4945
0.4045
0.4926
1.2688
1.6828
0.5129
1.3384
0.4916
0.7506
0.5401
0.6553
0.6781
0.7133
0.5403
0.5314
0.5439
0.6629
1.7427
0.6437
0.5305
1.1489
1.1512
0.6583
1.8538
1.2670
0.7675
0.6671
0.7809
0.6780
0.7577
1.3905
1.4681
1.8266
1.7010
0.7594
0.6097
0.8423
1.1174
0.6734
0.7874
0.7850
0.8280
0.8991
0.7094
0.7674
1.0203
0.7800
0.7976
0.7508
1.3661
0.8226
0.7386
0.8205
1.8070
0.7462
0.8501
1.3842
2.1574
2.0477
0.8347
1.6063
1.8194
0.8049
0.0796
0.0705
0.0690
0.0680
0.0858
0.0859
0.0776
0.0609
0.0758
0.0851
0.0738
0.0724
0.0730
0.0760
0.0844
0.0933
0.0776
0.0718
0.0911
0.0934
0.0747
0.0936
0.0841
0.0935
0.0930
0.0917
