0.1538
0.1111
0.1298
0.1540
0.1447
0.1399
0.1922
0.1455
0.0979
0.1999
0.1247
0.1203
0.1153
0.1421
0.1467
0.2088
0.1850
0.1719
0.2264
0.1382
0.1111
0.2886
0.3060
0.2878
0.2339
0.1518
0.3477
0.0967
0.1121
0.2633
0.3649
0.1402
0.3321
0.1575
0.2782
0.1553
0.1208
0.1201
0.3192
0.1329
0.0989
0.1068
0.2262
0.2146
0.2085
0.3147
0.1813
0.1592
0.1219
0.3396
0.5840
0.0987
0.1202
0.1142
0.1760
0.1066
0.1213
0.2257
0.3013
0.3841
0.2217
0.1652
0.2400
0.1335
0.1551
0.2896
0.3323
0.1179
0.1012
0.3300
0.2301
0.4862
0.1475
0.2429
0.2212
0.1315
0.1117
0.1654
0.1479
0.1919
0.2403
0.1116
0.2468
0.1441
0.1382
0.1092
0.2502
0.3899
0.1632
0.2622
0.1284
0.6185
0.1670
0.1420
0.1317
0.6626
0.4167
0.8952
0.7691
0.5174
0.2263
0.1717
0.1364
0.1568
0.7286
1.0019
0.1878
0.9512
0.1651
0.4106
0.2421
0.2814
0.3639
0.3013
0.2456
0.1855
0.2392
0.2496
1.2141
0.2925
0.1882
0.6701
0.7672
0.3138
1.1868
0.7573
0.4797
0.2223
0.4406
0.2727
0.3462
0.9466
1.1374
1.3287
1.0958
0.3531
0.2754
0.3554
0.9148
0.2964
0.4312
0.4006
0.3581
0.4415
0.2839
0.3812
0.9400
0.3863
0.3842
0.3795
0.9770
0.3552
0.4907
0.3802
1.3898
0.3465
0.4123
1.0485
1.4485
1.3758
0.3730
1.2206
1.3832
0.4250
1.4268
1.4329
1.2902
0.3980
0.7487
0.7471
0.5133
1.6655
0.4986
1.1412
1.3044
1.5514
0.8452
0.8873
0.8057
0.7564
0.7514
0.8328
1.2074
1.4498
0.7510
1.7628
1.2839
0.6135
1.6275
0.9669
1.0293
1.5522
1.8906
1.0292
1.0119
1.6344
1.5115
1.6776
1.3333
0.0742
0.0652
0.0829
0.0863
0.0891
0.0723
0.0681
0.0649
0.0644
0.0608
0.0440
0.0903
0.0380
0.0779
0.0780
0.0769
0.0757
0.0714
0.0586
0.0592
0.0348
0.0588
0.0198
0.0910
0.0675
0.0352
0.0876
0.0512
0.0757
0.0948
0.0824
0.0539
0.0675
0.0549
0.0757
0.0884
