0.0979
0.1187
0.1330
0.1126
0.1265
0.1311
0.1970
0.1080
0.1832
0.1804
0.0971
0.1432
0.2208
0.1512
0.3009
0.2813
0.3349
0.2095
0.2911
0.3628
0.1163
0.1136
0.1832
0.1524
0.4592
0.2251
0.5025
0.2450
0.0975
0.4910
0.3228
0.1624
0.3484
0.5169
0.2777
0.1070
0.5321
0.5891
0.0990
0.4016
0.4241
0.4693
0.6285
0.5505
0.0995
0.1095
0.3090
0.4534
0.3119
0.3829
0.8771
0.4118
0.7966
0.6557
0.2040
0.3273
0.7876
0.1593
0.5782
0.9873
0.3665
0.7867
0.3227
0.2247
0.1683
0.1270
1.0285
0.1627
0.2857
0.1240
0.1398
1.1107
0.4136
0.2393
0.4175
0.1006
0.2928
0.1483
0.3624
0.3394
0.1901
0.1857
0.1002
0.3226
0.7003
0.7788
0.1018
0.1705
0.3023
0.9265
0.1865
1.1186
0.2673
0.1007
0.6955
1.1058
0.3592
0.1865
0.1030
1.1196
0.8374
1.1050
0.7862
0.0956
0.1104
0.0979
0.3938
0.1099
0.3700
0.2095
0.0990
0.3401
0.1102
0.2377
0.5219
0.1971
0.1081
0.2182
0.4066
0.1052
0.3813
0.1353
0.7977
0.1395
0.2180
0.4947
1.2224
1.5421
0.1290
0.6725
1.1742
0.1918
1.4569
1.0453
0.7406
0.1409
0.5713
0.4859
0.3521
1.0111
0.4188
1.0214
1.1953
1.3314
0.5174
0.5341
0.5847
0.4096
0.6158
0.4707
0.9262
0.8708
0.4918
1.3840
0.8053
0.5653
0.9451
0.5906
0.7582
1.2509
1.5058
0.7161
0.4819
1.0404
1.0098
1.8492
1.0363
0.8307
1.0780
0.5059
0.6708
0.6165
0.5987
0.6867
0.5426
0.9047
1.0877
1.2443
1.3053
0.5406
0.6668
0.5088
0.6759
0.6677
0.5974
0.6339
2.0497
0.5859
0.6051
0.7168
1.0631
0.7440
0.7263
0.6936
0.9416
0.6942
0.8938
0.7067
1.4237
0.6743
1.7810
2.1588
0.8150
0.6808
2.0775
0.6487
1.4600
0.8430
2.1663
1.0925
0.7879
0.9339
0.6695
1.4068
1.6169
2.1235
0.7980
1.3912
1.1622
0.8242
1.5930
0.9490
1.2442
1.9120
0.8612
1.4826
1.3188
0.0406
0.0570
0.0799
0.0750
0.0562
0.0756
0.0951
0.0366
0.0695
0.0595
0.0447
0.0894
0.0627
0.0479
0.0384
0.0845
0.0622
0.0510
0.0484
0.0876
0.0374
0.0426
0.0910
0.0647
0.0915
0.0817
0.0593
0.0709
0.0806
0.0820
0.0770
0.0870
