0.1835
0.5805
0.1176
0.1666
0.0977
0.4252
0.1821
0.1079
0.5459
0.1201
0.6436
0.8387
0.6660
0.2261
1.2179
0.1088
0.3141
0.2257
0.8564
0.7648
0.7905
0.9228
1.2706
0.6800
0.1265
0.7224
1.2609
0.8391
1.0199
1.5029
1.4045
1.0438
1.3539
1.2507
0.1007
1.3017
1.0901
1.2203
0.1981
1.4717
0.2828
1.3544
0.5318
0.5104
1.0976
0.1743
0.2075
1.4162
0.3667
1.4382
0.7042
1.4470
1.6261
1.1187
1.5419
1.3966
1.0012
1.3767
1.5417
1.4544
0.8720
1.4430
0.6921
1.7759
0.4121
1.8000
1.5716
1.3353
1.0829
0.8405
2.2030
1.4012
1.8908
1.1906
2.0197
2.1370
1.9168
0.7479
2.0535
1.1407
1.1497
1.6533
2.2709
0.0000
0.0000
0.0000
0.0046
0.0000
0.0000
0.0000
0.0023
0.0000
0.0481
0.0000
0.0000
0.0000
0.0000
0.0000
0.0000
0.0118
0.0000
