0.1018
0.1068
0.1024
0.1268
0.1355
0.1404
0.1024
0.1086
0.1037
0.1202
0.1134
0.1046
0.1829
0.1554
0.1075
0.1566
0.1811
0.1632
0.1758
0.1202
0.1718
0.1316
0.1082
0.0979
0.1238
0.1837
0.1992
0.1104
0.1776
0.2554
0.2173
0.1684
0.1401
0.1267
0.2025
0.1394
0.0962
0.2307
0.1220
0.1357
0.1631
0.1201
0.1140
0.1927
0.2280
0.1877
0.1784
0.1845
0.2058
0.1767
0.2804
0.1932
0.1978
0.2034
0.1042
0.1961
0.2886
0.1160
0.3187
0.1779
0.2832
0.1404
0.1472
0.3047
0.1472
0.2328
0.2774
0.1962
0.3071
0.1575
0.3406
0.1164
0.3107
0.2321
0.2028
0.1578
0.1963
0.1358
0.1761
0.1160
0.2711
0.1921
0.1484
0.2219
0.1570
0.4785
0.3940
0.4708
0.3055
0.2027
0.3094
0.2183
0.3289
0.3573
0.2711
0.3318
0.4029
0.2014
0.4939
0.1708
0.1898
0.6225
0.2463
0.4027
0.5925
0.6680
0.5240
0.8834
0.7054
0.3370
0.5138
0.6176
0.6277
0.6371
0.4487
0.4764
0.2715
0.4763
0.8341
0.3131
0.2146
0.3183
0.9650
0.6958
0.2800
0.3500
0.3651
0.4068
0.2408
0.3358
0.9173
0.2767
0.2839
0.3172
0.6125
0.7112
0.3484
0.3866
0.2042
1.0275
0.9552
0.9753
1.0976
0.2873
0.7670
1.1640
0.5056
0.8190
0.4097
0.5136
1.0894
1.1935
0.3891
1.1031
0.7763
1.5232
1.2026
1.1854
1.2524
1.1140
0.5165
1.1690
1.0605
1.2304
1.3160
1.0734
1.2809
1.1951
1.2326
0.7103
1.2488
0.4847
1.1306
0.7333
1.1173
1.3279
0.7114
1.3017
1.2024
1.4300
1.3733
0.9038
1.2775
1.6470
1.2046
1.3115
1.2138
1.8546
1.1995
1.3745
2.1417
1.2223
1.2861
1.1775
0.0685
0.0926
0.0945
0.0646
0.0683
0.0864
0.0857
0.0463
0.0398
0.0902
0.0694
0.0641
0.0710
0.0768
0.0780
0.0728
0.0742
0.0937
0.0795
0.0618
0.0853
0.0795
0.0624
0.0783
0.0843
0.0923
