0.0967
0.1078
0.1150
0.1577
0.1439
0.1427
0.1615
0.1940
0.1998
0.1234
0.3017
0.2535
0.2313
0.1932
0.2203
0.1246
0.2985
0.2923
0.2270
0.1548
0.2768
0.1616
0.3924
0.1286
0.1381
0.3334
0.1737
0.1102
0.1006
0.1121
0.2959
0.3272
0.0956
0.1015
0.1326
0.4061
0.3597
0.5182
0.3711
0.3127
0.2904
0.3031
0.5310
0.1145
0.1558
0.1402
0.1200
0.1310
0.6326
0.4015
0.1084
0.1116
0.0993
0.1260
0.1178
0.6533
0.3931
0.3380
0.4699
0.1339
0.1524
0.2223
0.1650
0.1711
0.1072
0.1724
0.4758
0.2111
0.1804
0.3265
0.1624
0.1251
0.1905
0.1640
0.6285
0.6098
0.2083
0.4866
0.2009
0.4716
0.1844
0.2236
0.1558
0.6685
0.4353
0.8319
0.7699
0.5143
0.2589
0.2207
0.1654
0.2167
0.7126
1.0031
0.2138
1.0620
0.2108
0.4028
0.2162
0.2475
0.5793
0.3167
0.2277
0.2425
0.2284
0.2488
1.4067
0.2508
0.2412
0.5839
0.5518
0.2754
1.3306
0.7212
0.4989
0.3033
0.5714
0.2628
0.3000
0.8992
1.7569
1.6191
1.0687
0.3213
0.2620
0.3654
0.5908
0.2872
0.4371
0.4231
0.3940
0.3678
0.3229
0.4295
0.9147
0.4388
0.3638
0.4018
0.6511
0.3442
0.8410
0.3802
1.8499
0.3068
0.5560
0.8002
1.6223
1.4501
0.3698
1.0631
1.5203
0.5305
1.4944
1.7283
1.4432
0.4343
0.9165
0.6612
1.0300
2.4532
1.1713
0.9626
1.4948
2.4260
0.5999
0.6450
0.9627
0.4702
0.6966
0.5596
1.0396
2.1543
0.6438
2.2429
1.8029
0.9922
2.3644
0.6860
0.6744
1.8286
2.5375
1.2980
0.6567
2.0945
2.3645
1.9214
1.6152
2.3413
1.9075
0.7203
0.6884
0.8606
0.6958
1.0933
1.4338
2.1911
2.7185
2.7313
2.4150
1.1504
0.7372
0.6868
1.7169
1.0764
1.1348
0.8083
2.2015
1.0688
1.4242
1.8707
2.2574
1.9531
1.3725
1.4783
2.4210
1.7306
2.3766
0.0606
0.0747
0.0948
0.0803
0.0864
0.0561
0.0815
0.0528
0.0542
0.0794
0.0413
0.0591
0.0684
0.0694
0.0829
0.0576
0.0599
0.0771
0.0753
0.0812
0.0809
0.0787
0.0642
0.0821
0.0781
