0.1023
0.0979
0.0966
0.1363
0.1099
0.1341
0.1167
0.1289
0.1686
0.1362
0.1490
0.1335
0.1677
0.1015
0.1839
0.1792
0.1619
0.2335
0.1505
0.3015
0.2016
0.2164
0.1822
0.2091
0.0984
0.1192
0.1647
0.2292
0.1986
0.3438
0.3276
0.2822
0.2694
0.4720
0.2217
0.3840
0.0982
0.2280
0.3873
0.1081
0.3763
0.1107
0.3056
0.2809
0.1549
0.5923
0.5325
0.1100
0.5112
0.5276
0.1748
0.1071
0.1411
0.1719
0.4725
0.2354
0.1495
0.6408
0.2016
0.1262
0.1596
0.1525
0.4144
0.4543
0.1143
0.1128
0.2975
0.5658
0.1061
0.6078
0.0977
0.8656
0.5921
0.3086
0.1562
0.1124
0.9147
0.1604
0.2712
0.8701
0.2014
0.1547
0.6899
0.9535
0.7433
0.2002
0.1344
0.7240
0.7474
1.0699
0.1370
0.8723
0.1055
0.5092
0.6601
0.1164
0.1679
0.1826
0.1372
0.2347
0.1162
0.8154
0.1471
0.1453
0.1396
1.1781
0.4163
1.2393
0.8149
0.1402
0.2596
0.8240
0.1800
0.1251
0.1944
0.1329
0.3171
1.1806
0.1649
0.1452
0.4724
0.8501
0.1327
0.2453
0.1703
0.1656
0.4232
0.2892
0.5035
0.9899
1.0775
0.2421
0.3111
0.8344
0.4016
0.2101
1.1107
1.1877
1.1614
0.2412
1.3398
1.3392
0.9159
1.0035
1.2189
0.7644
0.3624
0.6593
0.2755
0.2499
1.3066
1.3117
0.3121
0.3403
0.2892
0.3010
0.3581
1.1340
1.3508
1.0724
1.0172
0.5588
0.5517
1.0129
0.3576
0.2968
0.3641
0.8307
1.4595
0.5815
0.4977
0.8963
1.0395
0.3994
0.8782
0.7847
1.4084
1.1278
0.7063
1.0532
0.4753
1.3336
0.5515
0.6967
0.5786
1.1325
0.8038
1.2830
1.1586
0.9453
0.8177
1.0575
0.7205
0.6248
1.2292
1.5473
0.7240
1.7063
0.8509
0.8728
0.8785
0.8640
1.3572
1.0356
0.0737
0.0847
0.0723
0.0718
0.0843
0.0776
0.0768
0.0851
0.0939
0.0598
0.0910
0.0428
0.0730
0.0632
0.0582
0.0806
0.0583
0.0586
0.0699
0.0644
0.0832
0.0890
0.0812
0.0938
0.0922
0.0907
