0.1372
0.1574
0.2082
0.2603
0.0988
0.1465
0.1791
0.2757
0.3589
0.3692
0.2881
0.4115
0.3546
0.5800
0.1794
0.1283
0.4869
0.2178
0.3809
0.1526
0.5843
0.5232
0.0987
0.1731
0.5134
0.3729
0.6292
0.6260
0.4883
0.5514
0.6252
0.6284
0.5826
0.2836
0.3667
0.5460
0.4042
0.3819
0.5325
0.6945
0.1331
0.5340
0.7106
0.5962
0.6665
0.5282
0.7279
0.4714
0.6306
0.4637
0.1221
0.1014
0.2759
0.4915
0.1517
0.1381
0.1481
0.1517
0.7502
0.4744
0.6130
0.4885
0.1258
0.3048
0.4921
0.4834
0.7129
0.7466
0.8068
0.7939
0.1438
0.5897
0.1201
0.5088
0.4656
0.1590
0.5588
0.4694
0.5787
0.5214
0.7192
0.4564
0.8160
0.8248
0.6636
0.3457
0.5186
0.8039
0.8699
0.5949
0.8936
0.5143
0.6595
0.7889
0.5267
0.2329
0.5414
0.8299
0.3402
0.2669
0.1795
0.2183
0.5472
0.2211
0.6611
0.2751
0.4014
0.2402
0.5889
0.2109
0.5548
0.4278
0.5892
1.2997
0.5141
0.7474
0.2076
0.8522
0.6657
0.8341
1.2572
0.5713
0.6632
1.1648
0.7826
0.5018
0.5854
0.1913
1.1477
0.3510
0.4980
0.5671
0.5109
0.4152
0.8721
0.1878
0.3906
0.1998
0.6899
0.9837
1.0784
0.2652
0.4520
0.3386
0.2366
0.5848
0.4485
0.2122
0.1061
1.5481
0.9934
0.1625
0.7608
1.4892
0.1479
1.1660
1.2059
1.4474
0.3936
0.2372
0.1280
0.1590
1.2777
0.5402
0.2451
0.7998
1.0741
1.1133
0.4075
0.5639
1.6717
0.3627
1.1639
0.6705
1.7262
1.6744
0.1672
0.2073
1.0181
0.5223
0.9706
0.2426
0.8189
0.5289
1.2070
0.1722
0.2336
0.9477
0.3514
0.4566
0.7850
1.7841
0.7711
0.7180
0.5289
0.7166
0.6450
0.8406
1.1418
1.4903
1.0447
1.5215
1.3815
1.1787
1.3714
0.9886
1.7179
1.4903
1.0417
1.7832
0.5027
1.0007
2.0596
1.0222
1.8912
1.7149
1.8453
0.6661
0.7589
2.0915
1.7991
0.7144
1.8614
1.8498
1.3431
1.7764
1.0077
2.2174
1.0906
1.9430
1.7591
2.1143
0.9893
1.9018
1.3861
0.0266
0.0128
0.0374
0.0714
0.0182
0.0824
0.0197
0.0911
0.0190
0.0157
0.0203
0.0226
0.0283
0.0661
0.0502
0.0758
0.0247
0.0711
0.0271
0.0660
0.0723
0.0654
0.0063
0.0313
0.0870
0.0200
0.0482
0.0457
0.0944
0.0051
0.0653
0.0118
0.0679
0.0390
0.0726
0.0076
0.0468
0.0082
0.0357
0.0863
0.0727
0.0874
