0.1034
0.0989
0.1645
0.1910
0.1343
0.1751
0.1527
0.1236
0.2784
0.1037
0.0959
0.1476
0.2848
0.3136
0.2459
0.1361
0.1938
0.1747
0.3952
0.3254
0.1439
0.1924
0.3114
0.1323
0.3337
0.0962
0.3960
0.3880
0.0977
0.2845
0.4825
0.1430
0.0999
0.1108
0.2424
0.2437
0.1043
0.0965
0.1357
0.1174
0.4519
0.1236
0.1084
0.0979
0.1256
0.1314
0.4827
0.1675
0.1002
0.1365
0.1205
0.1186
0.1187
0.1261
0.1320
0.3362
0.1487
0.1320
0.4829
0.1273
0.1368
0.1453
0.1430
0.5769
0.1560
0.3223
0.1419
0.1603
0.5406
0.1465
0.1452
0.4326
0.7242
0.1761
0.1733
0.7047
0.6252
0.5739
0.1716
0.1736
0.1568
0.1422
0.6337
0.2968
0.7466
0.1803
0.6962
0.1403
0.2431
0.6549
0.1818
0.2173
0.2148
0.1826
0.2138
0.1863
0.3841
0.1884
0.2189
0.1828
0.6587
0.5006
0.8038
0.3558
0.2216
0.2292
0.3738
0.2101
0.2059
0.2075
0.2216
0.2554
0.7428
0.2444
0.2277
0.2841
0.4238
0.2516
0.2745
0.2486
0.2642
0.3645
0.2423
0.3442
0.7856
0.8561
0.2781
0.2998
0.3017
0.3486
0.3048
0.8947
0.7562
0.9196
0.2678
0.7902
0.6757
0.7732
0.7584
0.8963
0.3532
0.3626
0.3752
0.3595
0.3254
0.9636
0.7903
0.3493
0.3309
0.3316
0.3632
0.3637
1.1036
0.7660
0.8697
0.8853
0.3907
0.4228
0.4791
0.3948
0.4091
0.3449
0.4613
0.8751
0.5486
0.3967
0.8257
0.4266
0.3962
0.5259
0.4909
1.0189
1.0479
0.5217
0.9095
0.4306
0.8092
0.4390
0.5256
0.4284
1.1216
0.8492
1.2854
1.2424
0.9086
0.6186
0.5630
0.4630
0.5180
1.1885
1.3602
0.5259
1.1223
0.5580
0.7645
0.5563
0.6215
0.6398
0.7060
0.5825
0.6130
0.5862
0.5945
1.4097
0.5701
0.6115
0.9381
1.0128
0.6330
1.5419
1.0697
0.7575
0.7137
0.7085
0.6390
0.6958
1.2138
1.2479
1.4825
1.3365
0.7107
0.6657
0.7708
1.0320
0.6850
0.7369
0.8023
0.7469
0.7666
0.7652
0.7583
1.0274
0.7609
0.7757
0.7757
1.0696
0.7476
0.7559
0.7889
1.5724
0.7123
0.8571
1.1616
1.7934
1.7026
0.7927
1.4007
1.5934
0.7057
0.0802
0.0206
0.0443
0.0167
0.0640
0.0832
0.0546
0.0949
0.0528
0.0720
0.0662
0.0651
0.0621
0.0773
0.0800
0.0859
0.0704
0.0921
0.0912
0.0820
0.0885
0.0953
0.0895
0.0911
0.0920
0.0877
