0.1641
0.1689
0.1366
0.1600
0.2204
0.5850
0.2233
0.3839
0.1898
0.1560
0.3687
0.8870
0.5244
0.2004
0.4038
0.6933
0.3878
0.3278
0.1460
0.1012
0.2962
1.0397
0.8697
0.8742
0.1435
0.3141
0.5176
0.1327
0.3855
0.8908
0.1296
0.5693
0.1231
0.4000
0.6646
0.7613
1.5790
1.2009
2.0424
0.2434
1.1629
1.9980
0.6599
1.4638
0.2645
1.1105
0.6667
1.8605
0.2806
2.1313
1.5589
2.2940
1.3118
1.8884
1.8872
1.9931
0.8736
0.9981
0.8695
1.9428
2.3162
2.0771
2.2152
1.0610
2.2866
1.5094
2.3127
0.6771
1.2637
0.6880
2.2367
2.1301
1.8061
2.4345
2.1114
2.3325
2.4570
1.9367
2.4982
2.9363
2.4946
2.3689
2.4650
2.8111
2.3500
2.5098
2.8901
2.5043
2.4147
2.3920
2.6353
2.3698
2.0454
0.0000
0.0000
0.0568
0.0612
0.0000
0.0646
0.0750
0.0595
0.0712
0.0029
0.0000
0.0010
0.0649
0.0754
0.0833
0.0155
0.0016
0.0847
