0.1067
0.0996
0.1525
0.1369
0.1281
0.2792
0.0982
0.1764
0.2290
1.0153
0.1192
1.5595
0.1170
0.2784
1.7874
0.1093
0.2886
0.4057
0.1520
1.1446
0.8475
0.3921
1.1295
1.9114
0.3462
0.3444
1.4676
0.2037
1.9237
0.5895
0.2383
1.9574
1.8457
0.6158
1.9103
1.8392
0.8309
0.3945
1.9466
2.1013
0.1444
0.7175
0.5290
0.2738
1.9272
1.8904
0.5426
0.4076
2.1167
1.4995
0.1330
2.2559
2.0302
0.9623
0.2437
2.0935
2.4235
0.2582
2.4459
0.2985
1.7307
2.5190
0.1267
0.4125
0.1115
0.1424
2.1869
2.2086
1.9836
1.7304
2.1615
0.6187
0.3626
1.9040
0.2908
1.7825
2.4934
0.6271
2.0177
2.1832
2.0151
1.9607
2.0823
0.3667
0.5135
1.9693
0.5503
2.3833
2.4896
2.1769
2.2873
2.0856
0.5166
2.1569
2.0534
2.7008
2.1964
2.8382
2.7004
2.6493
2.1633
2.4538
2.1861
2.0996
2.0526
2.7475
2.4862
1.9769
0.0234
0.0168
0.0221
0.0264
0.0677
0.0230
0.0173
0.0568
0.0335
0.0620
0.0267
0.0304
0.0281
0.0337
0.0664
0.0750
0.0457
0.0471
0.0871
0.0943
