0.1096
0.1737
0.1185
0.1290
0.1148
0.0994
0.2681
0.1090
0.1017
0.1244
0.2775
0.3307
0.1858
0.0957
0.1612
0.1366
0.3844
0.2644
0.1029
0.1606
0.2871
0.3013
0.3569
0.3466
0.2466
0.5072
0.0966
0.1720
0.1856
0.1002
0.4445
0.0969
0.1058
0.1004
0.5392
0.1063
0.1017
0.2631
0.1073
0.5877
0.0953
0.6275
0.1049
0.3601
0.1180
0.1209
0.6631
0.1171
0.1381
0.3589
0.8726
0.1349
0.1353
0.7962
0.8758
0.6944
0.1502
0.1127
0.8254
0.1773
0.8403
0.1566
0.9147
0.1270
0.2023
0.7759
0.1213
0.1816
0.1420
0.1603
0.1078
0.3419
0.1624
0.1366
0.1572
0.5459
0.5345
0.4403
0.2840
0.2589
0.3217
0.1585
0.1327
0.1632
0.1367
0.1703
0.9495
0.1456
0.1206
0.1795
0.3600
0.1237
0.1685
0.3774
0.1659
0.3148
0.9962
1.1273
0.1415
0.2756
0.2924
0.1149
0.2506
1.1284
0.9223
1.1619
0.2324
0.7924
0.3957
0.8427
1.0346
1.1363
0.2915
0.1117
0.1588
0.2284
1.1168
0.9022
0.3102
0.1604
0.2918
0.2095
0.2532
1.2289
0.4998
1.0835
1.0534
0.2782
0.2791
0.1751
0.3527
0.1901
0.8773
0.1773
0.9706
0.3402
0.3597
0.3115
0.3862
1.1344
1.2731
0.1708
1.0718
0.1014
0.5034
0.1701
0.1454
0.3737
1.2300
0.3677
1.3178
1.3272
0.5012
0.1634
0.3119
0.3108
0.1807
1.2279
1.4044
0.2191
0.7390
0.3651
0.3509
0.2792
0.2170
0.2958
0.2140
0.2533
0.3374
0.2832
0.1896
1.4345
0.2094
0.4051
0.7090
1.0776
0.2530
1.5531
0.6884
0.4141
0.2977
0.3620
0.2263
0.2543
0.7741
0.9307
1.3368
1.5521
0.2592
0.3673
0.2604
0.7948
0.2790
0.3843
0.3782
0.3048
0.4179
0.3503
0.3331
0.8250
0.2937
0.3030
0.2916
0.8516
0.2807
0.4201
0.3366
1.3956
0.2771
0.3529
1.1367
1.6426
1.7502
0.2907
1.5002
1.1710
0.3647
1.8757
1.7631
1.3753
0.3106
0.5774
0.5864
0.4185
1.4230
0.4330
0.9286
1.0754
1.3639
0.6680
0.7106
0.6379
0.6006
0.5864
0.6992
1.0133
1.1993
0.5895
1.7247
1.0688
0.5343
1.4433
0.8049
0.9070
1.8616
1.6293
0.8894
0.8708
1.7823
1.2664
1.6433
1.1007
0.0883
0.0704
0.0757
0.0204
0.0192
0.0760
0.0757
0.0928
0.0453
0.0836
0.0916
0.0631
0.0593
0.0584
0.0771
0.0870
0.0606
0.0901
0.0775
0.0639
0.0796
0.0819
0.0807
0.0822
0.0933
0.0825
0.0679
0.0779
0.0907
0.0555
0.0888
0.0687
0.0601
0.0824
0.0734
0.0839
0.0922
