6.3085	44.0332	11.5944	32.0264	73.1431
5.8185	199.2480	12.8916	27.5830	75.0095
6.2777	42.9785	13.4348	20.1416	84.3397
5.9591	7.9980	12.4696	30.5420	74.3075
6.3612	137.3730	12.4982	33.5205	79.5034
6.0712	269.7363	14.1230	33.4717	85.7431
6.3260	112.0605	13.0724	24.7607	82.6968
5.8492	317.1973	13.9907	27.1240	81.8349
5.6449	345.1465	15.4902	28.5791	87.4405
5.4647	68.4668	16.0016	25.7764	87.4443
6.2008	318.4277	12.6231	29.9365	78.2734
5.5043	138.6035	14.0372	20.7959	77.2646
5.8383	272.1973	14.6364	19.6240	85.4513
5.6888	111.0059	15.1215	28.8525	86.0237
6.2030	13.0957	13.0828	30.6201	81.1528
6.0096	30.4980	14.0220	33.2080	84.2672
6.1019	257.9590	13.1786	34.9854	80.4151
5.4867	176.5723	15.8478	27.5635	86.9519
6.2623	16.9629	11.6963	22.3193	73.2459
6.0800	294.8730	13.3422	30.2295	81.1202
5.3439	88.1543	14.0498	21.2549	75.0805
6.2294	273.9551	12.1638	34.9561	75.7731
6.2250	252.5098	12.5384	23.0322	78.0510
5.5153	151.0840	15.9281	19.0479	87.8474
6.2997	69.1699	13.5153	32.7686	85.1423
6.0514	236.1621	13.4402	22.6318	81.3317
5.7174	133.5059	14.7550	30.1025	84.3603
5.9965	249.5215	13.7295	18.8916	82.3286
5.7460	90.9668	14.5325	25.4736	83.5036
6.0712	269.7363	14.1230	33.4717	85.7431
6.0492	221.5723	13.0244	30.0635	78.7871
5.1967	94.1309	14.4111	33.9600	74.8894
5.4713	105.5566	15.9623	20.2588	87.3347
5.6844	81.8262	15.0761	31.7529	85.6991
5.7504	62.6660	13.9237	17.8271	80.0661
6.2250	252.5098	12.5384	23.0322	78.0510
6.3612	137.3730	12.4982	33.5205	79.5034
5.6735	135.6152	14.7526	19.5947	83.6983
5.3439	88.1543	14.0498	21.2549	75.0805
5.6185	74.6191	15.0200	26.6650	84.3903
5.5153	151.0840	15.9281	19.0479	87.8474
6.2645	347.6074	11.6677	28.9502	73.0927
5.4647	68.4668	16.0016	25.7764	87.4443
5.9767	131.2207	13.7132	21.5674	81.9595
6.3151	276.9434	13.3740	18.4912	84.4574
6.0844	173.7598	12.6479	31.3428	76.9542
6.3942	283.2715	11.4959	32.9834	73.5069
6.0052	125.0684	13.3125	30.0537	79.9451
5.9591	7.9980	12.4696	30.5420	74.3075
6.2360	90.6152	13.0645	27.9053	81.4695
5.3680	146.5137	15.9207	19.0967	85.4628
6.0096	30.4980	14.0220	33.2080	84.2672
5.8448	66.3574	14.4922	22.0752	84.7044
6.2931	353.4082	12.3266	22.9639	77.5725
6.1766	126.2988	11.8802	17.3096	73.3797
5.7657	215.5957	14.2217	20.6299	81.9989
5.7174	133.5059	14.7550	30.1025	84.3603
6.2360	90.6152	13.0645	27.9053	81.4695
6.3832	55.4590	11.7120	31.2354	74.7599
5.7855	288.8965	14.3626	24.5459	83.0950
5.9152	29.2676	12.8749	17.3877	76.1570
6.0074	248.2910	12.8885	30.6396	77.4267
5.7987	357.6270	13.9446	16.0205	80.8606
6.0118	195.9082	12.9046	19.2139	77.5802
6.0800	294.8730	13.3422	30.2295	81.1202
5.9152	29.2676	12.8749	17.3877	76.1570
5.6339	128.2324	15.0349	18.6377	84.7051
6.0492	221.5723	13.0244	30.0635	78.7871
5.9481	243.5449	13.9332	23.7939	82.8763
5.6801	203.2910	14.1322	21.8604	80.2718
6.0052	125.0684	13.3125	30.0537	79.9451
5.8580	54.7559	14.6455	24.2725	85.7936
6.2997	69.1699	13.5153	32.7686	85.1423
6.1305	20.3027	12.4801	21.6260	76.5093
5.4032	149.3262	14.9558	31.9971	80.8090
6.2250	252.5098	12.5384	23.0322	78.0510
5.5680	65.3027	15.4182	29.1260	85.8487
6.2074	329.8535	12.7840	26.0791	79.3553
5.6229	213.3105	13.6201	17.1143	76.5847
6.1525	94.6582	13.0611	32.3389	80.3583
5.8207	100.4590	13.3977	18.7354	77.9837
5.3065	109.2480	16.1322	27.4170	85.6056
5.7745	206.9824	14.9253	18.2373	86.1869
6.2799	178.5059	13.0669	22.3975	82.0587
6.3326	281.3379	12.8915	33.6182	81.6373
6.3151	276.9434	13.3740	18.4912	84.4574
5.2340	96.4160	15.3683	27.7979	80.4379
5.6581	346.3770	14.3666	17.1045	81.2875
6.1700	114.8730	12.3053	20.2295	75.9240
6.4008	137.1973	11.6568	32.8760	74.6125
6.0558	139.4824	13.4563	29.4873	81.4883
5.7020	57.3926	13.3558	31.4502	76.1553
5.7745	206.9824	14.9253	18.2373	86.1869
6.2294	273.9551	12.1638	34.9561	75.7731
6.0997	131.7480	12.6725	16.1670	77.2990
5.3615	157.0605	14.2632	27.7393	76.4714
5.4867	176.5723	15.8478	27.5635	86.9519
6.3260	112.0605	13.0724	24.7607	82.6968
5.8536	129.8145	14.1997	21.8018	83.1197
6.0997	131.7480	12.6725	16.1670	77.2990
6.3722	237.9199	11.8036	15.3564	75.2147
6.2360	90.6152	13.0645	27.9053	81.4695
5.5680	65.3027	15.4182	29.1260	85.8487
6.2799	178.5059	13.0669	22.3975	82.0587
5.7460	90.9668	14.5325	25.4736	83.5036
5.1945	78.4863	14.7912	31.5967	76.8323
5.8690	295.7520	13.1940	25.0830	77.4360
5.9020	296.1035	14.2230	32.9541	83.9441
5.9679	17.1387	12.4700	26.9092	74.4199
5.8492	317.1973	13.9907	27.1240	81.8349
5.6603	338.4668	14.3820	20.7764	81.4062
6.1766	126.2988	11.8802	17.3096	73.3797
5.8910	173.5840	13.6554	22.7979	80.4440
5.7833	214.1895	13.6294	26.6357	78.8234
5.8185	199.2480	12.8916	27.5830	75.0095
5.6097	61.0840	14.4995	15.9521	81.3384
5.7394	341.4551	13.4024	33.7061	76.9216
5.8361	262.5293	12.8852	34.6924	75.1990
5.6251	155.6543	14.4558	32.5049	81.3155
5.4274	80.9473	13.9653	18.9990	75.7947
5.6075	249.8730	13.9934	27.7295	78.4686
6.0492	221.5723	13.0244	30.0635	78.7871
5.5262	127.7051	15.1993	24.4189	83.9950
5.9679	17.1387	12.4700	26.9092	74.4199
5.8690	295.7520	13.1940	25.0830	77.4360
6.2448	305.0684	12.3350	20.0537	77.0288
5.7855	288.8965	14.3626	24.5459	83.0950
5.7701	146.3379	13.3296	21.1182	76.9139
5.9283	355.8691	14.2782	18.9600	84.6460
6.0118	195.9082	12.9046	19.2139	77.5802
6.2250	252.5098	12.5384	23.0322	78.0510
5.6735	135.6152	14.7526	19.5947	83.6983
5.8690	295.7520	13.1940	25.0830	77.4360
6.1635	334.7754	13.5018	28.7256	83.2177
6.3260	112.0605	13.0724	24.7607	82.6968
6.2096	26.6309	13.4341	15.2100	83.4205
5.9174	258.6621	12.7560	23.6182	75.4818
5.7965	308.5840	13.2090	19.7021	76.5661
5.4274	80.9473	13.9653	18.9990	75.7947
5.4757	34.0137	16.0297	22.8467	87.7738
6.0404	153.3691	12.2134	25.2100	73.7737
5.7570	123.4863	13.9356	15.9033	80.2267
6.0558	139.4824	13.4563	29.4873	81.4883
5.5153	151.0840	15.9281	19.0479	87.8474
5.9086	75.3223	13.7589	15.6885	81.2956
5.4274	80.9473	13.9653	18.9990	75.7947
5.7526	321.9434	15.0621	34.0088	86.6456
6.2294	273.9551	12.1638	34.9561	75.7731
5.9261	352.3535	13.0030	29.8291	77.0580
5.9591	7.9980	12.4696	30.5420	74.3075
6.1019	257.9590	13.1786	34.9854	80.4151
6.1481	282.0410	12.4689	25.0146	76.6595
6.3832	55.4590	11.7120	31.2354	74.7599
5.9965	249.5215	13.7295	18.8916	82.3286
5.4230	32.6074	15.1332	16.4502	82.0672
5.6273	172.1777	13.5507	23.0615	76.2544
5.6339	128.2324	15.0349	18.6377	84.7051
5.6581	346.3770	14.3666	17.1045	81.2875
5.9877	196.9629	13.9512	32.3193	83.5353
6.1722	196.0840	12.6576	33.4521	78.1255
6.2909	172.0020	13.1779	20.5420	82.9010
5.8273	343.3887	12.9433	22.5342	75.4244
6.2074	329.8535	12.7840	26.0791	79.3553
5.5087	135.2637	15.8111	24.0283	87.0982
5.6097	61.0840	14.4995	15.9521	81.3384
6.1525	94.6582	13.0611	32.3389	80.3583
6.3612	137.3730	12.4982	33.5205	79.5034
5.8888	42.6270	13.1493	26.4795	77.4337
5.5680	65.3027	15.4182	29.1260	85.8487
6.2074	329.8535	12.7840	26.0791	79.3553
6.0052	125.0684	13.3125	30.0537	79.9451
5.9569	173.4082	13.3209	32.9639	79.3513
6.3304	154.0723	12.0656	28.8135	76.3805
5.6735	135.6152	14.7526	19.5947	83.6983
6.1217	61.7871	13.6808	19.1943	83.7499
5.8448	66.3574	14.4922	22.0752	84.7044
5.5043	138.6035	14.0372	20.7959	77.2646
6.2096	26.6309	13.4341	15.2100	83.4205
5.6888	111.0059	15.1215	28.8525	86.0237
6.0800	294.8730	13.3422	30.2295	81.1202
5.5460	5.8887	15.2986	33.7842	84.8466
6.1569	272.9004	13.2799	30.2881	81.7624
5.5812	25.5762	13.5256	21.1279	75.4890
5.5087	135.2637	15.8111	24.0283	87.0982
5.7701	146.3379	13.3296	21.1182	76.9139
5.3021	88.6816	16.4603	16.9287	87.2745
5.7679	109.0723	13.7537	26.3135	79.3306
5.9877	196.9629	13.9512	32.3193	83.5353
5.6844	81.8262	15.0761	31.7529	85.6991
6.3722	237.9199	11.8036	15.3564	75.2147
5.5153	151.0840	15.9281	19.0479	87.8474
5.5812	25.5762	13.5256	21.1279	75.4890
5.5724	342.6855	13.9427	19.4482	77.6939
6.3612	137.3730	12.4982	33.5205	79.5034
5.4230	32.6074	15.1332	16.4502	82.0672
5.5087	135.2637	15.8111	24.0283	87.0982
6.1217	61.7871	13.6808	19.1943	83.7499
5.3439	88.1543	14.0498	21.2549	75.0805
6.0404	153.3691	12.2134	25.2100	73.7737
6.0492	221.5723	13.0244	30.0635	78.7871
