7.3829	26.2793	10.7429	20.3174	79.3140
6.8336	283.4473	11.6200	19.7510	79.4064
7.3346	116.6309	11.0174	29.7900	80.8078
6.9677	21.3574	10.7172	15.4248	74.6739
7.4291	238.9746	9.4521	20.6006	70.2201
7.0621	252.3340	10.8194	19.6729	76.4081
7.3983	318.7793	9.7763	26.5674	72.3283
6.8688	129.9902	11.0091	30.7178	75.6189
6.5458	190.1074	11.9833	22.2998	78.4401
6.2360	90.6152	13.0645	27.9053	81.4695
7.2577	330.0293	10.5108	15.9424	76.2845
6.3304	154.0723	12.0656	28.8135	76.3805
6.8600	104.1504	11.3870	24.0869	78.1148
6.6073	45.4395	10.9710	16.4893	72.4890
7.2599	332.3145	11.2293	16.9482	81.5238
7.0072	312.2754	10.9696	17.4756	76.8663
7.0995	276.0645	11.5252	26.3232	81.8229
6.3260	112.0605	13.0724	24.7607	82.6968
7.3082	3.6035	11.1722	31.7041	81.6487
7.0643	53.8770	10.7713	19.1455	76.0921
6.0844	173.7598	12.6479	31.3428	76.9542
7.2863	172.7051	9.9979	21.9189	72.8471
7.2775	184.6582	9.6849	17.3389	70.4815
6.3414	104.6777	11.8886	25.6885	75.3906
7.3654	239.5020	10.2097	31.7920	75.1981
7.0358	157.4121	9.8609	15.7568	69.3793
6.6425	290.1270	11.6541	17.7295	77.4119
6.9918	145.4590	11.8117	16.2354	82.5851
6.6930	24.6973	12.0420	25.8740	80.5970
7.0621	252.3340	10.8194	19.6729	76.4081
7.0336	14.6777	10.3827	19.3115	73.0273
5.7679	109.0723	13.7537	26.3135	79.3306
6.2799	178.5059	13.0669	22.3975	82.0587
6.6051	194.8535	11.1754	31.4209	73.8146
6.7303	237.2168	11.7810	30.1514	79.2900
7.2775	184.6582	9.6849	17.3389	70.4815
7.4291	238.9746	9.4521	20.6006	70.2201
6.5897	158.4668	11.2655	19.2236	74.2365
6.0844	173.7598	12.6479	31.3428	76.9542
6.4952	109.9512	12.5012	26.6846	81.1983
6.3414	104.6777	11.8886	25.6885	75.3906
7.3104	258.3105	9.8057	19.6143	71.6839
6.2360	90.6152	13.0645	27.9053	81.4695
6.9786	320.1855	10.8234	26.8018	75.5327
7.3873	253.0371	10.8200	32.6807	79.9311
7.0819	276.5918	9.9446	27.9639	70.4270
7.4554	244.0723	9.4291	33.8135	70.2980
6.9962	162.1582	11.2003	26.0889	78.3600
6.9677	21.3574	10.7172	15.4248	74.6739
7.2928	12.2168	10.0928	32.6514	73.6055
6.0997	131.7480	12.6725	16.1670	77.2990
7.0072	312.2754	10.9696	17.4756	76.8663
6.8644	108.5449	10.3265	18.7061	70.8848
7.3456	238.6230	10.4815	29.6045	76.9924
7.2115	115.2246	11.2694	23.7256	81.2701
6.7435	15.3809	11.6657	28.3350	78.6681
6.6425	290.1270	11.6541	17.7295	77.4119
7.2928	12.2168	10.0928	32.6514	73.6055
7.4401	6.9434	10.6789	23.4912	79.4514
6.8007	209.0918	12.0387	18.2861	81.8711
6.9193	220.6934	10.2007	21.6162	70.5816
6.9984	191.8652	10.8788	31.0303	76.1344
6.8226	99.0527	11.6822	21.0010	79.7035
7.0094	253.7402	9.9620	17.4072	69.8280
7.0643	53.8770	10.7713	19.1455	76.0921
6.9193	220.6934	10.2007	21.6162	70.5816
6.5238	44.2090	12.5400	20.6104	81.8084
7.0336	14.6777	10.3827	19.3115	73.0273
6.9611	172.5293	10.4782	29.6924	72.9395
6.5919	166.3770	11.2809	22.8955	74.3626
6.9962	162.1582	11.2003	26.0889	78.3600
6.8776	308.0566	11.6858	29.0088	80.3700
7.3654	239.5020	10.2097	31.7920	75.1981
7.1281	216.8262	10.1333	19.2529	72.2307
6.1041	158.8184	12.3444	33.1787	75.3518
7.2775	184.6582	9.6849	17.3389	70.4815
6.4008	137.1973	11.6568	32.8760	74.6125
7.2643	282.7441	10.4251	26.9775	75.7312
6.5106	198.5449	12.2451	26.2939	79.7230
7.1698	179.5605	11.1652	31.0107	80.0525
6.8380	231.0645	10.3079	31.1768	70.4858
6.0404	153.3691	12.2134	25.2100	73.7737
6.7633	356.5723	10.9350	32.4365	73.9566
7.3368	349.0137	10.4297	29.6533	76.5206
7.4115	347.4316	9.7172	16.3037	72.0192
7.3873	253.0371	10.8200	32.6807	79.9311
5.8207	100.4590	13.3977	18.7354	77.9837
6.5677	260.0684	11.6244	32.4463	76.3462
7.1962	179.7363	10.7468	21.5283	77.3354
7.4598	119.2676	9.3964	32.3877	70.0954
7.0533	85.8691	11.2364	23.9600	79.2543
6.6095	58.0957	12.1266	16.8799	80.1504
6.7633	356.5723	10.9350	32.4365	73.9566
7.2863	172.7051	9.9979	21.9189	72.8471
7.0951	268.5059	10.2762	27.3975	72.9103
6.0931	92.9004	12.3676	29.7119	75.3576
6.3260	112.0605	13.0724	24.7607	82.6968
7.3983	318.7793	9.7763	26.5674	72.3283
6.8732	278.8770	11.0618	28.3545	76.0297
7.0951	268.5059	10.2762	27.3975	72.9103
7.4335	134.0332	9.9833	32.9736	74.2106
7.2928	12.2168	10.0928	32.6514	73.6055
6.4008	137.1973	11.6568	32.8760	74.6125
7.3368	349.0137	10.4297	29.6533	76.5206
6.6930	24.6973	12.0420	25.8740	80.5970
5.7614	127.3535	14.3326	17.3291	82.5750
6.8864	217.3535	10.9563	27.6709	75.4491
6.9127	52.1191	11.6365	32.0850	80.4397
6.9720	140.7129	11.3095	15.4443	78.8504
6.8688	129.9902	11.0091	30.7178	75.6189
6.5699	23.2910	11.5153	18.1396	75.6547
7.2115	115.2246	11.2694	23.7256	81.2701
6.9083	304.1895	10.2532	18.3643	70.8323
6.7941	91.6699	12.2684	31.5186	83.3526
6.8336	283.4473	11.6200	19.7510	79.4064
6.4930	56.5137	11.7119	24.0967	76.0458
6.6710	264.1113	11.6612	28.7842	77.7918
6.8468	30.6738	10.6917	28.0029	73.2041
6.5128	65.8301	12.4875	29.7314	81.3288
6.1920	89.9121	13.6431	29.5068	84.4785
6.4821	70.9277	11.8938	16.3135	77.0962
7.0336	14.6777	10.3827	19.3115	73.0273
6.3568	184.3066	12.8825	29.1162	81.8913
6.9720	140.7129	11.3095	15.4443	78.8504
6.8864	217.3535	10.9563	27.6709	75.4491
7.3016	323.7012	11.0040	27.6904	80.3469
6.8007	209.0918	12.0387	18.2861	81.8711
6.7589	321.7676	11.5927	33.6377	78.3540
6.9391	213.1348	11.6159	23.5303	80.6040
7.0094	253.7402	9.9620	17.4072	69.8280
7.2775	184.6582	9.6849	17.3389	70.4815
6.5897	158.4668	11.2655	19.2236	74.2365
6.8864	217.3535	10.9563	27.6709	75.4491
7.1852	37.1777	11.2314	19.4385	80.6995
7.3983	318.7793	9.7763	26.5674	72.3283
7.2731	12.0410	9.7152	20.0146	70.6592
6.9259	259.7168	10.8962	21.0986	75.4662
6.8204	161.2793	11.1810	17.8174	76.2593
6.1920	89.9121	13.6431	29.5068	84.4785
6.2997	69.1699	13.5153	32.7686	85.1423
7.0182	274.3066	10.3824	15.8838	72.8660
6.7369	71.8066	10.6015	30.3662	71.4217
7.0533	85.8691	11.2364	23.9600	79.2543
6.3414	104.6777	11.8886	25.6885	75.3906
6.9149	337.2363	11.5908	22.7783	80.1495
6.1920	89.9121	13.6431	29.5068	84.4785
6.7347	28.9160	11.1232	29.0479	74.9122
7.2863	172.7051	9.9979	21.9189	72.8471
6.9347	12.9199	11.2214	22.8564	77.8170
6.9677	21.3574	10.7172	15.4248	74.6739
7.0995	276.0645	11.5252	26.3232	81.8229
7.1522	246.5332	10.8274	26.7236	77.4397
7.4401	6.9434	10.6789	23.4912	79.4514
6.9918	145.4590	11.8117	16.2354	82.5851
6.1832	86.3965	13.3790	23.2959	82.7253
6.5216	52.9980	12.1169	18.0420	79.0216
6.5238	44.2090	12.5400	20.6104	81.8084
6.5677	260.0684	11.6244	32.4463	76.3462
6.9852	118.3887	11.0160	15.0342	76.9495
7.2050	204.8730	9.9660	24.7705	71.8045
7.3434	310.1660	9.8167	30.9229	72.0875
6.8402	2.0215	11.1973	32.3584	76.5922
7.2643	282.7441	10.4251	26.9775	75.7312
6.3392	112.5879	12.4103	19.2432	78.6718
6.4930	56.5137	11.7119	24.0967	76.0458
7.1698	179.5605	11.1652	31.0107	80.0525
7.4291	238.9746	9.4521	20.6006	70.2201
6.8995	243.0176	11.5491	16.7627	79.6833
6.4008	137.1973	11.6568	32.8760	74.6125
7.2643	282.7441	10.4251	26.9775	75.7312
6.9962	162.1582	11.2003	26.0889	78.3600
6.9633	357.8027	11.2602	34.6240	78.4076
7.4027	227.0215	10.0585	24.8584	74.4604
6.5897	158.4668	11.2655	19.2236	74.2365
7.1237	293.9941	10.5347	31.3525	75.0454
6.8644	108.5449	10.3265	18.7061	70.8848
6.3304	154.0723	12.0656	28.8135	76.3805
7.2731	12.0410	9.7152	20.0146	70.6592
6.6073	45.4395	10.9710	16.4893	72.4890
7.0643	53.8770	10.7713	19.1455	76.0921
6.3612	137.3730	12.4982	33.5205	79.5034
7.1764	146.1621	10.0639	32.3682	72.2226
6.4425	105.2051	11.9173	34.3311	76.7771
6.3392	112.5879	12.4103	19.2432	78.6718
6.7589	321.7676	11.5927	33.6377	78.3540
6.0052	125.0684	13.3125	30.0537	79.9451
6.7545	314.9121	11.9550	17.0068	80.7503
6.9852	118.3887	11.0160	15.0342	76.9495
6.6051	194.8535	11.1754	31.4209	73.8146
7.4335	134.0332	9.9833	32.9736	74.2106
6.3414	104.6777	11.8886	25.6885	75.3906
6.4425	105.2051	11.9173	34.3311	76.7771
6.4073	111.3574	13.0262	29.5752	83.4634
7.4291	238.9746	9.4521	20.6006	70.2201
6.1832	86.3965	13.3790	23.2959	82.7253
6.3392	112.5879	12.4103	19.2432	78.6718
7.1237	293.9941	10.5347	31.3525	75.0454
6.0844	173.7598	12.6479	31.3428	76.9542
7.0182	274.3066	10.3824	15.8838	72.8660
7.0336	14.6777	10.3827	19.3115	73.0273
