7.5411	275.1855	9.1353	24.3018	68.8905
6.9677	21.3574	10.7172	15.4248	74.6739
7.4862	132.6270	9.1219	28.5205	68.2886
7.1259	140.3613	10.6453	26.8408	75.8566
6.1525	94.6582	13.0611	32.3389	80.3583
7.2643	282.7441	10.4251	26.9775	75.7312
7.5565	289.2480	9.3797	32.5830	70.8775
6.9852	118.3887	11.0160	15.0342	76.9495
6.7853	248.4668	11.0058	34.2236	74.6771
6.4073	111.3574	13.0262	29.5752	83.4634
7.4247	159.1699	10.5956	17.7686	78.6691
6.5106	198.5449	12.2451	26.2939	79.7230
6.9786	320.1855	10.8234	26.8018	75.5327
6.8402	2.0215	11.1973	32.3584	76.5922
7.4269	153.5449	10.8381	21.2061	80.4929
7.2050	204.8730	9.9660	24.7705	71.8045
7.2906	83.7598	9.6234	26.3428	70.1605
6.4952	109.9512	12.5012	26.6846	81.1983
7.4708	280.8105	9.4952	20.8643	70.9372
7.2731	12.0410	9.7152	20.0146	70.6592
6.2909	172.0020	13.1779	20.5420	82.9010
7.4532	80.5957	10.4074	16.8701	77.5686
7.4401	6.9434	10.6789	23.4912	79.4514
6.5392	176.2207	12.0568	24.0674	78.8417
7.5345	185.7129	9.6214	27.0557	72.4927
7.2379	80.7715	10.6019	20.7666	76.7359
6.8644	108.5449	10.3265	18.7061	70.8848
7.1808	49.4824	10.0800	24.4873	72.3825
6.8820	326.5137	10.5594	20.9033	72.6691
7.2643	282.7441	10.4251	26.9775	75.7312
7.2313	199.4238	10.4337	16.3721	75.4497
6.0558	139.4824	13.4563	29.4873	81.4883
6.4337	152.8418	11.5921	21.4111	74.5802
6.8380	231.0645	10.3079	31.1768	70.4858
6.8885	337.0605	11.3843	32.2607	78.4213
7.4401	6.9434	10.6789	23.4912	79.4514
6.1525	94.6582	13.0611	32.3389	80.3583
6.8248	61.9629	10.4940	20.1807	71.6197
6.2909	172.0020	13.1779	20.5420	82.9010
6.7347	28.9160	11.1232	29.0479	74.9122
6.5392	176.2207	12.0568	24.0674	78.8417
7.4730	26.1035	10.0038	22.0459	74.7584
6.4073	111.3574	13.0262	29.5752	83.4634
7.1434	46.6699	10.8147	25.9814	77.2540
7.5433	211.7285	10.3372	30.4834	77.9769
7.2753	221.7480	9.5987	28.8330	69.8332
6.4974	218.0566	11.1543	25.9912	72.4742
7.1852	37.1777	11.2314	19.4385	80.6995
7.1259	140.3613	10.6453	26.8408	75.8566
7.4598	119.2676	9.3964	32.3877	70.0954
6.3260	112.0605	13.0724	24.7607	82.6968
7.2050	204.8730	9.9660	24.7705	71.8045
6.9808	193.2715	11.6371	22.0166	81.2369
7.5170	215.2441	10.1258	20.7275	76.1153
7.3917	214.8926	9.8498	34.7998	72.8071
6.9127	52.1191	11.6365	32.0850	80.4397
6.8644	108.5449	10.3265	18.7061	70.8848
7.4598	119.2676	9.3964	32.3877	70.0954
6.4821	70.9277	11.8938	16.3135	77.0962
6.9501	311.9238	10.6259	27.3779	73.8510
7.0577	115.0488	10.0587	24.1846	70.9915
7.1962	179.7363	10.7468	21.5283	77.3354
6.9611	172.5293	10.4782	29.6924	72.9395
7.2115	115.2246	11.2694	23.7256	81.2701
7.2731	12.0410	9.7152	20.0146	70.6592
7.0577	115.0488	10.0587	24.1846	70.9915
6.7589	321.7676	11.5927	33.6377	78.3540
7.2313	199.4238	10.4337	16.3721	75.4497
7.1215	200.4785	10.3533	23.8916	73.7305
6.8336	283.4473	11.6200	19.7510	79.4064
7.1852	37.1777	11.2314	19.4385	80.6995
6.9962	162.1582	11.2003	26.0889	78.3600
7.5345	185.7129	9.6214	27.0557	72.4927
7.3126	290.6543	10.5169	34.9951	76.9060
6.3304	154.0723	12.0656	28.8135	76.3805
7.4401	6.9434	10.6789	23.4912	79.4514
6.5897	158.4668	11.2655	19.2236	74.2365
7.4291	238.9746	9.4521	20.6006	70.2201
6.7369	71.8066	10.6015	30.3662	71.4217
7.3434	310.1660	9.8167	30.9229	72.0875
6.9698	203.6426	11.3381	32.9248	79.0246
6.1766	126.2988	11.8802	17.3096	73.3797
6.9193	220.6934	10.2007	21.6162	70.5816
7.4884	325.2832	9.2081	18.5986	68.9540
7.5719	208.7402	10.6543	25.0928	80.6733
7.5433	211.7285	10.3372	30.4834	77.9769
6.0844	173.7598	12.6479	31.3428	76.9542
6.7941	91.6699	12.2684	31.5186	83.3526
7.3829	26.2793	10.7429	20.3174	79.3140
6.5018	8.8770	11.2094	33.3545	72.8819
7.2511	271.1426	11.1190	31.6748	80.6250
6.8468	30.6738	10.6917	28.0029	73.2041
6.9193	220.6934	10.2007	21.6162	70.5816
7.4532	80.5957	10.4074	16.8701	77.5686
7.2863	172.7051	9.9979	21.9189	72.8471
6.3239	172.3535	12.6445	19.8291	79.9616
6.4952	109.9512	12.5012	26.6846	81.1983
7.5565	289.2480	9.3797	32.5830	70.8775
6.9918	145.4590	11.8117	16.2354	82.5851
7.2863	172.7051	9.9979	21.9189	72.8471
6.2360	90.6152	13.0645	27.9053	81.4695
7.4598	119.2676	9.3964	32.3877	70.0954
6.5897	158.4668	11.2655	19.2236	74.2365
7.4884	325.2832	9.2081	18.5986	68.9540
6.8820	326.5137	10.5594	20.9033	72.6691
6.0536	173.2324	12.3008	16.1377	74.4637
7.0072	312.2754	10.9696	17.4756	76.8663
7.0490	337.9395	10.4561	19.7607	73.7049
7.1302	324.9316	9.9363	24.9463	70.8482
6.9852	118.3887	11.0160	15.0342	76.9495
6.8007	209.0918	12.0387	18.2861	81.8711
7.3917	214.8926	9.8498	34.7998	72.8071
7.0358	157.4121	9.8609	15.7568	69.3793
6.9391	213.1348	11.6159	23.5303	80.6040
6.9677	21.3574	10.7172	15.4248	74.6739
6.7303	237.2168	11.7810	30.1514	79.2900
6.8732	278.8770	11.0618	28.3545	76.0297
6.9742	132.8027	11.8229	17.8760	82.4560
6.7413	44.7363	10.9814	15.9717	74.0292
6.3612	137.3730	12.4982	33.5205	79.5034
6.6996	215.7715	10.9944	33.2666	73.6578
7.2313	199.4238	10.4337	16.3721	75.4497
6.5656	98.1738	10.9108	28.2471	71.6353
7.1302	324.9316	9.9363	24.9463	70.8482
7.0072	312.2754	10.9696	17.4756	76.8663
7.4686	46.8457	10.6590	18.7549	79.6085
6.9501	311.9238	10.6259	27.3779	73.8510
6.9171	13.7988	10.6101	26.0596	73.3913
7.0841	262.0020	11.5933	25.5420	82.1283
7.2115	115.2246	11.2694	23.7256	81.2701
7.4401	6.9434	10.6789	23.4912	79.4514
6.8248	61.9629	10.4940	20.1807	71.6197
7.0072	312.2754	10.9696	17.4756	76.8663
7.3654	239.5020	10.2097	31.7920	75.1981
7.5565	289.2480	9.3797	32.5830	70.8775
7.4313	354.9902	9.3210	28.2178	69.2666
7.0621	252.3340	10.8194	19.6729	76.4081
6.9545	350.2441	10.6982	21.7725	74.4002
6.3612	137.3730	12.4982	33.5205	79.5034
6.4491	190.2832	13.0474	16.0986	84.1439
7.2203	79.3652	10.7719	22.2803	77.7766
6.8995	243.0176	11.5491	16.7627	79.6833
7.2511	271.1426	11.1190	31.6748	80.6250
6.5392	176.2207	12.0568	24.0674	78.8417
7.0533	85.8691	11.2364	23.9600	79.2543
6.3612	137.3730	12.4982	33.5205	79.5034
6.8907	54.4043	10.8455	34.3701	74.7335
7.4532	80.5957	10.4074	16.8701	77.5686
7.0819	276.5918	9.9446	27.9639	70.4270
7.1259	140.3613	10.6453	26.8408	75.8566
7.2906	83.7598	9.6234	26.3428	70.1605
7.3368	349.0137	10.4297	29.6533	76.5206
6.4821	70.9277	11.8938	16.3135	77.0962
7.1808	49.4824	10.0800	24.4873	72.3825
6.3568	184.3066	12.8825	29.1162	81.8913
6.7435	15.3809	11.6657	28.3350	78.6681
6.7589	321.7676	11.5927	33.6377	78.3540
6.7941	91.6699	12.2684	31.5186	83.3526
7.1698	179.5605	11.1652	31.0107	80.0525
7.3873	253.0371	10.8200	32.6807	79.9311
7.4994	64.5996	9.1800	16.5381	68.8445
6.9720	140.7129	11.3095	15.4443	78.8504
7.4291	238.9746	9.4521	20.6006	70.2201
6.5282	120.6738	12.5439	16.9971	81.8890
6.7303	237.2168	11.7810	30.1514	79.2900
7.3434	310.1660	9.8167	30.9229	72.0875
6.1525	94.6582	13.0611	32.3389	80.3583
7.0336	14.6777	10.3827	19.3115	73.0273
6.5897	158.4668	11.2655	19.2236	74.2365
7.4291	238.9746	9.4521	20.6006	70.2201
7.1852	37.1777	11.2314	19.4385	80.6995
7.1237	293.9941	10.5347	31.3525	75.0454
7.5587	62.8418	9.5122	23.5889	71.9002
6.8248	61.9629	10.4940	20.1807	71.6197
7.3082	3.6035	11.1722	31.7041	81.6487
6.9808	193.2715	11.6371	22.0166	81.2369
6.5106	198.5449	12.2451	26.2939	79.7230
7.4313	354.9902	9.3210	28.2178	69.2666
6.8402	2.0215	11.1973	32.3584	76.5922
7.2731	12.0410	9.7152	20.0146	70.6592
6.5809	178.3301	11.4213	23.4814	75.1626
7.3456	238.6230	10.4815	29.6045	76.9924
6.6622	183.2520	11.3824	18.6670	75.8319
6.5282	120.6738	12.5439	16.9971	81.8890
6.9171	13.7988	10.6101	26.0596	73.3913
6.1700	114.8730	12.3053	20.2295	75.9240
6.9149	337.2363	11.5908	22.7783	80.1495
7.1698	179.5605	11.1652	31.0107	80.0525
6.8380	231.0645	10.3079	31.1768	70.4858
6.2360	90.6152	13.0645	27.9053	81.4695
6.5392	176.2207	12.0568	24.0674	78.8417
6.6622	183.2520	11.3824	18.6670	75.8319
6.5919	166.3770	11.2809	22.8955	74.3626
6.1525	94.6582	13.0611	32.3389	80.3583
6.3568	184.3066	12.8825	29.1162	81.8913
6.5282	120.6738	12.5439	16.9971	81.8890
7.3082	3.6035	11.1722	31.7041	81.6487
6.2909	172.0020	13.1779	20.5420	82.9010
7.2203	79.3652	10.7719	22.2803	77.7766
7.2313	199.4238	10.4337	16.3721	75.4497
