6.4908	319.1309	12.9245	33.5400	83.8912
5.9767	131.2207	13.7132	21.5674	81.9595
6.4513	182.3730	11.7029	26.0205	75.4989
6.1437	289.4238	13.7394	21.3721	84.4103
6.5282	120.6738	12.5439	16.9971	81.8890
6.2250	252.5098	12.5384	23.0322	78.0510
6.4974	218.0566	11.1543	25.9912	72.4742
6.0074	248.2910	12.8885	30.6396	77.4267
5.7482	171.1230	14.4381	23.3545	82.9924
5.4867	176.5723	15.8478	27.5635	86.9519
6.3700	60.2051	12.6793	26.8311	80.7672
5.5504	35.7715	15.6663	23.2666	86.9545
5.9965	249.5215	13.7295	18.8916	82.3286
5.7811	1.8457	14.9739	26.2549	86.5661
6.3722	237.9199	11.8036	15.3564	75.2147
6.1854	348.3105	12.2371	15.3857	75.6919
6.2623	16.9629	11.6963	22.3193	73.2459
5.5262	127.7051	15.1993	24.4189	83.9950
6.4293	280.4590	12.2498	21.2646	78.7579
6.2294	273.9551	12.1638	34.9561	75.7731
5.4054	152.1387	15.4082	20.5908	83.2872
6.4073	111.3574	13.0262	29.5752	83.4634
6.4008	137.1973	11.6568	32.8760	74.6125
5.6097	61.0840	14.4995	15.9521	81.3384
6.4886	307.3535	11.3149	22.6709	73.4185
6.2008	318.4277	12.6231	29.9365	78.2734
5.8097	257.0801	14.5977	27.8564	84.8079
6.1722	196.0840	12.6576	33.4521	78.1255
5.8514	217.5293	14.4504	27.1924	84.5556
6.2250	252.5098	12.5384	23.0322	78.0510
6.1964	353.2324	13.3467	23.8623	82.7019
5.1967	94.1309	14.4111	33.9600	74.8894
5.5043	138.6035	14.0372	20.7959	77.2646
5.7767	247.5879	14.0984	18.2568	81.4429
5.8580	54.7559	14.6455	24.2725	85.7936
6.4008	137.1973	11.6568	32.8760	74.6125
6.5282	120.6738	12.5439	16.9971	81.8890
5.7701	146.3379	13.3296	21.1182	76.9139
5.4054	152.1387	15.4082	20.5908	83.2872
5.6844	81.8262	15.0761	31.7529	85.6991
5.6097	61.0840	14.4995	15.9521	81.3384
6.4315	340.7520	12.7559	17.5830	82.0398
5.4867	176.5723	15.8478	27.5635	86.9519
6.1569	272.9004	13.2799	30.2881	81.7624
6.4930	56.5137	11.7119	24.0967	76.0458
6.2338	53.3496	12.3533	27.8369	77.0075
6.5656	98.1738	10.9108	28.2471	71.6353
6.1766	126.2988	11.8802	17.3096	73.3797
6.1437	289.4238	13.7394	21.3721	84.4103
6.4161	354.8145	12.0355	30.6982	77.2212
5.4186	129.4629	14.8535	18.5693	80.4847
6.1854	348.3105	12.2371	15.3857	75.6919
6.0052	125.0684	13.3125	30.0537	79.9451
6.4821	70.9277	11.8938	16.3135	77.0962
6.3326	281.3379	12.8915	33.6182	81.6373
5.8910	173.5840	13.6554	22.7979	80.4440
5.8097	257.0801	14.5977	27.8564	84.8079
6.4161	354.8145	12.0355	30.6982	77.2212
6.5458	190.1074	11.9833	22.2998	78.4401
5.9481	243.5449	13.9332	23.7939	82.8763
6.0931	92.9004	12.3676	29.7119	75.3576
6.1832	86.3965	13.3790	23.2959	82.7253
5.9657	14.3262	13.2677	24.4971	79.1508
6.1898	232.8223	13.5399	34.4385	83.8093
6.2294	273.9551	12.1638	34.9561	75.7731
6.0931	92.9004	12.3676	29.7119	75.3576
5.7174	133.5059	14.7550	30.1025	84.3603
6.1964	353.2324	13.3467	23.8623	82.7019
6.1305	20.3027	12.4801	21.6260	76.5093
5.7745	206.9824	14.9253	18.2373	86.1869
6.1766	126.2988	11.8802	17.3096	73.3797
6.0404	153.3691	12.2134	25.2100	73.7737
6.4886	307.3535	11.3149	22.6709	73.4185
6.2777	42.9785	13.4348	20.1416	84.3397
5.4274	80.9473	13.9653	18.9990	75.7947
6.4008	137.1973	11.6568	32.8760	74.6125
5.6361	101.1621	13.6001	25.1318	76.6514
6.3832	55.4590	11.7120	31.2354	74.7599
5.6888	111.0059	15.1215	28.8525	86.0237
6.2997	69.1699	13.5153	32.7686	85.1423
5.9811	84.4629	13.0262	33.9307	77.9106
5.3615	157.0605	14.2632	27.7393	76.4714
5.9152	29.2676	12.8749	17.3877	76.1570
6.4535	231.4160	12.4385	20.2979	80.2717
6.5106	198.5449	12.2451	26.2939	79.7230
6.4930	56.5137	11.7119	24.0967	76.0458
5.3021	88.6816	16.4603	16.9287	87.2745
5.7526	321.9434	15.0621	34.0088	86.6456
6.3260	112.0605	13.0724	24.7607	82.6968
6.5677	260.0684	11.6244	32.4463	76.3462
6.2074	329.8535	12.7840	26.0791	79.3553
5.7833	214.1895	13.6294	26.6357	78.8234
5.9152	29.2676	12.8749	17.3877	76.1570
6.4073	111.3574	13.0262	29.5752	83.4634
6.2448	305.0684	12.3350	20.0537	77.0288
5.4098	177.9785	16.4008	27.6416	88.7251
5.5262	127.7051	15.1993	24.4189	83.9950
6.4974	218.0566	11.1543	25.9912	72.4742
6.0118	195.9082	12.9046	19.2139	77.5802
6.2448	305.0684	12.3350	20.0537	77.0288
6.5436	39.4629	11.4772	26.4307	75.1021
6.4161	354.8145	12.0355	30.6982	77.2212
5.6361	101.1621	13.6001	25.1318	76.6514
6.4535	231.4160	12.4385	20.2979	80.2717
5.8514	217.5293	14.4504	27.1924	84.5556
5.1945	78.4863	14.7912	31.5967	76.8323
6.0514	236.1621	13.4402	22.6318	81.3317
6.0712	269.7363	14.1230	33.4717	85.7431
6.1481	282.0410	12.4689	25.0146	76.6595
6.0074	248.2910	12.8885	30.6396	77.4267
5.7570	123.4863	13.9356	15.9033	80.2267
6.3326	281.3379	12.8915	33.6182	81.6373
6.0690	29.6191	12.2937	20.8350	74.6099
5.9437	84.9902	12.9503	23.2178	76.9730
5.9767	131.2207	13.7132	21.5674	81.9595
5.6735	135.6152	14.7526	19.5947	83.6983
5.8383	272.1973	14.6364	19.6240	85.4513
5.9943	28.5645	13.3016	32.5732	79.7330
5.7020	57.3926	13.3558	31.4502	76.1553
5.4757	34.0137	16.0297	22.8467	87.7738
5.6713	81.6504	14.0414	20.3369	79.6326
6.1964	353.2324	13.3467	23.8623	82.7019
5.6251	155.6543	14.4558	32.5049	81.3155
6.1481	282.0410	12.4689	25.0146	76.6595
6.0514	236.1621	13.4402	22.6318	81.3317
6.4249	318.0762	12.8685	27.6221	82.6789
5.9481	243.5449	13.9332	23.7939	82.8763
5.9086	75.3223	13.7589	15.6885	81.2956
6.1151	297.6855	13.5419	31.9482	82.8102
6.1898	232.8223	13.5399	34.4385	83.8093
6.4008	137.1973	11.6568	32.8760	74.6125
5.7701	146.3379	13.3296	21.1182	76.9139
6.0514	236.1621	13.4402	22.6318	81.3317
6.3239	172.3535	12.6445	19.8291	79.9616
6.4974	218.0566	11.1543	25.9912	72.4742
6.3876	266.9238	12.3409	19.8779	78.8285
6.0997	131.7480	12.6725	16.1670	77.2990
5.9591	7.9980	12.4696	30.5420	74.3075
5.4757	34.0137	16.0297	22.8467	87.7738
5.5153	151.0840	15.9281	19.0479	87.8474
6.1920	89.9121	13.6431	29.5068	84.4785
5.8822	42.2754	14.3459	27.5244	84.3853
6.2074	329.8535	12.7840	26.0791	79.3553
5.6097	61.0840	14.4995	15.9521	81.3384
6.0800	294.8730	13.3422	30.2295	81.1202
5.4757	34.0137	16.0297	22.8467	87.7738
5.8602	28.3887	14.7561	20.0342	86.4738
6.4073	111.3574	13.0262	29.5752	83.4634
6.1041	158.8184	12.3444	33.1787	75.3518
6.1437	289.4238	13.7394	21.3721	84.4103
6.2623	16.9629	11.6963	22.3193	73.2459
6.2975	239.1504	13.1704	26.5869	82.9401
6.5458	190.1074	11.9833	22.2998	78.4401
6.1722	196.0840	12.6576	33.4521	78.1255
5.4735	87.4512	14.7448	34.5654	80.7056
5.7064	219.4629	14.1703	16.4307	80.8616
5.7174	133.5059	14.7550	30.1025	84.3603
5.7526	321.9434	15.0621	34.0088	86.6456
6.1635	334.7754	13.5018	28.7256	83.2177
6.3304	154.0723	12.0656	28.8135	76.3805
6.4667	34.1895	12.0181	33.3643	77.7170
5.9877	196.9629	13.9512	32.3193	83.5353
6.3832	55.4590	11.7120	31.2354	74.7599
5.5680	65.3027	15.4182	29.1260	85.8487
5.6735	135.6152	14.7526	19.5947	83.6983
6.2997	69.1699	13.5153	32.7686	85.1423
6.5282	120.6738	12.5439	16.9971	81.8890
6.0624	159.3457	14.1298	29.9951	85.6605
5.6361	101.1621	13.6001	25.1318	76.6514
6.3832	55.4590	11.7120	31.2354	74.7599
6.1766	126.2988	11.8802	17.3096	73.3797
6.1327	240.0293	13.8871	20.9424	85.1653
6.5018	8.8770	11.2094	33.3545	72.8819
5.7701	146.3379	13.3296	21.1182	76.9139
6.2711	211.5527	13.0371	32.2510	81.7571
6.0052	125.0684	13.3125	30.0537	79.9451
5.5504	35.7715	15.6663	23.2666	86.9545
6.3876	266.9238	12.3409	19.8779	78.8285
5.7811	1.8457	14.9739	26.2549	86.5661
6.2294	273.9551	12.1638	34.9561	75.7731
5.6273	172.1777	13.5507	23.0615	76.2544
6.3085	44.0332	11.5944	32.0264	73.1431
5.6603	338.4668	14.3820	20.7764	81.4062
5.5680	65.3027	15.4182	29.1260	85.8487
5.9086	75.3223	13.7589	15.6885	81.2956
5.3439	88.1543	14.0498	21.2549	75.0805
5.9020	296.1035	14.2230	32.9541	83.9441
6.1635	334.7754	13.5018	28.7256	83.2177
5.7767	247.5879	14.0984	18.2568	81.4429
6.5436	39.4629	11.4772	26.4307	75.1021
5.6097	61.0840	14.4995	15.9521	81.3384
5.6603	338.4668	14.3820	20.7764	81.4062
5.6427	134.5605	15.2941	23.5107	86.3002
6.5282	120.6738	12.5439	16.9971	81.8890
5.4735	87.4512	14.7448	34.5654	80.7056
5.5680	65.3027	15.4182	29.1260	85.8487
6.2711	211.5527	13.0371	32.2510	81.7571
5.4054	152.1387	15.4082	20.5908	83.2872
6.1920	89.9121	13.6431	29.5068	84.4785
6.1964	353.2324	13.3467	23.8623	82.7019
