7.4752	352.8809	10.5953	25.4150	79.2024
6.9259	259.7168	10.8962	21.0986	75.4662
7.4532	80.5957	10.4074	16.8701	77.5686
7.0621	252.3340	10.8194	19.6729	76.4081
5.9767	131.2207	13.7132	21.5674	81.9595
7.2050	204.8730	9.9660	24.7705	71.8045
7.4862	132.6270	9.1219	28.5205	68.2886
6.9545	350.2441	10.6982	21.7725	74.4002
6.7303	237.2168	11.7810	30.1514	79.2900
6.4073	111.3574	13.0262	29.5752	83.4634
7.3654	239.5020	10.2097	31.7920	75.1981
6.4974	218.0566	11.1543	25.9912	72.4742
6.9501	311.9238	10.6259	27.3779	73.8510
6.7897	351.4746	12.1620	20.6494	82.5760
7.3829	26.2793	10.7429	20.3174	79.3140
7.1302	324.9316	9.9363	24.9463	70.8482
7.2467	28.2129	11.1029	15.8057	80.4594
6.4952	109.9512	12.5012	26.6846	81.1983
7.4269	153.5449	10.8381	21.2061	80.4929
7.2115	115.2246	11.2694	23.7256	81.2701
6.2909	172.0020	13.1779	20.5420	82.9010
7.4115	347.4316	9.7172	16.3037	72.0192
7.4027	227.0215	10.0585	24.8584	74.4604
6.5282	120.6738	12.5439	16.9971	81.8890
7.4730	26.1035	10.0038	22.0459	74.7584
7.1698	179.5605	11.1652	31.0107	80.0525
6.8160	245.4785	11.5555	28.6084	78.7629
7.1237	293.9941	10.5347	31.3525	75.0454
6.8380	231.0645	10.3079	31.1768	70.4858
7.2050	204.8730	9.9660	24.7705	71.8045
7.1522	246.5332	10.8274	26.7236	77.4397
6.0558	139.4824	13.4563	29.4873	81.4883
6.4337	152.8418	11.5921	21.4111	74.5802
6.7853	248.4668	11.0058	34.2236	74.6771
6.8468	30.6738	10.6917	28.0029	73.2041
7.4027	227.0215	10.0585	24.8584	74.4604
5.9767	131.2207	13.7132	21.5674	81.9595
6.7633	356.5723	10.9350	32.4365	73.9566
6.2909	172.0020	13.1779	20.5420	82.9010
6.6425	290.1270	11.6541	17.7295	77.4119
6.5282	120.6738	12.5439	16.9971	81.8890
7.4291	238.9746	9.4521	20.6006	70.2201
6.4073	111.3574	13.0262	29.5752	83.4634
7.0951	268.5059	10.2762	27.3975	72.9103
7.4774	67.7637	10.6327	29.7217	79.5049
7.2203	79.3652	10.7719	22.2803	77.7766
6.2360	90.6152	13.0645	27.9053	81.4695
7.1259	140.3613	10.6453	26.8408	75.8566
7.0621	252.3340	10.8194	19.6729	76.4081
7.4225	329.1504	9.7941	31.5869	72.6966
6.3260	112.0605	13.0724	24.7607	82.6968
7.1302	324.9316	9.9363	24.9463	70.8482
6.9523	253.3887	10.4533	27.5342	72.6743
7.4686	46.8457	10.6590	18.7549	79.6085
7.3214	263.2324	11.1546	18.8623	81.6672
6.8710	179.0332	11.6714	29.5264	80.1941
6.8160	245.4785	11.5555	28.6084	78.7629
7.4225	329.1504	9.7941	31.5869	72.6966
6.1525	94.6582	13.0611	32.3389	80.3583
6.9083	304.1895	10.2532	18.3643	70.8323
6.9984	191.8652	10.8788	31.0303	76.1344
7.1281	216.8262	10.1333	19.2529	72.2307
6.9171	13.7988	10.6101	26.0596	73.3913
7.1390	179.3848	10.1077	27.0947	72.1590
7.2115	115.2246	11.2694	23.7256	81.2701
6.9984	191.8652	10.8788	31.0303	76.1344
6.6820	114.6973	10.8128	30.8740	72.2509
7.1522	246.5332	10.8274	26.7236	77.4397
7.0555	101.5137	10.8563	28.4033	76.5970
6.7743	145.9863	11.0753	32.8467	75.0276
7.1259	140.3613	10.6453	26.8408	75.8566
6.9677	21.3574	10.7172	15.4248	74.6739
7.4730	26.1035	10.0038	22.0459	74.7584
7.2731	12.0410	9.7152	20.0146	70.6592
6.3304	154.0723	12.0656	28.8135	76.3805
7.4027	227.0215	10.0585	24.8584	74.4604
6.5656	98.1738	10.9108	28.2471	71.6353
7.3873	253.0371	10.8200	32.6807	79.9311
6.6622	183.2520	11.3824	18.6670	75.8319
7.2928	12.2168	10.0928	32.6514	73.6055
6.9303	272.7246	10.8635	24.9756	75.2873
6.1766	126.2988	11.8802	17.3096	73.3797
6.8820	326.5137	10.5594	20.9033	72.6691
7.4554	244.0723	9.4291	33.8135	70.2980
7.4994	64.5996	9.1800	16.5381	68.8445
7.4774	67.7637	10.6327	29.7217	79.5049
6.0844	173.7598	12.6479	31.3428	76.9542
6.7369	71.8066	10.6015	30.3662	71.4217
7.3126	290.6543	10.5169	34.9951	76.9060
6.3722	237.9199	11.8036	15.3564	75.2147
7.1808	49.4824	10.0800	24.4873	72.3825
6.7941	91.6699	12.2684	31.5186	83.3526
6.8820	326.5137	10.5594	20.9033	72.6691
7.4115	347.4316	9.7172	16.3037	72.0192
7.2379	80.7715	10.6019	20.7666	76.7359
6.3239	172.3535	12.6445	19.8291	79.9616
6.4952	109.9512	12.5012	26.6846	81.1983
7.4862	132.6270	9.1219	28.5205	68.2886
6.9633	357.8027	11.2602	34.6240	78.4076
7.2379	80.7715	10.6019	20.7666	76.7359
6.0931	92.9004	12.3676	29.7119	75.3576
7.4225	329.1504	9.7941	31.5869	72.6966
6.5656	98.1738	10.9108	28.2471	71.6353
7.4554	244.0723	9.4291	33.8135	70.2980
6.8380	231.0645	10.3079	31.1768	70.4858
6.0536	173.2324	12.3008	16.1377	74.4637
6.9720	140.7129	11.3095	15.4443	78.8504
6.9874	356.9238	9.9572	34.8779	69.5751
7.0819	276.5918	9.9446	27.9639	70.4270
6.9545	350.2441	10.6982	21.7725	74.4002
6.7413	44.7363	10.9814	15.9717	74.0292
7.3214	263.2324	11.1546	18.8623	81.6672
6.9852	118.3887	11.0160	15.0342	76.9495
6.8995	243.0176	11.5491	16.7627	79.6833
6.9259	259.7168	10.8962	21.0986	75.4662
6.6073	45.4395	10.9710	16.4893	72.4890
6.8248	61.9629	10.4940	20.1807	71.6197
6.9391	213.1348	11.6159	23.5303	80.6040
6.6644	147.0410	11.4905	17.4854	76.5777
6.3612	137.3730	12.4982	33.5205	79.5034
6.6051	194.8535	11.1754	31.4209	73.8146
7.1522	246.5332	10.8274	26.7236	77.4397
6.5436	39.4629	11.4772	26.4307	75.1021
7.0819	276.5918	9.9446	27.9639	70.4270
6.9720	140.7129	11.3095	15.4443	78.8504
7.4247	159.1699	10.5956	17.7686	78.6691
6.9083	304.1895	10.2532	18.3643	70.8323
6.8776	308.0566	11.6858	29.0088	80.3700
7.0336	14.6777	10.3827	19.3115	73.0273
7.1390	179.3848	10.1077	27.0947	72.1590
7.4027	227.0215	10.0585	24.8584	74.4604
6.7633	356.5723	10.9350	32.4365	73.9566
6.9720	140.7129	11.3095	15.4443	78.8504
7.3104	258.3105	9.8057	19.6143	71.6839
7.4862	132.6270	9.1219	28.5205	68.2886
7.3917	214.8926	9.8498	34.7998	72.8071
7.0072	312.2754	10.9696	17.4756	76.8663
6.9149	337.2363	11.5908	22.7783	80.1495
6.3612	137.3730	12.4982	33.5205	79.5034
6.4491	190.2832	13.0474	16.0986	84.1439
7.1434	46.6699	10.8147	25.9814	77.2540
6.8644	108.5449	10.3265	18.7061	70.8848
7.1808	49.4824	10.0800	24.4873	72.3825
6.5282	120.6738	12.5439	16.9971	81.8890
6.9918	145.4590	11.8117	16.2354	82.5851
6.3612	137.3730	12.4982	33.5205	79.5034
6.8600	104.1504	11.3870	24.0869	78.1148
7.4115	347.4316	9.7172	16.3037	72.0192
7.0182	274.3066	10.3824	15.8838	72.8660
7.0621	252.3340	10.8194	19.6729	76.4081
7.2467	28.2129	11.1029	15.8057	80.4594
7.2906	83.7598	9.6234	26.3428	70.1605
6.1525	94.6582	13.0611	32.3389	80.3583
7.1237	293.9941	10.5347	31.3525	75.0454
6.3568	184.3066	12.8825	29.1162	81.8913
6.6710	264.1113	11.6612	28.7842	77.7918
6.6820	114.6973	10.8128	30.8740	72.2509
6.7369	71.8066	10.6015	30.3662	71.4217
7.1105	77.6074	11.3189	33.9502	80.4825
7.3170	0.0879	10.2669	25.4932	75.1230
7.4598	119.2676	9.3964	32.3877	70.0954
6.9347	12.9199	11.2214	22.8564	77.8170
7.3873	253.0371	10.8200	32.6807	79.9311
6.5106	198.5449	12.2451	26.2939	79.7230
6.6073	45.4395	10.9710	16.4893	72.4890
7.2928	12.2168	10.0928	32.6514	73.6055
5.9767	131.2207	13.7132	21.5674	81.9595
6.9808	193.2715	11.6371	22.0166	81.2369
6.5656	98.1738	10.9108	28.2471	71.6353
7.3873	253.0371	10.8200	32.6807	79.9311
7.1259	140.3613	10.6453	26.8408	75.8566
7.0577	115.0488	10.0587	24.1846	70.9915
7.4884	325.2832	9.2081	18.5986	68.9540
6.7633	356.5723	10.9350	32.4365	73.9566
7.2599	332.3145	11.2293	16.9482	81.5238
6.9523	253.3887	10.4533	27.5342	72.6743
6.4974	218.0566	11.1543	25.9912	72.4742
7.3917	214.8926	9.8498	34.7998	72.8071
6.7897	351.4746	12.1620	20.6494	82.5760
7.2115	115.2246	11.2694	23.7256	81.2701
6.5458	190.1074	11.9833	22.2998	78.4401
7.3016	323.7012	11.0040	27.6904	80.3469
6.5875	207.5098	11.2281	15.5322	73.9657
6.5106	198.5449	12.2451	26.2939	79.7230
6.8776	308.0566	11.6858	29.0088	80.3700
6.1700	114.8730	12.3053	20.2295	75.9240
6.8732	278.8770	11.0618	28.3545	76.0297
7.1105	77.6074	11.3189	33.9502	80.4825
6.7853	248.4668	11.0058	34.2236	74.6771
6.0931	92.9004	12.3676	29.7119	75.3576
6.5282	120.6738	12.5439	16.9971	81.8890
6.5875	207.5098	11.2281	15.5322	73.9657
6.5699	23.2910	11.5153	18.1396	75.6547
5.9767	131.2207	13.7132	21.5674	81.9595
6.3568	184.3066	12.8825	29.1162	81.8913
6.5106	198.5449	12.2451	26.2939	79.7230
7.2599	332.3145	11.2293	16.9482	81.5238
6.2909	172.0020	13.1779	20.5420	82.9010
7.1434	46.6699	10.8147	25.9814	77.2540
7.1522	246.5332	10.8274	26.7236	77.4397
