9.0682	106.4355	6.4053	29.9268	58.0849
8.6156	196.2598	8.1763	27.5928	70.4440
9.0529	14.5020	6.3953	20.7080	57.8960
8.7738	224.2090	7.3475	30.6104	64.4659
9.1210	0.9668	6.9038	19.5264	62.9693
8.8595	238.0957	7.4370	26.8799	65.8885
9.0924	43.5059	7.3045	34.8975	66.4151
8.6376	273.0762	8.0616	29.8779	69.6323
8.4025	85.3418	8.2300	22.3389	69.1526
8.1476	202.2363	8.1161	24.7217	66.1263
8.9913	224.7363	8.0839	25.9717	72.6848
8.1981	63.5449	8.1304	33.7939	66.6540
8.6332	235.4590	8.7071	21.2354	75.1697
8.4552	90.4395	7.4858	26.0107	63.2942
8.9935	164.6191	7.3912	31.6650	66.4734
8.8221	284.5020	7.3709	24.2920	65.0274
8.8947	212.7832	6.4404	15.1514	57.2853
8.1959	148.9746	9.2527	25.6006	75.8346
9.0287	254.4434	7.9327	29.7412	71.6219
8.8617	266.5723	8.2190	17.4365	72.8345
7.9520	122.6074	9.6380	21.4502	76.6417
9.0155	211.9043	6.3292	31.8799	57.0610
9.0133	183.4277	8.0472	22.4365	72.5321
8.2157	165.6738	8.7295	34.4971	71.7190
9.0660	65.4785	7.2273	31.3916	65.5234
8.8463	164.4434	8.3335	25.2588	73.7211
8.4662	60.5566	8.3708	17.2412	70.8690
8.8068	196.4355	7.3609	34.9268	64.8260
8.4860	89.3848	7.9111	17.9053	67.1332
8.8595	238.0957	7.4370	26.8799	65.8885
8.8353	261.4746	8.3567	15.6494	73.8346
7.7960	185.8887	8.5461	26.2158	66.6259
8.1498	262.8809	8.0704	30.4150	65.7720
8.4530	166.9043	8.0173	29.3799	67.7705
8.5101	324.0527	8.7638	31.4990	74.5815
9.0133	183.4277	8.0472	22.4365	72.5321
9.1210	0.9668	6.9038	19.5264	62.9693
8.4354	191.6895	8.9295	24.6143	75.3238
7.9520	122.6074	9.6380	21.4502	76.6417
8.3585	320.8887	9.0968	33.7158	76.0356
8.2157	165.6738	8.7295	34.4971	71.7190
9.0353	291.5332	7.8934	24.2236	71.3190
8.1476	202.2363	8.1161	24.7217	66.1263
8.7892	3.7793	7.7726	34.0674	68.3146
9.0792	280.1074	6.0354	32.7002	54.7970
8.8683	265.5176	7.5156	16.9873	66.6509
7.8202	105.0293	8.8227	18.4424	68.9954
8.8090	24.5215	6.5389	23.6084	57.6010
8.7738	224.2090	7.3475	30.6104	64.4659
9.0199	104.8535	7.8614	26.4209	70.9093
8.0311	181.8457	8.2214	33.7451	66.0272
8.8221	284.5020	7.3709	24.2920	65.0274
8.6354	316.3184	8.2854	34.4287	71.5479
9.0594	171.8262	7.1080	23.2471	64.3942
8.9694	227.9004	7.3393	32.7881	65.8285
8.5365	102.5684	7.6911	21.3037	65.6548
8.4662	60.5566	8.3708	17.2412	70.8690
9.0199	104.8535	7.8614	26.4209	70.9093
7.7389	168.8379	8.6712	19.8682	67.1055
8.5936	316.8457	7.2828	33.7549	62.5857
8.7123	142.1191	6.9853	32.9150	60.8579
8.8177	279.9316	8.0970	22.4463	71.3973
8.6068	4.3066	7.6363	30.8838	65.7242
8.8243	240.9082	6.9639	23.2861	61.4522
8.8617	266.5723	8.2190	17.4365	72.8345
8.7123	142.1191	6.9853	32.9150	60.8579
8.3805	200.3027	8.8941	18.3740	74.5371
8.8353	261.4746	8.3567	15.6494	73.8346
8.7694	231.5918	7.0214	34.5361	61.5733
8.4398	307.1777	7.6101	24.4385	64.2280
8.8090	24.5215	6.5389	23.6084	57.6010
8.6573	68.6426	7.3015	30.4248	63.2119
9.0660	65.4785	7.2273	31.3916	65.5234
8.9056	137.9004	6.4270	27.7881	57.2364
8.0443	229.3066	9.0681	33.3838	72.9464
9.0133	183.4277	8.0472	22.4365	72.5321
8.2596	149.5020	7.8090	26.7920	64.5000
9.0045	134.9121	7.0604	27.0068	63.5757
8.3607	192.7441	7.5936	21.9775	63.4880
8.9364	226.1426	7.7116	25.8252	68.9141
8.6200	119.7949	7.7896	33.1689	67.1464
7.8685	105.3809	8.2895	33.3350	65.2259
8.5475	59.1504	7.5726	33.4131	64.7271
9.0551	66.7090	8.0684	26.8604	73.0600
9.1056	38.4082	7.6360	29.5361	69.5302
9.0792	280.1074	6.0354	32.7002	54.7970
7.8048	164.9707	10.1018	33.4424	78.8426
8.4113	82.7051	9.1216	23.0811	76.7243
8.9628	273.2520	6.6364	26.3330	59.4805
7.8224	162.6855	9.5412	20.5518	74.6352
8.8529	18.3691	6.5633	17.2900	58.1040
8.4574	149.8535	8.2996	16.0791	70.1926
8.5475	59.1504	7.5726	33.4131	64.7271
9.0155	211.9043	6.3292	31.8799	57.0610
8.8881	198.1934	7.7859	34.6338	69.2015
8.0289	149.6777	9.3242	28.1885	74.8633
8.1959	148.9746	9.2527	25.6006	75.8346
9.0924	43.5059	7.3045	34.8975	66.4151
8.6530	230.7129	6.8826	29.5557	59.5547
8.8881	198.1934	7.7859	34.6338	69.2015
7.6730	147.3926	8.9154	23.5498	68.4077
9.0199	104.8535	7.8614	26.4209	70.9093
8.2596	149.5020	7.8090	26.7920	64.5000
9.0551	66.7090	8.0684	26.8604	73.0600
8.4860	89.3848	7.9111	17.9053	67.1332
7.7037	171.6504	8.9500	34.6631	68.9488
8.6705	279.7559	8.7048	16.7725	75.4755
8.6925	285.2051	8.2776	25.6689	71.9528
8.7782	59.3262	7.3270	26.9971	64.3181
8.6376	273.0762	8.0616	29.8779	69.6323
8.4135	205.2246	7.7478	18.7256	65.1861
8.9694	227.9004	7.3393	32.7881	65.8285
8.6881	160.4004	8.4006	30.9619	72.9855
8.5870	288.0176	7.7347	30.7373	66.4182
8.6156	196.2598	8.1763	27.5928	70.4440
8.3497	48.2520	8.8180	23.8330	73.6278
8.4794	93.9551	8.8366	24.9561	74.9291
8.6288	287.8418	6.8648	28.9111	59.2348
8.3629	170.7715	7.4625	15.7666	62.4082
8.1322	222.2754	7.9669	17.5244	64.7885
8.3387	97.2949	8.0209	16.9189	66.8840
8.8353	261.4746	8.3567	15.6494	73.8346
8.2399	215.9473	8.3787	28.5010	69.0390
8.7782	59.3262	7.3270	26.9971	64.3181
8.6705	279.7559	8.7048	16.7725	75.4755
9.0243	325.9863	7.8653	27.1533	70.9790
8.5936	316.8457	7.2828	33.7549	62.5857
8.5453	291.8848	8.3873	18.3447	71.6723
8.7452	289.9512	7.4943	33.3154	65.5395
8.8243	240.9082	6.9639	23.2861	61.4522
9.0133	183.4277	8.0472	22.4365	72.5321
8.4354	191.6895	8.9295	24.6143	75.3238
8.6705	279.7559	8.7048	16.7725	75.4755
8.9584	203.8184	6.3249	24.3213	56.6606
9.0924	43.5059	7.3045	34.8975	66.4151
9.0067	4.4824	6.2506	31.9873	56.2974
8.7277	105.7324	8.1843	29.8877	71.4295
8.6046	58.7988	8.2288	28.5596	70.8059
8.1322	222.2754	7.9669	17.5244	64.7885
8.1652	209.2676	9.3133	22.6123	76.0446
8.8309	1.6699	8.2503	16.5186	72.8579
8.5211	328.4473	7.8056	22.2510	66.5123
8.8529	18.3691	6.5633	17.2900	58.1040
8.2157	165.6738	8.7295	34.4971	71.7190
8.7079	103.7988	8.4755	18.9404	73.8041
8.1322	222.2754	7.9669	17.5244	64.7885
8.5167	124.8926	8.9736	29.7998	76.4253
9.0155	211.9043	6.3292	31.8799	57.0610
8.7408	139.1309	7.0876	23.5400	61.9513
8.7738	224.2090	7.3475	30.6104	64.4659
8.8947	212.7832	6.4404	15.1514	57.2853
8.9342	16.7871	7.2885	28.3057	65.1172
7.7389	168.8379	8.6712	19.8682	67.1055
8.8068	196.4355	7.3609	34.9268	64.8260
8.1190	115.7520	9.1686	34.9170	74.4399
8.3651	242.3145	7.8905	28.0518	66.0047
8.3805	200.3027	8.8941	18.3740	74.5371
8.4113	82.7051	9.1216	23.0811	76.7243
8.8002	28.0371	7.5248	24.8193	66.2191
8.9650	49.6582	6.5419	29.8389	58.6480
9.0573	9.9316	6.3943	27.4463	57.9152
8.6244	205.4004	7.8960	21.5381	68.0986
9.0045	134.9121	7.0604	27.0068	63.5757
8.2047	111.8848	8.7552	28.3447	71.8335
8.3497	48.2520	8.8180	23.8330	73.6278
8.9364	226.1426	7.7116	25.8252	68.9141
9.1210	0.9668	6.9038	19.5264	62.9693
8.6837	27.1582	8.6360	18.5889	74.9923
8.2596	149.5020	7.8090	26.7920	64.5000
9.0045	134.9121	7.0604	27.0068	63.5757
8.8090	24.5215	6.5389	23.6084	57.6010
8.7716	232.9980	7.7789	28.0420	68.2338
9.1012	45.7910	6.4187	15.6104	58.4179
8.4354	191.6895	8.9295	24.6143	75.3238
8.9012	322.2949	7.5705	19.4189	67.3873
8.6354	316.3184	8.2854	34.4287	71.5479
8.1981	63.5449	8.1304	33.7939	66.6540
9.0067	4.4824	6.2506	31.9873	56.2974
8.4552	90.4395	7.4858	26.0107	63.2942
8.8617	266.5723	8.2190	17.4365	72.8345
8.2443	208.5645	8.5876	22.5732	70.7987
8.9430	155.3027	7.2060	34.1260	64.4432
8.3190	209.6191	9.3131	30.8350	77.4757
8.2047	111.8848	8.7552	28.3447	71.8335
8.5453	291.8848	8.3873	18.3447	71.6723
7.8597	118.9160	8.8432	24.0479	69.5051
8.5387	89.2090	7.1669	21.8896	61.1959
8.8002	28.0371	7.5248	24.8193	66.2191
8.4530	166.9043	8.0173	29.3799	67.7705
7.6730	147.3926	8.9154	23.5498	68.4077
8.2157	165.6738	8.7295	34.4971	71.7190
8.3190	209.6191	9.3131	30.8350	77.4757
8.2838	240.5566	8.7717	27.2412	72.6629
9.1210	0.9668	6.9038	19.5264	62.9693
8.1190	115.7520	9.1686	34.9170	74.4399
8.2047	111.8848	8.7552	28.3447	71.8335
8.9012	322.2949	7.5705	19.4189	67.3873
7.9520	122.6074	9.6380	21.4502	76.6417
8.8309	1.6699	8.2503	16.5186	72.8579
8.8353	261.4746	8.3567	15.6494	73.8346
