7.0490	337.9395	10.4561	19.7607	73.7049
6.4886	307.3535	11.3149	22.6709	73.4185
6.9984	191.8652	10.8788	31.0303	76.1344
6.6622	183.2520	11.3824	18.6670	75.8319
5.8185	199.2480	12.8916	27.5830	75.0095
6.8204	161.2793	11.1810	17.8174	76.2593
7.0577	115.0488	10.0587	24.1846	70.9915
6.5106	198.5449	12.2451	26.2939	79.7230
6.2777	42.9785	13.4348	20.1416	84.3397
6.0844	173.7598	12.6479	31.3428	76.9542
6.9501	311.9238	10.6259	27.3779	73.8510
6.1305	20.3027	12.4801	21.6260	76.5093
6.4974	218.0566	11.1543	25.9912	72.4742
6.3304	154.0723	12.0656	28.8135	76.3805
6.9523	253.3887	10.4533	27.5342	72.6743
6.7545	314.9121	11.9550	17.0068	80.7503
6.8402	2.0215	11.1973	32.3584	76.5922
6.1283	241.7871	11.9667	20.8057	73.3354
6.9808	193.2715	11.6371	22.0166	81.2369
6.8226	99.0527	11.6822	21.0010	79.7035
5.9371	197.6660	14.1957	15.3271	84.2815
6.9698	203.6426	11.3381	32.9248	79.0246
6.9677	21.3574	10.7172	15.4248	74.6739
6.1525	94.6582	13.0611	32.3389	80.3583
7.0358	157.4121	9.8609	15.7568	69.3793
6.7853	248.4668	11.0058	34.2236	74.6771
6.3414	104.6777	11.8886	25.6885	75.3906
6.7369	71.8066	10.6015	30.3662	71.4217
6.3722	237.9199	11.8036	15.3564	75.2147
6.8204	161.2793	11.1810	17.8174	76.2593
6.7743	145.9863	11.0753	32.8467	75.0276
5.6669	138.9551	13.8520	17.5439	78.4973
6.0931	92.9004	12.3676	29.7119	75.3576
6.3260	112.0605	13.0724	24.7607	82.6968
6.3876	266.9238	12.3409	19.8779	78.8285
6.9677	21.3574	10.7172	15.4248	74.6739
5.8185	199.2480	12.8916	27.5830	75.0095
6.3151	276.9434	13.3740	18.4912	84.4574
5.9371	197.6660	14.1957	15.3271	84.2815
6.2338	53.3496	12.3533	27.8369	77.0075
6.1525	94.6582	13.0611	32.3389	80.3583
6.9852	118.3887	11.0160	15.0342	76.9495
6.0844	173.7598	12.6479	31.3428	76.9542
6.6930	24.6973	12.0420	25.8740	80.5970
7.0533	85.8691	11.2364	23.9600	79.2543
6.8248	61.9629	10.4940	20.1807	71.6197
6.0514	236.1621	13.4402	22.6318	81.3317
6.7413	44.7363	10.9814	15.9717	74.0292
6.6622	183.2520	11.3824	18.6670	75.8319
6.9742	132.8027	11.8229	17.8760	82.4560
5.9767	131.2207	13.7132	21.5674	81.9595
6.7545	314.9121	11.9550	17.0068	80.7503
6.5018	8.8770	11.2094	33.3545	72.8819
7.0182	274.3066	10.3824	15.8838	72.8660
6.9171	13.7988	10.6101	26.0596	73.3913
6.4139	277.4707	12.7623	24.6924	81.8565
6.3414	104.6777	11.8886	25.6885	75.3906
6.9742	132.8027	11.8229	17.8760	82.4560
6.0074	248.2910	12.8885	30.6396	77.4267
6.4513	182.3730	11.7029	26.0205	75.4989
6.5721	255.4980	12.3339	34.2920	81.0600
6.7435	15.3809	11.6657	28.3350	78.6681
6.4821	70.9277	11.8938	16.3135	77.0962
6.7589	321.7676	11.5927	33.6377	78.3540
6.8226	99.0527	11.6822	21.0010	79.7035
6.5721	255.4980	12.3339	34.2920	81.0600
6.2645	347.6074	11.6677	28.9502	73.0927
6.7743	145.9863	11.0753	32.8467	75.0276
6.6227	7.8223	12.0968	33.0615	80.1130
6.3239	172.3535	12.6445	19.8291	79.9616
6.7413	44.7363	10.9814	15.9717	74.0292
6.5216	52.9980	12.1169	18.0420	79.0216
7.0358	157.4121	9.8609	15.7568	69.3793
6.8710	179.0332	11.6714	29.5264	80.1941
5.9877	196.9629	13.9512	32.3193	83.5353
6.9677	21.3574	10.7172	15.4248	74.6739
6.1854	348.3105	12.2371	15.3857	75.6919
6.9545	350.2441	10.6982	21.7725	74.4002
6.2360	90.6152	13.0645	27.9053	81.4695
6.8885	337.0605	11.3843	32.2607	78.4213
6.4908	319.1309	12.9245	33.5400	83.8912
5.7701	146.3379	13.3296	21.1182	76.9139
6.4293	280.4590	12.2498	21.2646	78.7579
7.0072	312.2754	10.9696	17.4756	76.8663
5.6251	155.6543	14.4558	32.5049	81.3155
7.0533	85.8691	11.2364	23.9600	79.2543
5.7174	133.5059	14.7550	30.1025	84.3603
6.2909	172.0020	13.1779	20.5420	82.9010
6.9127	52.1191	11.6365	32.0850	80.4397
6.0668	266.3965	12.2685	16.7041	74.4303
6.7941	91.6699	12.2684	31.5186	83.3526
6.3326	281.3379	12.8915	33.6182	81.6373
6.4293	280.4590	12.2498	21.2646	78.7579
6.9698	203.6426	11.3381	32.9248	79.0246
6.8380	231.0645	10.3079	31.1768	70.4858
5.9569	173.4082	13.3209	32.9639	79.3513
6.1283	241.7871	11.9667	20.8057	73.3354
7.0577	115.0488	10.0587	24.1846	70.9915
6.5194	308.4082	12.8828	25.4639	83.9880
6.8380	231.0645	10.3079	31.1768	70.4858
5.9811	84.4629	13.0262	33.9307	77.9106
6.9742	132.8027	11.8229	17.8760	82.4560
6.1854	348.3105	12.2371	15.3857	75.6919
7.0072	312.2754	10.9696	17.4756	76.8663
6.3722	237.9199	11.8036	15.3564	75.2147
5.6273	172.1777	13.5507	23.0615	76.2544
6.5282	120.6738	12.5439	16.9971	81.8890
6.5656	98.1738	10.9108	28.2471	71.6353
6.6710	264.1113	11.6612	28.7842	77.7918
6.5106	198.5449	12.2451	26.2939	79.7230
6.2931	353.4082	12.3266	22.9639	77.5725
6.9171	13.7988	10.6101	26.0596	73.3913
6.5612	291.0059	10.9728	31.1475	71.9943
6.4491	190.2832	13.0474	16.0986	84.1439
6.4886	307.3535	11.3149	22.6709	73.4185
6.2294	273.9551	12.1638	34.9561	75.7731
6.3612	137.3730	12.4982	33.5205	79.5034
6.4952	109.9512	12.5012	26.6846	81.1983
6.2448	305.0684	12.3350	20.0537	77.0288
6.0558	139.4824	13.4563	29.4873	81.4883
6.2250	252.5098	12.5384	23.0322	78.0510
6.7743	145.9863	11.0753	32.8467	75.0276
6.1722	196.0840	12.6576	33.4521	78.1255
6.6710	264.1113	11.6612	28.7842	77.7918
6.5282	120.6738	12.5439	16.9971	81.8890
6.9786	320.1855	10.8234	26.8018	75.5327
6.4513	182.3730	11.7029	26.0205	75.4989
6.4249	318.0762	12.8685	27.6221	82.6789
6.5919	166.3770	11.2809	22.8955	74.3626
6.7589	321.7676	11.5927	33.6377	78.3540
6.9677	21.3574	10.7172	15.4248	74.6739
6.3151	276.9434	13.3740	18.4912	84.4574
6.5282	120.6738	12.5439	16.9971	81.8890
6.9083	304.1895	10.2532	18.3643	70.8323
7.0577	115.0488	10.0587	24.1846	70.9915
6.9611	172.5293	10.4782	29.6924	72.9395
6.5809	178.3301	11.4213	23.4814	75.1626
6.4667	34.1895	12.0181	33.3643	77.7170
6.0558	139.4824	13.4563	29.4873	81.4883
6.1041	158.8184	12.3444	33.1787	75.3518
6.7633	356.5723	10.9350	32.4365	73.9566
6.4008	137.1973	11.6568	32.8760	74.6125
6.7941	91.6699	12.2684	31.5186	83.3526
6.1525	94.6582	13.0611	32.3389	80.3583
6.5677	260.0684	11.6244	32.4463	76.3462
6.0558	139.4824	13.4563	29.4873	81.4883
6.3942	283.2715	11.4959	32.9834	73.5069
6.9698	203.6426	11.3381	32.9248	79.0246
6.5897	158.4668	11.2655	19.2236	74.2365
6.6622	183.2520	11.3824	18.6670	75.8319
6.8402	2.0215	11.1973	32.3584	76.5922
6.8864	217.3535	10.9563	27.6709	75.4491
6.0074	248.2910	12.8885	30.6396	77.4267
6.7369	71.8066	10.6015	30.3662	71.4217
6.0536	173.2324	12.3008	16.1377	74.4637
6.2623	16.9629	11.6963	22.3193	73.2459
6.2645	347.6074	11.6677	28.9502	73.0927
6.2909	172.0020	13.1779	20.5420	82.9010
6.7303	237.2168	11.7810	30.1514	79.2900
6.9149	337.2363	11.5908	22.7783	80.1495
7.0094	253.7402	9.9620	17.4072	69.8280
6.4930	56.5137	11.7119	24.0967	76.0458
6.9545	350.2441	10.6982	21.7725	74.4002
6.1481	282.0410	12.4689	25.0146	76.6595
6.2294	273.9551	12.1638	34.9561	75.7731
6.8885	337.0605	11.3843	32.2607	78.4213
5.8185	199.2480	12.8916	27.5830	75.0095
6.5458	190.1074	11.9833	22.2998	78.4401
6.1854	348.3105	12.2371	15.3857	75.6919
6.9545	350.2441	10.6982	21.7725	74.4002
6.7413	44.7363	10.9814	15.9717	74.0292
6.6425	290.1270	11.6541	17.7295	77.4119
7.0621	252.3340	10.8194	19.6729	76.4081
6.3151	276.9434	13.3740	18.4912	84.4574
6.8644	108.5449	10.3265	18.7061	70.8848
6.5018	8.8770	11.2094	33.3545	72.8819
6.1305	20.3027	12.4801	21.6260	76.5093
6.9611	172.5293	10.4782	29.6924	72.9395
6.3304	154.0723	12.0656	28.8135	76.3805
6.8226	99.0527	11.6822	21.0010	79.7035
6.1766	126.2988	11.8802	17.3096	73.3797
6.8907	54.4043	10.8455	34.3701	74.7335
6.2008	318.4277	12.6231	29.9365	78.2734
6.1481	282.0410	12.4689	25.0146	76.6595
6.4249	318.0762	12.8685	27.6221	82.6789
5.7679	109.0723	13.7537	26.3135	79.3306
6.4161	354.8145	12.0355	30.6982	77.2212
6.7303	237.2168	11.7810	30.1514	79.2900
6.3260	112.0605	13.0724	24.7607	82.6968
5.9811	84.4629	13.0262	33.9307	77.9106
6.1525	94.6582	13.0611	32.3389	80.3583
6.2008	318.4277	12.6231	29.9365	78.2734
6.1898	232.8223	13.5399	34.4385	83.8093
5.8185	199.2480	12.8916	27.5830	75.0095
6.0536	173.2324	12.3008	16.1377	74.4637
6.1481	282.0410	12.4689	25.0146	76.6595
6.8644	108.5449	10.3265	18.7061	70.8848
5.9371	197.6660	14.1957	15.3271	84.2815
6.7633	356.5723	10.9350	32.4365	73.9566
6.7743	145.9863	11.0753	32.8467	75.0276
