7.0490	337.9395	10.4561	19.7607	73.7049
6.4425	105.2051	11.9173	34.3311	76.7771
6.9984	191.8652	10.8788	31.0303	76.1344
6.6622	183.2520	11.3824	18.6670	75.8319
7.1105	77.6074	11.3189	33.9502	80.4825
6.8204	161.2793	11.1810	17.8174	76.2593
7.0577	115.0488	10.0587	24.1846	70.9915
6.4952	109.9512	12.5012	26.6846	81.1983
5.8602	28.3887	14.7561	20.0342	86.4738
5.6185	74.6191	15.0200	26.6650	84.3903
6.9501	311.9238	10.6259	27.3779	73.8510
5.6669	138.9551	13.8520	17.5439	78.4973
6.4821	70.9277	11.8938	16.3135	77.0962
6.0558	139.4824	13.4563	29.4873	81.4883
6.9523	253.3887	10.4533	27.5342	72.6743
6.7545	314.9121	11.9550	17.0068	80.7503
6.8402	2.0215	11.1973	32.3584	76.5922
5.6559	175.1660	15.0397	21.5771	85.0629
6.9808	193.2715	11.6371	22.0166	81.2369
6.8226	99.0527	11.6822	21.0010	79.7035
5.4625	117.5098	14.6044	19.4678	79.7769
6.9698	203.6426	11.3381	32.9248	79.0246
6.9677	21.3574	10.7172	15.4248	74.6739
5.6801	203.2910	14.1322	21.8604	80.2718
7.0358	157.4121	9.8609	15.7568	69.3793
6.7853	248.4668	11.0058	34.2236	74.6771
6.0844	173.7598	12.6479	31.3428	76.9542
6.7369	71.8066	10.6015	30.3662	71.4217
6.1722	196.0840	12.6576	33.4521	78.1255
6.8204	161.2793	11.1810	17.8174	76.2593
6.7743	145.9863	11.0753	32.8467	75.0276
5.2955	170.2441	14.9493	31.7725	79.1645
5.6251	155.6543	14.4558	32.5049	81.3155
6.0096	30.4980	14.0220	33.2080	84.2672
6.1920	89.9121	13.6431	29.5068	84.4785
6.9677	21.3574	10.7172	15.4248	74.6739
7.1105	77.6074	11.3189	33.9502	80.4825
5.9877	196.9629	13.9512	32.3193	83.5353
5.4625	117.5098	14.6044	19.4678	79.7769
5.7745	206.9824	14.9253	18.2373	86.1869
5.6801	203.2910	14.1322	21.8604	80.2718
6.9852	118.3887	11.0160	15.0342	76.9495
5.6185	74.6191	15.0200	26.6650	84.3903
6.6930	24.6973	12.0420	25.8740	80.5970
7.0533	85.8691	11.2364	23.9600	79.2543
6.8248	61.9629	10.4940	20.1807	71.6197
7.1302	324.9316	9.9363	24.9463	70.8482
6.7413	44.7363	10.9814	15.9717	74.0292
6.6622	183.2520	11.3824	18.6670	75.8319
6.9742	132.8027	11.8229	17.8760	82.4560
5.4713	105.5566	15.9623	20.2588	87.3347
6.7545	314.9121	11.9550	17.0068	80.7503
6.4930	56.5137	11.7119	24.0967	76.0458
7.0182	274.3066	10.3824	15.8838	72.8660
6.9171	13.7988	10.6101	26.0596	73.3913
6.2799	178.5059	13.0669	22.3975	82.0587
6.0844	173.7598	12.6479	31.3428	76.9542
6.9742	132.8027	11.8229	17.8760	82.4560
7.1259	140.3613	10.6453	26.8408	75.8566
6.3612	137.3730	12.4982	33.5205	79.5034
6.5721	255.4980	12.3339	34.2920	81.0600
6.7435	15.3809	11.6657	28.3350	78.6681
6.4073	111.3574	13.0262	29.5752	83.4634
6.7589	321.7676	11.5927	33.6377	78.3540
6.8226	99.0527	11.6822	21.0010	79.7035
6.5721	255.4980	12.3339	34.2920	81.0600
5.8514	217.5293	14.4504	27.1924	84.5556
6.7743	145.9863	11.0753	32.8467	75.0276
6.6227	7.8223	12.0968	33.0615	80.1130
6.0052	125.0684	13.3125	30.0537	79.9451
6.7413	44.7363	10.9814	15.9717	74.0292
6.5128	65.8301	12.4875	29.7314	81.3288
7.0358	157.4121	9.8609	15.7568	69.3793
6.8710	179.0332	11.6714	29.5264	80.1941
5.4867	176.5723	15.8478	27.5635	86.9519
6.9677	21.3574	10.7172	15.4248	74.6739
5.7460	90.9668	14.5325	25.4736	83.5036
6.9545	350.2441	10.6982	21.7725	74.4002
5.7811	1.8457	14.9739	26.2549	86.5661
6.8885	337.0605	11.3843	32.2607	78.4213
6.4491	190.2832	13.0474	16.0986	84.1439
5.4054	152.1387	15.4082	20.5908	83.2872
6.3239	172.3535	12.6445	19.8291	79.9616
7.0072	312.2754	10.9696	17.4756	76.8663
7.0643	53.8770	10.7713	19.1455	76.0921
7.0533	85.8691	11.2364	23.9600	79.2543
5.3087	117.1582	16.2647	16.4111	86.3448
5.8910	173.5840	13.6554	22.7979	80.4440
6.9127	52.1191	11.6365	32.0850	80.4397
7.1390	179.3848	10.1077	27.0947	72.1590
6.7941	91.6699	12.2684	31.5186	83.3526
6.0624	159.3457	14.1298	29.9951	85.6605
6.3239	172.3535	12.6445	19.8291	79.9616
6.9698	203.6426	11.3381	32.9248	79.0246
6.8380	231.0645	10.3079	31.1768	70.4858
5.4647	68.4668	16.0016	25.7764	87.4443
5.6559	175.1660	15.0397	21.5771	85.0629
7.0577	115.0488	10.0587	24.1846	70.9915
6.5106	198.5449	12.2451	26.2939	79.7230
6.8380	231.0645	10.3079	31.1768	70.4858
7.1237	293.9941	10.5347	31.3525	75.0454
6.9742	132.8027	11.8229	17.8760	82.4560
5.7460	90.9668	14.5325	25.4736	83.5036
7.0072	312.2754	10.9696	17.4756	76.8663
6.1722	196.0840	12.6576	33.4521	78.1255
5.2867	182.1973	14.3873	24.6240	76.0620
6.5282	120.6738	12.5439	16.9971	81.8890
6.5656	98.1738	10.9108	28.2471	71.6353
6.6710	264.1113	11.6612	28.7842	77.7918
6.4952	109.9512	12.5012	26.6846	81.1983
5.9283	355.8691	14.2782	18.9600	84.6460
6.9171	13.7988	10.6101	26.0596	73.3913
6.5612	291.0059	10.9728	31.1475	71.9943
6.3568	184.3066	12.8825	29.1162	81.8913
6.4425	105.2051	11.9173	34.3311	76.7771
5.7701	146.3379	13.3296	21.1182	76.9139
6.1217	61.7871	13.6808	19.1943	83.7499
6.4535	231.4160	12.4385	20.2979	80.2717
5.8383	272.1973	14.6364	19.6240	85.4513
5.5262	127.7051	15.1993	24.4189	83.9950
5.7679	109.0723	13.7537	26.3135	79.3306
6.7743	145.9863	11.0753	32.8467	75.0276
5.6888	111.0059	15.1215	28.8525	86.0237
6.6710	264.1113	11.6612	28.7842	77.7918
6.5282	120.6738	12.5439	16.9971	81.8890
6.9786	320.1855	10.8234	26.8018	75.5327
6.3612	137.3730	12.4982	33.5205	79.5034
6.2997	69.1699	13.5153	32.7686	85.1423
6.5919	166.3770	11.2809	22.8955	74.3626
6.7589	321.7676	11.5927	33.6377	78.3540
6.9677	21.3574	10.7172	15.4248	74.6739
5.9877	196.9629	13.9512	32.3193	83.5353
6.5282	120.6738	12.5439	16.9971	81.8890
6.9083	304.1895	10.2532	18.3643	70.8323
7.0577	115.0488	10.0587	24.1846	70.9915
6.9611	172.5293	10.4782	29.6924	72.9395
6.5809	178.3301	11.4213	23.4814	75.1626
6.4008	137.1973	11.6568	32.8760	74.6125
5.5262	127.7051	15.1993	24.4189	83.9950
5.6339	128.2324	15.0349	18.6377	84.7051
6.7633	356.5723	10.9350	32.4365	73.9566
6.2711	211.5527	13.0371	32.2510	81.7571
6.7941	91.6699	12.2684	31.5186	83.3526
5.6801	203.2910	14.1322	21.8604	80.2718
6.5677	260.0684	11.6244	32.4463	76.3462
5.5262	127.7051	15.1993	24.4189	83.9950
6.2140	137.5488	12.5909	32.0654	78.2395
6.9698	203.6426	11.3381	32.9248	79.0246
6.5897	158.4668	11.2655	19.2236	74.2365
6.6622	183.2520	11.3824	18.6670	75.8319
6.8402	2.0215	11.1973	32.3584	76.5922
6.8864	217.3535	10.9563	27.6709	75.4491
7.1259	140.3613	10.6453	26.8408	75.8566
6.7369	71.8066	10.6015	30.3662	71.4217
5.5175	159.8730	15.4137	32.7295	85.0442
5.8448	66.3574	14.4922	22.0752	84.7044
5.8514	217.5293	14.4504	27.1924	84.5556
5.8910	173.5840	13.6554	22.7979	80.4440
6.7303	237.2168	11.7810	30.1514	79.2900
6.9149	337.2363	11.5908	22.7783	80.1495
7.0094	253.7402	9.9620	17.4072	69.8280
6.4513	182.3730	11.7029	26.0205	75.4989
6.9545	350.2441	10.6982	21.7725	74.4002
5.6735	135.6152	14.7526	19.5947	83.6983
5.7701	146.3379	13.3296	21.1182	76.9139
6.8885	337.0605	11.3843	32.2607	78.4213
7.1105	77.6074	11.3189	33.9502	80.4825
6.5458	190.1074	11.9833	22.2998	78.4401
5.7460	90.9668	14.5325	25.4736	83.5036
6.9545	350.2441	10.6982	21.7725	74.4002
6.7413	44.7363	10.9814	15.9717	74.0292
6.6425	290.1270	11.6541	17.7295	77.4119
7.0621	252.3340	10.8194	19.6729	76.4081
5.9877	196.9629	13.9512	32.3193	83.5353
6.8644	108.5449	10.3265	18.7061	70.8848
6.4930	56.5137	11.7119	24.0967	76.0458
5.6669	138.9551	13.8520	17.5439	78.4973
6.9611	172.5293	10.4782	29.6924	72.9395
6.0558	139.4824	13.4563	29.4873	81.4883
6.8226	99.0527	11.6822	21.0010	79.7035
5.7174	133.5059	14.7550	30.1025	84.3603
6.8907	54.4043	10.8455	34.3701	74.7335
5.7570	123.4863	13.9356	15.9033	80.2267
5.6735	135.6152	14.7526	19.5947	83.6983
6.2997	69.1699	13.5153	32.7686	85.1423
5.4032	149.3262	14.9558	31.9971	80.8090
6.2909	172.0020	13.1779	20.5420	82.9010
6.7303	237.2168	11.7810	30.1514	79.2900
6.0096	30.4980	14.0220	33.2080	84.2672
7.1237	293.9941	10.5347	31.3525	75.0454
5.6801	203.2910	14.1322	21.8604	80.2718
5.7570	123.4863	13.9356	15.9033	80.2267
5.7482	171.1230	14.4381	23.3545	82.9924
7.1105	77.6074	11.3189	33.9502	80.4825
5.5175	159.8730	15.4137	32.7295	85.0442
5.6735	135.6152	14.7526	19.5947	83.6983
6.8644	108.5449	10.3265	18.7061	70.8848
5.4625	117.5098	14.6044	19.4678	79.7769
6.7633	356.5723	10.9350	32.4365	73.9566
6.7743	145.9863	11.0753	32.8467	75.0276
