6.1832	86.3965	13.3790	23.2959	82.7253
5.5504	35.7715	15.6663	23.2666	86.9545
6.1569	272.9004	13.2799	30.2881	81.7624
5.7701	146.3379	13.3296	21.1182	76.9139
6.2250	252.5098	12.5384	23.0322	78.0510
5.9283	355.8691	14.2782	18.9600	84.6460
6.1920	89.9121	13.6431	29.5068	84.4785
5.6251	155.6543	14.4558	32.5049	81.3155
5.3417	235.8105	15.3943	21.6357	82.2315
5.1967	94.1309	14.4111	33.9600	74.8894
6.0844	173.7598	12.6479	31.3428	76.9542
5.2362	47.3730	15.6327	31.4795	81.8561
5.6097	61.0840	14.4995	15.9521	81.3384
5.4032	149.3262	14.9558	31.9971	80.8090
6.0931	92.9004	12.3676	29.7119	75.3576
5.8580	54.7559	14.6455	24.2725	85.7936
5.9591	7.9980	12.4696	30.5420	74.3075
5.2340	96.4160	15.3683	27.7979	80.4379
6.1327	240.0293	13.8871	20.9424	85.1653
5.9371	197.6660	14.1957	15.3271	84.2815
5.1154	59.5020	16.9622	21.7920	86.7677
6.1217	61.7871	13.6808	19.1943	83.7499
6.1151	297.6855	13.5419	31.9482	82.8102
5.2406	73.7402	15.6855	22.5928	82.2012
6.1766	126.2988	11.8802	17.3096	73.3797
5.8910	173.5840	13.6554	22.7979	80.4440
5.4120	308.9355	15.5031	28.8232	83.9027
5.8448	66.3574	14.4922	22.0752	84.7044
5.4274	80.9473	13.9653	18.9990	75.7947
5.9283	355.8691	14.2782	18.9600	84.6460
5.8888	42.6270	13.1493	26.4795	77.4337
5.0428	167.7832	16.8453	22.6514	84.9485
5.2054	64.0723	16.1816	26.1865	84.2323
5.3966	217.0020	15.4077	23.0420	83.1492
5.4537	8.3496	14.9823	25.3369	81.7097
6.1151	297.6855	13.5419	31.9482	82.8102
6.2250	252.5098	12.5384	23.0322	78.0510
5.3812	309.9902	16.3205	29.2822	87.8246
5.1154	59.5020	16.9622	21.7920	86.7677
5.3087	117.1582	16.2647	16.4111	86.3448
5.2406	73.7402	15.6855	22.5928	82.2012
6.1437	289.4238	13.7394	21.3721	84.4103
5.1967	94.1309	14.4111	33.9600	74.8894
5.8097	257.0801	14.5977	27.8564	84.8079
6.1854	348.3105	12.2371	15.3857	75.6919
5.9437	84.9902	12.9503	23.2178	76.9730
6.2623	16.9629	11.6963	22.3193	73.2459
5.8514	217.5293	14.4504	27.1924	84.5556
5.7701	146.3379	13.3296	21.1182	76.9139
6.1283	241.7871	11.9667	20.8057	73.3354
5.1285	20.4785	16.6199	33.8916	85.2358
5.8580	54.7559	14.6455	24.2725	85.7936
5.6185	74.6191	15.0200	26.6650	84.3903
6.1700	114.8730	12.3053	20.2295	75.9240
6.0558	139.4824	13.4563	29.4873	81.4883
5.4735	87.4512	14.7448	34.5654	80.7056
5.4120	308.9355	15.5031	28.8232	83.9027
6.1283	241.7871	11.9667	20.8057	73.3354
6.2360	90.6152	13.0645	27.9053	81.4695
5.5131	251.8066	15.4146	29.6338	84.9819
5.7174	133.5059	14.7550	30.1025	84.3603
5.8536	129.8145	14.1997	21.8018	83.1197
5.5262	127.7051	15.1993	24.4189	83.9950
5.8602	28.3887	14.7561	20.0342	86.4738
5.9371	197.6660	14.1957	15.3271	84.2815
5.7174	133.5059	14.7550	30.1025	84.3603
5.3307	40.6934	15.4468	18.3838	82.3422
5.8888	42.6270	13.1493	26.4795	77.4337
5.7657	215.5957	14.2217	20.6299	81.9989
5.3944	321.5918	16.2590	20.4639	87.7078
5.8514	217.5293	14.4504	27.1924	84.5556
5.6361	101.1621	13.6001	25.1318	76.6514
6.1766	126.2988	11.8802	17.3096	73.3797
5.9877	196.9629	13.9512	32.3193	83.5353
5.1615	167.4316	15.3198	26.3037	79.0732
6.1151	297.6855	13.5419	31.9482	82.8102
5.2648	298.3887	16.7677	24.9658	88.2781
6.0997	131.7480	12.6725	16.1670	77.2990
5.3153	167.0801	14.4261	17.1436	76.6791
6.0096	30.4980	14.0220	33.2080	84.2672
5.5526	287.3145	15.0811	25.5518	83.7395
5.0736	33.8379	16.5382	27.6318	83.9082
5.4801	255.1465	16.0336	23.5791	87.8656
6.1591	350.4199	12.9999	15.8936	80.0669
6.2008	318.4277	12.6231	29.9365	78.2734
6.1854	348.3105	12.2371	15.3857	75.6919
5.0604	78.3105	15.6134	29.6143	79.0104
5.3461	59.6777	15.6448	16.8115	83.6382
6.0514	236.1621	13.4402	22.6318	81.3317
6.2645	347.6074	11.6677	28.9502	73.0927
5.9086	75.3223	13.7589	15.6885	81.2956
5.4054	152.1387	15.4082	20.5908	83.2872
5.4801	255.1465	16.0336	23.5791	87.8656
6.1217	61.7871	13.6808	19.1943	83.7499
5.9569	173.4082	13.3209	32.9639	79.3513
5.1198	144.9316	15.7112	15.0537	80.4375
5.2340	96.4160	15.3683	27.7979	80.4379
6.1920	89.9121	13.6431	29.5068	84.4785
5.6339	128.2324	15.0349	18.6377	84.7051
5.9569	173.4082	13.3209	32.9639	79.3513
6.2338	53.3496	12.3533	27.8369	77.0075
6.1283	241.7871	11.9667	20.8057	73.3354
5.2648	298.3887	16.7677	24.9658	88.2781
6.1591	350.4199	12.9999	15.8936	80.0669
5.4274	80.9473	13.9653	18.9990	75.7947
5.0297	100.6348	17.4122	17.7197	87.5777
5.6449	345.1465	15.4902	28.5791	87.4405
5.6844	81.8262	15.0761	31.7529	85.6991
5.7811	1.8457	14.9739	26.2549	86.5661
5.6251	155.6543	14.4558	32.5049	81.3155
5.3571	340.9277	15.7803	21.3135	84.5359
6.0558	139.4824	13.4563	29.4873	81.4883
5.6735	135.6152	14.7526	19.5947	83.6983
5.5087	135.2637	15.8111	24.0283	87.0982
5.5504	35.7715	15.6663	23.2666	86.9545
5.3065	109.2480	16.1322	27.4170	85.6056
5.4230	32.6074	15.1332	16.4502	82.0672
5.5768	32.2559	14.7302	30.5225	82.1474
5.3197	92.7246	14.7840	34.9756	78.6465
5.1879	72.3340	14.8281	29.6729	76.9261
5.3021	88.6816	16.4603	16.9287	87.2745
5.8888	42.6270	13.1493	26.4795	77.4337
5.2516	11.8652	16.6803	28.9697	87.5981
5.7811	1.8457	14.9739	26.2549	86.5661
5.6449	345.1465	15.4902	28.5791	87.4405
6.1305	20.3027	12.4801	21.6260	76.5093
5.5131	251.8066	15.4146	29.6338	84.9819
5.4779	108.3691	14.1920	27.7100	77.7426
5.7504	62.6660	13.9237	17.8271	80.0661
5.8602	28.3887	14.7561	20.0342	86.4738
6.1151	297.6855	13.5419	31.9482	82.8102
5.3812	309.9902	16.3205	29.2822	87.8246
5.6449	345.1465	15.4902	28.5791	87.4405
6.0492	221.5723	13.0244	30.0635	78.7871
6.1920	89.9121	13.6431	29.5068	84.4785
6.1019	257.9590	13.1786	34.9854	80.4151
5.7438	219.9902	15.2032	34.2822	87.3238
5.5175	159.8730	15.4137	32.7295	85.0442
5.1879	72.3340	14.8281	29.6729	76.9261
5.2164	194.6777	15.2648	29.3115	79.6279
5.8822	42.2754	14.3459	27.5244	84.3853
5.4647	68.4668	16.0016	25.7764	87.4443
5.9086	75.3223	13.7589	15.6885	81.2956
5.2406	73.7402	15.6855	22.5928	82.2012
5.6888	111.0059	15.1215	28.8525	86.0237
5.1879	72.3340	14.8281	29.6729	76.9261
5.4625	117.5098	14.6044	19.4678	79.7769
6.1217	61.7871	13.6808	19.1943	83.7499
5.7482	171.1230	14.4381	23.3545	82.9924
5.7701	146.3379	13.3296	21.1182	76.9139
5.9591	7.9980	12.4696	30.5420	74.3075
6.0074	248.2910	12.8885	30.6396	77.4267
6.2360	90.6152	13.0645	27.9053	81.4695
5.8448	66.3574	14.4922	22.0752	84.7044
5.1813	185.0098	15.6413	18.2178	81.0420
5.3241	280.2832	16.4236	31.0986	87.4410
5.3307	40.6934	15.4468	18.3838	82.3422
5.3461	59.6777	15.6448	16.8115	83.6382
5.8207	100.4590	13.3977	18.7354	77.9837
6.0536	173.2324	12.3008	16.1377	74.4637
6.1635	334.7754	13.5018	28.7256	83.2177
5.5680	65.3027	15.4182	29.1260	85.8487
6.0997	131.7480	12.6725	16.1670	77.2990
5.2384	214.7168	15.9606	21.4014	83.6081
5.3065	109.2480	16.1322	27.4170	85.6056
6.0096	30.4980	14.0220	33.2080	84.2672
6.2250	252.5098	12.5384	23.0322	78.0510
5.6713	81.6504	14.0414	20.3369	79.6326
5.2648	298.3887	16.7677	24.9658	88.2781
6.0997	131.7480	12.6725	16.1670	77.2990
5.8514	217.5293	14.4504	27.1924	84.5556
5.7679	109.0723	13.7537	26.3135	79.3306
6.1964	353.2324	13.3467	23.8623	82.7019
5.3812	309.9902	16.3205	29.2822	87.8246
5.9767	131.2207	13.7132	21.5674	81.9595
5.6185	74.6191	15.0200	26.6650	84.3903
5.2362	47.3730	15.6327	31.4795	81.8561
6.1019	257.9590	13.1786	34.9854	80.4151
5.4032	149.3262	14.9558	31.9971	80.8090
5.9371	197.6660	14.1957	15.3271	84.2815
5.2538	17.8418	16.9935	16.0889	89.2804
6.0118	195.9082	12.9046	19.2139	77.5802
5.2889	7.4707	16.1385	30.3076	85.3557
5.2384	214.7168	15.9606	21.4014	83.6081
5.4779	108.3691	14.1920	27.7100	77.7426
5.0692	130.5176	16.5709	15.5127	84.0014
5.4757	34.0137	16.0297	22.8467	87.7738
5.8207	100.4590	13.3977	18.7354	77.9837
5.3966	217.0020	15.4077	23.0420	83.1492
6.2338	53.3496	12.3533	27.8369	77.0075
5.2406	73.7402	15.6855	22.5928	82.2012
5.2889	7.4707	16.1385	30.3076	85.3557
5.2736	232.4707	16.7926	17.8076	88.5567
6.2250	252.5098	12.5384	23.0322	78.0510
5.1813	185.0098	15.6413	18.2178	81.0420
5.2384	214.7168	15.9606	21.4014	83.6081
5.9767	131.2207	13.7132	21.5674	81.9595
5.1154	59.5020	16.9622	21.7920	86.7677
5.8822	42.2754	14.3459	27.5244	84.3853
5.8888	42.6270	13.1493	26.4795	77.4337
