7.2863	172.7051	9.9979	21.9189	72.8471
6.7369	71.8066	10.6015	30.3662	71.4217
7.2577	330.0293	10.5108	15.9424	76.2845
6.8995	243.0176	11.5491	16.7627	79.6833
7.3368	349.0137	10.4297	29.6533	76.5206
6.9808	193.2715	11.6371	22.0166	81.2369
7.3016	323.7012	11.0040	27.6904	80.3469
6.7743	145.9863	11.0753	32.8467	75.0276
6.2997	69.1699	13.5153	32.7686	85.1423
5.7570	123.4863	13.9356	15.9033	80.2267
7.1390	179.3848	10.1077	27.0947	72.1590
5.8910	173.5840	13.6554	22.7979	80.4440
6.7589	321.7676	11.5927	33.6377	78.3540
6.4073	111.3574	13.0262	29.5752	83.4634
7.1434	46.6699	10.8147	25.9814	77.2540
6.9523	253.3887	10.4533	27.5342	72.6743
6.9984	191.8652	10.8788	31.0303	76.1344
5.8536	129.8145	14.1997	21.8018	83.1197
7.2203	79.3652	10.7719	22.2803	77.7766
6.9852	118.3887	11.0160	15.0342	76.9495
5.6361	101.1621	13.6001	25.1318	76.6514
7.1852	37.1777	11.2314	19.4385	80.6995
7.1808	49.4824	10.0800	24.4873	72.3825
5.9767	131.2207	13.7132	21.5674	81.9595
7.2775	184.6582	9.6849	17.3389	70.4815
6.9677	21.3574	10.7172	15.4248	74.6739
6.4491	190.2832	13.0474	16.0986	84.1439
6.9347	12.9199	11.2214	22.8564	77.8170
6.5128	65.8301	12.4875	29.7314	81.3288
6.9808	193.2715	11.6371	22.0166	81.2369
6.9633	357.8027	11.2602	34.6240	78.4076
5.4625	117.5098	14.6044	19.4678	79.7769
5.7614	127.3535	14.3326	17.3291	82.5750
6.4008	137.1973	11.6568	32.8760	74.6125
6.5392	176.2207	12.0568	24.0674	78.8417
7.1808	49.4824	10.0800	24.4873	72.3825
7.3368	349.0137	10.4297	29.6533	76.5206
6.3568	184.3066	12.8825	29.1162	81.8913
5.6361	101.1621	13.6001	25.1318	76.6514
6.1766	126.2988	11.8802	17.3096	73.3797
5.9767	131.2207	13.7132	21.5674	81.9595
7.2313	199.4238	10.4337	16.3721	75.4497
5.7570	123.4863	13.9356	15.9033	80.2267
6.9171	13.7988	10.6101	26.0596	73.3913
7.2906	83.7598	9.6234	26.3428	70.1605
6.9874	356.9238	9.9572	34.8779	69.5751
7.3829	26.2793	10.7429	20.3174	79.3140
6.9391	213.1348	11.6159	23.5303	80.6040
6.8995	243.0176	11.5491	16.7627	79.6833
7.2050	204.8730	9.9660	24.7705	71.8045
5.6559	175.1660	15.0397	21.5771	85.0629
6.9523	253.3887	10.4533	27.5342	72.6743
6.7633	356.5723	10.9350	32.4365	73.9566
7.2731	12.0410	9.7152	20.0146	70.6592
7.1105	77.6074	11.3189	33.9502	80.4825
6.5875	207.5098	11.2281	15.5322	73.9657
6.4491	190.2832	13.0474	16.0986	84.1439
7.2050	204.8730	9.9660	24.7705	71.8045
7.3522	216.4746	10.4739	18.1494	77.0057
6.6820	114.6973	10.8128	30.8740	72.2509
6.8600	104.1504	11.3870	24.0869	78.1148
6.9501	311.9238	10.6259	27.3779	73.8510
6.7303	237.2168	11.7810	30.1514	79.2900
6.9545	350.2441	10.6982	21.7725	74.4002
6.9852	118.3887	11.0160	15.0342	76.9495
6.8600	104.1504	11.3870	24.0869	78.1148
6.2360	90.6152	13.0645	27.9053	81.4695
6.9633	357.8027	11.2602	34.6240	78.4076
6.8885	337.0605	11.3843	32.2607	78.4213
6.3612	137.3730	12.4982	33.5205	79.5034
6.9391	213.1348	11.6159	23.5303	80.6040
6.7941	91.6699	12.2684	31.5186	83.3526
7.2775	184.6582	9.6849	17.3389	70.4815
7.0358	157.4121	9.8609	15.7568	69.3793
5.6669	138.9551	13.8520	17.5439	78.4973
7.1808	49.4824	10.0800	24.4873	72.3825
6.0558	139.4824	13.4563	29.4873	81.4883
7.1522	246.5332	10.8274	26.7236	77.4397
6.1832	86.3965	13.3790	23.2959	82.7253
7.0621	252.3340	10.8194	19.6729	76.4081
6.7413	44.7363	10.9814	15.9717	74.0292
5.6185	74.6191	15.0200	26.6650	84.3903
6.6051	194.8535	11.1754	31.4209	73.8146
7.2599	332.3145	11.2293	16.9482	81.5238
7.3104	258.3105	9.8057	19.6143	71.6839
7.2906	83.7598	9.6234	26.3428	70.1605
5.4779	108.3691	14.1920	27.7100	77.7426
6.3260	112.0605	13.0724	24.7607	82.6968
7.0951	268.5059	10.2762	27.3975	72.9103
7.3873	253.0371	10.8200	32.6807	79.9311
6.9720	140.7129	11.3095	15.4443	78.8504
6.4337	152.8418	11.5921	21.4111	74.5802
6.6051	194.8535	11.1754	31.4209	73.8146
7.1852	37.1777	11.2314	19.4385	80.6995
6.9962	162.1582	11.2003	26.0889	78.3600
5.6427	134.5605	15.2941	23.5107	86.3002
5.8536	129.8145	14.1997	21.8018	83.1197
7.3016	323.7012	11.0040	27.6904	80.3469
6.7897	351.4746	12.1620	20.6494	82.5760
6.9962	162.1582	11.2003	26.0889	78.3600
7.3456	238.6230	10.4815	29.6045	76.9924
7.2050	204.8730	9.9660	24.7705	71.8045
6.0558	139.4824	13.4563	29.4873	81.4883
7.2599	332.3145	11.2293	16.9482	81.5238
6.5128	65.8301	12.4875	29.7314	81.3288
5.4186	129.4629	14.8535	18.5693	80.4847
6.8160	245.4785	11.5555	28.6084	78.7629
6.8380	231.0645	10.3079	31.1768	70.4858
6.9127	52.1191	11.6365	32.0850	80.4397
6.7743	145.9863	11.0753	32.8467	75.0276
6.3304	154.0723	12.0656	28.8135	76.3805
7.1105	77.6074	11.3189	33.9502	80.4825
6.8336	283.4473	11.6200	19.7510	79.4064
6.6710	264.1113	11.6612	28.7842	77.7918
6.7369	71.8066	10.6015	30.3662	71.4217
6.1700	114.8730	12.3053	20.2295	75.9240
6.4952	109.9512	12.5012	26.6846	81.1983
6.7545	314.9121	11.9550	17.0068	80.7503
6.1920	89.9121	13.6431	29.5068	84.4785
5.7460	90.9668	14.5325	25.4736	83.5036
6.1525	94.6582	13.0611	32.3389	80.3583
6.9633	357.8027	11.2602	34.6240	78.4076
5.9877	196.9629	13.9512	32.3193	83.5353
6.9127	52.1191	11.6365	32.0850	80.4397
6.8160	245.4785	11.5555	28.6084	78.7629
7.2115	115.2246	11.2694	23.7256	81.2701
6.6820	114.6973	10.8128	30.8740	72.2509
6.5919	166.3770	11.2809	22.8955	74.3626
6.8732	278.8770	11.0618	28.3545	76.0297
6.9545	350.2441	10.6982	21.7725	74.4002
7.1808	49.4824	10.0800	24.4873	72.3825
6.3568	184.3066	12.8825	29.1162	81.8913
6.8160	245.4785	11.5555	28.6084	78.7629
7.0841	262.0020	11.5933	25.5420	82.1283
7.3016	323.7012	11.0040	27.6904	80.3469
7.1698	179.5605	11.1652	31.0107	80.0525
6.8644	108.5449	10.3265	18.7061	70.8848
6.6996	215.7715	10.9944	33.2666	73.6578
5.7460	90.9668	14.5325	25.4736	83.5036
5.7701	146.3379	13.3296	21.1182	76.9139
6.9611	172.5293	10.4782	29.6924	72.9395
6.5656	98.1738	10.9108	28.2471	71.6353
6.9720	140.7129	11.3095	15.4443	78.8504
5.9767	131.2207	13.7132	21.5674	81.9595
6.8402	2.0215	11.1973	32.3584	76.5922
5.7460	90.9668	14.5325	25.4736	83.5036
6.5458	190.1074	11.9833	22.2998	78.4401
7.1852	37.1777	11.2314	19.4385	80.6995
6.8710	179.0332	11.6714	29.5264	80.1941
6.8995	243.0176	11.5491	16.7627	79.6833
6.9984	191.8652	10.8788	31.0303	76.1344
7.0577	115.0488	10.0587	24.1846	70.9915
7.3522	216.4746	10.4739	18.1494	77.0057
6.9347	12.9199	11.2214	22.8564	77.8170
5.7174	133.5059	14.7550	30.1025	84.3603
6.2140	137.5488	12.5909	32.0654	78.2395
6.2360	90.6152	13.0645	27.9053	81.4695
6.3260	112.0605	13.0724	24.7607	82.6968
6.9259	259.7168	10.8962	21.0986	75.4662
7.0995	276.0645	11.5252	26.3232	81.8229
7.2643	282.7441	10.4251	26.9775	75.7312
6.7435	15.3809	11.6657	28.3350	78.6681
7.1522	246.5332	10.8274	26.7236	77.4397
5.9569	173.4082	13.3209	32.9639	79.3513
6.1700	114.8730	12.3053	20.2295	75.9240
7.0621	252.3340	10.8194	19.6729	76.4081
7.3368	349.0137	10.4297	29.6533	76.5206
6.8248	61.9629	10.4940	20.1807	71.6197
6.0558	139.4824	13.4563	29.4873	81.4883
7.1522	246.5332	10.8274	26.7236	77.4397
6.9391	213.1348	11.6159	23.5303	80.6040
6.8907	54.4043	10.8455	34.3701	74.7335
7.3082	3.6035	11.1722	31.7041	81.6487
6.3568	184.3066	12.8825	29.1162	81.8913
7.0182	274.3066	10.3824	15.8838	72.8660
6.7633	356.5723	10.9350	32.4365	73.9566
5.8910	173.5840	13.6554	22.7979	80.4440
7.1698	179.5605	11.1652	31.0107	80.0525
6.4073	111.3574	13.0262	29.5752	83.4634
6.9852	118.3887	11.0160	15.0342	76.9495
6.0052	125.0684	13.3125	30.0537	79.9451
7.0643	53.8770	10.7713	19.1455	76.0921
6.0931	92.9004	12.3676	29.7119	75.3576
5.9569	173.4082	13.3209	32.9639	79.3513
6.5919	166.3770	11.2809	22.8955	74.3626
5.5262	127.7051	15.1993	24.4189	83.9950
6.5897	158.4668	11.2655	19.2236	74.2365
6.9259	259.7168	10.8962	21.0986	75.4662
6.4008	137.1973	11.6568	32.8760	74.6125
7.3456	238.6230	10.4815	29.6045	76.9924
5.9767	131.2207	13.7132	21.5674	81.9595
6.0931	92.9004	12.3676	29.7119	75.3576
6.0624	159.3457	14.1298	29.9951	85.6605
7.3368	349.0137	10.4297	29.6533	76.5206
5.7174	133.5059	14.7550	30.1025	84.3603
5.9569	173.4082	13.3209	32.9639	79.3513
7.0182	274.3066	10.3824	15.8838	72.8660
5.6361	101.1621	13.6001	25.1318	76.6514
6.9611	172.5293	10.4782	29.6924	72.9395
6.9633	357.8027	11.2602	34.6240	78.4076
