0.1042
0.0980
0.1375
0.1496
0.3785
0.3699
0.4970
0.1044
0.6519
0.1552
0.3736
0.2136
0.0980
0.4651
0.4878
0.2702
0.2060
0.6736
0.8184
0.8111
0.3914
0.7416
0.8668
0.7447
0.1530
1.0134
0.3848
0.3921
0.9820
0.5944
0.7873
0.8501
1.0401
0.9385
0.4739
0.1383
0.4223
0.0968
0.5562
1.0432
0.6945
1.2417
1.1591
0.0969
0.9613
1.0883
0.1027
1.1905
1.1105
1.0209
0.1281
0.1727
0.1369
1.2259
0.1713
0.8142
1.0343
1.1059
0.2230
0.2665
0.2885
0.1844
0.2258
0.2874
0.7079
1.1216
0.3138
1.2151
0.9432
0.2521
1.1620
0.3726
0.3951
1.1778
1.2158
0.4242
0.3759
1.2383
1.2246
1.2264
0.9600
1.2977
1.0096
0.4616
0.4140
0.4666
0.4923
0.5615
0.3925
0.9804
1.2248
1.2651
0.9993
0.4279
0.5129
0.4335
0.5738
0.5236
0.4794
0.6204
1.2248
0.5119
0.5270
0.9327
1.2592
0.9780
0.6556
0.7219
1.1334
0.6186
1.1602
0.6567
1.3073
0.6021
1.3755
1.4139
0.9975
0.5311
1.4218
0.6416
1.3153
1.0517
1.3800
0.9953
0.7072
0.8151
0.6768
1.1467
1.1662
1.4760
0.6990
0.9860
1.3317
0.8690
1.4004
0.9028
1.3156
1.2331
0.7611
1.1098
1.3943
0.0643
0.0185
0.0390
0.0101
0.0399
0.0268
0.0539
0.0348
0.0164
0.0754
0.0020
0.0866
0.0190
0.0376
0.0882
0.0857
0.0397
0.0292
0.0689
0.0354
0.0608
0.0331
0.0582
0.0943
0.0898
0.0569
0.0905
0.0734
