0.1337
0.6853
0.1245
0.6555
0.5551
0.6279
0.9026
0.7227
0.2800
1.1462
0.2644
0.9548
0.5407
0.8635
0.9211
1.1807
0.4795
0.6105
1.2180
0.6439
0.9148
1.5450
1.3592
1.1746
1.3564
1.1832
0.0981
1.2009
1.1824
1.1865
0.2913
1.5175
1.3040
0.6753
0.3384
1.1997
0.2160
1.3873
0.2212
1.3729
0.7648
1.4614
1.5526
1.1293
1.5603
1.4360
0.9044
1.3769
1.5887
1.4153
0.6962
1.3919
0.6015
1.7264
0.2988
1.9963
1.5998
1.3665
1.0943
0.8221
2.3037
1.3449
2.0507
1.2552
2.2288
2.3116
2.0738
0.4953
2.2081
1.2384
1.1989
1.6692
2.5024
2.1808
1.1790
1.3539
1.2308
2.4992
2.3239
0.7566
2.3733
2.5641
0.7203
2.3374
2.4851
2.5694
2.4731
1.7863
1.7969
0.0178
0.0000
0.0000
0.0757
0.0318
0.0788
0.0792
0.0008
0.0000
0.0000
0.0000
0.0506
0.0881
0.0874
0.0300
0.0935
