0.1700
0.1013
0.5301
0.1661
0.4169
0.4722
0.5536
0.7682
0.5336
0.1780
0.9501
0.3134
0.1583
0.8139
0.6514
0.7796
0.8488
1.0285
0.6151
0.6869
1.0360
0.7573
0.8732
1.2553
1.0843
0.9532
1.1096
1.0180
1.0042
0.9990
1.0634
0.1927
1.2061
0.0992
1.0807
0.5303
0.4648
1.0098
0.1797
0.1516
1.1458
0.3249
1.1175
0.6668
1.2088
1.3648
1.0183
1.2425
1.2163
0.8659
1.1281
1.2130
1.1598
0.7692
1.0746
0.6243
1.4336
0.3706
1.6089
1.3375
1.0883
0.9852
0.7670
2.1282
1.2351
1.5943
1.0478
1.7887
2.1558
1.6678
0.6713
2.0062
0.9773
1.0279
1.4259
2.3772
1.7459
1.1044
1.1665
1.0910
2.4078
2.1293
0.8394
2.2525
2.4721
0.9498
2.2026
2.3270
2.4864
2.4461
1.4496
1.4574
0.0000
0.0000
0.0249
0.0000
0.0000
0.0064
0.0167
0.0791
0.0797
0.0000
0.0000
0.0000
0.0000
0.0000
0.0088
0.0000
0.0909
0.0938
0.0000
0.0906
