0.1442
0.1433
0.1494
0.3710
0.1034
0.3407
0.2333
0.2120
0.2174
0.2466
0.2737
0.9499
1.3615
0.2929
1.4303
0.1067
0.1089
0.7763
0.3522
0.4552
0.1035
0.2184
1.2630
0.5163
0.3299
1.5207
0.5999
1.4389
0.3685
0.3519
1.3302
0.4192
1.4822
1.3264
0.5153
0.1828
1.3630
0.1703
1.5912
0.8577
1.6053
0.1016
0.5219
1.3245
0.7597
0.9348
0.5469
1.6718
1.4087
0.1365
0.8827
0.7643
0.5650
0.1584
0.2547
1.8721
0.3946
1.4153
0.7291
1.3245
1.5109
1.5753
0.6959
2.0616
1.4845
0.6916
0.2717
1.4385
1.5716
0.4880
1.7477
0.7930
1.4774
2.1892
0.8805
1.6419
0.8228
1.0303
1.6443
1.8185
1.5281
1.7931
1.7260
1.1699
1.2091
1.9365
0.9505
0.0197
0.0267
0.0387
0.0363
0.0558
0.0243
0.0884
0.0266
0.0336
0.0014
0.0268
0.0318
0.0627
0.0273
0.0413
0.0363
0.0906
0.0720
0.0398
0.0722
