0.2897
0.2857
0.1095
0.1393
0.0977
0.2481
0.4154
0.5352
0.3100
0.1279
0.2536
0.3253
0.3141
0.3996
0.2496
0.2590
0.1288
0.5127
0.2034
0.1110
0.9092
0.1278
0.2799
0.6045
1.2630
0.1069
0.5067
0.3989
0.3302
0.3723
0.1364
1.0302
0.5225
0.4859
0.6389
0.1408
0.2402
0.3739
1.3418
0.4810
0.3728
0.7311
0.9752
0.4578
0.2794
0.5049
0.2148
0.3338
0.5093
0.7737
1.0920
1.1394
1.3167
0.3526
0.1313
0.6663
0.2767
0.3050
1.2762
0.2801
0.5929
0.2780
0.3786
0.4726
0.1831
0.1852
0.6837
0.6780
0.5181
0.7225
1.0699
0.6666
1.2894
1.2941
0.8037
0.7555
1.8393
0.2232
1.0504
0.8424
1.8266
0.3999
0.8703
0.6888
0.2626
0.9404
1.5868
1.9328
0.9622
1.2541
0.8503
0.7177
1.6421
1.0485
1.1524
1.7970
0.9483
1.3302
0.9980
1.8494
1.7447
1.1103
1.5303
0.5546
1.8637
1.8865
1.1708
0.6101
1.1196
1.9237
1.3615
2.0808
1.9311
1.5760
0.9449
2.0319
0.8195
1.8891
1.7061
1.9591
0.9334
1.1458
1.9466
1.7226
1.7920
1.3098
1.9657
2.0567
0.0463
0.0796
0.0600
0.0598
0.0717
0.0589
0.0228
0.0422
0.0512
0.0293
0.0292
0.0439
0.0221
0.0244
0.0428
0.0523
0.0914
0.0931
0.0511
0.0545
0.0850
0.0561
0.0579
0.0743
