1.3109
0.8518
0.4051
0.2825
0.5376
0.8382
0.4949
0.2036
0.1069
0.1712
0.4081
0.3127
0.1371
0.1197
0.9548
0.2545
0.3418
0.2063
1.1409
0.7437
0.1216
0.3987
0.4182
0.1183
1.3450
0.2819
0.1066
0.3369
0.1500
0.8382
0.3272
0.1052
0.3884
0.6498
0.1474
0.4182
0.5376
0.1166
0.1216
0.4338
0.1183
0.4555
0.1712
0.2083
0.9864
0.8879
0.5798
0.9217
0.2825
0.4707
0.1156
0.2545
0.1875
1.1918
0.3605
0.1820
0.1066
0.4707
0.5532
0.1434
0.2670
0.9663
0.8185
0.3046
0.7437
0.2670
0.1286
0.3272
0.2271
0.1322
0.9217
0.1717
1.3450
1.0687
0.1554
0.4182
0.6008
0.4667
0.1259
0.3281
0.1523
0.1444
0.7600
0.4359
0.4363
0.9864
0.1572
0.1311
0.9777
0.5242
0.8169
0.1307
0.7600
0.3987
0.9961
0.1069
0.2063
0.4949
0.2047
0.9961
0.5214
0.4707
0.6008
0.4359
0.1500
0.1075
0.1994
0.8818
0.2038
0.2036
0.1151
0.3605
0.5435
0.1616
0.8518
0.1176
0.3634
0.7699
0.1030
0.1193
0.1314
0.3272
0.3623
0.2038
0.1994
1.0815
0.1434
0.8010
0.2086
0.3046
0.4182
0.1166
0.1994
0.8187
0.4949
0.3503
0.3400
0.2661
0.1193
0.1408
0.3119
0.4133
0.8169
0.1183
0.2987
0.1193
0.1540
0.3987
0.1998
0.2825
0.3418
0.3373
0.5532
0.3369
0.2297
0.1297
0.1286
0.1311
0.4039
1.0471
0.4500
0.2331
0.4667
0.1060
0.1176
0.3281
0.5376
0.7303
0.6008
0.4667
0.9217
0.2351
0.4526
0.1166
0.3259
0.1875
0.3127
0.3503
0.1197
0.7437
0.3591
0.3257
0.1153
0.1060
0.8010
0.1664
0.1685
0.4039
0.6498
0.5214
0.1183
0.1153
0.1301
0.5376
0.2297
0.1060
0.3259
0.1216
0.3119
0.3272
