0.1003
0.1029
0.1654
0.1217
0.2733
0.2580
0.1124
0.1523
0.1783
0.0997
0.3367
0.1743
0.1070
0.2213
0.1578
0.1715
0.3784
0.0987
0.1252
0.1794
0.1405
0.4827
0.5096
0.1863
0.1807
0.4415
0.2313
0.1969
0.1436
0.1316
0.1099
0.3998
0.4555
0.3757
0.1512
0.5564
0.2497
0.5272
0.2178
0.1470
0.1739
0.1052
0.1401
0.1557
0.4783
0.1584
0.1378
0.1157
0.4121
0.6236
0.5813
0.3813
0.1608
0.2892
0.4154
0.1416
0.1478
0.1538
0.1441
0.1614
0.5003
0.2686
0.2117
0.3169
0.5211
0.1852
0.2300
0.2372
0.2443
0.5748
0.1779
0.3080
0.5022
0.5558
0.2589
0.3726
0.3947
0.4396
0.2253
0.6762
0.4273
0.9484
0.2687
0.6018
0.7744
0.7116
0.6116
0.7476
0.5136
0.5651
0.5273
0.3893
0.4295
1.0874
0.5049
0.3579
0.3510
0.3042
0.4043
0.3422
1.1629
0.8844
0.7445
0.9602
0.6979
0.5792
0.7302
0.4283
0.4460
0.3653
0.6972
0.7846
0.8185
0.5454
0.9233
0.6929
0.3837
0.7364
0.6579
0.9751
1.0946
0.7156
1.0079
0.5979
1.0561
0.7414
0.6572
0.6990
1.2325
1.0535
1.3824
1.3660
1.0814
0.8301
0.8431
0.6589
0.7289
1.2795
1.4679
0.8493
1.3378
0.8099
1.0618
0.0602
0.0666
0.0694
0.0922
0.0854
0.0715
0.0728
0.0722
0.0695
0.0779
0.0730
0.0707
0.0437
0.0767
0.0756
0.0684
0.0887
0.0815
0.0742
0.0687
0.0593
0.0819
0.0757
0.0915
0.0782
0.0912
0.0893
0.0912
