0.1025
0.2654
0.2687
0.1394
0.5526
0.1211
0.1644
0.2383
0.4889
0.2042
0.3604
0.5223
0.4675
0.6377
0.1792
0.1875
1.2569
0.2095
0.3383
1.0799
0.5386
0.3969
0.4154
0.5040
0.6649
1.1334
0.7464
1.3037
0.4135
0.5621
0.2923
1.5611
0.5583
0.2480
0.7264
0.5477
1.3980
1.3126
0.6154
0.7834
1.4600
0.4168
0.5313
1.2463
0.8792
0.5279
1.0951
0.5175
1.3928
1.2788
1.7224
1.6846
1.3122
1.5911
0.7792
1.0208
1.7784
0.7549
1.4176
1.4618
1.6976
1.6775
1.6956
0.0005
0.0229
0.0457
0.0307
0.0000
0.0257
0.0000
0.0569
0.0378
0.0000
0.0571
0.0000
0.0558
0.0025
0.0303
0.0360
0.0471
0.0646
0.0877
