0.3086
0.1163
0.4977
0.2142
1.4262
0.3059
0.5223
0.3232
0.1039
0.3316
0.9827
0.4037
0.1890
0.4951
0.3096
0.2440
0.3179
0.3741
0.3782
0.3076
0.2356
0.3181
1.3427
0.1856
0.6319
0.8944
0.1261
0.2714
0.4971
0.3059
0.9990
0.1508
0.3603
0.5685
0.1362
1.3427
1.4262
0.1135
0.2356
0.1225
0.1856
0.3963
0.3316
0.2618
1.3123
0.3097
0.5480
0.2403
0.2142
0.9263
0.2404
0.2440
0.6175
0.4215
0.3112
0.1412
0.1261
0.9263
0.7424
0.2035
0.3414
0.2686
0.1649
0.7043
0.3076
0.3414
0.5088
0.9990
0.2197
0.1123
0.2403
0.4916
0.6319
0.3054
0.1517
1.3427
0.1081
0.1981
0.1471
1.0558
0.3405
0.1785
0.1157
0.6731
1.4989
1.3123
0.0971
0.3095
1.1919
0.4939
0.2894
0.1299
0.1157
0.3181
0.3603
0.2319
0.3741
0.5223
0.7559
0.3603
1.1539
0.9263
0.1081
0.6731
0.4971
0.1374
0.2038
0.1888
0.5941
0.3232
0.3988
0.3112
0.8343
0.1887
0.1163
0.5225
0.6041
0.1452
0.0985
0.1764
0.4648
0.9990
0.2548
0.5941
0.2038
1.0828
0.2035
0.1698
0.2087
0.7043
1.3427
0.1135
0.2038
0.7527
0.5223
0.2992
0.2324
0.6111
0.1764
0.3485
0.6205
0.1380
0.2894
0.1856
0.6588
0.1764
0.1752
0.3181
0.2051
0.2142
0.3179
0.2686
0.7424
0.2714
0.2980
0.1089
0.5088
0.3095
0.6374
1.1625
0.9557
0.1468
0.1981
0.3211
0.5225
1.0558
1.4262
0.6336
0.1081
0.1981
0.2403
0.9326
1.3806
0.1135
0.2541
0.6175
0.4037
0.2992
0.4951
0.3076
0.3844
0.3346
0.1999
0.3211
0.1698
0.1635
0.5345
0.6374
0.5685
1.1539
0.1856
0.1999
0.1885
1.4262
0.2980
0.3211
0.2541
0.2356
0.6205
0.9990
