1.3875
0.1741
0.3568
1.1378
1.6081
0.4419
1.2629
0.9339
0.1127
0.1713
1.5349
0.1911
0.1479
0.4746
0.1813
0.1720
0.2806
0.2486
1.0479
0.2497
0.1237
1.4698
0.3346
0.2505
1.0547
1.3134
0.0995
0.5084
0.4698
0.4419
1.2504
0.1102
0.1837
0.1178
0.5782
0.3346
1.6081
0.3969
0.1237
0.5125
0.2505
0.3438
0.1713
0.4695
1.3311
1.1970
1.0657
0.2117
1.1378
1.3303
0.1138
0.1720
0.2030
0.5864
1.4555
0.1555
0.0995
1.3303
1.0696
0.1610
0.6579
0.4203
0.1050
1.1710
0.2497
0.6579
0.2287
1.2504
0.2143
0.5013
0.2117
0.3088
1.0547
0.2054
0.1070
0.3346
0.3342
0.5224
0.2660
0.1870
0.2614
0.1551
0.1664
0.2635
0.2754
1.3311
0.1123
0.1006
0.3226
1.6113
0.1915
0.7228
0.1664
1.4698
0.1516
0.2156
0.2486
1.2629
0.9761
0.1516
1.3747
1.3303
0.3342
0.2635
0.4698
0.1121
0.3047
0.1869
0.2145
0.9339
0.1024
1.4555
0.2394
0.4220
0.1741
0.1011
0.6971
1.0394
0.1042
0.2337
0.3339
1.2504
0.2999
0.2145
0.3047
0.3282
0.1610
0.1085
0.2761
1.1710
0.3346
0.3969
0.3047
0.2150
1.2629
0.1615
1.0352
0.2353
0.2337
0.1677
0.2337
0.4231
0.1915
0.2505
0.1255
0.2337
0.2963
1.4698
0.1978
1.1378
0.2806
1.1637
1.0696
0.5084
0.1868
0.3096
0.2287
0.1006
0.2956
1.0454
0.8363
0.9424
0.5224
0.1056
0.1011
0.1870
1.6081
0.1876
0.3342
0.5224
0.2117
0.3445
0.1469
0.3969
0.3518
0.2030
0.1911
0.1615
0.4746
0.2497
0.1835
1.0070
0.1486
0.1056
0.1085
0.1825
0.1241
0.2956
0.1178
1.3747
0.2505
0.1486
0.2845
1.6081
0.1868
0.1056
0.3518
0.1237
0.2337
1.2504
