1.9575
0.4209
0.8550
0.6300
1.8556
0.5154
1.2819
0.3097
0.3049
0.1959
1.1315
0.1746
0.3161
0.1371
0.6997
0.7165
0.6640
0.6030
1.0389
0.5152
0.1786
0.8652
0.8326
0.5072
0.8973
0.4977
0.3643
1.4595
0.1592
0.5154
0.4509
0.1009
0.0956
0.6412
0.2590
0.8326
1.8556
0.1529
0.1786
0.3913
0.5072
1.3531
0.1959
1.3262
0.7430
0.6742
1.7531
0.4139
0.6300
0.8693
0.1066
0.7165
0.2707
0.6309
1.5941
0.3170
0.3643
0.8693
1.2468
0.2322
1.3227
0.4617
0.9652
1.0816
0.5152
1.3227
0.8657
0.4509
0.6745
0.1444
0.4139
0.8142
0.8973
0.9795
0.1375
0.8326
0.7608
1.4472
0.0964
0.6211
0.2569
0.2071
0.2375
0.8543
1.0411
0.7430
0.1239
0.8457
0.8575
1.1966
0.3941
0.1533
0.2375
0.8652
1.0805
0.1543
0.6030
1.2819
0.5118
1.0805
0.8909
0.8693
0.7608
0.8543
0.1592
0.1966
0.3503
0.3480
1.2992
0.3097
0.9354
1.5941
0.3795
0.2831
0.4209
0.1139
0.2120
0.2392
0.2560
0.1034
0.1066
0.4509
0.1226
1.2992
0.3503
1.1231
0.2322
0.6337
0.5069
1.0816
0.8326
0.1529
0.3503
0.7575
1.2819
0.7998
0.3553
0.5169
0.1034
0.0969
0.4600
0.1882
0.3941
0.5072
0.3479
0.1034
0.3766
0.8652
0.5336
0.6300
0.6640
1.1228
1.2468
1.4595
0.1252
0.6786
0.8657
0.8457
0.6076
0.6996
0.8244
0.2976
1.4472
0.1457
0.1139
0.6211
1.8556
0.2995
0.7608
1.4472
0.4139
0.3900
1.4766
0.1529
0.5128
0.2707
0.1746
0.7998
0.1371
0.5152
0.1613
1.3067
0.2714
0.1457
0.6337
0.1570
0.2297
0.6076
0.6412
0.8909
0.5072
0.2714
0.2346
1.8556
0.1252
0.1457
0.5128
0.1786
0.4600
0.4509
