0.1932
0.1760
0.1841
0.1117
0.6925
0.3403
0.1562
0.2512
0.6796
0.2229
0.4041
0.2587
0.4330
0.2161
0.0983
0.3032
1.2863
0.4168
0.0976
0.5379
1.3540
0.2392
0.1444
0.2360
1.2986
1.0872
0.7843
0.2862
1.2971
0.1144
0.6233
1.5769
0.4498
0.9709
1.4750
0.6030
0.7980
1.4253
0.9315
0.1421
0.2385
0.4131
1.1978
1.6825
1.7349
1.5654
0.2881
0.6050
0.2345
0.2589
1.0991
0.2456
0.4852
0.8464
1.2433
1.0349
0.3578
0.5686
1.5269
0.6749
1.3076
0.8494
1.4942
0.5993
1.6329
1.5138
1.2400
0.7903
1.9815
0.3039
1.6439
1.1961
2.2178
0.9459
1.0888
1.0562
0.4462
1.2410
1.9386
2.4114
1.0752
1.4842
1.7305
1.2864
2.0941
1.2388
1.7811
2.0542
1.2620
1.6041
1.7920
0.0183
0.0212
0.0592
0.0694
0.0317
0.0209
0.0284
0.0595
0.0213
0.0218
0.0236
0.0526
0.0353
0.0836
0.0549
0.0452
0.0829
0.0865
0.0659
0.0354
0.0599
0.0372
0.0539
