0.2850
0.3284
0.1084
0.3949
0.2972
0.2368
0.1365
0.2731
0.4573
0.3295
0.4719
0.2612
0.3729
0.4343
0.7746
0.8521
0.8009
0.9884
0.7750
0.7181
0.7860
0.6735
0.1231
0.2195
0.4296
0.9102
0.2577
0.9695
0.1955
0.5448
0.2584
0.8089
0.4463
1.0068
1.0703
1.1107
0.1251
1.6571
0.6847
0.4495
1.6331
0.0954
0.5106
0.4596
1.7091
0.1620
0.8943
1.4878
0.1564
1.1266
0.9016
0.1468
0.4049
1.1403
1.8370
1.1189
0.5296
1.5769
0.2014
1.5846
1.8745
0.4743
0.8729
0.3649
1.9136
0.5075
1.9872
1.9231
1.4204
0.4280
1.8022
0.4760
1.8915
0.9651
1.4129
0.4436
0.4495
1.1517
1.1630
0.9819
1.1134
2.0414
1.8691
0.5065
1.4649
0.5219
0.6028
0.4186
0.8510
1.9785
0.9024
1.8811
0.9872
1.8510
1.8661
2.0170
1.1385
2.0287
1.9383
1.0845
0.9517
2.0424
2.0448
1.1463
2.0337
0.6811
2.1216
1.9196
0.7871
0.5846
0.8825
0.8100
1.7838
2.0144
0.6402
1.0141
1.6904
1.0395
1.1141
1.0787
1.1490
1.8378
2.1115
1.0502
1.6670
2.0621
1.1849
0.8932
1.7178
0.0191
0.0174
0.0633
0.0000
0.0000
0.0027
0.0670
0.0000
0.0000
0.0000
0.0868
0.0000
0.0000
0.0819
0.0000
0.0000
0.0000
0.0000
0.0000
0.0000
