0.0963
0.2471
0.2366
0.2995
0.3351
0.1176
0.1727
0.2248
0.4000
0.3852
0.1710
0.1254
0.3832
0.4235
0.1549
0.4516
0.2340
0.1043
0.1172
0.2477
0.6312
0.2321
0.1192
0.3194
0.1085
0.1530
0.7288
0.5274
0.1400
0.1084
0.4402
0.3056
0.5210
0.2991
0.1097
0.1472
0.1125
0.1638
0.1323
0.1568
0.2222
0.3738
0.5540
0.5706
0.1752
0.1960
0.1722
0.1609
0.2679
0.2307
0.2302
0.1929
0.9167
0.2379
0.2461
0.3971
0.3059
0.4348
0.2679
0.2991
0.5236
0.2792
0.4419
0.3004
0.8172
0.3101
0.8892
1.1137
0.4409
0.2873
1.0140
0.3091
0.3016
0.5741
0.6240
0.3066
0.2929
0.3102
0.3016
0.2009
0.4154
0.6540
0.3271
0.3010
0.4871
0.3290
0.6155
0.4748
0.5269
0.6249
0.3254
0.3113
0.6372
1.1161
0.6805
0.7506
0.8377
0.3941
0.8706
1.1904
0.5227
0.7633
0.4884
1.1847
0.4098
0.8404
0.9011
0.8657
0.5396
0.7600
0.5081
1.0506
0.5395
0.7307
0.6823
0.7011
0.7839
0.6477
0.8082
0.8204
0.9306
0.7109
0.4934
0.8892
0.6990
0.6882
0.5989
0.3903
0.9349
0.7610
1.7356
0.4879
0.9708
0.8747
1.1141
0.8045
1.1095
1.7399
0.7011
0.7936
1.6901
0.9796
0.7752
0.8759
0.8217
1.6554
0.8719
0.7408
0.8077
0.7424
0.8649
0.9347
1.0966
0.8788
0.7581
0.9417
0.6296
0.9607
0.7577
0.9168
1.2647
1.3331
0.9176
1.0009
1.1111
0.8949
1.0120
1.0376
0.0619
0.0500
0.0340
0.0753
0.0335
0.0668
0.0825
0.0601
0.0309
0.0301
0.0847
0.0382
0.0545
0.0428
0.0652
0.0577
0.0490
0.0630
0.0915
0.0843
0.0592
0.0469
0.0619
0.0555
0.0882
0.0943
