0.1425
0.1258
0.1000
0.1224
0.2233
0.2371
0.2753
0.1050
0.1812
0.2229
0.1013
0.8038
0.2248
0.2945
0.1037
1.3270
0.1323
0.6553
0.1266
1.0685
0.1293
0.3889
1.0297
0.1013
1.7345
0.1143
1.0568
0.0957
0.9421
1.2701
0.6959
1.6050
1.1719
0.1729
0.2076
1.6015
0.2825
0.1860
0.3222
0.4847
1.7875
1.7846
2.0331
1.2254
1.1302
0.6047
2.0791
1.2575
0.9913
2.1280
1.8986
1.7377
1.3882
1.8758
0.6564
1.8773
2.2717
1.9460
2.2099
1.6975
1.4937
1.4657
2.2946
1.8963
1.3822
1.8346
1.6224
2.3453
2.1430
0.7122
1.7861
0.0650
0.0283
0.0859
0.0095
0.0107
0.0472
0.0454
0.0060
0.0890
0.0321
0.0385
0.0174
0.0597
0.0144
0.0123
0.0485
0.0742
