0.1109
0.1543
0.2600
0.1868
0.1615
0.6690
0.4627
0.1626
0.6411
0.2575
0.5827
0.1505
0.1609
0.2851
0.2243
0.2301
0.4812
0.1670
1.3208
0.1029
0.2042
1.3640
1.4246
0.1950
0.9184
1.2158
0.3228
0.1181
0.1545
1.6505
1.7628
1.1969
2.0851
1.6254
0.5374
0.1956
1.5465
1.9385
1.7852
0.6004
1.5225
2.1674
1.7898
1.4589
0.4888
0.7159
1.5498
2.0637
1.8663
2.1114
0.4694
1.4576
1.9853
0.3495
0.5523
1.3763
0.1810
2.2195
0.5403
0.2689
1.8100
0.4284
1.9856
2.0924
1.5718
2.3589
1.9616
2.4842
1.3446
1.8996
2.3614
1.8024
2.0705
0.6329
2.0226
1.8258
2.1831
0.6535
2.5204
2.2563
2.4694
2.0550
2.2784
2.3286
2.2935
2.0909
1.8516
1.5960
2.3011
2.5199
2.3210
2.4825
2.0647
2.5079
2.1110
2.4484
1.6647
2.0673
1.6687
2.5322
2.4555
0.0345
0.0299
0.0544
0.0645
0.0942
0.0351
0.0349
0.0652
0.0416
0.0328
0.0286
0.0000
0.0657
0.0687
0.0380
0.0244
0.0457
0.0421
0.0402
0.0424
0.0569
