0.1002
0.1001
0.3849
0.1311
0.6122
0.1590
0.2499
0.0998
0.9203
0.0964
0.4372
0.7259
0.4354
0.7134
1.0508
0.6388
0.6580
0.8692
0.5573
1.0337
0.7439
0.1188
0.2759
1.0111
0.5314
0.1058
0.2191
0.5038
0.9892
1.1081
1.2886
0.7646
0.7061
0.4852
1.4053
0.8077
0.7775
1.3316
1.1978
1.0966
0.7870
1.0873
0.7119
1.2086
1.3744
1.1921
1.3508
1.0533
0.9050
0.8425
1.4517
1.0482
0.7754
1.1528
0.9786
1.4341
1.4001
0.6824
0.8814
1.3783
1.5571
1.0265
0.9240
1.4196
1.3077
0.9080
1.2480
0.9872
1.5474
1.6532
1.4551
1.8132
1.3355
1.4280
1.2388
1.2336
1.7447
1.2810
0.0340
0.0866
0.0414
0.0787
0.0741
0.0599
0.0495
0.0501
0.0588
0.0872
0.0539
0.0384
0.0612
0.0592
0.0413
0.0529
