0.1303
0.1420
0.3359
0.2765
0.1030
0.1222
0.1498
0.1403
0.5100
0.3249
0.3540
0.7688
0.7948
0.2112
0.4304
0.9370
1.0877
0.4405
0.4982
0.1096
1.2981
0.1194
0.1801
1.2171
0.5443
0.4351
0.4344
0.1699
1.0628
1.1614
1.4199
0.9404
0.1396
0.1837
0.4016
0.3927
0.2309
0.2204
0.1491
0.4367
0.5805
0.4675
0.2246
0.4346
0.2176
0.1929
0.5583
0.2195
1.4992
0.1077
0.5329
0.7232
1.5258
1.3138
0.2178
1.1186
1.4104
0.3889
1.3534
1.5000
1.2776
0.2417
0.5610
0.5385
0.4916
1.7791
0.5212
1.1930
1.4105
1.7649
0.4737
0.6276
0.6532
0.2010
0.5829
0.2477
1.1785
1.2040
0.5628
1.9952
1.0106
0.6276
1.7896
0.6825
0.6046
1.6323
2.1003
0.8693
0.4946
1.7762
1.2143
1.8147
1.2557
1.4064
1.2331
0.5438
0.5895
0.7350
0.5325
0.8468
0.7493
1.0845
1.8479
2.1769
1.2294
0.7592
0.6906
0.5725
0.8909
0.8643
0.7874
0.8574
2.0287
0.8082
0.8238
1.0974
1.3402
1.0785
1.0453
1.1035
1.3606
0.9281
1.2452
0.0241
0.0583
0.0257
0.0440
0.0863
0.0629
0.0627
0.0693
0.0722
0.0186
0.0320
0.0734
0.0880
0.0951
0.0651
0.0386
0.0701
0.0367
0.0580
0.0498
