0.1082
0.1220
0.1248
0.1866
0.4907
0.2886
0.1062
0.3027
0.5434
0.2455
0.6222
0.1557
0.5918
0.4242
0.2293
0.4283
0.4881
0.6434
0.5415
0.8116
0.1620
0.5145
0.7113
0.2100
0.7324
0.7448
0.3462
0.8275
0.6809
1.2013
0.7590
0.7406
0.7125
0.3396
0.8292
0.4235
0.1232
0.1047
0.5724
0.8409
0.9368
0.6386
0.1097
0.1994
0.1688
0.8672
0.1207
0.2264
0.4699
0.8584
0.5441
0.1501
0.3021
0.7927
0.2747
0.7484
0.2611
0.9898
0.2773
1.0864
1.0708
0.5698
0.2905
1.4615
0.1716
0.8783
0.6212
1.4636
0.4138
0.3440
0.3557
0.2311
0.6798
0.9052
1.5691
0.3791
0.6899
0.9563
0.3967
1.4155
0.5616
1.0363
0.9253
0.4957
0.7812
1.0514
1.5849
1.0635
0.8711
1.4396
0.5531
1.4449
1.6181
0.6925
0.8719
0.6739
1.6943
0.7708
1.7448
1.7429
1.2568
0.6043
1.6440
0.6635
1.6283
1.0171
1.5818
0.8896
0.8492
1.4896
1.3596
1.1333
1.0549
1.8391
1.6706
0.8900
1.2940
0.8809
0.8834
0.8321
0.8807
1.7427
0.8801
0.0373
0.0036
0.0514
0.0592
0.0303
0.0525
0.0751
0.0358
0.0078
0.0085
0.0518
0.0143
0.0313
0.0298
0.0298
0.0441
0.0761
0.0321
0.0655
0.0787
0.0945
0.0909
