0.1073
0.1163
0.1452
0.1146
0.1669
0.1200
0.2103
0.1575
0.1858
0.1402
0.1571
0.1213
0.2295
0.2259
0.1679
0.1359
0.2413
0.1701
0.4895
0.1281
0.1310
0.3032
0.0961
0.1554
0.1642
0.1145
0.2250
0.2428
0.0976
0.2042
0.1122
0.2739
0.2702
0.6168
0.2997
0.3200
0.2644
0.2605
0.6860
0.1679
0.1951
0.1621
0.7929
0.5418
0.0954
0.7209
0.6460
0.3132
0.6098
0.2036
0.1544
0.4373
0.1041
0.1062
0.0962
0.2331
0.6654
0.2793
0.1391
0.4830
0.3222
0.1091
0.2347
0.2019
0.7566
0.7592
0.2095
0.6510
0.1476
0.7673
0.2006
0.2035
0.1864
0.8386
0.5982
0.8824
0.8243
0.7045
0.2548
0.3270
0.2074
0.2124
0.9224
1.0604
0.2412
1.1185
0.2381
0.6230
0.3432
0.2869
0.7586
0.3705
0.2692
0.2680
0.2603
0.2608
1.3046
0.3669
0.2772
1.0235
0.8811
0.4125
1.2738
1.1274
0.8602
0.3097
0.6086
0.2926
0.3800
1.2501
1.3545
1.5060
1.1556
0.3852
0.3055
0.3477
0.9267
0.3359
0.8222
0.6894
0.3752
0.8397
0.3743
0.6155
0.9614
0.6224
0.4563
0.5994
1.0487
0.3918
0.7237
0.4320
1.4229
0.4286
0.6601
1.1701
1.6423
1.6366
0.4408
1.3566
1.6276
0.4800
1.6526
1.5878
1.3643
0.4738
0.8148
0.8181
0.7405
1.7436
0.7415
1.4316
1.6630
1.8220
0.9147
1.1933
0.8501
0.8882
0.8725
0.9138
0.0472
0.0911
0.0253
0.0744
0.0929
0.0739
0.0748
0.0549
0.0376
0.0922
0.0667
0.0734
0.0607
0.0598
0.0570
0.0471
0.0653
0.0867
0.0882
0.0794
0.0953
