0.1650
0.2471
0.3385
0.1737
0.1277
0.4172
0.2259
0.9864
0.1614
0.9170
1.2845
0.4024
0.7898
0.1301
0.1264
0.7526
0.7269
0.1556
0.6296
0.4633
0.5147
0.0955
0.8038
0.2539
1.2216
1.4168
0.2784
1.1989
1.2080
1.3010
0.7725
1.0712
1.6281
1.1229
0.5903
0.3726
1.6753
0.5970
1.6412
1.3329
1.5742
0.6389
1.4666
1.6221
0.9998
1.4652
0.5483
2.1732
1.7308
0.6394
1.0743
1.7680
1.5272
0.8811
0.6291
2.2907
0.8877
1.0242
1.1367
1.1213
2.0816
1.5045
0.7492
2.1802
1.1123
1.0751
0.8361
0.9430
1.9034
0.8721
2.2530
1.4681
1.1723
2.3761
1.5400
2.2943
0.0303
0.0666
0.0607
0.0039
0.0022
0.0201
0.0366
0.0287
0.0142
0.0790
0.0414
0.0935
0.0839
