0.1152
0.1422
0.1308
0.1129
0.2465
0.1686
0.7199
0.1857
0.6055
0.2744
0.2070
0.3795
0.1696
0.6310
0.9426
0.8786
0.1407
0.1129
0.1450
0.0975
0.3588
0.2167
0.4915
0.1056
0.6550
0.7192
0.1403
0.9535
0.1476
0.5294
0.5750
0.3156
0.4961
0.2733
0.1659
1.2664
0.1962
0.7074
1.0161
1.6041
0.2153
0.2409
0.5431
0.4814
0.7054
0.5672
0.2472
1.3783
0.6646
0.5138
0.8227
0.2776
0.4426
0.7064
1.6952
0.5980
0.1490
0.7400
0.7993
1.3796
1.0045
0.4676
1.0585
0.1544
0.2233
0.3705
0.1531
0.4798
0.4415
0.9331
1.3180
1.4452
1.7100
0.3833
0.2544
0.1614
0.7056
0.4348
0.3444
0.1966
1.6580
0.3659
0.6006
0.4161
0.5517
0.5606
0.4052
0.3512
0.7984
0.6948
0.5925
0.6794
1.4362
0.6839
1.7670
1.7537
0.7620
0.6566
1.9989
0.3352
1.5072
0.8445
2.1790
0.8266
0.8924
0.8088
0.3615
1.3129
1.8496
2.2440
0.9216
1.5100
1.0708
0.7965
1.9341
1.2259
1.2869
2.1257
1.1072
1.6032
1.2592
0.0642
0.0670
0.0369
0.0158
0.0740
0.0571
0.0419
0.0331
0.0196
0.0773
0.0331
0.0390
0.0446
0.0795
0.0560
0.0358
0.0474
0.0508
0.0577
0.0552
0.0486
0.0406
0.0611
0.0772
