1.7748
0.2461
0.1524
0.7016
1.4137
0.2458
0.7868
0.3071
0.1082
0.4564
0.1641
0.1038
0.1213
0.2959
0.7387
1.1620
1.5633
0.1795
1.8347
1.2305
0.1010
0.3775
0.6764
0.4283
1.5582
0.1507
0.1373
0.1805
0.1370
0.2458
0.1046
0.1360
0.1739
0.1758
0.1566
0.6764
1.4137
0.2783
0.1010
0.1628
0.4283
1.4371
0.4564
0.6851
1.6795
0.7088
1.8647
0.8776
0.7016
0.1101
0.0958
1.1620
0.1610
0.3817
0.6005
0.1157
0.1373
0.1101
0.1670
1.0766
0.1948
1.2000
1.2627
0.1820
1.2305
0.1948
0.2149
0.1046
1.1913
0.8538
0.8776
0.4319
1.5582
1.4772
0.1303
0.6764
0.5341
1.2115
0.2900
1.0605
0.1137
0.0977
0.2058
1.7973
0.1927
1.6795
0.1011
0.1198
0.7403
0.5920
1.1513
0.1738
0.2058
0.3775
0.9022
0.1475
0.1795
0.7868
1.1529
0.9022
1.8171
0.1101
0.5341
1.7973
0.1370
0.1031
1.0153
1.4166
1.4134
0.3071
0.8656
0.6005
0.9084
0.2480
0.2461
0.3357
0.3945
0.1847
0.2960
0.1803
0.3438
0.1046
0.1680
1.4134
1.0153
0.1354
1.0766
0.2858
1.4562
0.1820
0.6764
0.2783
1.0153
0.1745
0.7868
0.1071
1.2208
1.2554
0.1803
0.3413
1.0831
0.1600
1.1513
0.4283
0.9390
0.1803
0.1605
0.3775
0.3310
0.7016
1.5633
1.6087
0.1670
0.1805
0.1202
0.0969
0.2149
0.1198
0.5564
1.4739
0.5341
1.0735
1.2115
0.5173
0.3357
1.0605
1.4137
0.1490
0.5341
1.2115
0.8776
0.2007
0.1964
0.2783
0.2267
0.1610
0.1038
0.1071
0.2959
1.2305
0.3477
0.2248
0.2370
0.5173
0.2858
0.1234
0.2377
0.5564
0.1758
1.8171
0.4283
0.2370
0.5376
1.4137
0.1202
0.5173
0.2267
0.1010
1.0831
0.1046
