1.4072
0.2324
1.6896
1.2457
0.8881
1.4347
1.7567
0.2589
0.2773
0.1814
1.1743
0.3596
0.2744
0.1004
0.5281
0.4335
0.4106
0.1995
1.2754
1.2563
0.1612
1.1937
1.6442
0.1838
0.7105
0.4013
0.1574
1.0637
0.4551
1.4347
0.3581
0.1310
0.2411
0.1548
0.8933
1.6442
0.8881
0.2699
0.1612
0.3140
0.1838
1.6759
0.1814
0.5896
1.5286
0.3973
1.5874
0.6891
1.2457
1.3078
0.1796
0.4335
0.2637
1.7590
1.0486
0.4468
0.1574
1.3078
1.1813
0.2221
1.0886
0.4725
0.3425
0.5991
1.2563
1.0886
0.2777
0.3581
0.4150
0.2005
0.6891
0.2649
0.7105
1.3623
0.1762
1.6442
0.1820
1.2235
0.1258
0.4204
0.2609
0.1539
0.4822
0.6894
1.7847
1.5286
0.1414
0.2351
0.7174
1.3645
0.5758
0.1861
0.4822
1.1937
1.0630
0.1717
0.1995
1.7567
0.5110
1.0630
0.6354
1.3078
0.1820
0.6894
0.4551
0.1085
0.4688
0.2759
1.0378
0.2589
0.2232
1.0486
0.2919
0.1662
0.2324
0.1150
0.2927
0.2554
0.5617
0.1509
0.2537
0.3581
0.2249
1.0378
0.4688
0.4883
0.2221
0.2611
0.4232
0.5991
1.6442
0.2699
0.4688
0.5580
1.7567
1.4231
1.0516
0.2295
0.1509
0.1896
1.1909
0.2369
0.5758
0.1838
0.3021
0.1509
0.7988
1.1937
0.3472
1.2457
0.4106
0.4228
1.1813
1.0637
0.2563
0.2166
0.2777
0.2351
0.2933
0.3826
0.7726
0.3145
1.2235
0.2055
0.1150
0.4204
0.8881
0.3279
0.1820
1.2235
0.6891
0.3426
0.7781
0.2699
0.6060
0.2637
0.3596
1.4231
0.1004
1.2563
0.4258
0.3946
0.1753
0.2055
0.2611
0.1048
0.4835
0.2933
0.1548
0.6354
0.1838
0.1753
0.1545
0.8881
0.2563
0.2055
0.6060
0.1612
1.1909
0.3581
