0.4666
0.2264
0.6081
0.3284
1.3897
0.7131
0.4819
0.6544
0.2454
0.1341
1.0965
0.1133
0.1941
0.1318
1.1044
0.6955
0.4717
0.1613
0.5237
1.1448
0.1732
0.4501
0.4298
0.1075
0.4345
0.5747
0.1070
0.3067
0.1092
0.7131
0.8994
0.1362
0.3237
0.2153
0.1422
0.4298
1.3897
0.2723
0.1732
0.3102
0.1075
0.4140
0.1341
0.2895
0.4351
0.3980
0.5360
0.2767
0.3284
0.4604
0.2490
0.6955
0.9962
0.4550
1.0035
0.1751
0.1070
0.4604
1.5000
0.5015
0.1800
0.3274
0.4369
0.4809
1.1448
0.1800
0.3685
0.8994
0.3306
0.6612
0.2767
0.1408
0.4345
0.3243
0.1060
0.4298
0.1481
1.4390
0.1820
0.4152
0.2143
0.1269
0.1037
0.4950
0.9349
0.4351
0.2307
0.4274
0.4780
0.5155
0.3989
0.2686
0.1037
0.4501
0.3764
0.1957
0.1613
0.4819
0.1661
0.3764
1.5214
0.4604
0.1481
0.4950
0.1092
0.1568
0.1546
0.2683
0.9346
0.6544
0.1029
1.0035
0.5919
0.1287
0.2264
0.1436
0.3170
0.1719
0.4100
0.2992
0.3017
0.8994
0.2087
0.9346
0.1546
0.5042
0.5015
0.1760
0.8392
0.4809
0.4298
0.2723
0.1546
0.5816
0.4819
1.1855
0.1991
0.3719
0.2992
0.2904
0.9480
0.4067
0.3989
0.1075
0.2394
0.2992
0.3711
0.4501
0.2836
0.3284
0.4717
1.3142
1.5000
0.3067
0.3120
0.2853
0.3685
0.4274
0.2569
1.2665
0.5095
0.2203
1.4390
0.2412
0.1436
0.4152
1.3897
0.4746
0.1481
1.4390
0.2767
0.1888
0.4773
0.2723
0.4468
0.9962
0.1133
1.1855
0.1318
1.1448
0.1508
0.4262
0.1473
0.2412
0.1760
0.1135
0.1990
0.2569
0.2153
1.5214
0.1075
0.1473
0.1257
1.3897
0.3120
0.2412
0.4468
0.1732
0.9480
0.8994
