0.1001
0.0986
0.1001
0.0966
0.2496
0.1104
0.1088
0.1170
0.1147
0.1174
0.7864
0.1174
0.3148
0.9999
0.1213
1.2333
0.1069
0.1242
1.6308
0.1214
0.1330
1.3268
0.1775
0.1253
0.1239
0.1616
1.2477
0.0970
0.7103
1.3462
0.1302
1.6912
0.3001
0.1372
0.1924
0.0978
1.0606
0.1868
0.2843
0.1473
0.1465
0.1381
1.8921
0.2022
0.1544
0.1376
0.1586
1.8838
1.0892
0.3748
1.7834
2.0870
0.2354
0.5916
0.6839
2.0826
1.6644
0.4391
1.4896
0.3992
1.5704
0.6787
0.0000
0.0467
0.0000
0.0000
0.0000
0.0000
0.0105
0.0000
0.0892
0.0000
0.0000
0.0000
0.0250
0.0000
0.0000
0.0847
0.0068
0.0000
0.0000
0.0068
0.0000
0.0000
0.0000
0.0000
0.0858
0.0268
0.0000
