0.8786
0.2079
2.1232
0.5226
1.4367
1.9535
0.9833
0.6516
0.1463
0.7593
0.5302
0.1745
0.2111
0.1596
0.9544
0.3128
0.8886
0.3644
2.1614
0.4954
0.1985
1.9553
1.0224
0.1912
2.0047
1.5621
1.5065
0.3538
1.0524
1.9535
1.8826
0.1879
0.2026
1.0809
0.7080
1.0224
1.4367
0.2996
0.1985
1.0967
0.1912
2.0051
0.7593
0.8146
0.9852
1.1321
1.3973
1.2325
0.5226
2.0771
0.2329
0.3128
0.3319
0.9648
2.1507
0.1787
1.5065
2.0771
1.8873
0.1828
0.2176
1.5590
0.2235
0.8346
0.4954
0.2176
0.9780
1.8826
0.2920
0.1372
1.2325
0.2825
2.0047
2.0034
0.1500
1.0224
0.5210
2.0845
0.1176
0.8771
0.2131
0.1615
0.1742
1.8282
2.1068
0.9852
0.1711
0.1192
1.3609
1.8480
1.7641
0.1777
0.1742
1.9553
1.9390
0.2262
0.3644
0.9833
0.2267
1.9390
0.9883
2.0771
0.5210
1.8282
1.0524
0.1455
0.2371
1.7373
1.8877
0.6516
0.2657
2.1507
0.2366
0.7510
0.2079
0.1032
1.0583
0.2253
0.2606
0.1706
0.1208
1.8826
0.2630
1.8877
0.2371
1.5626
0.1828
0.2169
0.5160
0.8346
1.0224
0.2996
0.2371
1.3141
0.9833
0.6310
1.7175
0.1736
0.1706
0.5594
1.2648
0.1735
1.7641
0.1912
1.6961
0.1706
0.3257
1.9553
0.7172
0.5226
0.8886
1.9220
1.8873
0.3538
0.7551
0.4378
0.9780
0.1192
0.3141
1.6286
2.1259
1.4709
2.0845
0.1652
0.1032
0.8771
1.4367
1.6143
0.5210
2.0845
1.2325
0.2581
1.9039
0.2996
1.8912
0.3319
0.1745
0.6310
0.1596
0.4954
0.9104
0.8948
0.9189
0.1652
0.2169
0.1384
0.1785
0.3141
1.0809
0.9883
0.1912
0.9189
0.8680
1.4367
0.7551
0.1652
1.8912
0.1985
1.2648
1.8826
