    6.0997	  131.7480	   12.6725	   16.1670	   77.2990
    6.4908	  319.1309	   12.9245	   33.5400	   83.8912
    6.0404	  153.3691	   12.2134	   25.2100	   73.7737
    6.2997	   69.1699	   13.5153	   32.7686	   85.1423
    6.6930	   24.6973	   12.0420	   25.8740	   80.5970
    6.6425	  290.1270	   11.6541	   17.7295	   77.4119
    5.9196	   25.9277	   13.5819	   31.1865	   80.3989
    6.2755	    6.0645	   13.2461	   18.6768	   83.1259
    6.7853	  248.4668	   11.0058	   34.2236	   74.6771
    5.8910	  173.5840	   13.6554	   22.7979	   80.4440
    6.2360	   90.6152	   13.0645	   27.9053	   81.4695
    6.6227	    7.8223	   12.0968	   33.0615	   80.1130
    6.3085	   44.0332	   11.5944	   32.0264	   73.1431
    5.9327	  334.9512	   13.4349	   20.8154	   79.7059
    6.7853	  248.4668	   11.0058	   34.2236	   74.6771
    6.4491	  190.2832	   13.0474	   16.0986	   84.1439
    6.4667	   34.1895	   12.0181	   33.3643	   77.7170
    6.5875	  207.5098	   11.2281	   15.5322	   73.9657
    6.7853	  248.4668	   11.0058	   34.2236	   74.6771
    6.3151	  276.9434	   13.3740	   18.4912	   84.4574
    6.0668	  266.3965	   12.2685	   16.7041	   74.4303
    6.4161	  354.8145	   12.0355	   30.6982	   77.2212
    6.4974	  218.0566	   11.1543	   25.9912	   72.4742
    6.0074	  248.2910	   12.8885	   30.6396	   77.4267
    6.2623	   16.9629	   11.6963	   22.3193	   73.2459
    6.5458	  190.1074	   11.9833	   22.2998	   78.4401
    6.6425	  290.1270	   11.6541	   17.7295	   77.4119
    5.9657	   14.3262	   13.2677	   24.4971	   79.1508
    5.4186	  129.4629	   14.8535	   18.5693	   80.4847
    6.1019	  257.9590	   13.1786	   34.9854	   80.4151
    6.5194	  308.4082	   12.8828	   25.4639	   83.9880
    5.8207	  100.4590	   13.3977	   18.7354	   77.9837
    6.6425	  290.1270	   11.6541	   17.7295	   77.4119
    5.7174	  133.5059	   14.7550	   30.1025	   84.3603
    6.4667	   34.1895	   12.0181	   33.3643	   77.7170
    6.2755	    6.0645	   13.2461	   18.6768	   83.1259
    6.4821	   70.9277	   11.8938	   16.3135	   77.0962
    6.7369	   71.8066	   10.6015	   30.3662	   71.4217
    5.7614	  127.3535	   14.3326	   17.3291	   82.5750
    6.4315	  340.7520	   12.7559	   17.5830	   82.0398
    6.6073	   45.4395	   10.9710	   16.4893	   72.4890
    6.3612	  137.3730	   12.4982	   33.5205	   79.5034
    6.2975	  239.1504	   13.1704	   26.5869	   82.9401
    5.9371	  197.6660	   14.1957	   15.3271	   84.2815
    6.3326	  281.3379	   12.8915	   33.6182	   81.6373
    6.0492	  221.5723	   13.0244	   30.0635	   78.7871
    6.7435	   15.3809	   11.6657	   28.3350	   78.6681
    6.0712	  269.7363	   14.1230	   33.4717	   85.7431
    5.8580	   54.7559	   14.6455	   24.2725	   85.7936
    6.6820	  114.6973	   10.8128	   30.8740	   72.2509
    6.7545	  314.9121	   11.9550	   17.0068	   80.7503
    5.9701	    1.4941	   12.5806	   17.6025	   75.1076
    6.0800	  294.8730	   13.3422	   30.2295	   81.1202
    6.1898	  232.8223	   13.5399	   34.4385	   83.8093
    6.2689	  264.4629	   12.6213	   23.9307	   79.1221
    6.6622	  183.2520	   11.3824	   18.6670	   75.8319
    6.0052	  125.0684	   13.3125	   30.0537	   79.9451
    6.1591	  350.4199	   12.9999	   15.8936	   80.0669
    5.8185	  199.2480	   12.8916	   27.5830	   75.0095
    5.6427	  134.5605	   15.2941	   23.5107	   86.3002
    6.5392	  176.2207	   12.0568	   24.0674	   78.8417
    6.7303	  237.2168	   11.7810	   30.1514	   79.2900
    5.9261	  352.3535	   13.0030	   29.8291	   77.0580
    6.1722	  196.0840	   12.6576	   33.4521	   78.1255
    6.5018	    8.8770	   11.2094	   33.3545	   72.8819
    6.7413	   44.7363	   10.9814	   15.9717	   74.0292
    5.4032	  149.3262	   14.9558	   31.9971	   80.8090
    5.9811	   84.4629	   13.0262	   33.9307	   77.9106
    6.3414	  104.6777	   11.8886	   25.6885	   75.3906
    5.7701	  146.3379	   13.3296	   21.1182	   76.9139
    6.7853	  248.4668	   11.0058	   34.2236	   74.6771
    5.9701	    1.4941	   12.5806	   17.6025	   75.1076
    6.4952	  109.9512	   12.5012	   26.6846	   81.1983
    6.0404	  153.3691	   12.2134	   25.2100	   73.7737
    6.1964	  353.2324	   13.3467	   23.8623	   82.7019
    6.1041	  158.8184	   12.3444	   33.1787	   75.3518
    6.1041	  158.8184	   12.3444	   33.1787	   75.3518
    6.1481	  282.0410	   12.4689	   25.0146	   76.6595
    6.2008	  318.4277	   12.6231	   29.9365	   78.2734
    6.2645	  347.6074	   11.6677	   28.9502	   73.0927
    5.6888	  111.0059	   15.1215	   28.8525	   86.0237
    6.1569	  272.9004	   13.2799	   30.2881	   81.7624
    6.5238	   44.2090	   12.5400	   20.6104	   81.8084
    5.9174	  258.6621	   12.7560	   23.6182	   75.4818
    6.3876	  266.9238	   12.3409	   19.8779	   78.8285
    6.0712	  269.7363	   14.1230	   33.4717	   85.7431
    5.6888	  111.0059	   15.1215	   28.8525	   86.0237
    6.4337	  152.8418	   11.5921	   21.4111	   74.5802
    6.2645	  347.6074	   11.6677	   28.9502	   73.0927
    6.8007	  209.0918	   12.0387	   18.2861	   81.8711
    6.2448	  305.0684	   12.3350	   20.0537	   77.0288
    5.7570	  123.4863	   13.9356	   15.9033	   80.2267
    6.3876	  266.9238	   12.3409	   19.8779	   78.8285
    6.4821	   70.9277	   11.8938	   16.3135	   77.0962
    6.2777	   42.9785	   13.4348	   20.1416	   84.3397
    5.9152	   29.2676	   12.8749	   17.3877	   76.1570
    6.1569	  272.9004	   13.2799	   30.2881	   81.7624
    6.2909	  172.0020	   13.1779	   20.5420	   82.9010
    6.1766	  126.2988	   11.8802	   17.3096	   73.3797
    5.6361	  101.1621	   13.6001	   25.1318	   76.6514
    6.4249	  318.0762	   12.8685	   27.6221	   82.6789
    5.9086	   75.3223	   13.7589	   15.6885	   81.2956
    5.6735	  135.6152	   14.7526	   19.5947	   83.6983
    5.9327	  334.9512	   13.4349	   20.8154	   79.7059
    5.9679	   17.1387	   12.4700	   26.9092	   74.4199
    6.2755	    6.0645	   13.2461	   18.6768	   83.1259
    6.0800	  294.8730	   13.3422	   30.2295	   81.1202
    6.3414	  104.6777	   11.8886	   25.6885	   75.3906
    6.4821	   70.9277	   11.8938	   16.3135	   77.0962
    6.5699	   23.2910	   11.5153	   18.1396	   75.6547
    6.7347	   28.9160	   11.1232	   29.0479	   74.9122
    6.2975	  239.1504	   13.1704	   26.5869	   82.9401
    5.4779	  108.3691	   14.1920	   27.7100	   77.7426
    6.2008	  318.4277	   12.6231	   29.9365	   78.2734
    6.5106	  198.5449	   12.2451	   26.2939	   79.7230
    6.1700	  114.8730	   12.3053	   20.2295	   75.9240
    6.3085	   44.0332	   11.5944	   32.0264	   73.1431
    6.3414	  104.6777	   11.8886	   25.6885	   75.3906
    5.8536	  129.8145	   14.1997	   21.8018	   83.1197
    6.6622	  183.2520	   11.3824	   18.6670	   75.8319
    6.0997	  131.7480	   12.6725	   16.1670	   77.2990
    6.1700	  114.8730	   12.3053	   20.2295	   75.9240
    6.8226	   99.0527	   11.6822	   21.0010	   79.7035
    6.5216	   52.9980	   12.1169	   18.0420	   79.0216
    5.9086	   75.3223	   13.7589	   15.6885	   81.2956
    6.0514	  236.1621	   13.4402	   22.6318	   81.3317
    6.4843	  324.4043	   11.4258	   19.3701	   74.0876
    6.1019	  257.9590	   13.1786	   34.9854	   80.4151
    6.6425	  290.1270	   11.6541	   17.7295	   77.4119
    6.7743	  145.9863	   11.0753	   32.8467	   75.0276
    5.9108	  292.5879	   13.2372	   29.2432	   78.2420
    6.0690	   29.6191	   12.2937	   20.8350	   74.6099
    5.8207	  100.4590	   13.3977	   18.7354	   77.9837
    5.9767	  131.2207	   13.7132	   21.5674	   81.9595
    6.0514	  236.1621	   13.4402	   22.6318	   81.3317
    5.8448	   66.3574	   14.4922	   22.0752	   84.7044
    6.2931	  353.4082	   12.3266	   22.9639	   77.5725
    6.3942	  283.2715	   11.4959	   32.9834	   73.5069
    6.2645	  347.6074	   11.6677	   28.9502	   73.0927
    6.0492	  221.5723	   13.0244	   30.0635	   78.7871
    6.2140	  137.5488	   12.5909	   32.0654	   78.2395
    6.1854	  348.3105	   12.2371	   15.3857	   75.6919
    6.6622	  183.2520	   11.3824	   18.6670	   75.8319
    6.0074	  248.2910	   12.8885	   30.6396	   77.4267
    6.4425	  105.2051	   11.9173	   34.3311	   76.7771
    6.1569	  272.9004	   13.2799	   30.2881	   81.7624
    6.4843	  324.4043	   11.4258	   19.3701	   74.0876
    6.0118	  195.9082	   12.9046	   19.2139	   77.5802
    5.6361	  101.1621	   13.6001	   25.1318	   76.6514
    6.3832	   55.4590	   11.7120	   31.2354	   74.7599
    5.9152	   29.2676	   12.8749	   17.3877	   76.1570
    5.9086	   75.3223	   13.7589	   15.6885	   81.2956
    5.7482	  171.1230	   14.4381	   23.3545	   82.9924
    6.7589	  321.7676	   11.5927	   33.6377	   78.3540
    6.7897	  351.4746	   12.1620	   20.6494	   82.5760
    5.9965	  249.5215	   13.7295	   18.8916	   82.3286
    5.9811	   84.4629	   13.0262	   33.9307	   77.9106
    6.4491	  190.2832	   13.0474	   16.0986	   84.1439
    6.1437	  289.4238	   13.7394	   21.3721	   84.4103
    6.6996	  215.7715	   10.9944	   33.2666	   73.6578
    6.4073	  111.3574	   13.0262	   29.5752	   83.4634
    6.3151	  276.9434	   13.3740	   18.4912	   84.4574
    5.4186	  129.4629	   14.8535	   18.5693	   80.4847
    6.2931	  353.4082	   12.3266	   22.9639	   77.5725
    6.5919	  166.3770	   11.2809	   22.8955	   74.3626
    6.0624	  159.3457	   14.1298	   29.9951	   85.6605
    6.2030	   13.0957	   13.0828	   30.6201	   81.1528
    6.1591	  350.4199	   12.9999	   15.8936	   80.0669
    6.8226	   99.0527	   11.6822	   21.0010	   79.7035
    5.5043	  138.6035	   14.0372	   20.7959	   77.2646
    6.2250	  252.5098	   12.5384	   23.0322	   78.0510
    5.9767	  131.2207	   13.7132	   21.5674	   81.9595
    6.2074	  329.8535	   12.7840	   26.0791	   79.3553
    5.8580	   54.7559	   14.6455	   24.2725	   85.7936
    6.2755	    6.0645	   13.2461	   18.6768	   83.1259
    5.9283	  355.8691	   14.2782	   18.9600	   84.6460
    6.3085	   44.0332	   11.5944	   32.0264	   73.1431
    5.6361	  101.1621	   13.6001	   25.1318	   76.6514
    5.9877	  196.9629	   13.9512	   32.3193	   83.5353
    6.1327	  240.0293	   13.8871	   20.9424	   85.1653
    6.4425	  105.2051	   11.9173	   34.3311	   76.7771
    5.9437	   84.9902	   12.9503	   23.2178	   76.9730
    6.0800	  294.8730	   13.3422	   30.2295	   81.1202
    6.5436	   39.4629	   11.4772	   26.4307	   75.1021
    5.8910	  173.5840	   13.6554	   22.7979	   80.4440
    6.0536	  173.2324	   12.3008	   16.1377	   74.4637
    6.5875	  207.5098	   11.2281	   15.5322	   73.9657
    6.1635	  334.7754	   13.5018	   28.7256	   83.2177
    6.5238	   44.2090	   12.5400	   20.6104	   81.8084
    5.9767	  131.2207	   13.7132	   21.5674	   81.9595
    5.7679	  109.0723	   13.7537	   26.3135	   79.3306
    5.9481	  243.5449	   13.9332	   23.7939	   82.8763
    6.5897	  158.4668	   11.2655	   19.2236	   74.2365
    5.7943	   49.3066	   13.5769	   26.6162	   78.6689
    6.2909	  172.0020	   13.1779	   20.5420	   82.9010
    6.1920	   89.9121	   13.6431	   29.5068	   84.4785
    6.1832	   86.3965	   13.3790	   23.2959	   82.7253
    5.6427	  134.5605	   15.2941	   23.5107	   86.3002
    6.4073	  111.3574	   13.0262	   29.5752	   83.4634
    5.9371	  197.6660	   14.1957	   15.3271	   84.2815
