    7.9147	   81.4746	    8.7858	   24.3506	   69.5363
    8.3651	  242.3145	    7.8905	   28.0518	   66.0047
    7.8861	  281.1621	    9.6430	   15.1318	   76.0454
    7.0358	  157.4121	    9.8609	   15.7568	   69.3793
    6.9720	  140.7129	   11.3095	   15.4443	   78.8504
    7.1390	  179.3848	   10.1077	   27.0947	   72.1590
    8.2157	  165.6738	    8.7295	   34.4971	   71.7190
    7.1390	  179.3848	   10.1077	   27.0947	   72.1590
    8.4794	   93.9551	    8.8366	   24.9561	   74.9291
    8.2443	  208.5645	    8.5876	   22.5732	   70.7987
    7.5939	   91.8457	   10.2978	   31.2549	   78.2004
    8.5167	  124.8926	    8.9736	   29.7998	   76.4253
    8.5255	  186.0645	    7.5800	   21.3232	   64.6233
    7.7037	  171.6504	    8.9500	   34.6631	   68.9488
    7.7169	  103.6230	    9.2254	   17.8955	   71.1918
    7.5719	  208.7402	   10.6543	   25.0928	   80.6733
    8.2047	  111.8848	    8.7552	   28.3447	   71.8335
    8.1652	  209.2676	    9.3133	   22.6123	   76.0446
    8.1959	  148.9746	    9.2527	   25.6006	   75.8346
    7.8729	  326.6895	    9.6728	   22.8857	   76.1529
    8.3387	   97.2949	    8.0209	   16.9189	   66.8840
    8.3256	   63.1934	    9.1054	   22.1338	   75.8073
    8.2531	   53.1738	    9.2571	   34.2529	   76.3989
    8.3058	   40.5176	    8.2004	   30.5127	   68.1104
    8.2157	  165.6738	    8.7295	   34.4971	   71.7190
    8.3058	   40.5176	    8.2004	   30.5127	   68.1104
    7.1764	  146.1621	   10.0639	   32.3682	   72.2226
    8.4552	   90.4395	    7.4858	   26.0107	   63.2942
    7.8312	  154.4238	    9.9250	   31.1279	   77.7245
    8.1937	  264.9902	    9.1299	   16.7822	   74.8081
    8.1410	  353.5840	    8.6241	   32.7979	   70.2089
    8.2838	  240.5566	    8.7717	   27.2412	   72.6629
    7.5961	  239.6777	    8.8923	   23.1885	   67.5466
    8.5541	  328.9746	    7.8898	   15.6006	   67.4898
    8.3014	  303.8379	    8.2331	   17.3682	   68.3460
    7.5719	  208.7402	   10.6543	   25.0928	   80.6733
    8.3014	  303.8379	    8.2331	   17.3682	   68.3460
    7.5170	  215.2441	   10.1258	   20.7275	   76.1153
    8.4838	  233.3496	    8.6306	   32.1631	   73.2198
    8.1410	  353.5840	    8.6241	   32.7979	   70.2089
    8.3497	   48.2520	    8.8180	   23.8330	   73.6278
    6.9611	  172.5293	   10.4782	   29.6924	   72.9395
    8.0004	  242.6660	    8.8875	   22.1729	   71.1030
    8.2267	   48.7793	    8.2424	   18.4326	   67.8079
    8.5541	  328.9746	    7.8898	   15.6006	   67.4898
    7.9235	   44.3848	    8.3492	   29.5947	   66.1547
    8.0443	  229.3066	    9.0681	   33.3838	   72.9464
    7.8312	  154.4238	    9.9250	   31.1279	   77.7245
    8.3629	  170.7715	    7.4625	   15.7666	   62.4082
    8.4794	   93.9551	    8.8366	   24.9561	   74.9291
    8.2421	  296.2793	    7.8691	   25.3174	   64.8579
    8.0311	  181.8457	    8.2214	   33.7451	   66.0272
    7.8663	  134.7363	   10.1051	   19.0283	   79.4904
    7.4862	  132.6270	    9.1219	   28.5205	   68.2886
    7.7037	  171.6504	    8.9500	   34.6631	   68.9488
    8.6134	  124.7168	    8.3318	   33.5986	   71.7656
    8.4025	   85.3418	    8.2300	   22.3389	   69.1526
    8.6068	    4.3066	    7.6363	   30.8838	   65.7242
    8.1366	  304.7168	    8.8107	   23.5986	   71.6887
    8.4640	   42.4512	    8.4678	   22.0654	   71.6710
    7.8466	  125.4199	    9.1855	   23.3936	   72.0744
    7.5961	  239.6777	    8.8923	   23.1885	   67.5466
    7.8246	  234.2285	   10.1181	   31.7334	   79.1701
    7.9938	   39.9902	    8.4507	   25.7178	   67.5530
    7.4137	  179.2090	   10.5431	   23.1104	   78.1637
    8.3607	  192.7441	    7.5936	   21.9775	   63.4880
    8.1256	   25.4004	    9.2465	   18.4619	   75.1331
    8.0443	  229.3066	    9.0681	   33.3838	   72.9464
    8.4530	  166.9043	    8.0173	   29.3799	   67.7705
    7.6949	  113.2910	    9.0741	   16.8604	   69.8246
    8.4398	  307.1777	    7.6101	   24.4385	   64.2280
    8.1410	  353.5840	    8.6241	   32.7979	   70.2089
    8.5453	  291.8848	    8.3873	   18.3447	   71.6723
    7.8136	   46.1426	    9.4309	   34.1748	   73.6891
    8.6046	   58.7988	    8.2288	   28.5596	   70.8059
    8.4640	   42.4512	    8.4678	   22.0654	   71.6710
    7.9828	  203.1152	    8.8255	   15.8447	   70.4519
    7.7323	  224.5605	   10.0948	   28.5107	   78.0560
    7.6510	  237.5684	    9.9897	   23.8037	   76.4309
    7.7169	  103.6230	    9.2254	   17.8955	   71.1918
    7.5170	  215.2441	   10.1258	   20.7275	   76.1153
    8.1344	  343.7402	    8.9662	   17.5928	   72.9344
    8.2574	  291.7090	    8.9509	   29.3604	   73.9116
    7.7037	  171.6504	    8.9500	   34.6631	   68.9488
    8.2179	  197.1387	    9.5188	   33.0908	   78.2246
    8.2047	  111.8848	    8.7552	   28.3447	   71.8335
    8.5365	  102.5684	    7.6911	   21.3037	   65.6548
    7.6884	  185.3613	   10.2071	   15.6592	   78.4761
    8.1498	  262.8809	    8.0704	   30.4150	   65.7720
    8.0245	  333.0176	    8.1728	   21.7627	   65.5832
    7.1390	  179.3848	   10.1077	   27.0947	   72.1590
    8.5211	  328.4473	    7.8056	   22.2510	   66.5123
    8.1630	  251.9824	    9.4078	   29.2627	   76.7954
    7.8312	  154.4238	    9.9250	   31.1279	   77.7245
    7.8619	   18.1934	    9.3566	   24.6338	   73.5611
    7.9059	  355.1660	    8.2872	   31.5771	   65.5178
    8.4244	  243.1934	    8.0371	   17.8662	   67.7084
    8.2333	  304.8926	    8.1689	   19.7998	   67.2572
    8.4969	  126.8262	    7.8854	   24.2529	   67.0022
    8.2267	   48.7793	    8.2424	   18.4326	   67.8079
    8.4354	  191.6895	    8.9295	   24.6143	   75.3238
    8.3058	   40.5176	    8.2004	   30.5127	   68.1104
    7.7235	   92.5488	    9.1129	   25.4346	   70.3833
    8.0421	   76.2012	    8.6670	   21.0596	   69.7007
    8.3497	   48.2520	    8.8180	   23.8330	   73.6278
    7.6686	   50.5371	    9.2118	   28.5693	   70.6415
    7.8619	   18.1934	    9.3566	   24.6338	   73.5611
    7.6884	  185.3613	   10.2071	   15.6592	   78.4761
    7.8883	   86.5723	    8.9235	   27.4365	   70.3911
    8.0289	  149.6777	    9.3242	   28.1885	   74.8633
    7.6071	  199.0723	    9.0278	   31.3135	   68.6749
    7.7301	   75.1465	    9.2811	   16.4209	   71.7436
    8.4113	   82.7051	    9.1216	   23.0811	   76.7243
    8.4135	  205.2246	    7.7478	   18.7256	   65.1861
    7.6576	  136.4941	    9.8380	   24.8975	   75.3357
    7.9520	  122.6074	    9.6380	   21.4502	   76.6417
    7.6884	  185.3613	   10.2071	   15.6592	   78.4761
    7.4554	  244.0723	    9.4291	   33.8135	   70.2980
    8.1827	  154.9512	    8.6868	   19.1846	   71.0820
    8.3607	  192.7441	    7.5936	   21.9775	   63.4880
    7.8224	  162.6855	    9.5412	   20.5518	   74.6352
    7.8817	  274.4824	    9.6269	   26.9873	   75.8761
    7.9213	  261.6504	    9.0687	   19.6631	   71.8356
    8.4794	   93.9551	    8.8366	   24.9561	   74.9291
    7.9520	  122.6074	    9.6380	   21.4502	   76.6417
    8.0619	  340.4004	    8.7419	   20.9619	   70.4761
    7.1390	  179.3848	   10.1077	   27.0947	   72.1590
    7.7543	   41.3965	    9.7041	   19.2041	   75.2486
    8.5255	  186.0645	    7.5800	   21.3232	   64.6233
    8.2443	  208.5645	    8.5876	   22.5732	   70.7987
    8.4838	  233.3496	    8.6306	   32.1631	   73.2198
    8.0289	  149.6777	    9.3242	   28.1885	   74.8633
    7.5961	  239.6777	    8.8923	   23.1885	   67.5466
    8.4552	   90.4395	    7.4858	   26.0107	   63.2942
    8.6134	  124.7168	    8.3318	   33.5986	   71.7656
    8.1981	   63.5449	    8.1304	   33.7939	   66.6540
    6.9720	  140.7129	   11.3095	   15.4443	   78.8504
    7.8312	  154.4238	    9.9250	   31.1279	   77.7245
    8.4091	  170.4199	    8.2664	   25.8936	   69.5127
    7.6071	  199.0723	    9.0278	   31.3135	   68.6749
    8.1256	   25.4004	    9.2465	   18.4619	   75.1331
    8.5365	  102.5684	    7.6911	   21.3037	   65.6548
    7.5433	  211.7285	   10.3372	   30.4834	   77.9769
    7.8597	  118.9160	    8.8432	   24.0479	   69.5051
    8.0223	  285.7324	    8.9582	   30.1123	   71.8660
    7.7719	  321.2402	    9.3389	   23.8428	   72.5804
    8.0795	  260.2441	    8.4377	   26.7725	   68.1719
    8.2179	  197.1387	    9.5188	   33.0908	   78.2246
    7.4598	  119.2676	    9.3964	   32.3877	   70.0954
    8.4750	  287.4902	    8.4787	   16.9678	   71.8570
    7.6466	   37.0020	    8.7406	   33.0420	   66.8362
    7.8729	  326.6895	    9.6728	   22.8857	   76.1529
    7.7389	  168.8379	    8.6712	   19.8682	   67.1055
    7.8312	  154.4238	    9.9250	   31.1279	   77.7245
    8.6200	  119.7949	    7.7896	   33.1689	   67.1464
    8.2333	  304.8926	    8.1689	   19.7998	   67.2572
    8.4178	  102.2168	    9.2166	   17.6514	   77.5838
    8.3629	  170.7715	    7.4625	   15.7666	   62.4082
    8.2267	   48.7793	    8.2424	   18.4326	   67.8079
    8.3058	   40.5176	    8.2004	   30.5127	   68.1104
    7.9235	   44.3848	    8.3492	   29.5947	   66.1547
    7.8048	  164.9707	   10.1018	   33.4424	   78.8426
    8.5782	    9.4043	    7.0311	   28.1299	   60.3146
    8.1036	   50.1855	    8.2211	   31.8018	   66.6207
    7.5521	   91.3184	    9.7078	   26.9287	   73.3144
    8.5255	  186.0645	    7.5800	   21.3232	   64.6233
    7.6466	   37.0020	    8.7406	   33.0420	   66.8362
    8.4640	   42.4512	    8.4678	   22.0654	   71.6710
    8.6134	  124.7168	    8.3318	   33.5986	   71.7656
    8.2618	  344.0918	    8.9182	   20.7861	   73.6806
    8.3322	   77.7832	    7.9259	   22.3486	   66.0399
    7.8048	  164.9707	   10.1018	   33.4424	   78.8426
    7.8685	  105.3809	    8.2895	   33.3350	   65.2259
    8.4354	  191.6895	    8.9295	   24.6143	   75.3238
    7.8751	  335.6543	    8.8288	   22.5049	   69.5276
    8.1476	  202.2363	    8.1161	   24.7217	   66.1263
    8.4398	  307.1777	    7.6101	   24.4385	   64.2280
    8.4794	   93.9551	    8.8366	   24.9561	   74.9291
    8.6068	    4.3066	    7.6363	   30.8838	   65.7242
    8.2399	  215.9473	    8.3787	   28.5010	   69.0390
    8.3344	    6.2402	    8.9008	   28.6572	   74.1821
    7.5719	  208.7402	   10.6543	   25.0928	   80.6733
    8.3651	  242.3145	    7.8905	   28.0518	   66.0047
    8.3124	   20.6543	    7.5019	   19.9951	   62.3583
    7.9213	  261.6504	    9.0687	   19.6631	   71.8356
    8.0421	   76.2012	    8.6670	   21.0596	   69.7007
    7.5895	  161.1035	    9.7031	   29.5459	   73.6415
    8.6068	    4.3066	    7.6363	   30.8838	   65.7242
    7.7675	   20.1270	    8.6612	   22.7295	   67.2752
    8.3585	  320.8887	    9.0968	   33.7158	   76.0356
    7.9520	  122.6074	    9.6380	   21.4502	   76.6417
    8.2399	  215.9473	    8.3787	   28.5010	   69.0390
    7.1259	  140.3613	   10.6453	   26.8408	   75.8566
    7.8751	  335.6543	    8.8288	   22.5049	   69.5276
    8.5760	  292.0605	    7.5626	   15.2393	   64.8573
    8.4750	  287.4902	    8.4787	   16.9678	   71.8570
    7.1764	  146.1621	   10.0639	   32.3682	   72.2226
    8.4530	  166.9043	    8.0173	   29.3799	   67.7705
    8.3124	   20.6543	    7.5019	   19.9951	   62.3583
    6.9611	  172.5293	   10.4782	   29.6924	   72.9395
