    8.6156	  196.2598	    8.1763	   27.5928	   70.4440
    8.8068	  196.4355	    7.3609	   34.9268	   64.8260
    8.2157	  165.6738	    8.7295	   34.4971	   71.7190
    8.4113	   82.7051	    9.1216	   23.0811	   76.7243
    9.1715	   38.5840	    6.0514	   34.7021	   55.5009
    9.1298	  340.0488	    6.2719	   28.3154	   57.2614
    8.2531	   53.1738	    9.2571	   34.2529	   76.3989
    9.3209	  301.0254	    7.6904	   30.6006	   71.6820
    9.1913	  242.8418	    7.6303	   33.5889	   70.1321
    8.4552	   90.4395	    7.4858	   26.0107	   63.2942
    8.3607	  192.7441	    7.5936	   21.9775	   63.4880
    8.5475	   59.1504	    7.5726	   33.4131	   64.7271
    8.7101	  112.7637	    6.9480	   22.2217	   60.5172
    9.2814	  226.8457	    6.4835	   21.2451	   60.1753
    8.7760	   32.4316	    6.6134	   18.8037	   58.0393
    9.2902	  299.2676	    7.7461	   27.6123	   71.9629
    8.5211	  328.4473	    7.8056	   22.2510	   66.5123
    8.9012	  322.2949	    7.5705	   19.4189	   67.3873
    8.9342	   16.7871	    7.2885	   28.3057	   65.1172
    9.1056	   38.4082	    7.6360	   29.5361	   69.5302
    9.1935	  250.7520	    7.7628	   22.5830	   71.3676
    8.7738	  224.2090	    7.3475	   30.6104	   64.4659
    9.0551	   66.7090	    8.0684	   26.8604	   73.0600
    9.0660	   65.4785	    7.2273	   31.3916	   65.5234
    8.3607	  192.7441	    7.5936	   21.9775	   63.4880
    8.2465	  290.4785	    8.1513	   28.8916	   67.2198
    9.0133	  183.4277	    8.0472	   22.4365	   72.5321
    9.0199	  104.8535	    7.8614	   26.4209	   70.9093
    8.4860	   89.3848	    7.9111	   17.9053	   67.1332
    8.3497	   48.2520	    8.8180	   23.8330	   73.6278
    8.8024	  189.0527	    6.6905	   26.0010	   58.8925
    8.9584	  203.8184	    6.3249	   24.3213	   56.6606
    8.7079	  103.7988	    8.4755	   18.9404	   73.8041
    8.9034	   54.5801	    7.9570	   33.3936	   70.8448
    8.9034	   54.5801	    7.9570	   33.3936	   70.8448
    7.9147	   81.4746	    8.7858	   24.3506	   69.5363
    8.3607	  192.7441	    7.5936	   21.9775	   63.4880
    9.0177	  315.4395	    7.0477	   31.4893	   63.5541
    9.3297	  158.1152	    5.6548	   26.6553	   52.7575
    7.9938	   39.9902	    8.4507	   25.7178	   67.5530
    9.0155	  211.9043	    6.3292	   31.8799	   57.0610
    9.2396	  313.6816	    5.8934	   30.5713	   54.4529
    8.2267	   48.7793	    8.2424	   18.4326	   67.8079
    8.2465	  290.4785	    8.1513	   28.8916	   67.2198
    9.1759	   79.7168	    7.4714	   18.9014	   68.5565
    8.5475	   59.1504	    7.5726	   33.4131	   64.7271
    8.1322	  222.2754	    7.9669	   17.5244	   64.7885
    9.2352	   61.6113	    7.1273	   25.0342	   65.8223
    9.2220	   39.2871	    6.8837	   25.4443	   63.4815
    8.7365	  112.9395	    6.6418	   17.2607	   58.0255
    9.0089	  141.7676	    7.4061	   23.6377	   66.7210
    8.8463	  164.4434	    8.3335	   25.2588	   73.7211
    9.2198	  336.3574	    6.8634	   22.9248	   63.2795
    8.7123	  142.1191	    6.9853	   32.9150	   60.8579
    8.0883	   92.1973	    7.8839	   20.3760	   63.7674
    9.1122	  155.8301	    6.3247	   15.2686	   57.6319
    8.5211	  328.4473	    7.8056	   22.2510	   66.5123
    9.0485	  225.6152	    7.1238	   24.5947	   64.4599
    8.8068	  196.4355	    7.3609	   34.9268	   64.8260
    8.8881	  198.1934	    7.7859	   34.6338	   69.2015
    8.9694	  227.9004	    7.3393	   32.7881	   65.8285
    9.0638	   21.0059	    7.4927	   23.8525	   67.9129
    8.3937	  109.4238	    7.5850	   18.6279	   63.6662
    9.1188	   50.0098	    7.5745	   20.7178	   69.0697
    8.2267	   48.7793	    8.2424	   18.4326	   67.8079
    8.8485	  357.4512	    8.2366	   29.5654	   72.8818
    9.1298	  340.0488	    6.2719	   28.3154	   57.2614
    8.4640	   42.4512	    8.4678	   22.0654	   71.6710
    8.4354	  191.6895	    8.9295	   24.6143	   75.3238
    8.8881	  198.1934	    7.7859	   34.6338	   69.2015
    8.0311	  181.8457	    8.2214	   33.7451	   66.0272
    9.0045	  134.9121	    7.0604	   27.0068	   63.5757
    8.7738	  224.2090	    7.3475	   30.6104	   64.4659
    9.1979	  271.3184	    7.4347	   33.0713	   68.3836
    9.0924	   43.5059	    7.3045	   34.8975	   66.4151
    8.1476	  202.2363	    8.1161	   24.7217	   66.1263
    9.2792	  100.8105	    7.6473	   30.8643	   70.9604
    9.1627	  127.8809	    6.7809	   27.9150	   62.1319
    9.3011	   97.6465	    5.7674	   24.8291	   53.6431
    8.9144	   32.9590	    7.8655	   27.4854	   70.1160
    8.0311	  181.8457	    8.2214	   33.7451	   66.0272
    8.7101	  112.7637	    6.9480	   22.2217	   60.5172
    8.2531	   53.1738	    9.2571	   34.2529	   76.3989
    9.2484	  348.1348	    7.2147	   21.0303	   66.7244
    8.9056	  137.9004	    6.4270	   27.7881	   57.2364
    8.3497	   48.2520	    8.8180	   23.8330	   73.6278
    8.7782	   59.3262	    7.3270	   26.9971	   64.3181
    9.1935	  250.7520	    7.7628	   22.5830	   71.3676
    8.9650	   49.6582	    6.5419	   29.8389	   58.6480
    9.3011	   97.6465	    5.7674	   24.8291	   53.6431
    8.7408	  139.1309	    7.0876	   23.5400	   61.9513
    8.4794	   93.9551	    8.8366	   24.9561	   74.9291
    9.0353	  291.5332	    7.8934	   24.2236	   71.3190
    8.6442	  103.2715	    8.8816	   22.9834	   76.7742
    8.1476	  202.2363	    8.1161	   24.7217	   66.1263
    8.8969	  231.2402	    6.7073	   31.1572	   59.6736
    9.2352	   61.6113	    7.1273	   25.0342	   65.8223
    9.2220	   39.2871	    6.8837	   25.4443	   63.4815
    9.1276	  128.0566	    6.8645	   19.0088	   62.6560
    9.1979	  271.3184	    7.4347	   33.0713	   68.3836
    8.7650	  165.8496	    6.6317	   30.9131	   58.1272
    8.9210	   84.1113	    7.6699	   31.2158	   68.4232
    8.8859	  351.2988	    6.5767	   20.1904	   58.4393
    8.9913	  224.7363	    8.0839	   25.9717	   72.6848
    8.7870	  141.0645	    7.8744	   26.1768	   69.1921
    8.2157	  165.6738	    8.7295	   34.4971	   71.7190
    9.0529	   14.5020	    6.3953	   20.7080	   57.8960
    8.3915	  219.1113	    8.0457	   23.7158	   67.5155
    9.0133	  183.4277	    8.0472	   22.4365	   72.5321
    8.7738	  224.2090	    7.3475	   30.6104	   64.4659
    9.0792	  280.1074	    6.0354	   32.7002	   54.7970
    9.0353	  291.5332	    7.8934	   24.2236	   71.3190
    9.1913	  242.8418	    7.6303	   33.5889	   70.1321
    8.9716	  215.4199	    6.5783	   28.3936	   59.0174
    8.9584	  203.8184	    6.3249	   24.3213	   56.6606
    8.7738	  224.2090	    7.3475	   30.6104	   64.4659
    8.8859	  351.2988	    6.5767	   20.1904	   58.4393
    8.2267	   48.7793	    8.2424	   18.4326	   67.8079
    8.2157	  165.6738	    8.7295	   34.4971	   71.7190
    8.3937	  109.4238	    7.5850	   18.6279	   63.6662
    9.1298	  340.0488	    6.2719	   28.3154	   57.2614
    8.4969	  126.8262	    7.8854	   24.2529	   67.0022
    8.7716	  232.9980	    7.7789	   28.0420	   68.2338
    8.5255	  186.0645	    7.5800	   21.3232	   64.6233
    8.9781	  141.2402	    7.8036	   33.8428	   70.0620
    8.8463	  164.4434	    8.3335	   25.2588	   73.7211
    9.1781	   28.7402	    6.4882	   15.0928	   59.5494
    8.5453	  291.8848	    8.3873	   18.3447	   71.6723
    8.3651	  242.3145	    7.8905	   28.0518	   66.0047
    8.7365	  112.9395	    6.6418	   17.2607	   58.0255
    9.2792	  100.8105	    7.6473	   30.8643	   70.9604
    8.6354	  316.3184	    8.2854	   34.4287	   71.5479
    7.9938	   39.9902	    8.4507	   25.7178	   67.5530
    8.4684	  139.8340	    8.9404	   15.9229	   75.7108
    8.0311	  181.8457	    8.2214	   33.7451	   66.0272
    8.4662	   60.5566	    8.3708	   17.2412	   70.8690
    8.6068	    4.3066	    7.6363	   30.8838	   65.7242
    8.8309	    1.6699	    8.2503	   16.5186	   72.8579
    8.7365	  112.9395	    6.6418	   17.2607	   58.0255
    8.0421	   76.2012	    8.6670	   21.0596	   69.7007
    9.3275	  149.1504	    7.3484	   28.4131	   68.5422
    8.4113	   82.7051	    9.1216	   23.0811	   76.7243
    9.0594	  171.8262	    7.1080	   23.2471	   64.3942
    8.9320	  294.6973	    8.4768	   20.8740	   75.7145
    9.1605	  341.1035	    7.4394	   19.5459	   68.1488
    8.3124	   20.6543	    7.5019	   19.9951	   62.3583
    9.1298	  340.0488	    6.2719	   28.3154	   57.2614
    8.6749	  138.0762	    7.3928	   17.6221	   64.1321
    9.3297	  158.1152	    5.6548	   26.6553	   52.7575
    9.2462	  342.1582	    6.9015	   33.9111	   63.8124
    8.5936	  316.8457	    7.2828	   33.7549	   62.5857
    9.1188	   50.0098	    7.5745	   20.7178	   69.0697
    8.3937	  109.4238	    7.5850	   18.6279	   63.6662
    9.0924	   43.5059	    7.3045	   34.8975	   66.4151
    9.1759	   79.7168	    7.4714	   18.9014	   68.5565
    8.9144	   32.9590	    7.8655	   27.4854	   70.1160
    8.1190	  115.7520	    9.1686	   34.9170	   74.4399
    9.0287	  254.4434	    7.9327	   29.7412	   71.6219
    8.9913	  224.7363	    8.0839	   25.9717	   72.6848
    9.3297	  158.1152	    5.6548	   26.6553	   52.7575
    9.2352	   61.6113	    7.1273	   25.0342	   65.8223
    8.9342	   16.7871	    7.2885	   28.3057	   65.1172
    8.6156	  196.2598	    8.1763	   27.5928	   70.4440
    9.2528	  147.9199	    6.2152	   20.3564	   57.5078
    9.1869	  109.5996	    6.2079	   34.0381	   57.0315
    8.3256	   63.1934	    9.1054	   22.1338	   75.8073
    8.3827	  299.9707	    7.4788	   19.0576	   62.6928
    8.4135	  205.2246	    7.7478	   18.7256	   65.1861
    8.7123	  142.1191	    6.9853	   32.9150	   60.8579
    8.6244	  205.4004	    7.8960	   21.5381	   68.0986
    9.3407	  255.6738	    5.6389	   19.4971	   52.6713
    8.3497	   48.2520	    8.8180	   23.8330	   73.6278
    8.5541	  328.9746	    7.8898	   15.6006	   67.4898
    9.0551	   66.7090	    8.0684	   26.8604	   73.0600
    9.0638	   21.0059	    7.4927	   23.8525	   67.9129
    8.3497	   48.2520	    8.8180	   23.8330	   73.6278
    9.1913	  242.8418	    7.6303	   33.5889	   70.1321
    8.8990	   70.2246	    6.4565	   26.2256	   57.4570
    8.5365	  102.5684	    7.6911	   21.3037	   65.6548
    8.9364	  226.1426	    7.7116	   25.8252	   68.9141
    8.4552	   90.4395	    7.4858	   26.0107	   63.2942
    8.9496	  324.2285	    8.2287	   26.7334	   73.6434
    8.7101	  112.7637	    6.9480	   22.2217	   60.5172
    8.3915	  219.1113	    8.0457	   23.7158	   67.5155
    8.3629	  170.7715	    7.4625	   15.7666	   62.4082
    7.9938	   39.9902	    8.4507	   25.7178	   67.5530
    9.0902	  182.0215	    7.4942	   22.3584	   68.1235
    8.4244	  243.1934	    8.0371	   17.8662	   67.7084
    8.8024	  189.0527	    6.6905	   26.0010	   58.8925
    8.7408	  139.1309	    7.0876	   23.5400	   61.9513
    8.4135	  205.2246	    7.7478	   18.7256	   65.1861
    8.6771	  358.6816	    7.1689	   31.9287	   62.2058
    9.1122	  155.8301	    6.3247	   15.2686	   57.6319
    8.5475	   59.1504	    7.5726	   33.4131	   64.7271
    8.5475	   59.1504	    7.5726	   33.4131	   64.7271
    8.7123	  142.1191	    6.9853	   32.9150	   60.8579
    8.4178	  102.2168	    9.2166	   17.6514	   77.5838
    8.4574	  149.8535	    8.2996	   16.0791	   70.1926
    8.9430	  155.3027	    7.2060	   34.1260	   64.4432
    8.9496	  324.2285	    8.2287	   26.7334	   73.6434
