    7.3368	  349.0137	   10.4297	   29.6533	   76.5206
    7.0577	  115.0488	   10.0587	   24.1846	   70.9915
    6.5875	  207.5098	   11.2281	   15.5322	   73.9657
    6.0997	  131.7480	   12.6725	   16.1670	   77.2990
    6.4513	  182.3730	   11.7029	   26.0205	   75.4989
    7.7213	  285.5566	    9.2098	   19.7412	   71.1117
    6.5897	  158.4668	   11.2655	   19.2236	   74.2365
    6.9259	  259.7168	   10.8962	   21.0986	   75.4662
    7.2203	   79.3652	   10.7719	   22.2803	   77.7766
    6.8710	  179.0332	   11.6714	   29.5264	   80.1941
    7.1105	   77.6074	   11.3189	   33.9502	   80.4825
    7.8334	   66.1816	    9.7011	   30.6787	   75.9925
    7.3126	  290.6543	   10.5169	   34.9951	   76.9060
    7.8158	  196.7871	    9.8540	   18.3057	   77.0167
    6.9698	  203.6426	   11.3381	   32.9248	   79.0246
    7.6158	  310.8691	   10.4638	   21.4600	   79.6908
    6.6996	  215.7715	   10.9944	   33.2666	   73.6578
    6.6996	  215.7715	   10.9944	   33.2666	   73.6578
    7.2906	   83.7598	    9.6234	   26.3428	   70.1605
    7.5587	   62.8418	    9.5122	   23.5889	   71.9002
    7.3214	  263.2324	   11.1546	   18.8623	   81.6672
    6.0997	  131.7480	   12.6725	   16.1670	   77.2990
    7.8202	  105.0293	    8.8227	   18.4424	   68.9954
    6.6820	  114.6973	   10.8128	   30.8740	   72.2509
    7.7125	   62.4902	    9.2948	   29.4678	   71.6861
    7.7740	  340.2246	    9.8328	   18.7744	   76.4405
    6.9523	  253.3887	   10.4533	   27.5342	   72.6743
    7.2577	  330.0293	   10.5108	   15.9424	   76.2845
    7.4840	   83.5840	    9.3946	   17.7979	   70.3095
    7.6949	  113.2910	    9.0741	   16.8604	   69.8246
    7.5939	   91.8457	   10.2978	   31.2549	   78.2004
    6.0997	  131.7480	   12.6725	   16.1670	   77.2990
    7.6158	  310.8691	   10.4638	   21.4600	   79.6908
    7.2379	   80.7715	   10.6019	   20.7666	   76.7359
    7.8312	  154.4238	    9.9250	   31.1279	   77.7245
    7.4884	  325.2832	    9.2081	   18.5986	   68.9540
    6.8644	  108.5449	   10.3265	   18.7061	   70.8848
    7.4752	  352.8809	   10.5953	   25.4150	   79.2024
    7.2115	  115.2246	   11.2694	   23.7256	   81.2701
    6.2799	  178.5059	   13.0669	   22.3975	   82.0587
    7.6158	  310.8691	   10.4638	   21.4600	   79.6908
    7.4401	    6.9434	   10.6789	   23.4912	   79.4514
    7.8466	  125.4199	    9.1855	   23.3936	   72.0744
    7.7543	   41.3965	    9.7041	   19.2041	   75.2486
    7.1764	  146.1621	   10.0639	   32.3682	   72.2226
    7.7279	   71.6309	    9.6490	   32.2900	   74.5665
    7.2775	  184.6582	    9.6849	   17.3389	   70.4815
    6.7743	  145.9863	   11.0753	   32.8467	   75.0276
    7.8048	  164.9707	   10.1018	   33.4424	   78.8426
    7.4027	  227.0215	   10.0585	   24.8584	   74.4604
    7.3654	  239.5020	   10.2097	   31.7920	   75.1981
    5.9767	  131.2207	   13.7132	   21.5674	   81.9595
    7.2775	  184.6582	    9.6849	   17.3389	   70.4815
    7.0577	  115.0488	   10.0587	   24.1846	   70.9915
    7.6444	  141.5918	    9.5065	   30.4639	   72.6717
    7.7982	  302.2559	   10.0410	   24.4775	   78.3020
    6.5282	  120.6738	   12.5439	   16.9971	   81.8890
    7.3214	  263.2324	   11.1546	   18.8623	   81.6672
    6.6644	  147.0410	   11.4905	   17.4854	   76.5777
    7.4247	  159.1699	   10.5956	   17.7686	   78.6691
    6.3568	  184.3066	   12.8825	   29.1162	   81.8913
    7.3829	   26.2793	   10.7429	   20.3174	   79.3140
    7.3016	  323.7012	   11.0040	   27.6904	   80.3469
    7.3522	  216.4746	   10.4739	   18.1494	   77.0057
    7.7213	  285.5566	    9.2098	   19.7412	   71.1117
    6.3260	  112.0605	   13.0724	   24.7607	   82.6968
    7.7169	  103.6230	    9.2254	   17.8955	   71.1918
    7.4115	  347.4316	    9.7172	   16.3037	   72.0192
    7.3917	  214.8926	    9.8498	   34.7998	   72.8071
    6.6820	  114.6973	   10.8128	   30.8740	   72.2509
    7.4247	  159.1699	   10.5956	   17.7686	   78.6691
    7.8158	  196.7871	    9.8540	   18.3057	   77.0167
    7.4027	  227.0215	   10.0585	   24.8584	   74.4604
    7.2050	  204.8730	    9.9660	   24.7705	   71.8045
    7.4730	   26.1035	   10.0038	   22.0459	   74.7584
    7.4115	  347.4316	    9.7172	   16.3037	   72.0192
    6.8226	   99.0527	   11.6822	   21.0010	   79.7035
    7.5961	  239.6777	    8.8923	   23.1885	   67.5466
    7.1962	  179.7363	   10.7468	   21.5283	   77.3354
    7.4708	  280.8105	    9.4952	   20.8643	   70.9372
    6.2799	  178.5059	   13.0669	   22.3975	   82.0587
    7.4027	  227.0215	   10.0585	   24.8584	   74.4604
    7.3456	  238.6230	   10.4815	   29.6045	   76.9924
    6.8864	  217.3535	   10.9563	   27.6709	   75.4491
    7.6334	  103.9746	   10.2548	   26.8994	   78.2793
    7.8048	  164.9707	   10.1018	   33.4424	   78.8426
    7.8817	  274.4824	    9.6269	   26.9873	   75.8761
    7.2511	  271.1426	   11.1190	   31.6748	   80.6250
    6.9808	  193.2715	   11.6371	   22.0166	   81.2369
    6.4337	  152.8418	   11.5921	   21.4111	   74.5802
    7.7740	  340.2246	    9.8328	   18.7744	   76.4405
    7.0358	  157.4121	    9.8609	   15.7568	   69.3793
    7.2775	  184.6582	    9.6849	   17.3389	   70.4815
    7.8729	  326.6895	    9.6728	   22.8857	   76.1529
    7.2753	  221.7480	    9.5987	   28.8330	   69.8332
    7.8202	  105.0293	    8.8227	   18.4424	   68.9954
    7.4862	  132.6270	    9.1219	   28.5205	   68.2886
    6.0624	  159.3457	   14.1298	   29.9951	   85.6605
    7.1259	  140.3613	   10.6453	   26.8408	   75.8566
    7.7235	   92.5488	    9.1129	   25.4346	   70.3833
    7.7499	  114.3457	    9.1900	   22.4951	   71.2213
    7.6906	    8.1738	   10.0345	   33.2471	   77.1711
    7.4532	   80.5957	   10.4074	   16.8701	   77.5686
    6.3239	  172.3535	   12.6445	   19.8291	   79.9616
    7.7169	  103.6230	    9.2254	   17.8955	   71.1918
    7.7675	   20.1270	    8.6612	   22.7295	   67.2752
    7.2906	   83.7598	    9.6234	   26.3428	   70.1605
    7.3829	   26.2793	   10.7429	   20.3174	   79.3140
    7.2775	  184.6582	    9.6849	   17.3389	   70.4815
    7.3104	  258.3105	    9.8057	   19.6143	   71.6839
    6.0997	  131.7480	   12.6725	   16.1670	   77.2990
    6.8864	  217.3535	   10.9563	   27.6709	   75.4491
    7.8202	  105.0293	    8.8227	   18.4424	   68.9954
    6.5392	  176.2207	   12.0568	   24.0674	   78.8417
    7.1215	  200.4785	   10.3533	   23.8916	   73.7305
    6.9962	  162.1582	   11.2003	   26.0889	   78.3600
    7.8466	  125.4199	    9.1855	   23.3936	   72.0744
    7.8466	  125.4199	    9.1855	   23.3936	   72.0744
    7.4247	  159.1699	   10.5956	   17.7686	   78.6691
    6.6820	  114.6973	   10.8128	   30.8740	   72.2509
    7.7719	  321.2402	    9.3389	   23.8428	   72.5804
    6.6622	  183.2520	   11.3824	   18.6670	   75.8319
    7.9037	   15.5566	    8.8090	   15.2588	   69.6232
    7.8597	  118.9160	    8.8432	   24.0479	   69.5051
    7.8334	   66.1816	    9.7011	   30.6787	   75.9925
    6.8226	   99.0527	   11.6822	   21.0010	   79.7035
    7.6444	  141.5918	    9.5065	   30.4639	   72.6717
    6.8380	  231.0645	   10.3079	   31.1768	   70.4858
    6.8600	  104.1504	   11.3870	   24.0869	   78.1148
    7.8466	  125.4199	    9.1855	   23.3936	   72.0744
    7.8224	  162.6855	    9.5412	   20.5518	   74.6352
    7.7213	  285.5566	    9.2098	   19.7412	   71.1117
    7.4532	   80.5957	   10.4074	   16.8701	   77.5686
    7.1962	  179.7363	   10.7468	   21.5283	   77.3354
    7.3104	  258.3105	    9.8057	   19.6143	   71.6839
    6.9984	  191.8652	   10.8788	   31.0303	   76.1344
    7.7960	  185.8887	    8.5461	   26.2158	   66.6259
    7.4269	  153.5449	   10.8381	   21.2061	   80.4929
    7.5521	   91.3184	    9.7078	   26.9287	   73.3144
    6.8380	  231.0645	   10.3079	   31.1768	   70.4858
    7.8334	   66.1816	    9.7011	   30.6787	   75.9925
    7.1390	  179.3848	   10.1077	   27.0947	   72.1590
    6.6051	  194.8535	   11.1754	   31.4209	   73.8146
    7.3082	    3.6035	   11.1722	   31.7041	   81.6487
    7.2313	  199.4238	   10.4337	   16.3721	   75.4497
    6.3260	  112.0605	   13.0724	   24.7607	   82.6968
    7.4730	   26.1035	   10.0038	   22.0459	   74.7584
    7.8817	  274.4824	    9.6269	   26.9873	   75.8761
    7.7609	   98.7012	    9.9529	   15.1904	   77.2432
    7.7301	   75.1465	    9.2811	   16.4209	   71.7436
    7.5719	  208.7402	   10.6543	   25.0928	   80.6733
    7.1522	  246.5332	   10.8274	   26.7236	   77.4397
    7.6949	  113.2910	    9.0741	   16.8604	   69.8246
    7.4291	  238.9746	    9.4521	   20.6006	   70.2201
    6.6996	  215.7715	   10.9944	   33.2666	   73.6578
    7.1390	  179.3848	   10.1077	   27.0947	   72.1590
    7.3983	  318.7793	    9.7763	   26.5674	   72.3283
    7.7125	   62.4902	    9.2948	   29.4678	   71.6861
    7.2643	  282.7441	   10.4251	   26.9775	   75.7312
    6.9962	  162.1582	   11.2003	   26.0889	   78.3600
    7.4708	  280.8105	    9.4952	   20.8643	   70.9372
    6.8710	  179.0332	   11.6714	   29.5264	   80.1941
    7.6158	  310.8691	   10.4638	   21.4600	   79.6908
    7.7609	   98.7012	    9.9529	   15.1904	   77.2432
    6.9611	  172.5293	   10.4782	   29.6924	   72.9395
    6.6820	  114.6973	   10.8128	   30.8740	   72.2509
    7.6862	  158.9941	    9.6498	   16.1475	   74.1697
    7.9015	  182.5488	    8.9059	   30.4346	   70.3697
    7.3829	   26.2793	   10.7429	   20.3174	   79.3140
    6.8226	   99.0527	   11.6822	   21.0010	   79.7035
    7.7499	  114.3457	    9.1900	   22.4951	   71.2213
    6.8644	  108.5449	   10.3265	   18.7061	   70.8848
    7.0819	  276.5918	    9.9446	   27.9639	   70.4270
    7.4027	  227.0215	   10.0585	   24.8584	   74.4604
    7.2775	  184.6582	    9.6849	   17.3389	   70.4815
    7.1434	   46.6699	   10.8147	   25.9814	   77.2540
    7.2906	   83.7598	    9.6234	   26.3428	   70.1605
    7.5939	   91.8457	   10.2978	   31.2549	   78.2004
    6.8688	  129.9902	   11.0091	   30.7178	   75.6189
    7.8597	  118.9160	    8.8432	   24.0479	   69.5051
    7.2467	   28.2129	   11.1029	   15.8057	   80.4594
    7.4027	  227.0215	   10.0585	   24.8584	   74.4604
    6.6996	  215.7715	   10.9944	   33.2666	   73.6578
    7.7323	  224.5605	   10.0948	   28.5107	   78.0560
    7.6862	  158.9941	    9.6498	   16.1475	   74.1697
    6.9742	  132.8027	   11.8229	   17.8760	   82.4560
    6.5875	  207.5098	   11.2281	   15.5322	   73.9657
    7.8488	  217.7051	    9.5720	   20.5811	   75.1279
    7.8334	   66.1816	    9.7011	   30.6787	   75.9925
    6.2140	  137.5488	   12.5909	   32.0654	   78.2395
    6.9083	  304.1895	   10.2532	   18.3643	   70.8323
    6.6644	  147.0410	   11.4905	   17.4854	   76.5777
    6.9193	  220.6934	   10.2007	   21.6162	   70.5816
    7.2928	   12.2168	   10.0928	   32.6514	   73.6055
    7.8246	  234.2285	   10.1181	   31.7334	   79.1701
    6.9259	  259.7168	   10.8962	   21.0986	   75.4662
    6.6644	  147.0410	   11.4905	   17.4854	   76.5777
    7.1105	   77.6074	   11.3189	   33.9502	   80.4825
    7.6510	  237.5684	    9.9897	   23.8037	   76.4309
    7.1390	  179.3848	   10.1077	   27.0947	   72.1590
