    6.4008	  137.1973	   11.6568	   32.8760	   74.6125
    6.9545	  350.2441	   10.6982	   21.7725	   74.4002
    6.9149	  337.2363	   11.5908	   22.7783	   80.1495
    6.6644	  147.0410	   11.4905	   17.4854	   76.5777
    5.9569	  173.4082	   13.3209	   32.9639	   79.3513
    6.9193	  220.6934	   10.2007	   21.6162	   70.5816
    6.9852	  118.3887	   11.0160	   15.0342	   76.9495
    6.2711	  211.5527	   13.0371	   32.2510	   81.7571
    6.2448	  305.0684	   12.3350	   20.0537	   77.0288
    6.1481	  282.0410	   12.4689	   25.0146	   76.6595
    6.0536	  173.2324	   12.3008	   16.1377	   74.4637
    6.9677	   21.3574	   10.7172	   15.4248	   74.6739
    6.0514	  236.1621	   13.4402	   22.6318	   81.3317
    6.3700	   60.2051	   12.6793	   26.8311	   80.7672
    6.6073	   45.4395	   10.9710	   16.4893	   72.4890
    6.7941	   91.6699	   12.2684	   31.5186	   83.3526
    6.1832	   86.3965	   13.3790	   23.2959	   82.7253
    6.3239	  172.3535	   12.6445	   19.8291	   79.9616
    6.8820	  326.5137	   10.5594	   20.9033	   72.6691
    6.2975	  239.1504	   13.1704	   26.5869	   82.9401
    6.0997	  131.7480	   12.6725	   16.1670	   77.2990
    6.4008	  137.1973	   11.6568	   32.8760	   74.6125
    6.7853	  248.4668	   11.0058	   34.2236	   74.6771
    6.5106	  198.5449	   12.2451	   26.2939	   79.7230
    6.1722	  196.0840	   12.6576	   33.4521	   78.1255
    6.7743	  145.9863	   11.0753	   32.8467	   75.0276
    6.2711	  211.5527	   13.0371	   32.2510	   81.7571
    6.7435	   15.3809	   11.6657	   28.3350	   78.6681
    6.5721	  255.4980	   12.3339	   34.2920	   81.0600
    6.5809	  178.3301	   11.4213	   23.4814	   75.1626
    6.6710	  264.1113	   11.6612	   28.7842	   77.7918
    6.8336	  283.4473	   11.6200	   19.7510	   79.4064
    6.4491	  190.2832	   13.0474	   16.0986	   84.1439
    6.4535	  231.4160	   12.4385	   20.2979	   80.2717
    6.1217	   61.7871	   13.6808	   19.1943	   83.7499
    6.4908	  319.1309	   12.9245	   33.5400	   83.8912
    6.2777	   42.9785	   13.4348	   20.1416	   84.3397
    5.9877	  196.9629	   13.9512	   32.3193	   83.5353
    6.5238	   44.2090	   12.5400	   20.6104	   81.8084
    6.5656	   98.1738	   10.9108	   28.2471	   71.6353
    7.0533	   85.8691	   11.2364	   23.9600	   79.2543
    6.6095	   58.0957	   12.1266	   16.8799	   80.1504
    6.1898	  232.8223	   13.5399	   34.4385	   83.8093
    5.9877	  196.9629	   13.9512	   32.3193	   83.5353
    6.8468	   30.6738	   10.6917	   28.0029	   73.2041
    6.8995	  243.0176	   11.5491	   16.7627	   79.6833
    6.8600	  104.1504	   11.3870	   24.0869	   78.1148
    6.7941	   91.6699	   12.2684	   31.5186	   83.3526
    6.9786	  320.1855	   10.8234	   26.8018	   75.5327
    6.5458	  190.1074	   11.9833	   22.2998	   78.4401
    5.9437	   84.9902	   12.9503	   23.2178	   76.9730
    5.9371	  197.6660	   14.1957	   15.3271	   84.2815
    6.8007	  209.0918	   12.0387	   18.2861	   81.8711
    6.4908	  319.1309	   12.9245	   33.5400	   83.8912
    6.2777	   42.9785	   13.4348	   20.1416	   84.3397
    6.9742	  132.8027	   11.8229	   17.8760	   82.4560
    6.1700	  114.8730	   12.3053	   20.2295	   75.9240
    6.5809	  178.3301	   11.4213	   23.4814	   75.1626
    6.3239	  172.3535	   12.6445	   19.8291	   79.9616
    6.5128	   65.8301	   12.4875	   29.7314	   81.3288
    6.1481	  282.0410	   12.4689	   25.0146	   76.6595
    7.0533	   85.8691	   11.2364	   23.9600	   79.2543
    5.9371	  197.6660	   14.1957	   15.3271	   84.2815
    6.3568	  184.3066	   12.8825	   29.1162	   81.8913
    6.4315	  340.7520	   12.7559	   17.5830	   82.0398
    6.1327	  240.0293	   13.8871	   20.9424	   85.1653
    6.6227	    7.8223	   12.0968	   33.0615	   80.1130
    6.4930	   56.5137	   11.7119	   24.0967	   76.0458
    7.0358	  157.4121	    9.8609	   15.7568	   69.3793
    6.1305	   20.3027	   12.4801	   21.6260	   76.5093
    6.9083	  304.1895	   10.2532	   18.3643	   70.8323
    6.7633	  356.5723	   10.9350	   32.4365	   73.9566
    6.5194	  308.4082	   12.8828	   25.4639	   83.9880
    6.8732	  278.8770	   11.0618	   28.3545	   76.0297
    6.8248	   61.9629	   10.4940	   20.1807	   71.6197
    5.9767	  131.2207	   13.7132	   21.5674	   81.9595
    6.3392	  112.5879	   12.4103	   19.2432	   78.6718
    6.2338	   53.3496	   12.3533	   27.8369	   77.0075
    6.8380	  231.0645	   10.3079	   31.1768	   70.4858
    6.2360	   90.6152	   13.0645	   27.9053	   81.4695
    6.5677	  260.0684	   11.6244	   32.4463	   76.3462
    6.5238	   44.2090	   12.5400	   20.6104	   81.8084
    6.2711	  211.5527	   13.0371	   32.2510	   81.7571
    6.2689	  264.4629	   12.6213	   23.9307	   79.1221
    6.8710	  179.0332	   11.6714	   29.5264	   80.1941
    6.3260	  112.0605	   13.0724	   24.7607	   82.6968
    7.0072	  312.2754	   10.9696	   17.4756	   76.8663
    6.8160	  245.4785	   11.5555	   28.6084	   78.7629
    6.9874	  356.9238	    9.9572	   34.8779	   69.5751
    6.2645	  347.6074	   11.6677	   28.9502	   73.0927
    7.0819	  276.5918	    9.9446	   27.9639	   70.4270
    6.9259	  259.7168	   10.8962	   21.0986	   75.4662
    5.8207	  100.4590	   13.3977	   18.7354	   77.9837
    5.8910	  173.5840	   13.6554	   22.7979	   80.4440
    7.0533	   85.8691	   11.2364	   23.9600	   79.2543
    6.4425	  105.2051	   11.9173	   34.3311	   76.7771
    6.9962	  162.1582	   11.2003	   26.0889	   78.3600
    6.5897	  158.4668	   11.2655	   19.2236	   74.2365
    6.7743	  145.9863	   11.0753	   32.8467	   75.0276
    6.6996	  215.7715	   10.9944	   33.2666	   73.6578
    6.4952	  109.9512	   12.5012	   26.6846	   81.1983
    6.5106	  198.5449	   12.2451	   26.2939	   79.7230
    6.3260	  112.0605	   13.0724	   24.7607	   82.6968
    6.8710	  179.0332	   11.6714	   29.5264	   80.1941
    6.2777	   42.9785	   13.4348	   20.1416	   84.3397
    6.9193	  220.6934	   10.2007	   21.6162	   70.5816
    6.8995	  243.0176	   11.5491	   16.7627	   79.6833
    6.4073	  111.3574	   13.0262	   29.5752	   83.4634
    6.0668	  266.3965	   12.2685	   16.7041	   74.4303
    6.2975	  239.1504	   13.1704	   26.5869	   82.9401
    6.7413	   44.7363	   10.9814	   15.9717	   74.0292
    6.4161	  354.8145	   12.0355	   30.6982	   77.2212
    6.9303	  272.7246	   10.8635	   24.9756	   75.2873
    6.8007	  209.0918	   12.0387	   18.2861	   81.8711
    6.4667	   34.1895	   12.0181	   33.3643	   77.7170
    6.6622	  183.2520	   11.3824	   18.6670	   75.8319
    6.0074	  248.2910	   12.8885	   30.6396	   77.4267
    6.4008	  137.1973	   11.6568	   32.8760	   74.6125
    6.3304	  154.0723	   12.0656	   28.8135	   76.3805
    6.8248	   61.9629	   10.4940	   20.1807	   71.6197
    6.4425	  105.2051	   11.9173	   34.3311	   76.7771
    6.3260	  112.0605	   13.0724	   24.7607	   82.6968
    6.3239	  172.3535	   12.6445	   19.8291	   79.9616
    6.4513	  182.3730	   11.7029	   26.0205	   75.4989
    6.1019	  257.9590	   13.1786	   34.9854	   80.4151
    6.2931	  353.4082	   12.3266	   22.9639	   77.5725
    6.7347	   28.9160	   11.1232	   29.0479	   74.9122
    6.8995	  243.0176	   11.5491	   16.7627	   79.6833
    6.7347	   28.9160	   11.1232	   29.0479	   74.9122
    6.3392	  112.5879	   12.4103	   19.2432	   78.6718
    6.4535	  231.4160	   12.4385	   20.2979	   80.2717
    6.9852	  118.3887	   11.0160	   15.0342	   76.9495
    6.6644	  147.0410	   11.4905	   17.4854	   76.5777
    6.8885	  337.0605	   11.3843	   32.2607	   78.4213
    6.7743	  145.9863	   11.0753	   32.8467	   75.0276
    6.7589	  321.7676	   11.5927	   33.6377	   78.3540
    6.3876	  266.9238	   12.3409	   19.8779	   78.8285
    6.5018	    8.8770	   11.2094	   33.3545	   72.8819
    6.0668	  266.3965	   12.2685	   16.7041	   74.4303
    6.2294	  273.9551	   12.1638	   34.9561	   75.7731
    6.9149	  337.2363	   11.5908	   22.7783	   80.1495
    6.5216	   52.9980	   12.1169	   18.0420	   79.0216
    6.7435	   15.3809	   11.6657	   28.3350	   78.6681
    6.4293	  280.4590	   12.2498	   21.2646	   78.7579
    6.2250	  252.5098	   12.5384	   23.0322	   78.0510
    6.9742	  132.8027	   11.8229	   17.8760	   82.4560
    6.9083	  304.1895	   10.2532	   18.3643	   70.8323
    6.0118	  195.9082	   12.9046	   19.2139	   77.5802
    6.2909	  172.0020	   13.1779	   20.5420	   82.9010
    6.9874	  356.9238	    9.9572	   34.8779	   69.5751
    6.8885	  337.0605	   11.3843	   32.2607	   78.4213
    6.5106	  198.5449	   12.2451	   26.2939	   79.7230
    6.2448	  305.0684	   12.3350	   20.0537	   77.0288
    6.9720	  140.7129	   11.3095	   15.4443	   78.8504
    7.0490	  337.9395	   10.4561	   19.7607	   73.7049
    6.1305	   20.3027	   12.4801	   21.6260	   76.5093
    7.0490	  337.9395	   10.4561	   19.7607	   73.7049
    6.3722	  237.9199	   11.8036	   15.3564	   75.2147
    7.0336	   14.6777	   10.3827	   19.3115	   73.0273
    6.6622	  183.2520	   11.3824	   18.6670	   75.8319
    6.8380	  231.0645	   10.3079	   31.1768	   70.4858
    6.4139	  277.4707	   12.7623	   24.6924	   81.8565
    6.2909	  172.0020	   13.1779	   20.5420	   82.9010
    6.3612	  137.3730	   12.4982	   33.5205	   79.5034
    7.0555	  101.5137	   10.8563	   28.4033	   76.5970
    5.7701	  146.3379	   13.3296	   21.1182	   76.9139
    6.9127	   52.1191	   11.6365	   32.0850	   80.4397
    6.1217	   61.7871	   13.6808	   19.1943	   83.7499
    6.2448	  305.0684	   12.3350	   20.0537	   77.0288
    6.9852	  118.3887	   11.0160	   15.0342	   76.9495
    6.3722	  237.9199	   11.8036	   15.3564	   75.2147
    6.9347	   12.9199	   11.2214	   22.8564	   77.8170
    6.4337	  152.8418	   11.5921	   21.4111	   74.5802
    6.0118	  195.9082	   12.9046	   19.2139	   77.5802
    6.2711	  211.5527	   13.0371	   32.2510	   81.7571
    6.4425	  105.2051	   11.9173	   34.3311	   76.7771
    6.8160	  245.4785	   11.5555	   28.6084	   78.7629
    6.0690	   29.6191	   12.2937	   20.8350	   74.6099
    6.5106	  198.5449	   12.2451	   26.2939	   79.7230
    6.8776	  308.0566	   11.6858	   29.0088	   80.3700
    5.9437	   84.9902	   12.9503	   23.2178	   76.9730
    6.0492	  221.5723	   13.0244	   30.0635	   78.7871
    6.2799	  178.5059	   13.0669	   22.3975	   82.0587
    6.0052	  125.0684	   13.3125	   30.0537	   79.9451
    7.0490	  337.9395	   10.4561	   19.7607	   73.7049
    5.9437	   84.9902	   12.9503	   23.2178	   76.9730
    7.0336	   14.6777	   10.3827	   19.3115	   73.0273
    6.7743	  145.9863	   11.0753	   32.8467	   75.0276
    6.4139	  277.4707	   12.7623	   24.6924	   81.8565
    6.9808	  193.2715	   11.6371	   22.0166	   81.2369
    6.2997	   69.1699	   13.5153	   32.7686	   85.1423
    6.1481	  282.0410	   12.4689	   25.0146	   76.6595
    6.0558	  139.4824	   13.4563	   29.4873	   81.4883
    6.3722	  237.9199	   11.8036	   15.3564	   75.2147
    6.2777	   42.9785	   13.4348	   20.1416	   84.3397
    6.9127	   52.1191	   11.6365	   32.0850	   80.4397
    6.3722	  237.9199	   11.8036	   15.3564	   75.2147
    6.0997	  131.7480	   12.6725	   16.1670	   77.2990
    7.0182	  274.3066	   10.3824	   15.8838	   72.8660
    6.7303	  237.2168	   11.7810	   30.1514	   79.2900
