    7.2115	  115.2246	   11.2694	   23.7256	   81.2701
    6.0404	  153.3691	   12.2134	   25.2100	   73.7737
    7.0555	  101.5137	   10.8563	   28.4033	   76.5970
    6.9852	  118.3887	   11.0160	   15.0342	   76.9495
    6.4315	  340.7520	   12.7559	   17.5830	   82.0398
    6.1239	  181.1426	   11.9994	   33.3252	   73.4832
    7.2115	  115.2246	   11.2694	   23.7256	   81.2701
    6.8644	  108.5449	   10.3265	   18.7061	   70.8848
    6.8820	  326.5137	   10.5594	   20.9033	   72.6691
    6.0997	  131.7480	   12.6725	   16.1670	   77.2990
    7.0336	   14.6777	   10.3827	   19.3115	   73.0273
    7.1259	  140.3613	   10.6453	   26.8408	   75.8566
    6.1722	  196.0840	   12.6576	   33.4521	   78.1255
    6.9127	   52.1191	   11.6365	   32.0850	   80.4397
    5.8536	  129.8145	   14.1997	   21.8018	   83.1197
    6.5656	   98.1738	   10.9108	   28.2471	   71.6353
    6.5875	  207.5098	   11.2281	   15.5322	   73.9657
    6.4952	  109.9512	   12.5012	   26.6846	   81.1983
    6.2360	   90.6152	   13.0645	   27.9053	   81.4695
    6.5106	  198.5449	   12.2451	   26.2939	   79.7230
    7.1390	  179.3848	   10.1077	   27.0947	   72.1590
    6.3722	  237.9199	   11.8036	   15.3564	   75.2147
    6.7369	   71.8066	   10.6015	   30.3662	   71.4217
    6.5721	  255.4980	   12.3339	   34.2920	   81.0600
    7.1302	  324.9316	    9.9363	   24.9463	   70.8482
    6.4491	  190.2832	   13.0474	   16.0986	   84.1439
    6.2338	   53.3496	   12.3533	   27.8369	   77.0075
    6.4513	  182.3730	   11.7029	   26.0205	   75.4989
    6.6051	  194.8535	   11.1754	   31.4209	   73.8146
    6.9677	   21.3574	   10.7172	   15.4248	   74.6739
    7.1808	   49.4824	   10.0800	   24.4873	   72.3825
    6.3304	  154.0723	   12.0656	   28.8135	   76.3805
    6.8336	  283.4473	   11.6200	   19.7510	   79.4064
    7.0072	  312.2754	   10.9696	   17.4756	   76.8663
    5.8536	  129.8145	   14.1997	   21.8018	   83.1197
    7.1852	   37.1777	   11.2314	   19.4385	   80.6995
    6.9193	  220.6934	   10.2007	   21.6162	   70.5816
    5.7614	  127.3535	   14.3326	   17.3291	   82.5750
    6.4952	  109.9512	   12.5012	   26.6846	   81.1983
    6.2338	   53.3496	   12.3533	   27.8369	   77.0075
    7.1259	  140.3613	   10.6453	   26.8408	   75.8566
    6.3304	  154.0723	   12.0656	   28.8135	   76.3805
    6.0558	  139.4824	   13.4563	   29.4873	   81.4883
    7.0094	  253.7402	    9.9620	   17.4072	   69.8280
    6.9149	  337.2363	   11.5908	   22.7783	   80.1495
    7.1237	  293.9941	   10.5347	   31.3525	   75.0454
    6.3942	  283.2715	   11.4959	   32.9834	   73.5069
    7.1764	  146.1621	   10.0639	   32.3682	   72.2226
    5.9569	  173.4082	   13.3209	   32.9639	   79.3513
    6.3326	  281.3379	   12.8915	   33.6182	   81.6373
    6.4821	   70.9277	   11.8938	   16.3135	   77.0962
    5.6669	  138.9551	   13.8520	   17.5439	   78.4973
    6.6644	  147.0410	   11.4905	   17.4854	   76.5777
    7.1259	  140.3613	   10.6453	   26.8408	   75.8566
    6.3326	  281.3379	   12.8915	   33.6182	   81.6373
    6.3085	   44.0332	   11.5944	   32.0264	   73.1431
    5.7482	  171.1230	   14.4381	   23.3545	   82.9924
    6.2711	  211.5527	   13.0371	   32.2510	   81.7571
    6.7435	   15.3809	   11.6657	   28.3350	   78.6681
    6.3832	   55.4590	   11.7120	   31.2354	   74.7599
    6.9193	  220.6934	   10.2007	   21.6162	   70.5816
    6.3942	  283.2715	   11.4959	   32.9834	   73.5069
    6.6710	  264.1113	   11.6612	   28.7842	   77.7918
    6.4821	   70.9277	   11.8938	   16.3135	   77.0962
    6.1041	  158.8184	   12.3444	   33.1787	   75.3518
    6.7633	  356.5723	   10.9350	   32.4365	   73.9566
    6.0404	  153.3691	   12.2134	   25.2100	   73.7737
    7.0533	   85.8691	   11.2364	   23.9600	   79.2543
    6.4930	   56.5137	   11.7119	   24.0967	   76.0458
    6.5897	  158.4668	   11.2655	   19.2236	   74.2365
    5.7679	  109.0723	   13.7537	   26.3135	   79.3306
    6.4139	  277.4707	   12.7623	   24.6924	   81.8565
    6.5919	  166.3770	   11.2809	   22.8955	   74.3626
    7.1105	   77.6074	   11.3189	   33.9502	   80.4825
    7.1105	   77.6074	   11.3189	   33.9502	   80.4825
    7.1852	   37.1777	   11.2314	   19.4385	   80.6995
    7.0072	  312.2754	   10.9696	   17.4756	   76.8663
    6.2975	  239.1504	   13.1704	   26.5869	   82.9401
    7.1281	  216.8262	   10.1333	   19.2529	   72.2307
    6.8688	  129.9902	   11.0091	   30.7178	   75.6189
    6.2997	   69.1699	   13.5153	   32.7686	   85.1423
    6.3942	  283.2715	   11.4959	   32.9834	   73.5069
    6.8776	  308.0566	   11.6858	   29.0088	   80.3700
    6.9303	  272.7246	   10.8635	   24.9756	   75.2873
    7.2050	  204.8730	    9.9660	   24.7705	   71.8045
    6.8864	  217.3535	   10.9563	   27.6709	   75.4491
    7.1808	   49.4824	   10.0800	   24.4873	   72.3825
    5.6273	  172.1777	   13.5507	   23.0615	   76.2544
    7.0621	  252.3340	   10.8194	   19.6729	   76.4081
    6.3942	  283.2715	   11.4959	   32.9834	   73.5069
    6.4008	  137.1973	   11.6568	   32.8760	   74.6125
    6.8007	  209.0918	   12.0387	   18.2861	   81.8711
    6.4535	  231.4160	   12.4385	   20.2979	   80.2717
    6.9984	  191.8652	   10.8788	   31.0303	   76.1344
    6.9259	  259.7168	   10.8962	   21.0986	   75.4662
    6.5897	  158.4668	   11.2655	   19.2236	   74.2365
    6.5194	  308.4082	   12.8828	   25.4639	   83.9880
    7.0072	  312.2754	   10.9696	   17.4756	   76.8663
    6.0624	  159.3457	   14.1298	   29.9951	   85.6605
    6.7369	   71.8066	   10.6015	   30.3662	   71.4217
    5.9877	  196.9629	   13.9512	   32.3193	   83.5353
    7.1215	  200.4785	   10.3533	   23.8916	   73.7305
    6.8248	   61.9629	   10.4940	   20.1807	   71.6197
    6.4315	  340.7520	   12.7559	   17.5830	   82.0398
    6.7743	  145.9863	   11.0753	   32.8467	   75.0276
    6.6996	  215.7715	   10.9944	   33.2666	   73.6578
    6.4008	  137.1973	   11.6568	   32.8760	   74.6125
    6.5238	   44.2090	   12.5400	   20.6104	   81.8084
    6.6425	  290.1270	   11.6541	   17.7295	   77.4119
    6.3239	  172.3535	   12.6445	   19.8291	   79.9616
    6.0118	  195.9082	   12.9046	   19.2139	   77.5802
    6.9193	  220.6934	   10.2007	   21.6162	   70.5816
    6.3832	   55.4590	   11.7120	   31.2354	   74.7599
    6.6820	  114.6973	   10.8128	   30.8740	   72.2509
    6.3239	  172.3535	   12.6445	   19.8291	   79.9616
    6.3568	  184.3066	   12.8825	   29.1162	   81.8913
    7.2115	  115.2246	   11.2694	   23.7256	   81.2701
    7.1698	  179.5605	   11.1652	   31.0107	   80.0525
    6.3722	  237.9199	   11.8036	   15.3564	   75.2147
    7.0533	   85.8691	   11.2364	   23.9600	   79.2543
    5.6669	  138.9551	   13.8520	   17.5439	   78.4973
    6.4425	  105.2051	   11.9173	   34.3311	   76.7771
    6.3260	  112.0605	   13.0724	   24.7607	   82.6968
    6.4843	  324.4043	   11.4258	   19.3701	   74.0876
    6.1920	   89.9121	   13.6431	   29.5068	   84.4785
    6.9193	  220.6934	   10.2007	   21.6162	   70.5816
    6.8160	  245.4785	   11.5555	   28.6084	   78.7629
    6.4491	  190.2832	   13.0474	   16.0986	   84.1439
    6.4293	  280.4590	   12.2498	   21.2646	   78.7579
    6.5919	  166.3770	   11.2809	   22.8955	   74.3626
    7.0995	  276.0645	   11.5252	   26.3232	   81.8229
    6.1920	   89.9121	   13.6431	   29.5068	   84.4785
    6.5106	  198.5449	   12.2451	   26.2939	   79.7230
    6.6820	  114.6973	   10.8128	   30.8740	   72.2509
    6.6073	   45.4395	   10.9710	   16.4893	   72.4890
    7.2313	  199.4238	   10.4337	   16.3721	   75.4497
    7.0094	  253.7402	    9.9620	   17.4072	   69.8280
    6.9808	  193.2715	   11.6371	   22.0166	   81.2369
    6.2338	   53.3496	   12.3533	   27.8369	   77.0075
    6.4535	  231.4160	   12.4385	   20.2979	   80.2717
    6.9742	  132.8027	   11.8229	   17.8760	   82.4560
    5.7570	  123.4863	   13.9356	   15.9033	   80.2267
    7.0182	  274.3066	   10.3824	   15.8838	   72.8660
    6.0052	  125.0684	   13.3125	   30.0537	   79.9451
    6.4315	  340.7520	   12.7559	   17.5830	   82.0398
    5.9877	  196.9629	   13.9512	   32.3193	   83.5353
    6.4513	  182.3730	   11.7029	   26.0205	   75.4989
    6.4161	  354.8145	   12.0355	   30.6982	   77.2212
    6.9742	  132.8027	   11.8229	   17.8760	   82.4560
    6.4952	  109.9512	   12.5012	   26.6846	   81.1983
    7.1390	  179.3848	   10.1077	   27.0947	   72.1590
    6.9852	  118.3887	   11.0160	   15.0342	   76.9495
    6.5919	  166.3770	   11.2809	   22.8955	   74.3626
    7.1302	  324.9316	    9.9363	   24.9463	   70.8482
    7.1390	  179.3848	   10.1077	   27.0947	   72.1590
    6.5216	   52.9980	   12.1169	   18.0420	   79.0216
    6.5238	   44.2090	   12.5400	   20.6104	   81.8084
    6.7369	   71.8066	   10.6015	   30.3662	   71.4217
    6.9545	  350.2441	   10.6982	   21.7725	   74.4002
    6.9501	  311.9238	   10.6259	   27.3779	   73.8510
    5.7701	  146.3379	   13.3296	   21.1182	   76.9139
    6.5282	  120.6738	   12.5439	   16.9971	   81.8890
    7.1259	  140.3613	   10.6453	   26.8408	   75.8566
    6.2997	   69.1699	   13.5153	   32.7686	   85.1423
    6.9193	  220.6934	   10.2007	   21.6162	   70.5816
    6.2360	   90.6152	   13.0645	   27.9053	   81.4695
    7.1962	  179.7363	   10.7468	   21.5283	   77.3354
    6.7435	   15.3809	   11.6657	   28.3350	   78.6681
    7.2203	   79.3652	   10.7719	   22.2803	   77.7766
    7.1215	  200.4785	   10.3533	   23.8916	   73.7305
    6.8864	  217.3535	   10.9563	   27.6709	   75.4491
    6.9720	  140.7129	   11.3095	   15.4443	   78.8504
    6.9083	  304.1895	   10.2532	   18.3643	   70.8323
    6.6820	  114.6973	   10.8128	   30.8740	   72.2509
    6.8336	  283.4473	   11.6200	   19.7510	   79.4064
    5.7614	  127.3535	   14.3326	   17.3291	   82.5750
    6.4886	  307.3535	   11.3149	   22.6709	   73.4185
    6.9347	   12.9199	   11.2214	   22.8564	   77.8170
    6.0844	  173.7598	   12.6479	   31.3428	   76.9542
    6.2140	  137.5488	   12.5909	   32.0654	   78.2395
    6.1525	   94.6582	   13.0611	   32.3389	   80.3583
    6.9874	  356.9238	    9.9572	   34.8779	   69.5751
    6.9347	   12.9199	   11.2214	   22.8564	   77.8170
    6.8248	   61.9629	   10.4940	   20.1807	   71.6197
    6.9391	  213.1348	   11.6159	   23.5303	   80.6040
    6.8864	  217.3535	   10.9563	   27.6709	   75.4491
    5.8536	  129.8145	   14.1997	   21.8018	   83.1197
    6.2338	   53.3496	   12.3533	   27.8369	   77.0075
    5.6273	  172.1777	   13.5507	   23.0615	   76.2544
    6.7589	  321.7676	   11.5927	   33.6377	   78.3540
    6.8885	  337.0605	   11.3843	   32.2607	   78.4213
    6.9918	  145.4590	   11.8117	   16.2354	   82.5851
    6.9633	  357.8027	   11.2602	   34.6240	   78.4076
    6.4908	  319.1309	   12.9245	   33.5400	   83.8912
    6.9742	  132.8027	   11.8229	   17.8760	   82.4560
    6.6095	   58.0957	   12.1266	   16.8799	   80.1504
    6.7413	   44.7363	   10.9814	   15.9717	   74.0292
    6.9611	  172.5293	   10.4782	   29.6924	   72.9395
    7.0072	  312.2754	   10.9696	   17.4756	   76.8663
    6.4249	  318.0762	   12.8685	   27.6221	   82.6789
