    7.1302	  324.9316	    9.9363	   24.9463	   70.8482
    5.7482	  171.1230	   14.4381	   23.3545	   82.9924
    5.6273	  172.1777	   13.5507	   23.0615	   76.2544
    7.1852	   37.1777	   11.2314	   19.4385	   80.6995
    6.5216	   52.9980	   12.1169	   18.0420	   79.0216
    6.5612	  291.0059	   10.9728	   31.1475	   71.9943
    6.8710	  179.0332	   11.6714	   29.5264	   80.1941
    6.4337	  152.8418	   11.5921	   21.4111	   74.5802
    6.3414	  104.6777	   11.8886	   25.6885	   75.3906
    6.8226	   99.0527	   11.6822	   21.0010	   79.7035
    6.8160	  245.4785	   11.5555	   28.6084	   78.7629
    6.8380	  231.0645	   10.3079	   31.1768	   70.4858
    6.4930	   56.5137	   11.7119	   24.0967	   76.0458
    6.1766	  126.2988	   11.8802	   17.3096	   73.3797
    6.7897	  351.4746	   12.1620	   20.6494	   82.5760
    5.6273	  172.1777	   13.5507	   23.0615	   76.2544
    6.9808	  193.2715	   11.6371	   22.0166	   81.2369
    6.5875	  207.5098	   11.2281	   15.5322	   73.9657
    7.1808	   49.4824	   10.0800	   24.4873	   72.3825
    6.4952	  109.9512	   12.5012	   26.6846	   81.1983
    7.0358	  157.4121	    9.8609	   15.7568	   69.3793
    7.0182	  274.3066	   10.3824	   15.8838	   72.8660
    5.6888	  111.0059	   15.1215	   28.8525	   86.0237
    6.8007	  209.0918	   12.0387	   18.2861	   81.8711
    6.7435	   15.3809	   11.6657	   28.3350	   78.6681
    6.4513	  182.3730	   11.7029	   26.0205	   75.4989
    7.1764	  146.1621	   10.0639	   32.3682	   72.2226
    6.6930	   24.6973	   12.0420	   25.8740	   80.5970
    6.7369	   71.8066	   10.6015	   30.3662	   71.4217
    6.9808	  193.2715	   11.6371	   22.0166	   81.2369
    6.8732	  278.8770	   11.0618	   28.3545	   76.0297
    6.5018	    8.8770	   11.2094	   33.3545	   72.8819
    7.0643	   53.8770	   10.7713	   19.1455	   76.0921
    6.8160	  245.4785	   11.5555	   28.6084	   78.7629
    5.7460	   90.9668	   14.5325	   25.4736	   83.5036
    7.2050	  204.8730	    9.9660	   24.7705	   71.8045
    6.9259	  259.7168	   10.8962	   21.0986	   75.4662
    6.4930	   56.5137	   11.7119	   24.0967	   76.0458
    6.0844	  173.7598	   12.6479	   31.3428	   76.9542
    7.1962	  179.7363	   10.7468	   21.5283	   77.3354
    7.1259	  140.3613	   10.6453	   26.8408	   75.8566
    6.9633	  357.8027	   11.2602	   34.6240	   78.4076
    6.1920	   89.9121	   13.6431	   29.5068	   84.4785
    7.2203	   79.3652	   10.7719	   22.2803	   77.7766
    6.9193	  220.6934	   10.2007	   21.6162	   70.5816
    6.9742	  132.8027	   11.8229	   17.8760	   82.4560
    6.8864	  217.3535	   10.9563	   27.6709	   75.4491
    6.5458	  190.1074	   11.9833	   22.2998	   78.4401
    5.7701	  146.3379	   13.3296	   21.1182	   76.9139
    6.3414	  104.6777	   11.8886	   25.6885	   75.3906
    6.6425	  290.1270	   11.6541	   17.7295	   77.4119
    6.9083	  304.1895	   10.2532	   18.3643	   70.8323
    6.1525	   94.6582	   13.0611	   32.3389	   80.3583
    6.3722	  237.9199	   11.8036	   15.3564	   75.2147
    5.2823	  158.6426	   14.9303	   25.4248	   78.8669
    6.7413	   44.7363	   10.9814	   15.9717	   74.0292
    6.8248	   61.9629	   10.4940	   20.1807	   71.6197
    6.8226	   99.0527	   11.6822	   21.0010	   79.7035
    6.9633	  357.8027	   11.2602	   34.6240	   78.4076
    7.0533	   85.8691	   11.2364	   23.9600	   79.2543
    6.3722	  237.9199	   11.8036	   15.3564	   75.2147
    6.4337	  152.8418	   11.5921	   21.4111	   74.5802
    5.7614	  127.3535	   14.3326	   17.3291	   82.5750
    5.6559	  175.1660	   15.0397	   21.5771	   85.0629
    6.8402	    2.0215	   11.1973	   32.3584	   76.5922
    7.0951	  268.5059	   10.2762	   27.3975	   72.9103
    6.9720	  140.7129	   11.3095	   15.4443	   78.8504
    6.2799	  178.5059	   13.0669	   22.3975	   82.0587
    5.8580	   54.7559	   14.6455	   24.2725	   85.7936
    7.1522	  246.5332	   10.8274	   26.7236	   77.4397
    7.1390	  179.3848	   10.1077	   27.0947	   72.1590
    6.9742	  132.8027	   11.8229	   17.8760	   82.4560
    6.4974	  218.0566	   11.1543	   25.9912	   72.4742
    5.6427	  134.5605	   15.2941	   23.5107	   86.3002
    6.5656	   98.1738	   10.9108	   28.2471	   71.6353
    5.7438	  219.9902	   15.2032	   34.2822	   87.3238
    6.7897	  351.4746	   12.1620	   20.6494	   82.5760
    5.8448	   66.3574	   14.4922	   22.0752	   84.7044
    5.6844	   81.8262	   15.0761	   31.7529	   85.6991
    6.8907	   54.4043	   10.8455	   34.3701	   74.7335
    6.2140	  137.5488	   12.5909	   32.0654	   78.2395
    6.3612	  137.3730	   12.4982	   33.5205	   79.5034
    6.3392	  112.5879	   12.4103	   19.2432	   78.6718
    5.7460	   90.9668	   14.5325	   25.4736	   83.5036
    6.7897	  351.4746	   12.1620	   20.6494	   82.5760
    7.2115	  115.2246	   11.2694	   23.7256	   81.2701
    6.6622	  183.2520	   11.3824	   18.6670	   75.8319
    7.0951	  268.5059	   10.2762	   27.3975	   72.9103
    6.6644	  147.0410	   11.4905	   17.4854	   76.5777
    7.1808	   49.4824	   10.0800	   24.4873	   72.3825
    6.8732	  278.8770	   11.0618	   28.3545	   76.0297
    6.9677	   21.3574	   10.7172	   15.4248	   74.6739
    6.0558	  139.4824	   13.4563	   29.4873	   81.4883
    6.6710	  264.1113	   11.6612	   28.7842	   77.7918
    6.7743	  145.9863	   11.0753	   32.8467	   75.0276
    6.7347	   28.9160	   11.1232	   29.0479	   74.9122
    6.3612	  137.3730	   12.4982	   33.5205	   79.5034
    6.2799	  178.5059	   13.0669	   22.3975	   82.0587
    6.9523	  253.3887	   10.4533	   27.5342	   72.6743
    5.9371	  197.6660	   14.1957	   15.3271	   84.2815
    7.1215	  200.4785	   10.3533	   23.8916	   73.7305
    6.8007	  209.0918	   12.0387	   18.2861	   81.8711
    6.8732	  278.8770	   11.0618	   28.3545	   76.0297
    7.2115	  115.2246	   11.2694	   23.7256	   81.2701
    6.5128	   65.8301	   12.4875	   29.7314	   81.3288
    5.7460	   90.9668	   14.5325	   25.4736	   83.5036
    6.8885	  337.0605	   11.3843	   32.2607	   78.4213
    7.1281	  216.8262	   10.1333	   19.2529	   72.2307
    5.4779	  108.3691	   14.1920	   27.7100	   77.7426
    6.9545	  350.2441	   10.6982	   21.7725	   74.4002
    6.2909	  172.0020	   13.1779	   20.5420	   82.9010
    7.1962	  179.7363	   10.7468	   21.5283	   77.3354
    6.9633	  357.8027	   11.2602	   34.6240	   78.4076
    6.2140	  137.5488	   12.5909	   32.0654	   78.2395
    7.1281	  216.8262	   10.1333	   19.2529	   72.2307
    6.1920	   89.9121	   13.6431	   29.5068	   84.4785
    5.7745	  206.9824	   14.9253	   18.2373	   86.1869
    5.5262	  127.7051	   15.1993	   24.4189	   83.9950
    7.0490	  337.9395	   10.4561	   19.7607	   73.7049
    6.8226	   99.0527	   11.6822	   21.0010	   79.7035
    5.2823	  158.6426	   14.9303	   25.4248	   78.8669
    6.5458	  190.1074	   11.9833	   22.2998	   78.4401
    6.3304	  154.0723	   12.0656	   28.8135	   76.3805
    7.0995	  276.0645	   11.5252	   26.3232	   81.8229
    7.0643	   53.8770	   10.7713	   19.1455	   76.0921
    6.7545	  314.9121	   11.9550	   17.0068	   80.7503
    6.4513	  182.3730	   11.7029	   26.0205	   75.4989
    7.0841	  262.0020	   11.5933	   25.5420	   82.1283
    6.9677	   21.3574	   10.7172	   15.4248	   74.6739
    6.9808	  193.2715	   11.6371	   22.0166	   81.2369
    6.9633	  357.8027	   11.2602	   34.6240	   78.4076
    6.4491	  190.2832	   13.0474	   16.0986	   84.1439
    5.3153	  167.0801	   14.4261	   17.1436	   76.6791
    6.4425	  105.2051	   11.9173	   34.3311	   76.7771
    6.1239	  181.1426	   11.9994	   33.3252	   73.4832
    6.5128	   65.8301	   12.4875	   29.7314	   81.3288
    6.1525	   94.6582	   13.0611	   32.3389	   80.3583
    7.0577	  115.0488	   10.0587	   24.1846	   70.9915
    6.0997	  131.7480	   12.6725	   16.1670	   77.2990
    5.2955	  170.2441	   14.9493	   31.7725	   79.1645
    6.3260	  112.0605	   13.0724	   24.7607	   82.6968
    5.9877	  196.9629	   13.9512	   32.3193	   83.5353
    6.8402	    2.0215	   11.1973	   32.3584	   76.5922
    5.2823	  158.6426	   14.9303	   25.4248	   78.8669
    6.5282	  120.6738	   12.5439	   16.9971	   81.8890
    6.5897	  158.4668	   11.2655	   19.2236	   74.2365
    7.1698	  179.5605	   11.1652	   31.0107	   80.0525
    6.6710	  264.1113	   11.6612	   28.7842	   77.7918
    6.1722	  196.0840	   12.6576	   33.4521	   78.1255
    6.9171	   13.7988	   10.6101	   26.0596	   73.3913
    6.0536	  173.2324	   12.3008	   16.1377	   74.4637
    5.7701	  146.3379	   13.3296	   21.1182	   76.9139
    6.1525	   94.6582	   13.0611	   32.3389	   80.3583
    5.7679	  109.0723	   13.7537	   26.3135	   79.3306
    6.9523	  253.3887	   10.4533	   27.5342	   72.6743
    6.8380	  231.0645	   10.3079	   31.1768	   70.4858
    6.6820	  114.6973	   10.8128	   30.8740	   72.2509
    5.7460	   90.9668	   14.5325	   25.4736	   83.5036
    6.5458	  190.1074	   11.9833	   22.2998	   78.4401
    7.2203	   79.3652	   10.7719	   22.2803	   77.7766
    6.6644	  147.0410	   11.4905	   17.4854	   76.5777
    7.0841	  262.0020	   11.5933	   25.5420	   82.1283
    6.1700	  114.8730	   12.3053	   20.2295	   75.9240
    6.6644	  147.0410	   11.4905	   17.4854	   76.5777
    5.7482	  171.1230	   14.4381	   23.3545	   82.9924
    6.5458	  190.1074	   11.9833	   22.2998	   78.4401
    7.0336	   14.6777	   10.3827	   19.3115	   73.0273
    5.6888	  111.0059	   15.1215	   28.8525	   86.0237
    7.2203	   79.3652	   10.7719	   22.2803	   77.7766
    6.9677	   21.3574	   10.7172	   15.4248	   74.6739
    6.9984	  191.8652	   10.8788	   31.0303	   76.1344
    5.9371	  197.6660	   14.1957	   15.3271	   84.2815
    7.1215	  200.4785	   10.3533	   23.8916	   73.7305
    6.4930	   56.5137	   11.7119	   24.0967	   76.0458
    7.0621	  252.3340	   10.8194	   19.6729	   76.4081
    5.5087	  135.2637	   15.8111	   24.0283	   87.0982
    6.6996	  215.7715	   10.9944	   33.2666	   73.6578
    6.9347	   12.9199	   11.2214	   22.8564	   77.8170
    6.5656	   98.1738	   10.9108	   28.2471	   71.6353
    6.9259	  259.7168	   10.8962	   21.0986	   75.4662
    6.4535	  231.4160	   12.4385	   20.2979	   80.2717
    5.7745	  206.9824	   14.9253	   18.2373	   86.1869
    6.7743	  145.9863	   11.0753	   32.8467	   75.0276
    5.6339	  128.2324	   15.0349	   18.6377	   84.7051
    7.1105	   77.6074	   11.3189	   33.9502	   80.4825
    6.1041	  158.8184	   12.3444	   33.1787	   75.3518
    6.8776	  308.0566	   11.6858	   29.0088	   80.3700
    5.5262	  127.7051	   15.1993	   24.4189	   83.9950
    7.2050	  204.8730	    9.9660	   24.7705	   71.8045
    6.9786	  320.1855	   10.8234	   26.8018	   75.5327
    5.5175	  159.8730	   15.4137	   32.7295	   85.0442
    6.5128	   65.8301	   12.4875	   29.7314	   81.3288
    6.7941	   91.6699	   12.2684	   31.5186	   83.3526
    7.1764	  146.1621	   10.0639	   32.3682	   72.2226
    6.8007	  209.0918	   12.0387	   18.2861	   81.8711
    6.5458	  190.1074	   11.9833	   22.2998	   78.4401
    6.3304	  154.0723	   12.0656	   28.8135	   76.3805
    5.6339	  128.2324	   15.0349	   18.6377	   84.7051
    6.1722	  196.0840	   12.6576	   33.4521	   78.1255
    7.2050	  204.8730	    9.9660	   24.7705	   71.8045
