    7.4027	  227.0215	   10.0585	   24.8584	   74.4604
    8.1102	  151.6113	    8.0036	   30.0342	   64.9106
    7.6444	  141.5918	    9.5065	   30.4639	   72.6717
    7.8861	  281.1621	    9.6430	   15.1318	   76.0454
    6.8644	  108.5449	   10.3265	   18.7061	   70.8848
    7.4532	   80.5957	   10.4074	   16.8701	   77.5686
    7.8268	  147.7441	    8.7370	   29.4775	   68.3828
    8.6200	  119.7949	    7.7896	   33.1689	   67.1464
    7.3917	  214.8926	    9.8498	   34.7998	   72.8071
    7.6334	  103.9746	   10.2548	   26.8994	   78.2793
    8.2465	  290.4785	    8.1513	   28.8916	   67.2198
    7.4247	  159.1699	   10.5956	   17.7686	   78.6691
    6.4513	  182.3730	   11.7029	   26.0205	   75.4989
    8.4398	  307.1777	    7.6101	   24.4385	   64.2280
    8.3256	   63.1934	    9.1054	   22.1338	   75.8073
    8.5936	  316.8457	    7.2828	   33.7549	   62.5857
    8.4860	   89.3848	    7.9111	   17.9053	   67.1332
    6.5919	  166.3770	   11.2809	   22.8955	   74.3626
    7.2115	  115.2246	   11.2694	   23.7256	   81.2701
    7.0577	  115.0488	   10.0587	   24.1846	   70.9915
    7.8312	  154.4238	    9.9250	   31.1279	   77.7245
    6.9611	  172.5293	   10.4782	   29.6924	   72.9395
    7.8136	   46.1426	    9.4309	   34.1748	   73.6891
    8.4530	  166.9043	    8.0173	   29.3799	   67.7705
    8.3805	  200.3027	    8.8941	   18.3740	   74.5371
    7.6334	  103.9746	   10.2548	   26.8994	   78.2793
    7.1390	  179.3848	   10.1077	   27.0947	   72.1590
    7.8817	  274.4824	    9.6269	   26.9873	   75.8761
    7.5433	  211.7285	   10.3372	   30.4834	   77.9769
    7.8224	  162.6855	    9.5412	   20.5518	   74.6352
    7.0577	  115.0488	   10.0587	   24.1846	   70.9915
    8.1146	  136.3184	    8.8571	   25.5713	   71.8717
    8.6332	  235.4590	    8.7071	   21.2354	   75.1697
    7.3456	  238.6230	   10.4815	   29.6045	   76.9924
    8.4354	  191.6895	    8.9295	   24.6143	   75.3238
    8.5958	  349.1895	    7.6888	   25.8643	   66.0916
    7.8817	  274.4824	    9.6269	   26.9873	   75.8761
    8.6288	  287.8418	    6.8648	   28.9111	   59.2348
    8.1102	  151.6113	    8.0036	   30.0342	   64.9106
    8.3827	  299.9707	    7.4788	   19.0576	   62.6928
    7.3522	  216.4746	   10.4739	   18.1494	   77.0057
    6.9918	  145.4590	   11.8117	   16.2354	   82.5851
    8.3805	  200.3027	    8.8941	   18.3740	   74.5371
    8.6244	  205.4004	    7.8960	   21.5381	   68.0986
    8.2465	  290.4785	    8.1513	   28.8916	   67.2198
    6.8710	  179.0332	   11.6714	   29.5264	   80.1941
    8.4574	  149.8535	    8.2996	   16.0791	   70.1926
    7.7982	  302.2559	   10.0410	   24.4775	   78.3020
    8.5782	    9.4043	    7.0311	   28.1299	   60.3146
    8.3915	  219.1113	    8.0457	   23.7158	   67.5155
    7.4686	   46.8457	   10.6590	   18.7549	   79.6085
    7.4598	  119.2676	    9.3964	   32.3877	   70.0954
    8.4640	   42.4512	    8.4678	   22.0654	   71.6710
    8.3387	   97.2949	    8.0209	   16.9189	   66.8840
    7.1522	  246.5332	   10.8274	   26.7236	   77.4397
    7.8400	   40.3418	    9.9182	   15.1611	   77.7580
    6.7941	   91.6699	   12.2684	   31.5186	   83.3526
    8.6288	  287.8418	    6.8648	   28.9111	   59.2348
    8.6068	    4.3066	    7.6363	   30.8838	   65.7242
    7.1808	   49.4824	   10.0800	   24.4873	   72.3825
    7.5719	  208.7402	   10.6543	   25.0928	   80.6733
    8.4662	   60.5566	    8.3708	   17.2412	   70.8690
    8.1102	  151.6113	    8.0036	   30.0342	   64.9106
    6.7369	   71.8066	   10.6015	   30.3662	   71.4217
    8.4244	  243.1934	    8.0371	   17.8662	   67.7084
    7.1808	   49.4824	   10.0800	   24.4873	   72.3825
    8.5365	  102.5684	    7.6911	   21.3037	   65.6548
    7.2115	  115.2246	   11.2694	   23.7256	   81.2701
    8.6244	  205.4004	    7.8960	   21.5381	   68.0986
    7.6510	  237.5684	    9.9897	   23.8037	   76.4309
    8.2816	  319.8340	    8.2021	   25.9229	   67.9266
    8.5936	  316.8457	    7.2828	   33.7549	   62.5857
    7.2313	  199.4238	   10.4337	   16.3721	   75.4497
    6.6820	  114.6973	   10.8128	   30.8740	   72.2509
    8.4574	  149.8535	    8.2996	   16.0791	   70.1926
    8.4750	  287.4902	    8.4787	   16.9678	   71.8570
    6.9918	  145.4590	   11.8117	   16.2354	   82.5851
    7.4598	  119.2676	    9.3964	   32.3877	   70.0954
    8.6354	  316.3184	    8.2854	   34.4287	   71.5479
    6.6051	  194.8535	   11.1754	   31.4209	   73.8146
    6.5392	  176.2207	   12.0568	   24.0674	   78.8417
    7.2050	  204.8730	    9.9660	   24.7705	   71.8045
    7.3456	  238.6230	   10.4815	   29.6045	   76.9924
    8.3937	  109.4238	    7.5850	   18.6279	   63.6662
    8.2333	  304.8926	    8.1689	   19.7998	   67.2572
    6.7369	   71.8066	   10.6015	   30.3662	   71.4217
    6.9984	  191.8652	   10.8788	   31.0303	   76.1344
    8.1630	  251.9824	    9.4078	   29.2627	   76.7954
    8.5870	  288.0176	    7.7347	   30.7373	   66.4182
    8.4552	   90.4395	    7.4858	   26.0107	   63.2942
    8.1630	  251.9824	    9.4078	   29.2627	   76.7954
    8.6332	  235.4590	    8.7071	   21.2354	   75.1697
    7.4686	   46.8457	   10.6590	   18.7549	   79.6085
    8.4969	  126.8262	    7.8854	   24.2529	   67.0022
    8.5936	  316.8457	    7.2828	   33.7549	   62.5857
    7.0643	   53.8770	   10.7713	   19.1455	   76.0921
    8.1959	  148.9746	    9.2527	   25.6006	   75.8346
    7.8466	  125.4199	    9.1855	   23.3936	   72.0744
    8.6376	  273.0762	    8.0616	   29.8779	   69.6323
    7.3346	  116.6309	   11.0174	   29.7900	   80.8078
    8.1146	  136.3184	    8.8571	   25.5713	   71.8717
    7.5433	  211.7285	   10.3372	   30.4834	   77.9769
    6.8226	   99.0527	   11.6822	   21.0010	   79.7035
    8.4091	  170.4199	    8.2664	   25.8936	   69.5127
    7.6444	  141.5918	    9.5065	   30.4639	   72.6717
    8.5167	  124.8926	    8.9736	   29.7998	   76.4253
    7.4027	  227.0215	   10.0585	   24.8584	   74.4604
    7.8400	   40.3418	    9.9182	   15.1611	   77.7580
    8.5365	  102.5684	    7.6911	   21.3037	   65.6548
    8.6288	  287.8418	    6.8648	   28.9111	   59.2348
    7.7609	   98.7012	    9.9529	   15.1904	   77.2432
    8.4640	   42.4512	    8.4678	   22.0654	   71.6710
    8.5387	   89.2090	    7.1669	   21.8896	   61.1959
    7.6862	  158.9941	    9.6498	   16.1475	   74.1697
    7.8488	  217.7051	    9.5720	   20.5811	   75.1279
    7.8224	  162.6855	    9.5412	   20.5518	   74.6352
    6.7743	  145.9863	   11.0753	   32.8467	   75.0276
    7.6158	  310.8691	   10.4638	   21.4600	   79.6908
    8.3915	  219.1113	    8.0457	   23.7158	   67.5155
    8.6244	  205.4004	    7.8960	   21.5381	   68.0986
    8.5255	  186.0645	    7.5800	   21.3232	   64.6233
    6.8864	  217.3535	   10.9563	   27.6709	   75.4491
    8.2135	  282.5684	    9.4514	   18.6963	   77.6294
    6.9611	  172.5293	   10.4782	   29.6924	   72.9395
    8.1454	  121.2012	    8.9137	   31.4404	   72.6053
    7.8312	  154.4238	    9.9250	   31.1279	   77.7245
    8.5255	  186.0645	    7.5800	   21.3232	   64.6233
    6.8710	  179.0332	   11.6714	   29.5264	   80.1941
    8.5760	  292.0605	    7.5626	   15.2393	   64.8573
    8.4244	  243.1934	    8.0371	   17.8662	   67.7084
    6.6622	  183.2520	   11.3824	   18.6670	   75.8319
    7.7037	  171.6504	    8.9500	   34.6631	   68.9488
    6.4008	  137.1973	   11.6568	   32.8760	   74.6125
    6.9698	  203.6426	   11.3381	   32.9248	   79.0246
    8.5211	  328.4473	    7.8056	   22.2510	   66.5123
    6.9720	  140.7129	   11.3095	   15.4443	   78.8504
    8.3256	   63.1934	    9.1054	   22.1338	   75.8073
    6.6820	  114.6973	   10.8128	   30.8740	   72.2509
    8.0773	  163.3887	    9.5771	   17.4658	   77.3566
    7.8817	  274.4824	    9.6269	   26.9873	   75.8761
    8.4025	   85.3418	    8.2300	   22.3389	   69.1526
    8.3124	   20.6543	    7.5019	   19.9951	   62.3583
    6.8644	  108.5449	   10.3265	   18.7061	   70.8848
    8.1146	  136.3184	    8.8571	   25.5713	   71.8717
    8.4222	  343.9160	    8.5589	   23.4521	   72.0849
    7.1962	  179.7363	   10.7468	   21.5283	   77.3354
    8.3651	  242.3145	    7.8905	   28.0518	   66.0047
    8.4684	  139.8340	    8.9404	   15.9229	   75.7108
    7.9432	   16.4355	    9.7816	   25.0732	   77.6973
    7.7037	  171.6504	    8.9500	   34.6631	   68.9488
    7.8312	  154.4238	    9.9250	   31.1279	   77.7245
    6.6820	  114.6973	   10.8128	   30.8740	   72.2509
    6.9698	  203.6426	   11.3381	   32.9248	   79.0246
    6.8864	  217.3535	   10.9563	   27.6709	   75.4491
    8.6046	   58.7988	    8.2288	   28.5596	   70.8059
    8.2531	   53.1738	    9.2571	   34.2529	   76.3989
    7.1215	  200.4785	   10.3533	   23.8916	   73.7305
    8.3827	  299.9707	    7.4788	   19.0576	   62.6928
    7.8422	  124.3652	   10.1850	   24.7803	   79.8724
    7.0358	  157.4121	    9.8609	   15.7568	   69.3793
    7.1962	  179.7363	   10.7468	   21.5283	   77.3354
    7.8817	  274.4824	    9.6269	   26.9873	   75.8761
    7.6862	  158.9941	    9.6498	   16.1475	   74.1697
    6.3304	  154.0723	   12.0656	   28.8135	   76.3805
    7.5521	   91.3184	    9.7078	   26.9287	   73.3144
    8.6288	  287.8418	    6.8648	   28.9111	   59.2348
    6.4008	  137.1973	   11.6568	   32.8760	   74.6125
    8.3937	  109.4238	    7.5850	   18.6279	   63.6662
    6.5282	  120.6738	   12.5439	   16.9971	   81.8890
    7.4686	   46.8457	   10.6590	   18.7549	   79.6085
    7.1215	  200.4785	   10.3533	   23.8916	   73.7305
    7.8048	  164.9707	   10.1018	   33.4424	   78.8426
    8.3585	  320.8887	    9.0968	   33.7158	   76.0356
    6.9918	  145.4590	   11.8117	   16.2354	   82.5851
    8.6288	  287.8418	    6.8648	   28.9111	   59.2348
    7.7609	   98.7012	    9.9529	   15.1904	   77.2432
    7.4686	   46.8457	   10.6590	   18.7549	   79.6085
    7.6510	  237.5684	    9.9897	   23.8037	   76.4309
    8.6200	  119.7949	    7.7896	   33.1689	   67.1464
    8.0289	  149.6777	    9.3242	   28.1885	   74.8633
    8.3805	  200.3027	    8.8941	   18.3740	   74.5371
    6.8688	  129.9902	   11.0091	   30.7178	   75.6189
    7.5521	   91.3184	    9.7078	   26.9287	   73.3144
    8.1146	  136.3184	    8.8571	   25.5713	   71.8717
    8.4860	   89.3848	    7.9111	   17.9053	   67.1332
    7.1698	  179.5605	   11.1652	   31.0107	   80.0525
    6.9962	  162.1582	   11.2003	   26.0889	   78.3600
    6.4513	  182.3730	   11.7029	   26.0205	   75.4989
    8.2465	  290.4785	    8.1513	   28.8916	   67.2198
    7.5719	  208.7402	   10.6543	   25.0928	   80.6733
    8.6332	  235.4590	    8.7071	   21.2354	   75.1697
    8.1146	  136.3184	    8.8571	   25.5713	   71.8717
    8.0773	  163.3887	    9.5771	   17.4658	   77.3566
    7.1522	  246.5332	   10.8274	   26.7236	   77.4397
    7.8466	  125.4199	    9.1855	   23.3936	   72.0744
    8.4969	  126.8262	    7.8854	   24.2529	   67.0022
    8.6244	  205.4004	    7.8960	   21.5381	   68.0986
    7.8488	  217.7051	    9.5720	   20.5811	   75.1279
    7.9520	  122.6074	    9.6380	   21.4502	   76.6417
    8.2421	  296.2793	    7.8691	   25.3174	   64.8579
