    8.5255	  186.0645	    7.5800	   21.3232	   64.6233
    7.9059	  355.1660	    8.2872	   31.5771	   65.5178
    8.5453	  291.8848	    8.3873	   18.3447	   71.6723
    7.8268	  147.7441	    8.7370	   29.4775	   68.3828
    8.2399	  215.9473	    8.3787	   28.5010	   69.0390
    8.2596	  149.5020	    7.8090	   26.7920	   64.5000
    8.1036	   50.1855	    8.2211	   31.8018	   66.6207
    7.5939	   91.8457	   10.2978	   31.2549	   78.2004
    7.9828	  203.1152	    8.8255	   15.8447	   70.4519
    7.6510	  237.5684	    9.9897	   23.8037	   76.4309
    8.1454	  121.2012	    8.9137	   31.4404	   72.6053
    8.1981	   63.5449	    8.1304	   33.7939	   66.6540
    7.1962	  179.7363	   10.7468	   21.5283	   77.3354
    8.1476	  202.2363	    8.1161	   24.7217	   66.1263
    8.5101	  324.0527	    8.7638	   31.4990	   74.5815
    8.2618	  344.0918	    8.9182	   20.7861	   73.6806
    8.5365	  102.5684	    7.6911	   21.3037	   65.6548
    7.9169	   41.0449	    9.2748	   27.5439	   73.4271
    8.4750	  287.4902	    8.4787	   16.9678	   71.8570
    8.0443	  229.3066	    9.0681	   33.3838	   72.9464
    7.9037	   15.5566	    8.8090	   15.2588	   69.6232
    8.3651	  242.3145	    7.8905	   28.0518	   66.0047
    8.0795	  260.2441	    8.4377	   26.7725	   68.1719
    7.7125	   62.4902	    9.2948	   29.4678	   71.6861
    8.3651	  242.3145	    7.8905	   28.0518	   66.0047
    8.1190	  115.7520	    9.1686	   34.9170	   74.4399
    7.9147	   81.4746	    8.7858	   24.3506	   69.5363
    8.5870	  288.0176	    7.7347	   30.7373	   66.4182
    7.6444	  141.5918	    9.5065	   30.4639	   72.6717
    8.4113	   82.7051	    9.1216	   23.0811	   76.7243
    7.4862	  132.6270	    9.1219	   28.5205	   68.2886
    7.2863	  172.7051	    9.9979	   21.9189	   72.8471
    7.6862	  158.9941	    9.6498	   16.1475	   74.1697
    7.1962	  179.7363	   10.7468	   21.5283	   77.3354
    7.5170	  215.2441	   10.1258	   20.7275	   76.1153
    8.1498	  262.8809	    8.0704	   30.4150	   65.7720
    8.2531	   53.1738	    9.2571	   34.2529	   76.3989
    8.1937	  264.9902	    9.1299	   16.7822	   74.8081
    8.2816	  319.8340	    8.2021	   25.9229	   67.9266
    7.5521	   91.3184	    9.7078	   26.9287	   73.3144
    8.0619	  340.4004	    8.7419	   20.9619	   70.4761
    7.7806	   47.9004	    9.8032	   27.2119	   76.2754
    8.0245	  333.0176	    8.1728	   21.7627	   65.5832
    7.7806	   47.9004	    9.8032	   27.2119	   76.2754
    8.4354	  191.6895	    8.9295	   24.6143	   75.3238
    7.5719	  208.7402	   10.6543	   25.0928	   80.6733
    8.5541	  328.9746	    7.8898	   15.6006	   67.4898
    8.0289	  149.6777	    9.3242	   28.1885	   74.8633
    8.0443	  229.3066	    9.0681	   33.3838	   72.9464
    8.4025	   85.3418	    8.2300	   22.3389	   69.1526
    8.3344	    6.2402	    8.9008	   28.6572	   74.1821
    8.2179	  197.1387	    9.5188	   33.0908	   78.2246
    7.8246	  234.2285	   10.1181	   31.7334	   79.1701
    7.7499	  114.3457	    9.1900	   22.4951	   71.2213
    8.4354	  191.6895	    8.9295	   24.6143	   75.3238
    7.3917	  214.8926	    9.8498	   34.7998	   72.8071
    8.1102	  151.6113	    8.0036	   30.0342	   64.9106
    8.6134	  124.7168	    8.3318	   33.5986	   71.7656
    8.3497	   48.2520	    8.8180	   23.8330	   73.6278
    8.2443	  208.5645	    8.5876	   22.5732	   70.7987
    8.3629	  170.7715	    7.4625	   15.7666	   62.4082
    8.4354	  191.6895	    8.9295	   24.6143	   75.3238
    7.9938	   39.9902	    8.4507	   25.7178	   67.5530
    8.2596	  149.5020	    7.8090	   26.7920	   64.5000
    8.4222	  343.9160	    8.5589	   23.4521	   72.0849
    8.1036	   50.1855	    8.2211	   31.8018	   66.6207
    7.7719	  321.2402	    9.3389	   23.8428	   72.5804
    7.7389	  168.8379	    8.6712	   19.8682	   67.1055
    8.4860	   89.3848	    7.9111	   17.9053	   67.1332
    8.2838	  240.5566	    8.7717	   27.2412	   72.6629
    7.4862	  132.6270	    9.1219	   28.5205	   68.2886
    7.8883	   86.5723	    8.9235	   27.4365	   70.3911
    8.3014	  303.8379	    8.2331	   17.3682	   68.3460
    8.1256	   25.4004	    9.2465	   18.4619	   75.1331
    8.2047	  111.8848	    8.7552	   28.3447	   71.8335
    7.8048	  164.9707	   10.1018	   33.4424	   78.8426
    8.2333	  304.8926	    8.1689	   19.7998	   67.2572
    7.8312	  154.4238	    9.9250	   31.1279	   77.7245
    8.3497	   48.2520	    8.8180	   23.8330	   73.6278
    7.6444	  141.5918	    9.5065	   30.4639	   72.6717
    7.4840	   83.5840	    9.3946	   17.7979	   70.3095
    7.7301	   75.1465	    9.2811	   16.4209	   71.7436
    8.3805	  200.3027	    8.8941	   18.3740	   74.5371
    7.6071	  199.0723	    9.0278	   31.3135	   68.6749
    7.9938	   39.9902	    8.4507	   25.7178	   67.5530
    7.8619	   18.1934	    9.3566	   24.6338	   73.5611
    8.5475	   59.1504	    7.5726	   33.4131	   64.7271
    8.3322	   77.7832	    7.9259	   22.3486	   66.0399
    7.8268	  147.7441	    8.7370	   29.4775	   68.3828
    8.2443	  208.5645	    8.5876	   22.5732	   70.7987
    7.8883	   86.5723	    8.9235	   27.4365	   70.3911
    8.4178	  102.2168	    9.2166	   17.6514	   77.5838
    8.0245	  333.0176	    8.1728	   21.7627	   65.5832
    8.1476	  202.2363	    8.1161	   24.7217	   66.1263
    8.0267	  292.4121	    8.6130	   28.2568	   69.1344
    7.2775	  184.6582	    9.6849	   17.3389	   70.4815
    7.5170	  215.2441	   10.1258	   20.7275	   76.1153
    8.0289	  149.6777	    9.3242	   28.1885	   74.8633
    7.7719	  321.2402	    9.3389	   23.8428	   72.5804
    8.6068	    4.3066	    7.6363	   30.8838	   65.7242
    7.6686	   50.5371	    9.2118	   28.5693	   70.6415
    7.5170	  215.2441	   10.1258	   20.7275	   76.1153
    7.5170	  215.2441	   10.1258	   20.7275	   76.1153
    8.4684	  139.8340	    8.9404	   15.9229	   75.7108
    8.2135	  282.5684	    9.4514	   18.6963	   77.6294
    8.0223	  285.7324	    8.9582	   30.1123	   71.8660
    8.4838	  233.3496	    8.6306	   32.1631	   73.2198
    7.1764	  146.1621	   10.0639	   32.3682	   72.2226
    8.3651	  242.3145	    7.8905	   28.0518	   66.0047
    8.1937	  264.9902	    9.1299	   16.7822	   74.8081
    8.5387	   89.2090	    7.1669	   21.8896	   61.1959
    8.1652	  209.2676	    9.3133	   22.6123	   76.0446
    8.1476	  202.2363	    8.1161	   24.7217	   66.1263
    7.9630	   38.9355	    9.2681	   16.1768	   73.8021
    8.3124	   20.6543	    7.5019	   19.9951	   62.3583
    7.0358	  157.4121	    9.8609	   15.7568	   69.3793
    8.3651	  242.3145	    7.8905	   28.0518	   66.0047
    8.2157	  165.6738	    8.7295	   34.4971	   71.7190
    8.0355	  251.1035	    8.3156	   15.4541	   66.8206
    8.4222	  343.9160	    8.5589	   23.4521	   72.0849
    7.8158	  196.7871	    9.8540	   18.3057	   77.0167
    8.1981	   63.5449	    8.1304	   33.7939	   66.6540
    8.1937	  264.9902	    9.1299	   16.7822	   74.8081
    8.0443	  229.3066	    9.0681	   33.3838	   72.9464
    7.6884	  185.3613	   10.2071	   15.6592	   78.4761
    8.4552	   90.4395	    7.4858	   26.0107	   63.2942
    8.0883	   92.1973	    7.8839	   20.3760	   63.7674
    7.7982	  302.2559	   10.0410	   24.4775	   78.3020
    7.8312	  154.4238	    9.9250	   31.1279	   77.7245
    8.0883	   92.1973	    7.8839	   20.3760	   63.7674
    8.6200	  119.7949	    7.7896	   33.1689	   67.1464
    7.7301	   75.1465	    9.2811	   16.4209	   71.7436
    8.1893	  323.8770	    7.9493	   34.1455	   65.0992
    7.4269	  153.5449	   10.8381	   21.2061	   80.4929
    8.4398	  307.1777	    7.6101	   24.4385	   64.2280
    8.6200	  119.7949	    7.7896	   33.1689	   67.1464
    7.8136	   46.1426	    9.4309	   34.1748	   73.6891
    8.2816	  319.8340	    8.2021	   25.9229	   67.9266
    7.0577	  115.0488	   10.0587	   24.1846	   70.9915
    7.1764	  146.1621	   10.0639	   32.3682	   72.2226
    7.3917	  214.8926	    9.8498	   34.7998	   72.8071
    8.5211	  328.4473	    7.8056	   22.2510	   66.5123
    8.1959	  148.9746	    9.2527	   25.6006	   75.8346
    8.1959	  148.9746	    9.2527	   25.6006	   75.8346
    7.8422	  124.3652	   10.1850	   24.7803	   79.8724
    7.4554	  244.0723	    9.4291	   33.8135	   70.2980
    7.8861	  281.1621	    9.6430	   15.1318	   76.0454
    8.4552	   90.4395	    7.4858	   26.0107	   63.2942
    8.2816	  319.8340	    8.2021	   25.9229	   67.9266
    8.4662	   60.5566	    8.3708	   17.2412	   70.8690
    8.2179	  197.1387	    9.5188	   33.0908	   78.2246
    8.3256	   63.1934	    9.1054	   22.1338	   75.8073
    7.7301	   75.1465	    9.2811	   16.4209	   71.7436
    7.0577	  115.0488	   10.0587	   24.1846	   70.9915
    7.7235	   92.5488	    9.1129	   25.4346	   70.3833
    7.9059	  355.1660	    8.2872	   31.5771	   65.5178
    8.4354	  191.6895	    8.9295	   24.6143	   75.3238
    8.0289	  149.6777	    9.3242	   28.1885	   74.8633
    7.9213	  261.6504	    9.0687	   19.6631	   71.8356
    8.4838	  233.3496	    8.6306	   32.1631	   73.2198
    7.0577	  115.0488	   10.0587	   24.1846	   70.9915
    7.6334	  103.9746	   10.2548	   26.8994	   78.2793
    8.4640	   42.4512	    8.4678	   22.0654	   71.6710
    7.8663	  134.7363	   10.1051	   19.0283	   79.4904
    8.5936	  316.8457	    7.2828	   33.7549	   62.5857
    8.2443	  208.5645	    8.5876	   22.5732	   70.7987
    7.8400	   40.3418	    9.9182	   15.1611	   77.7580
    7.7279	   71.6309	    9.6490	   32.2900	   74.5665
    7.5433	  211.7285	   10.3372	   30.4834	   77.9769
    7.4269	  153.5449	   10.8381	   21.2061	   80.4929
    7.7499	  114.3457	    9.1900	   22.4951	   71.2213
    7.6334	  103.9746	   10.2548	   26.8994	   78.2793
    8.3124	   20.6543	    7.5019	   19.9951	   62.3583
    8.1827	  154.9512	    8.6868	   19.1846	   71.0820
    8.0421	   76.2012	    8.6670	   21.0596	   69.7007
    7.1764	  146.1621	   10.0639	   32.3682	   72.2226
    8.2421	  296.2793	    7.8691	   25.3174	   64.8579
    8.4684	  139.8340	    8.9404	   15.9229	   75.7108
    8.1959	  148.9746	    9.2527	   25.6006	   75.8346
    7.8619	   18.1934	    9.3566	   24.6338	   73.5611
    8.0201	  326.3379	    9.4067	   31.1182	   75.4433
    7.0577	  115.0488	   10.0587	   24.1846	   70.9915
    7.4137	  179.2090	   10.5431	   23.1104	   78.1637
    8.2531	   53.1738	    9.2571	   34.2529	   76.3989
    8.3497	   48.2520	    8.8180	   23.8330	   73.6278
    7.1259	  140.3613	   10.6453	   26.8408	   75.8566
    8.4222	  343.9160	    8.5589	   23.4521	   72.0849
    7.8334	   66.1816	    9.7011	   30.6787	   75.9925
    8.0311	  181.8457	    8.2214	   33.7451	   66.0272
    7.7235	   92.5488	    9.1129	   25.4346	   70.3833
    7.6862	  158.9941	    9.6498	   16.1475	   74.1697
    7.7389	  168.8379	    8.6712	   19.8682	   67.1055
    7.5345	  185.7129	    9.6214	   27.0557	   72.4927
    7.0358	  157.4121	    9.8609	   15.7568	   69.3793
    8.1454	  121.2012	    8.9137	   31.4404	   72.6053
    7.2863	  172.7051	    9.9979	   21.9189	   72.8471
    7.9498	  208.0371	    9.6177	   34.8193	   76.4594
    8.2179	  197.1387	    9.5188	   33.0908	   78.2246
    7.7675	   20.1270	    8.6612	   22.7295	   67.2752
    8.0773	  163.3887	    9.5771	   17.4658	   77.3566
