    6.9303	  272.7246	   10.8635	   24.9756	   75.2873
    6.5699	   23.2910	   11.5153	   18.1396	   75.6547
    7.0094	  253.7402	    9.9620	   17.4072	   69.8280
    7.1852	   37.1777	   11.2314	   19.4385	   80.6995
    6.1700	  114.8730	   12.3053	   20.2295	   75.9240
    7.0358	  157.4121	    9.8609	   15.7568	   69.3793
    6.2140	  137.5488	   12.5909	   32.0654	   78.2395
    6.9611	  172.5293	   10.4782	   29.6924	   72.9395
    6.3239	  172.3535	   12.6445	   19.8291	   79.9616
    6.8248	   61.9629	   10.4940	   20.1807	   71.6197
    6.0404	  153.3691	   12.2134	   25.2100	   73.7737
    5.7701	  146.3379	   13.3296	   21.1182	   76.9139
    6.4513	  182.3730	   11.7029	   26.0205	   75.4989
    6.9786	  320.1855	   10.8234	   26.8018	   75.5327
    6.4161	  354.8145	   12.0355	   30.6982	   77.2212
    6.4337	  152.8418	   11.5921	   21.4111	   74.5802
    6.9347	   12.9199	   11.2214	   22.8564	   77.8170
    6.9962	  162.1582	   11.2003	   26.0889	   78.3600
    6.5677	  260.0684	   11.6244	   32.4463	   76.3462
    6.4161	  354.8145	   12.0355	   30.6982	   77.2212
    6.5128	   65.8301	   12.4875	   29.7314	   81.3288
    6.5238	   44.2090	   12.5400	   20.6104	   81.8084
    6.4337	  152.8418	   11.5921	   21.4111	   74.5802
    6.1700	  114.8730	   12.3053	   20.2295	   75.9240
    6.8600	  104.1504	   11.3870	   24.0869	   78.1148
    6.1239	  181.1426	   11.9994	   33.3252	   73.4832
    7.0995	  276.0645	   11.5252	   26.3232	   81.8229
    6.5875	  207.5098	   11.2281	   15.5322	   73.9657
    6.8776	  308.0566	   11.6858	   29.0088	   80.3700
    6.5018	    8.8770	   11.2094	   33.3545	   72.8819
    6.7589	  321.7676	   11.5927	   33.6377	   78.3540
    6.5018	    8.8770	   11.2094	   33.3545	   72.8819
    6.7897	  351.4746	   12.1620	   20.6494	   82.5760
    6.4974	  218.0566	   11.1543	   25.9912	   72.4742
    6.0844	  173.7598	   12.6479	   31.3428	   76.9542
    6.9083	  304.1895	   10.2532	   18.3643	   70.8323
    5.7482	  171.1230	   14.4381	   23.3545	   82.9924
    6.3326	  281.3379	   12.8915	   33.6182	   81.6373
    6.3085	   44.0332	   11.5944	   32.0264	   73.1431
    7.1698	  179.5605	   11.1652	   31.0107	   80.0525
    6.8007	  209.0918	   12.0387	   18.2861	   81.8711
    5.7614	  127.3535	   14.3326	   17.3291	   82.5750
    5.5043	  138.6035	   14.0372	   20.7959	   77.2646
    6.8907	   54.4043	   10.8455	   34.3701	   74.7335
    6.9874	  356.9238	    9.9572	   34.8779	   69.5751
    5.6273	  172.1777	   13.5507	   23.0615	   76.2544
    5.9437	   84.9902	   12.9503	   23.2178	   76.9730
    6.3942	  283.2715	   11.4959	   32.9834	   73.5069
    6.7633	  356.5723	   10.9350	   32.4365	   73.9566
    6.5458	  190.1074	   11.9833	   22.2998	   78.4401
    6.7633	  356.5723	   10.9350	   32.4365	   73.9566
    5.5043	  138.6035	   14.0372	   20.7959	   77.2646
    6.7941	   91.6699	   12.2684	   31.5186	   83.3526
    6.8644	  108.5449	   10.3265	   18.7061	   70.8848
    6.0404	  153.3691	   12.2134	   25.2100	   73.7737
    6.3260	  112.0605	   13.0724	   24.7607	   82.6968
    6.9523	  253.3887	   10.4533	   27.5342	   72.6743
    6.9171	   13.7988	   10.6101	   26.0596	   73.3913
    6.5656	   98.1738	   10.9108	   28.2471	   71.6353
    6.5216	   52.9980	   12.1169	   18.0420	   79.0216
    7.0533	   85.8691	   11.2364	   23.9600	   79.2543
    5.9437	   84.9902	   12.9503	   23.2178	   76.9730
    6.7347	   28.9160	   11.1232	   29.0479	   74.9122
    6.5436	   39.4629	   11.4772	   26.4307	   75.1021
    6.1722	  196.0840	   12.6576	   33.4521	   78.1255
    6.8336	  283.4473	   11.6200	   19.7510	   79.4064
    7.0819	  276.5918	    9.9446	   27.9639	   70.4270
    7.0533	   85.8691	   11.2364	   23.9600	   79.2543
    6.8160	  245.4785	   11.5555	   28.6084	   78.7629
    6.0404	  153.3691	   12.2134	   25.2100	   73.7737
    6.9742	  132.8027	   11.8229	   17.8760	   82.4560
    6.2931	  353.4082	   12.3266	   22.9639	   77.5725
    7.0490	  337.9395	   10.4561	   19.7607	   73.7049
    6.6095	   58.0957	   12.1266	   16.8799	   80.1504
    6.8380	  231.0645	   10.3079	   31.1768	   70.4858
    6.5194	  308.4082	   12.8828	   25.4639	   83.9880
    6.6227	    7.8223	   12.0968	   33.0615	   80.1130
    6.8226	   99.0527	   11.6822	   21.0010	   79.7035
    6.8820	  326.5137	   10.5594	   20.9033	   72.6691
    6.9984	  191.8652	   10.8788	   31.0303	   76.1344
    5.8536	  129.8145	   14.1997	   21.8018	   83.1197
    6.3392	  112.5879	   12.4103	   19.2432	   78.6718
    6.9677	   21.3574	   10.7172	   15.4248	   74.6739
    6.4952	  109.9512	   12.5012	   26.6846	   81.1983
    6.8402	    2.0215	   11.1973	   32.3584	   76.5922
    6.7897	  351.4746	   12.1620	   20.6494	   82.5760
    6.7941	   91.6699	   12.2684	   31.5186	   83.3526
    6.4908	  319.1309	   12.9245	   33.5400	   83.8912
    6.4073	  111.3574	   13.0262	   29.5752	   83.4634
    6.9742	  132.8027	   11.8229	   17.8760	   82.4560
    6.6820	  114.6973	   10.8128	   30.8740	   72.2509
    7.0995	  276.0645	   11.5252	   26.3232	   81.8229
    6.9677	   21.3574	   10.7172	   15.4248	   74.6739
    6.9962	  162.1582	   11.2003	   26.0889	   78.3600
    6.4249	  318.0762	   12.8685	   27.6221	   82.6789
    6.8600	  104.1504	   11.3870	   24.0869	   78.1148
    6.5436	   39.4629	   11.4772	   26.4307	   75.1021
    7.1434	   46.6699	   10.8147	   25.9814	   77.2540
    6.6051	  194.8535	   11.1754	   31.4209	   73.8146
    6.9720	  140.7129	   11.3095	   15.4443	   78.8504
    6.9545	  350.2441	   10.6982	   21.7725	   74.4002
    5.6273	  172.1777	   13.5507	   23.0615	   76.2544
    6.9193	  220.6934	   10.2007	   21.6162	   70.5816
    6.7941	   91.6699	   12.2684	   31.5186	   83.3526
    6.6227	    7.8223	   12.0968	   33.0615	   80.1130
    6.4491	  190.2832	   13.0474	   16.0986	   84.1439
    5.8185	  199.2480	   12.8916	   27.5830	   75.0095
    6.9501	  311.9238	   10.6259	   27.3779	   73.8510
    7.1522	  246.5332	   10.8274	   26.7236	   77.4397
    6.8600	  104.1504	   11.3870	   24.0869	   78.1148
    6.7369	   71.8066	   10.6015	   30.3662	   71.4217
    6.9259	  259.7168	   10.8962	   21.0986	   75.4662
    6.8380	  231.0645	   10.3079	   31.1768	   70.4858
    6.0118	  195.9082	   12.9046	   19.2139	   77.5802
    6.0624	  159.3457	   14.1298	   29.9951	   85.6605
    6.3458	  190.8105	   12.8715	   15.8643	   81.6802
    6.8600	  104.1504	   11.3870	   24.0869	   78.1148
    6.5436	   39.4629	   11.4772	   26.4307	   75.1021
    6.4908	  319.1309	   12.9245	   33.5400	   83.8912
    6.8885	  337.0605	   11.3843	   32.2607	   78.4213
    6.2975	  239.1504	   13.1704	   26.5869	   82.9401
    6.8468	   30.6738	   10.6917	   28.0029	   73.2041
    6.7545	  314.9121	   11.9550	   17.0068	   80.7503
    6.9171	   13.7988	   10.6101	   26.0596	   73.3913
    6.5656	   98.1738	   10.9108	   28.2471	   71.6353
    6.8336	  283.4473	   11.6200	   19.7510	   79.4064
    6.4667	   34.1895	   12.0181	   33.3643	   77.7170
    6.8248	   61.9629	   10.4940	   20.1807	   71.6197
    6.7347	   28.9160	   11.1232	   29.0479	   74.9122
    6.9984	  191.8652	   10.8788	   31.0303	   76.1344
    6.4974	  218.0566	   11.1543	   25.9912	   72.4742
    6.4008	  137.1973	   11.6568	   32.8760	   74.6125
    7.0072	  312.2754	   10.9696	   17.4756	   76.8663
    7.0533	   85.8691	   11.2364	   23.9600	   79.2543
    7.0621	  252.3340	   10.8194	   19.6729	   76.4081
    6.0118	  195.9082	   12.9046	   19.2139	   77.5802
    6.2711	  211.5527	   13.0371	   32.2510	   81.7571
    7.0336	   14.6777	   10.3827	   19.3115	   73.0273
    6.9852	  118.3887	   11.0160	   15.0342	   76.9495
    7.0555	  101.5137	   10.8563	   28.4033	   76.5970
    6.3304	  154.0723	   12.0656	   28.8135	   76.3805
    6.4491	  190.2832	   13.0474	   16.0986	   84.1439
    6.7589	  321.7676	   11.5927	   33.6377	   78.3540
    7.0490	  337.9395	   10.4561	   19.7607	   73.7049
    6.2140	  137.5488	   12.5909	   32.0654	   78.2395
    6.5216	   52.9980	   12.1169	   18.0420	   79.0216
    7.0358	  157.4121	    9.8609	   15.7568	   69.3793
    6.9742	  132.8027	   11.8229	   17.8760	   82.4560
    7.0072	  312.2754	   10.9696	   17.4756	   76.8663
    7.1852	   37.1777	   11.2314	   19.4385	   80.6995
    6.3151	  276.9434	   13.3740	   18.4912	   84.4574
    5.6273	  172.1777	   13.5507	   23.0615	   76.2544
    6.7897	  351.4746	   12.1620	   20.6494	   82.5760
    6.9677	   21.3574	   10.7172	   15.4248	   74.6739
    6.5897	  158.4668	   11.2655	   19.2236	   74.2365
    5.6669	  138.9551	   13.8520	   17.5439	   78.4973
    6.4952	  109.9512	   12.5012	   26.6846	   81.1983
    6.9918	  145.4590	   11.8117	   16.2354	   82.5851
    6.8336	  283.4473	   11.6200	   19.7510	   79.4064
    6.8776	  308.0566	   11.6858	   29.0088	   80.3700
    6.8248	   61.9629	   10.4940	   20.1807	   71.6197
    6.9545	  350.2441	   10.6982	   21.7725	   74.4002
    7.1698	  179.5605	   11.1652	   31.0107	   80.0525
    6.2909	  172.0020	   13.1779	   20.5420	   82.9010
    6.4821	   70.9277	   11.8938	   16.3135	   77.0962
    6.9852	  118.3887	   11.0160	   15.0342	   76.9495
    6.3414	  104.6777	   11.8886	   25.6885	   75.3906
    6.3876	  266.9238	   12.3409	   19.8779	   78.8285
    6.4974	  218.0566	   11.1543	   25.9912	   72.4742
    6.9786	  320.1855	   10.8234	   26.8018	   75.5327
    6.1700	  114.8730	   12.3053	   20.2295	   75.9240
    6.8160	  245.4785	   11.5555	   28.6084	   78.7629
    7.0621	  252.3340	   10.8194	   19.6729	   76.4081
    6.5656	   98.1738	   10.9108	   28.2471	   71.6353
    6.2975	  239.1504	   13.1704	   26.5869	   82.9401
    6.0492	  221.5723	   13.0244	   30.0635	   78.7871
    6.8007	  209.0918	   12.0387	   18.2861	   81.8711
    6.9786	  320.1855	   10.8234	   26.8018	   75.5327
    6.7303	  237.2168	   11.7810	   30.1514	   79.2900
    6.5216	   52.9980	   12.1169	   18.0420	   79.0216
    6.9391	  213.1348	   11.6159	   23.5303	   80.6040
    6.9391	  213.1348	   11.6159	   23.5303	   80.6040
    6.2645	  347.6074	   11.6677	   28.9502	   73.0927
    6.4293	  280.4590	   12.2498	   21.2646	   78.7579
    6.3568	  184.3066	   12.8825	   29.1162	   81.8913
    6.8402	    2.0215	   11.1973	   32.3584	   76.5922
    6.0536	  173.2324	   12.3008	   16.1377	   74.4637
    6.8248	   61.9629	   10.4940	   20.1807	   71.6197
    6.2909	  172.0020	   13.1779	   20.5420	   82.9010
    6.5677	  260.0684	   11.6244	   32.4463	   76.3462
    6.3876	  266.9238	   12.3409	   19.8779	   78.8285
    6.7413	   44.7363	   10.9814	   15.9717	   74.0292
    7.1764	  146.1621	   10.0639	   32.3682	   72.2226
    5.7174	  133.5059	   14.7550	   30.1025	   84.3603
    6.9303	  272.7246	   10.8635	   24.9756	   75.2873
    6.4073	  111.3574	   13.0262	   29.5752	   83.4634
    6.9611	  172.5293	   10.4782	   29.6924	   72.9395
    6.9193	  220.6934	   10.2007	   21.6162	   70.5816
    6.7435	   15.3809	   11.6657	   28.3350	   78.6681
    7.0951	  268.5059	   10.2762	   27.3975	   72.9103
