    7.2577	  330.0293	   10.5108	   15.9424	   76.2845
    6.7435	   15.3809	   11.6657	   28.3350	   78.6681
    6.9083	  304.1895	   10.2532	   18.3643	   70.8323
    7.1962	  179.7363	   10.7468	   21.5283	   77.3354
    7.0643	   53.8770	   10.7713	   19.1455	   76.0921
    6.1898	  232.8223	   13.5399	   34.4385	   83.8093
    6.4513	  182.3730	   11.7029	   26.0205	   75.4989
    6.9633	  357.8027	   11.2602	   34.6240	   78.4076
    6.6095	   58.0957	   12.1266	   16.8799	   80.1504
    6.8710	  179.0332	   11.6714	   29.5264	   80.1941
    6.4974	  218.0566	   11.1543	   25.9912	   72.4742
    7.1764	  146.1621	   10.0639	   32.3682	   72.2226
    6.5721	  255.4980	   12.3339	   34.2920	   81.0600
    6.6644	  147.0410	   11.4905	   17.4854	   76.5777
    6.9918	  145.4590	   11.8117	   16.2354	   82.5851
    5.6735	  135.6152	   14.7526	   19.5947	   83.6983
    6.5436	   39.4629	   11.4772	   26.4307	   75.1021
    6.7589	  321.7676	   11.5927	   33.6377	   78.3540
    6.1920	   89.9121	   13.6431	   29.5068	   84.4785
    7.2511	  271.1426	   11.1190	   31.6748	   80.6250
    6.8644	  108.5449	   10.3265	   18.7061	   70.8848
    6.5809	  178.3301	   11.4213	   23.4814	   75.1626
    7.0995	  276.0645	   11.5252	   26.3232	   81.8229
    7.2379	   80.7715	   10.6019	   20.7666	   76.7359
    6.5106	  198.5449	   12.2451	   26.2939	   79.7230
    6.9698	  203.6426	   11.3381	   32.9248	   79.0246
    6.8907	   54.4043	   10.8455	   34.3701	   74.7335
    6.1722	  196.0840	   12.6576	   33.4521	   78.1255
    7.2313	  199.4238	   10.4337	   16.3721	   75.4497
    7.1215	  200.4785	   10.3533	   23.8916	   73.7305
    6.8776	  308.0566	   11.6858	   29.0088	   80.3700
    7.1764	  146.1621	   10.0639	   32.3682	   72.2226
    6.0997	  131.7480	   12.6725	   16.1670	   77.2990
    6.4073	  111.3574	   13.0262	   29.5752	   83.4634
    6.8380	  231.0645	   10.3079	   31.1768	   70.4858
    7.2643	  282.7441	   10.4251	   26.9775	   75.7312
    6.2997	   69.1699	   13.5153	   32.7686	   85.1423
    7.1698	  179.5605	   11.1652	   31.0107	   80.0525
    6.6095	   58.0957	   12.1266	   16.8799	   80.1504
    6.9193	  220.6934	   10.2007	   21.6162	   70.5816
    6.4008	  137.1973	   11.6568	   32.8760	   74.6125
    6.8160	  245.4785	   11.5555	   28.6084	   78.7629
    6.4930	   56.5137	   11.7119	   24.0967	   76.0458
    6.9391	  213.1348	   11.6159	   23.5303	   80.6040
    7.0182	  274.3066	   10.3824	   15.8838	   72.8660
    6.0118	  195.9082	   12.9046	   19.2139	   77.5802
    6.6930	   24.6973	   12.0420	   25.8740	   80.5970
    6.1920	   89.9121	   13.6431	   29.5068	   84.4785
    6.5436	   39.4629	   11.4772	   26.4307	   75.1021
    6.9149	  337.2363	   11.5908	   22.7783	   80.1495
    6.0997	  131.7480	   12.6725	   16.1670	   77.2990
    7.2906	   83.7598	    9.6234	   26.3428	   70.1605
    7.0995	  276.0645	   11.5252	   26.3232	   81.8229
    7.2775	  184.6582	    9.6849	   17.3389	   70.4815
    7.2313	  199.4238	   10.4337	   16.3721	   75.4497
    6.2799	  178.5059	   13.0669	   22.3975	   82.0587
    6.9633	  357.8027	   11.2602	   34.6240	   78.4076
    6.4952	  109.9512	   12.5012	   26.6846	   81.1983
    6.0844	  173.7598	   12.6479	   31.3428	   76.9542
    6.5809	  178.3301	   11.4213	   23.4814	   75.1626
    6.2909	  172.0020	   13.1779	   20.5420	   82.9010
    6.9852	  118.3887	   11.0160	   15.0342	   76.9495
    5.9569	  173.4082	   13.3209	   32.9639	   79.3513
    6.4952	  109.9512	   12.5012	   26.6846	   81.1983
    7.0358	  157.4121	    9.8609	   15.7568	   69.3793
    6.9171	   13.7988	   10.6101	   26.0596	   73.3913
    5.8910	  173.5840	   13.6554	   22.7979	   80.4440
    5.6669	  138.9551	   13.8520	   17.5439	   78.4973
    6.8248	   61.9629	   10.4940	   20.1807	   71.6197
    6.7589	  321.7676	   11.5927	   33.6377	   78.3540
    6.6425	  290.1270	   11.6541	   17.7295	   77.4119
    6.8710	  179.0332	   11.6714	   29.5264	   80.1941
    5.9569	  173.4082	   13.3209	   32.9639	   79.3513
    7.0358	  157.4121	    9.8609	   15.7568	   69.3793
    5.8536	  129.8145	   14.1997	   21.8018	   83.1197
    7.1281	  216.8262	   10.1333	   19.2529	   72.2307
    6.9149	  337.2363	   11.5908	   22.7783	   80.1495
    6.8160	  245.4785	   11.5555	   28.6084	   78.7629
    7.0555	  101.5137	   10.8563	   28.4033	   76.5970
    7.0555	  101.5137	   10.8563	   28.4033	   76.5970
    7.2775	  184.6582	    9.6849	   17.3389	   70.4815
    7.2467	   28.2129	   11.1029	   15.8057	   80.4594
    7.0533	   85.8691	   11.2364	   23.9600	   79.2543
    7.0819	  276.5918	    9.9446	   27.9639	   70.4270
    6.9501	  311.9238	   10.6259	   27.3779	   73.8510
    6.7435	   15.3809	   11.6657	   28.3350	   78.6681
    7.0490	  337.9395	   10.4561	   19.7607	   73.7049
    6.1920	   89.9121	   13.6431	   29.5068	   84.4785
    6.8732	  278.8770	   11.0618	   28.3545	   76.0297
    7.2203	   79.3652	   10.7719	   22.2803	   77.7766
    6.5128	   65.8301	   12.4875	   29.7314	   81.3288
    7.0643	   53.8770	   10.7713	   19.1455	   76.0921
    6.6095	   58.0957	   12.1266	   16.8799	   80.1504
    6.6095	   58.0957	   12.1266	   16.8799	   80.1504
    7.2313	  199.4238	   10.4337	   16.3721	   75.4497
    6.3458	  190.8105	   12.8715	   15.8643	   81.6802
    6.0558	  139.4824	   13.4563	   29.4873	   81.4883
    5.6339	  128.2324	   15.0349	   18.6377	   84.7051
    5.7174	  133.5059	   14.7550	   30.1025	   84.3603
    6.6227	    7.8223	   12.0968	   33.0615	   80.1130
    6.4425	  105.2051	   11.9173	   34.3311	   76.7771
    6.7347	   28.9160	   11.1232	   29.0479	   74.9122
    5.8536	  129.8145	   14.1997	   21.8018	   83.1197
    6.1525	   94.6582	   13.0611	   32.3389	   80.3583
    5.7679	  109.0723	   13.7537	   26.3135	   79.3306
    6.1239	  181.1426	   11.9994	   33.3252	   73.4832
    7.0182	  274.3066	   10.3824	   15.8838	   72.8660
    6.6930	   24.6973	   12.0420	   25.8740	   80.5970
    6.9523	  253.3887	   10.4533	   27.5342	   72.6743
    6.8644	  108.5449	   10.3265	   18.7061	   70.8848
    6.4337	  152.8418	   11.5921	   21.4111	   74.5802
    6.9347	   12.9199	   11.2214	   22.8564	   77.8170
    6.4535	  231.4160	   12.4385	   20.2979	   80.2717
    6.0404	  153.3691	   12.2134	   25.2100	   73.7737
    6.4139	  277.4707	   12.7623	   24.6924	   81.8565
    7.0072	  312.2754	   10.9696	   17.4756	   76.8663
    6.5392	  176.2207	   12.0568	   24.0674	   78.8417
    5.9877	  196.9629	   13.9512	   32.3193	   83.5353
    6.9633	  357.8027	   11.2602	   34.6240	   78.4076
    5.6273	  172.1777	   13.5507	   23.0615	   76.2544
    7.0182	  274.3066	   10.3824	   15.8838	   72.8660
    5.9371	  197.6660	   14.1957	   15.3271	   84.2815
    6.8600	  104.1504	   11.3870	   24.0869	   78.1148
    6.3326	  281.3379	   12.8915	   33.6182	   81.6373
    6.7633	  356.5723	   10.9350	   32.4365	   73.9566
    6.7853	  248.4668	   11.0058	   34.2236	   74.6771
    6.3458	  190.8105	   12.8715	   15.8643	   81.6802
    6.9083	  304.1895	   10.2532	   18.3643	   70.8323
    6.4535	  231.4160	   12.4385	   20.2979	   80.2717
    5.7614	  127.3535	   14.3326	   17.3291	   82.5750
    7.1259	  140.3613	   10.6453	   26.8408	   75.8566
    6.8776	  308.0566	   11.6858	   29.0088	   80.3700
    6.8007	  209.0918	   12.0387	   18.2861	   81.8711
    7.2379	   80.7715	   10.6019	   20.7666	   76.7359
    6.7743	  145.9863	   11.0753	   32.8467	   75.0276
    6.5238	   44.2090	   12.5400	   20.6104	   81.8084
    7.0995	  276.0645	   11.5252	   26.3232	   81.8229
    6.4667	   34.1895	   12.0181	   33.3643	   77.7170
    7.1215	  200.4785	   10.3533	   23.8916	   73.7305
    6.8007	  209.0918	   12.0387	   18.2861	   81.8711
    7.2203	   79.3652	   10.7719	   22.2803	   77.7766
    6.1722	  196.0840	   12.6576	   33.4521	   78.1255
    5.6251	  155.6543	   14.4558	   32.5049	   81.3155
    5.6339	  128.2324	   15.0349	   18.6377	   84.7051
    5.6888	  111.0059	   15.1215	   28.8525	   86.0237
    6.4249	  318.0762	   12.8685	   27.6221	   82.6789
    7.0336	   14.6777	   10.3827	   19.3115	   73.0273
    6.5809	  178.3301	   11.4213	   23.4814	   75.1626
    6.1525	   94.6582	   13.0611	   32.3389	   80.3583
    6.7435	   15.3809	   11.6657	   28.3350	   78.6681
    6.2360	   90.6152	   13.0645	   27.9053	   81.4695
    7.2313	  199.4238	   10.4337	   16.3721	   75.4497
    6.8468	   30.6738	   10.6917	   28.0029	   73.2041
    7.0336	   14.6777	   10.3827	   19.3115	   73.0273
    7.2379	   80.7715	   10.6019	   20.7666	   76.7359
    6.0844	  173.7598	   12.6479	   31.3428	   76.9542
    5.9877	  196.9629	   13.9512	   32.3193	   83.5353
    6.2777	   42.9785	   13.4348	   20.1416	   84.3397
    6.7897	  351.4746	   12.1620	   20.6494	   82.5760
    6.5721	  255.4980	   12.3339	   34.2920	   81.0600
    6.3568	  184.3066	   12.8825	   29.1162	   81.8913
    6.1898	  232.8223	   13.5399	   34.4385	   83.8093
    7.0358	  157.4121	    9.8609	   15.7568	   69.3793
    6.8248	   61.9629	   10.4940	   20.1807	   71.6197
    6.0558	  139.4824	   13.4563	   29.4873	   81.4883
    6.4930	   56.5137	   11.7119	   24.0967	   76.0458
    7.2511	  271.1426	   11.1190	   31.6748	   80.6250
    7.2643	  282.7441	   10.4251	   26.9775	   75.7312
    6.9149	  337.2363	   11.5908	   22.7783	   80.1495
    7.0555	  101.5137	   10.8563	   28.4033	   76.5970
    6.4073	  111.3574	   13.0262	   29.5752	   83.4634
    6.5128	   65.8301	   12.4875	   29.7314	   81.3288
    7.2753	  221.7480	    9.5987	   28.8330	   69.8332
    5.7614	  127.3535	   14.3326	   17.3291	   82.5750
    6.5238	   44.2090	   12.5400	   20.6104	   81.8084
    5.6339	  128.2324	   15.0349	   18.6377	   84.7051
    6.0404	  153.3691	   12.2134	   25.2100	   73.7737
    6.1832	   86.3965	   13.3790	   23.2959	   82.7253
    6.2711	  211.5527	   13.0371	   32.2510	   81.7571
    6.3612	  137.3730	   12.4982	   33.5205	   79.5034
    6.6073	   45.4395	   10.9710	   16.4893	   72.4890
    6.5436	   39.4629	   11.4772	   26.4307	   75.1021
    7.2599	  332.3145	   11.2293	   16.9482	   81.5238
    7.0490	  337.9395	   10.4561	   19.7607	   73.7049
    7.2379	   80.7715	   10.6019	   20.7666	   76.7359
    7.1808	   49.4824	   10.0800	   24.4873	   72.3825
    6.9391	  213.1348	   11.6159	   23.5303	   80.6040
    5.7174	  133.5059	   14.7550	   30.1025	   84.3603
    6.0536	  173.2324	   12.3008	   16.1377	   74.4637
    6.3326	  281.3379	   12.8915	   33.6182	   81.6373
    6.6425	  290.1270	   11.6541	   17.7295	   77.4119
    6.0997	  131.7480	   12.6725	   16.1670	   77.2990
    6.1898	  232.8223	   13.5399	   34.4385	   83.8093
    5.6427	  134.5605	   15.2941	   23.5107	   86.3002
    6.6644	  147.0410	   11.4905	   17.4854	   76.5777
    6.4337	  152.8418	   11.5921	   21.4111	   74.5802
    6.5128	   65.8301	   12.4875	   29.7314	   81.3288
    6.5875	  207.5098	   11.2281	   15.5322	   73.9657
    5.6735	  135.6152	   14.7526	   19.5947	   83.6983
    7.0182	  274.3066	   10.3824	   15.8838	   72.8660
