    7.5411	  275.1855	    9.1353	   24.3018	   68.8905
    7.9059	  355.1660	    8.2872	   31.5771	   65.5178
    7.0951	  268.5059	   10.2762	   27.3975	   72.9103
    7.8619	   18.1934	    9.3566	   24.6338	   73.5611
    7.6906	    8.1738	   10.0345	   33.2471	   77.1711
    7.1698	  179.5605	   11.1652	   31.0107	   80.0525
    7.2313	  199.4238	   10.4337	   16.3721	   75.4497
    7.0490	  337.9395	   10.4561	   19.7607	   73.7049
    7.4027	  227.0215	   10.0585	   24.8584	   74.4604
    7.4994	   64.5996	    9.1800	   16.5381	   68.8445
    7.7719	  321.2402	    9.3389	   23.8428	   72.5804
    7.3082	    3.6035	   11.1722	   31.7041	   81.6487
    7.1698	  179.5605	   11.1652	   31.0107	   80.0525
    6.4337	  152.8418	   11.5921	   21.4111	   74.5802
    7.2313	  199.4238	   10.4337	   16.3721	   75.4497
    6.8710	  179.0332	   11.6714	   29.5264	   80.1941
    7.8202	  105.0293	    8.8227	   18.4424	   68.9954
    7.3434	  310.1660	    9.8167	   30.9229	   72.0875
    7.7279	   71.6309	    9.6490	   32.2900	   74.5665
    7.4730	   26.1035	   10.0038	   22.0459	   74.7584
    7.0336	   14.6777	   10.3827	   19.3115	   73.0273
    7.0577	  115.0488	   10.0587	   24.1846	   70.9915
    7.8817	  274.4824	    9.6269	   26.9873	   75.8761
    6.9918	  145.4590	   11.8117	   16.2354	   82.5851
    7.4027	  227.0215	   10.0585	   24.8584	   74.4604
    7.9498	  208.0371	    9.6177	   34.8193	   76.4594
    7.4269	  153.5449	   10.8381	   21.2061	   80.4929
    7.0995	  276.0645	   11.5252	   26.3232	   81.8229
    7.3983	  318.7793	    9.7763	   26.5674	   72.3283
    7.4862	  132.6270	    9.1219	   28.5205	   68.2886
    7.5411	  275.1855	    9.1353	   24.3018	   68.8905
    6.8007	  209.0918	   12.0387	   18.2861	   81.8711
    7.4401	    6.9434	   10.6789	   23.4912	   79.4514
    7.8312	  154.4238	    9.9250	   31.1279	   77.7245
    7.7279	   71.6309	    9.6490	   32.2900	   74.5665
    7.0995	  276.0645	   11.5252	   26.3232	   81.8229
    7.8861	  281.1621	    9.6430	   15.1318	   76.0454
    6.8226	   99.0527	   11.6822	   21.0010	   79.7035
    7.0577	  115.0488	   10.0587	   24.1846	   70.9915
    6.9918	  145.4590	   11.8117	   16.2354	   82.5851
    7.6730	  147.3926	    8.9154	   23.5498	   68.4077
    6.5282	  120.6738	   12.5439	   16.9971	   81.8890
    7.4994	   64.5996	    9.1800	   16.5381	   68.8445
    6.4008	  137.1973	   11.6568	   32.8760	   74.6125
    6.5656	   98.1738	   10.9108	   28.2471	   71.6353
    7.6686	   50.5371	    9.2118	   28.5693	   70.6415
    7.8663	  134.7363	   10.1051	   19.0283	   79.4904
    7.6071	  199.0723	    9.0278	   31.3135	   68.6749
    6.9611	  172.5293	   10.4782	   29.6924	   72.9395
    7.6334	  103.9746	   10.2548	   26.8994	   78.2793
    7.0555	  101.5137	   10.8563	   28.4033	   76.5970
    7.2511	  271.1426	   11.1190	   31.6748	   80.6250
    7.6071	  199.0723	    9.0278	   31.3135	   68.6749
    7.8685	  105.3809	    8.2895	   33.3350	   65.2259
    7.4532	   80.5957	   10.4074	   16.8701	   77.5686
    6.9611	  172.5293	   10.4782	   29.6924	   72.9395
    7.8488	  217.7051	    9.5720	   20.5811	   75.1279
    6.5809	  178.3301	   11.4213	   23.4814	   75.1626
    7.3016	  323.7012	   11.0040	   27.6904	   80.3469
    7.2731	   12.0410	    9.7152	   20.0146	   70.6592
    7.5719	  208.7402	   10.6543	   25.0928	   80.6733
    7.7499	  114.3457	    9.1900	   22.4951	   71.2213
    7.0643	   53.8770	   10.7713	   19.1455	   76.0921
    6.9852	  118.3887	   11.0160	   15.0342	   76.9495
    7.3016	  323.7012	   11.0040	   27.6904	   80.3469
    6.3612	  137.3730	   12.4982	   33.5205	   79.5034
    6.9984	  191.8652	   10.8788	   31.0303	   76.1344
    7.2313	  199.4238	   10.4337	   16.3721	   75.4497
    6.8600	  104.1504	   11.3870	   24.0869	   78.1148
    7.3126	  290.6543	   10.5169	   34.9951	   76.9060
    7.4313	  354.9902	    9.3210	   28.2178	   69.2666
    7.4862	  132.6270	    9.1219	   28.5205	   68.2886
    7.3522	  216.4746	   10.4739	   18.1494	   77.0057
    7.8466	  125.4199	    9.1855	   23.3936	   72.0744
    7.2467	   28.2129	   11.1029	   15.8057	   80.4594
    7.1259	  140.3613	   10.6453	   26.8408	   75.8566
    7.4862	  132.6270	    9.1219	   28.5205	   68.2886
    7.1105	   77.6074	   11.3189	   33.9502	   80.4825
    7.8883	   86.5723	    8.9235	   27.4365	   70.3911
    7.7125	   62.4902	    9.2948	   29.4678	   71.6861
    7.6576	  136.4941	    9.8380	   24.8975	   75.3357
    6.9720	  140.7129	   11.3095	   15.4443	   78.8504
    6.8007	  209.0918	   12.0387	   18.2861	   81.8711
    7.2467	   28.2129	   11.1029	   15.8057	   80.4594
    7.8048	  164.9707	   10.1018	   33.4424	   78.8426
    7.5719	  208.7402	   10.6543	   25.0928	   80.6733
    7.1237	  293.9941	   10.5347	   31.3525	   75.0454
    7.6906	    8.1738	   10.0345	   33.2471	   77.1711
    7.3522	  216.4746	   10.4739	   18.1494	   77.0057
    7.6466	   37.0020	    8.7406	   33.0420	   66.8362
    7.8268	  147.7441	    8.7370	   29.4775	   68.3828
    6.8007	  209.0918	   12.0387	   18.2861	   81.8711
    7.0555	  101.5137	   10.8563	   28.4033	   76.5970
    7.8312	  154.4238	    9.9250	   31.1279	   77.7245
    6.5392	  176.2207	   12.0568	   24.0674	   78.8417
    7.5587	   62.8418	    9.5122	   23.5889	   71.9002
    7.5565	  289.2480	    9.3797	   32.5830	   70.8775
    7.9630	   38.9355	    9.2681	   16.1768	   73.8021
    7.9498	  208.0371	    9.6177	   34.8193	   76.4594
    7.4247	  159.1699	   10.5956	   17.7686	   78.6691
    7.3082	    3.6035	   11.1722	   31.7041	   81.6487
    7.4247	  159.1699	   10.5956	   17.7686	   78.6691
    6.7941	   91.6699	   12.2684	   31.5186	   83.3526
    7.5719	  208.7402	   10.6543	   25.0928	   80.6733
    7.2863	  172.7051	    9.9979	   21.9189	   72.8471
    7.0358	  157.4121	    9.8609	   15.7568	   69.3793
    7.8729	  326.6895	    9.6728	   22.8857	   76.1529
    7.7125	   62.4902	    9.2948	   29.4678	   71.6861
    7.0621	  252.3340	   10.8194	   19.6729	   76.4081
    7.5345	  185.7129	    9.6214	   27.0557	   72.4927
    7.3917	  214.8926	    9.8498	   34.7998	   72.8071
    7.8861	  281.1621	    9.6430	   15.1318	   76.0454
    7.4335	  134.0332	    9.9833	   32.9736	   74.2106
    7.4840	   83.5840	    9.3946	   17.7979	   70.3095
    6.5458	  190.1074	   11.9833	   22.2998	   78.4401
    7.2511	  271.1426	   11.1190	   31.6748	   80.6250
    7.9520	  122.6074	    9.6380	   21.4502	   76.6417
    7.1808	   49.4824	   10.0800	   24.4873	   72.3825
    7.8158	  196.7871	    9.8540	   18.3057	   77.0167
    7.3368	  349.0137	   10.4297	   29.6533	   76.5206
    7.7213	  285.5566	    9.2098	   19.7412	   71.1117
    7.3654	  239.5020	   10.2097	   31.7920	   75.1981
    7.1698	  179.5605	   11.1652	   31.0107	   80.0525
    7.9498	  208.0371	    9.6177	   34.8193	   76.4594
    7.2050	  204.8730	    9.9660	   24.7705	   71.8045
    6.8204	  161.2793	   11.1810	   17.8174	   76.2593
    7.5433	  211.7285	   10.3372	   30.4834	   77.9769
    7.9169	   41.0449	    9.2748	   27.5439	   73.4271
    6.8007	  209.0918	   12.0387	   18.2861	   81.8711
    7.2511	  271.1426	   11.1190	   31.6748	   80.6250
    7.3829	   26.2793	   10.7429	   20.3174	   79.3140
    7.1259	  140.3613	   10.6453	   26.8408	   75.8566
    7.5565	  289.2480	    9.3797	   32.5830	   70.8775
    7.1962	  179.7363	   10.7468	   21.5283	   77.3354
    7.6444	  141.5918	    9.5065	   30.4639	   72.6717
    7.7499	  114.3457	    9.1900	   22.4951	   71.2213
    7.4532	   80.5957	   10.4074	   16.8701	   77.5686
    7.4884	  325.2832	    9.2081	   18.5986	   68.9540
    7.4335	  134.0332	    9.9833	   32.9736	   74.2106
    7.7323	  224.5605	   10.0948	   28.5107	   78.0560
    7.9169	   41.0449	    9.2748	   27.5439	   73.4271
    6.4008	  137.1973	   11.6568	   32.8760	   74.6125
    7.3654	  239.5020	   10.2097	   31.7920	   75.1981
    7.4027	  227.0215	   10.0585	   24.8584	   74.4604
    7.2467	   28.2129	   11.1029	   15.8057	   80.4594
    7.4247	  159.1699	   10.5956	   17.7686	   78.6691
    7.5345	  185.7129	    9.6214	   27.0557	   72.4927
    6.8007	  209.0918	   12.0387	   18.2861	   81.8711
    7.4884	  325.2832	    9.2081	   18.5986	   68.9540
    7.3456	  238.6230	   10.4815	   29.6045	   76.9924
    7.1698	  179.5605	   11.1652	   31.0107	   80.0525
    7.2313	  199.4238	   10.4337	   16.3721	   75.4497
    7.8751	  335.6543	    8.8288	   22.5049	   69.5276
    7.5345	  185.7129	    9.6214	   27.0557	   72.4927
    7.2050	  204.8730	    9.9660	   24.7705	   71.8045
    6.4008	  137.1973	   11.6568	   32.8760	   74.6125
    7.3917	  214.8926	    9.8498	   34.7998	   72.8071
    7.6862	  158.9941	    9.6498	   16.1475	   74.1697
    7.9235	   44.3848	    8.3492	   29.5947	   66.1547
    7.2203	   79.3652	   10.7719	   22.2803	   77.7766
    7.8048	  164.9707	   10.1018	   33.4424	   78.8426
    7.0336	   14.6777	   10.3827	   19.3115	   73.0273
    7.5411	  275.1855	    9.1353	   24.3018	   68.8905
    7.3654	  239.5020	   10.2097	   31.7920	   75.1981
    7.4335	  134.0332	    9.9833	   32.9736	   74.2106
    7.1434	   46.6699	   10.8147	   25.9814	   77.2540
    6.4008	  137.1973	   11.6568	   32.8760	   74.6125
    7.8048	  164.9707	   10.1018	   33.4424	   78.8426
    7.5895	  161.1035	    9.7031	   29.5459	   73.6415
    7.4532	   80.5957	   10.4074	   16.8701	   77.5686
    7.2577	  330.0293	   10.5108	   15.9424	   76.2845
    7.5345	  185.7129	    9.6214	   27.0557	   72.4927
    7.1808	   49.4824	   10.0800	   24.4873	   72.3825
    7.8048	  164.9707	   10.1018	   33.4424	   78.8426
    7.8268	  147.7441	    8.7370	   29.4775	   68.3828
    7.3170	    0.0879	   10.2669	   25.4932	   75.1230
    6.8204	  161.2793	   11.1810	   17.8174	   76.2593
    7.3873	  253.0371	   10.8200	   32.6807	   79.9311
    7.4335	  134.0332	    9.9833	   32.9736	   74.2106
    7.6576	  136.4941	    9.8380	   24.8975	   75.3357
    7.6554	   27.8613	    8.7069	   30.5908	   66.6550
    7.8136	   46.1426	    9.4309	   34.1748	   73.6891
    6.5392	  176.2207	   12.0568	   24.0674	   78.8417
    7.5345	  185.7129	    9.6214	   27.0557	   72.4927
    7.0336	   14.6777	   10.3827	   19.3115	   73.0273
    6.8710	  179.0332	   11.6714	   29.5264	   80.1941
    7.2731	   12.0410	    9.7152	   20.0146	   70.6592
    7.6510	  237.5684	    9.9897	   23.8037	   76.4309
    7.5170	  215.2441	   10.1258	   20.7275	   76.1153
    7.2379	   80.7715	   10.6019	   20.7666	   76.7359
    6.4513	  182.3730	   11.7029	   26.0205	   75.4989
    7.3214	  263.2324	   11.1546	   18.8623	   81.6672
    7.1808	   49.4824	   10.0800	   24.4873	   72.3825
    7.2928	   12.2168	   10.0928	   32.6514	   73.6055
    7.6071	  199.0723	    9.0278	   31.3135	   68.6749
    7.8224	  162.6855	    9.5412	   20.5518	   74.6352
    7.3522	  216.4746	   10.4739	   18.1494	   77.0057
    7.6334	  103.9746	   10.2548	   26.8994	   78.2793
    7.3346	  116.6309	   11.0174	   29.7900	   80.8078
    6.8204	  161.2793	   11.1810	   17.8174	   76.2593
