    5.6251	  155.6543	   14.4558	   32.5049	   81.3155
    5.9371	  197.6660	   14.1957	   15.3271	   84.2815
    6.1525	   94.6582	   13.0611	   32.3389	   80.3583
    7.0995	  276.0645	   11.5252	   26.3232	   81.8229
    7.2928	   12.2168	   10.0928	   32.6514	   73.6055
    6.8732	  278.8770	   11.0618	   28.3545	   76.0297
    6.8688	  129.9902	   11.0091	   30.7178	   75.6189
    5.6251	  155.6543	   14.4558	   32.5049	   81.3155
    6.7897	  351.4746	   12.1620	   20.6494	   82.5760
    7.0577	  115.0488	   10.0587	   24.1846	   70.9915
    5.6735	  135.6152	   14.7526	   19.5947	   83.6983
    6.9984	  191.8652	   10.8788	   31.0303	   76.1344
    7.2643	  282.7441	   10.4251	   26.9775	   75.7312
    5.5043	  138.6035	   14.0372	   20.7959	   77.2646
    6.8160	  245.4785	   11.5555	   28.6084	   78.7629
    7.1852	   37.1777	   11.2314	   19.4385	   80.6995
    7.3104	  258.3105	    9.8057	   19.6143	   71.6839
    6.1832	   86.3965	   13.3790	   23.2959	   82.7253
    7.2577	  330.0293	   10.5108	   15.9424	   76.2845
    7.1434	   46.6699	   10.8147	   25.9814	   77.2540
    6.1832	   86.3965	   13.3790	   23.2959	   82.7253
    5.8910	  173.5840	   13.6554	   22.7979	   80.4440
    7.0094	  253.7402	    9.9620	   17.4072	   69.8280
    6.5656	   98.1738	   10.9108	   28.2471	   71.6353
    5.9877	  196.9629	   13.9512	   32.3193	   83.5353
    6.1700	  114.8730	   12.3053	   20.2295	   75.9240
    6.6820	  114.6973	   10.8128	   30.8740	   72.2509
    6.3239	  172.3535	   12.6445	   19.8291	   79.9616
    6.5458	  190.1074	   11.9833	   22.2998	   78.4401
    6.7589	  321.7676	   11.5927	   33.6377	   78.3540
    5.6273	  172.1777	   13.5507	   23.0615	   76.2544
    6.5656	   98.1738	   10.9108	   28.2471	   71.6353
    6.4491	  190.2832	   13.0474	   16.0986	   84.1439
    7.3170	    0.0879	   10.2669	   25.4932	   75.1230
    7.2511	  271.1426	   11.1190	   31.6748	   80.6250
    6.1898	  232.8223	   13.5399	   34.4385	   83.8093
    6.2909	  172.0020	   13.1779	   20.5420	   82.9010
    6.5919	  166.3770	   11.2809	   22.8955	   74.3626
    7.3434	  310.1660	    9.8167	   30.9229	   72.0875
    7.0072	  312.2754	   10.9696	   17.4756	   76.8663
    7.2511	  271.1426	   11.1190	   31.6748	   80.6250
    7.3983	  318.7793	    9.7763	   26.5674	   72.3283
    6.0118	  195.9082	   12.9046	   19.2139	   77.5802
    6.8160	  245.4785	   11.5555	   28.6084	   78.7629
    7.3983	  318.7793	    9.7763	   26.5674	   72.3283
    6.9193	  220.6934	   10.2007	   21.6162	   70.5816
    6.4667	   34.1895	   12.0181	   33.3643	   77.7170
    6.9786	  320.1855	   10.8234	   26.8018	   75.5327
    7.1105	   77.6074	   11.3189	   33.9502	   80.4825
    7.3082	    3.6035	   11.1722	   31.7041	   81.6487
    6.2711	  211.5527	   13.0371	   32.2510	   81.7571
    7.0094	  253.7402	    9.9620	   17.4072	   69.8280
    7.0951	  268.5059	   10.2762	   27.3975	   72.9103
    7.2753	  221.7480	    9.5987	   28.8330	   69.8332
    5.6669	  138.9551	   13.8520	   17.5439	   78.4973
    6.9347	   12.9199	   11.2214	   22.8564	   77.8170
    5.6735	  135.6152	   14.7526	   19.5947	   83.6983
    6.7545	  314.9121	   11.9550	   17.0068	   80.7503
    6.9171	   13.7988	   10.6101	   26.0596	   73.3913
    6.0997	  131.7480	   12.6725	   16.1670	   77.2990
    6.9720	  140.7129	   11.3095	   15.4443	   78.8504
    6.9259	  259.7168	   10.8962	   21.0986	   75.4662
    6.3414	  104.6777	   11.8886	   25.6885	   75.3906
    7.0072	  312.2754	   10.9696	   17.4756	   76.8663
    6.8600	  104.1504	   11.3870	   24.0869	   78.1148
    5.9877	  196.9629	   13.9512	   32.3193	   83.5353
    7.2511	  271.1426	   11.1190	   31.6748	   80.6250
    7.0621	  252.3340	   10.8194	   19.6729	   76.4081
    6.3260	  112.0605	   13.0724	   24.7607	   82.6968
    6.8885	  337.0605	   11.3843	   32.2607	   78.4213
    6.1700	  114.8730	   12.3053	   20.2295	   75.9240
    5.8910	  173.5840	   13.6554	   22.7979	   80.4440
    6.8710	  179.0332	   11.6714	   29.5264	   80.1941
    6.4008	  137.1973	   11.6568	   32.8760	   74.6125
    6.8907	   54.4043	   10.8455	   34.3701	   74.7335
    6.4008	  137.1973	   11.6568	   32.8760	   74.6125
    6.9391	  213.1348	   11.6159	   23.5303	   80.6040
    6.9501	  311.9238	   10.6259	   27.3779	   73.8510
    6.9984	  191.8652	   10.8788	   31.0303	   76.1344
    6.0404	  153.3691	   12.2134	   25.2100	   73.7737
    6.4337	  152.8418	   11.5921	   21.4111	   74.5802
    7.2643	  282.7441	   10.4251	   26.9775	   75.7312
    7.1522	  246.5332	   10.8274	   26.7236	   77.4397
    7.1281	  216.8262	   10.1333	   19.2529	   72.2307
    7.0951	  268.5059	   10.2762	   27.3975	   72.9103
    6.9193	  220.6934	   10.2007	   21.6162	   70.5816
    6.5897	  158.4668	   11.2655	   19.2236	   74.2365
    6.8776	  308.0566	   11.6858	   29.0088	   80.3700
    5.6339	  128.2324	   15.0349	   18.6377	   84.7051
    7.3456	  238.6230	   10.4815	   29.6045	   76.9924
    6.9984	  191.8652	   10.8788	   31.0303	   76.1344
    6.6930	   24.6973	   12.0420	   25.8740	   80.5970
    6.4667	   34.1895	   12.0181	   33.3643	   77.7170
    7.3104	  258.3105	    9.8057	   19.6143	   71.6839
    7.2467	   28.2129	   11.1029	   15.8057	   80.4594
    6.8995	  243.0176	   11.5491	   16.7627	   79.6833
    7.1259	  140.3613	   10.6453	   26.8408	   75.8566
    7.0358	  157.4121	    9.8609	   15.7568	   69.3793
    5.7482	  171.1230	   14.4381	   23.3545	   82.9924
    7.4225	  329.1504	    9.7941	   31.5869	   72.6966
    5.6251	  155.6543	   14.4558	   32.5049	   81.3155
    6.2777	   42.9785	   13.4348	   20.1416	   84.3397
    7.2203	   79.3652	   10.7719	   22.2803	   77.7766
    6.8776	  308.0566	   11.6858	   29.0088	   80.3700
    6.3260	  112.0605	   13.0724	   24.7607	   82.6968
    6.1239	  181.1426	   11.9994	   33.3252	   73.4832
    6.8907	   54.4043	   10.8455	   34.3701	   74.7335
    6.9259	  259.7168	   10.8962	   21.0986	   75.4662
    6.8600	  104.1504	   11.3870	   24.0869	   78.1148
    6.3260	  112.0605	   13.0724	   24.7607	   82.6968
    7.0490	  337.9395	   10.4561	   19.7607	   73.7049
    7.1390	  179.3848	   10.1077	   27.0947	   72.1590
    5.9767	  131.2207	   13.7132	   21.5674	   81.9595
    6.3568	  184.3066	   12.8825	   29.1162	   81.8913
    6.8885	  337.0605	   11.3843	   32.2607	   78.4213
    6.9347	   12.9199	   11.2214	   22.8564	   77.8170
    7.2203	   79.3652	   10.7719	   22.2803	   77.7766
    7.0094	  253.7402	    9.9620	   17.4072	   69.8280
    6.0844	  173.7598	   12.6479	   31.3428	   76.9542
    6.9501	  311.9238	   10.6259	   27.3779	   73.8510
    6.9677	   21.3574	   10.7172	   15.4248	   74.6739
    6.8995	  243.0176	   11.5491	   16.7627	   79.6833
    7.1302	  324.9316	    9.9363	   24.9463	   70.8482
    7.0072	  312.2754	   10.9696	   17.4756	   76.8663
    6.3304	  154.0723	   12.0656	   28.8135	   76.3805
    6.9633	  357.8027	   11.2602	   34.6240	   78.4076
    6.3414	  104.6777	   11.8886	   25.6885	   75.3906
    7.1237	  293.9941	   10.5347	   31.3525	   75.0454
    5.8910	  173.5840	   13.6554	   22.7979	   80.4440
    6.4513	  182.3730	   11.7029	   26.0205	   75.4989
    7.1215	  200.4785	   10.3533	   23.8916	   73.7305
    5.9569	  173.4082	   13.3209	   32.9639	   79.3513
    6.3458	  190.8105	   12.8715	   15.8643	   81.6802
    6.5656	   98.1738	   10.9108	   28.2471	   71.6353
    6.6095	   58.0957	   12.1266	   16.8799	   80.1504
    6.3304	  154.0723	   12.0656	   28.8135	   76.3805
    6.3612	  137.3730	   12.4982	   33.5205	   79.5034
    7.3368	  349.0137	   10.4297	   29.6533	   76.5206
    6.9193	  220.6934	   10.2007	   21.6162	   70.5816
    7.1259	  140.3613	   10.6453	   26.8408	   75.8566
    7.3214	  263.2324	   11.1546	   18.8623	   81.6672
    6.4491	  190.2832	   13.0474	   16.0986	   84.1439
    6.5128	   65.8301	   12.4875	   29.7314	   81.3288
    7.1302	  324.9316	    9.9363	   24.9463	   70.8482
    6.8732	  278.8770	   11.0618	   28.3545	   76.0297
    7.2599	  332.3145	   11.2293	   16.9482	   81.5238
    6.5919	  166.3770	   11.2809	   22.8955	   74.3626
    6.0624	  159.3457	   14.1298	   29.9951	   85.6605
    6.4952	  109.9512	   12.5012	   26.6846	   81.1983
    6.4008	  137.1973	   11.6568	   32.8760	   74.6125
    7.0819	  276.5918	    9.9446	   27.9639	   70.4270
    7.0182	  274.3066	   10.3824	   15.8838	   72.8660
    6.9193	  220.6934	   10.2007	   21.6162	   70.5816
    6.8600	  104.1504	   11.3870	   24.0869	   78.1148
    6.5897	  158.4668	   11.2655	   19.2236	   74.2365
    7.1962	  179.7363	   10.7468	   21.5283	   77.3354
    7.2906	   83.7598	    9.6234	   26.3428	   70.1605
    6.5897	  158.4668	   11.2655	   19.2236	   74.2365
    6.5392	  176.2207	   12.0568	   24.0674	   78.8417
    7.3917	  214.8926	    9.8498	   34.7998	   72.8071
    6.6930	   24.6973	   12.0420	   25.8740	   80.5970
    7.2511	  271.1426	   11.1190	   31.6748	   80.6250
    5.7614	  127.3535	   14.3326	   17.3291	   82.5750
    6.6996	  215.7715	   10.9944	   33.2666	   73.6578
    6.2711	  211.5527	   13.0371	   32.2510	   81.7571
    6.7545	  314.9121	   11.9550	   17.0068	   80.7503
    6.9808	  193.2715	   11.6371	   22.0166	   81.2369
    6.7743	  145.9863	   11.0753	   32.8467	   75.0276
    6.5919	  166.3770	   11.2809	   22.8955	   74.3626
    6.3304	  154.0723	   12.0656	   28.8135	   76.3805
    7.4027	  227.0215	   10.0585	   24.8584	   74.4604
    5.7614	  127.3535	   14.3326	   17.3291	   82.5750
    6.4337	  152.8418	   11.5921	   21.4111	   74.5802
    6.4667	   34.1895	   12.0181	   33.3643	   77.7170
    7.2313	  199.4238	   10.4337	   16.3721	   75.4497
    6.8995	  243.0176	   11.5491	   16.7627	   79.6833
    7.3104	  258.3105	    9.8057	   19.6143	   71.6839
    6.2799	  178.5059	   13.0669	   22.3975	   82.0587
    7.0182	  274.3066	   10.3824	   15.8838	   72.8660
    6.2997	   69.1699	   13.5153	   32.7686	   85.1423
    6.3304	  154.0723	   12.0656	   28.8135	   76.3805
    6.1920	   89.9121	   13.6431	   29.5068	   84.4785
    7.3016	  323.7012	   11.0040	   27.6904	   80.3469
    7.1852	   37.1777	   11.2314	   19.4385	   80.6995
    6.7743	  145.9863	   11.0753	   32.8467	   75.0276
    5.6669	  138.9551	   13.8520	   17.5439	   78.4973
    6.6227	    7.8223	   12.0968	   33.0615	   80.1130
    6.5458	  190.1074	   11.9833	   22.2998	   78.4401
    6.6622	  183.2520	   11.3824	   18.6670	   75.8319
    7.0621	  252.3340	   10.8194	   19.6729	   76.4081
    6.5128	   65.8301	   12.4875	   29.7314	   81.3288
    6.8995	  243.0176	   11.5491	   16.7627	   79.6833
    6.9149	  337.2363	   11.5908	   22.7783	   80.1495
    6.5897	  158.4668	   11.2655	   19.2236	   74.2365
    7.4027	  227.0215	   10.0585	   24.8584	   74.4604
    6.8732	  278.8770	   11.0618	   28.3545	   76.0297
    6.8995	  243.0176	   11.5491	   16.7627	   79.6833
    6.6622	  183.2520	   11.3824	   18.6670	   75.8319
    7.0951	  268.5059	   10.2762	   27.3975	   72.9103
    7.0358	  157.4121	    9.8609	   15.7568	   69.3793
