    5.7460	   90.9668	   14.5325	   25.4736	   83.5036
    5.7460	   90.9668	   14.5325	   25.4736	   83.5036
    6.1832	   86.3965	   13.3790	   23.2959	   82.7253
    6.0052	  125.0684	   13.3125	   30.0537	   79.9451
    5.9811	   84.4629	   13.0262	   33.9307	   77.9106
    6.9742	  132.8027	   11.8229	   17.8760	   82.4560
    5.5043	  138.6035	   14.0372	   20.7959	   77.2646
    6.6820	  114.6973	   10.8128	   30.8740	   72.2509
    6.5282	  120.6738	   12.5439	   16.9971	   81.8890
    7.0621	  252.3340	   10.8194	   19.6729	   76.4081
    6.8732	  278.8770	   11.0618	   28.3545	   76.0297
    5.4032	  149.3262	   14.9558	   31.9971	   80.8090
    5.8448	   66.3574	   14.4922	   22.0752	   84.7044
    6.2975	  239.1504	   13.1704	   26.5869	   82.9401
    5.8910	  173.5840	   13.6554	   22.7979	   80.4440
    6.8402	    2.0215	   11.1973	   32.3584	   76.5922
    6.9698	  203.6426	   11.3381	   32.9248	   79.0246
    6.9962	  162.1582	   11.2003	   26.0889	   78.3600
    6.4908	  319.1309	   12.9245	   33.5400	   83.8912
    6.8864	  217.3535	   10.9563	   27.6709	   75.4491
    6.5721	  255.4980	   12.3339	   34.2920	   81.0600
    6.9083	  304.1895	   10.2532	   18.3643	   70.8323
    5.6427	  134.5605	   15.2941	   23.5107	   86.3002
    5.5153	  151.0840	   15.9281	   19.0479	   87.8474
    6.8820	  326.5137	   10.5594	   20.9033	   72.6691
    5.9086	   75.3223	   13.7589	   15.6885	   81.2956
    6.7633	  356.5723	   10.9350	   32.4365	   73.9566
    6.2997	   69.1699	   13.5153	   32.7686	   85.1423
    5.5087	  135.2637	   15.8111	   24.0283	   87.0982
    5.5262	  127.7051	   15.1993	   24.4189	   83.9950
    6.0558	  139.4824	   13.4563	   29.4873	   81.4883
    5.7701	  146.3379	   13.3296	   21.1182	   76.9139
    5.8207	  100.4590	   13.3977	   18.7354	   77.9837
    6.0624	  159.3457	   14.1298	   29.9951	   85.6605
    5.6339	  128.2324	   15.0349	   18.6377	   84.7051
    5.6339	  128.2324	   15.0349	   18.6377	   84.7051
    5.4625	  117.5098	   14.6044	   19.4678	   79.7769
    6.9808	  193.2715	   11.6371	   22.0166	   81.2369
    6.7589	  321.7676	   11.5927	   33.6377	   78.3540
    6.5392	  176.2207	   12.0568	   24.0674	   78.8417
    6.9083	  304.1895	   10.2532	   18.3643	   70.8323
    5.6427	  134.5605	   15.2941	   23.5107	   86.3002
    6.1041	  158.8184	   12.3444	   33.1787	   75.3518
    6.7853	  248.4668	   11.0058	   34.2236	   74.6771
    5.8448	   66.3574	   14.4922	   22.0752	   84.7044
    6.3414	  104.6777	   11.8886	   25.6885	   75.3906
    6.2360	   90.6152	   13.0645	   27.9053	   81.4695
    7.1215	  200.4785	   10.3533	   23.8916	   73.7305
    6.0844	  173.7598	   12.6479	   31.3428	   76.9542
    6.8885	  337.0605	   11.3843	   32.2607	   78.4213
    6.8226	   99.0527	   11.6822	   21.0010	   79.7035
    6.5128	   65.8301	   12.4875	   29.7314	   81.3288
    6.5106	  198.5449	   12.2451	   26.2939	   79.7230
    6.5216	   52.9980	   12.1169	   18.0420	   79.0216
    6.0931	   92.9004	   12.3676	   29.7119	   75.3576
    7.0841	  262.0020	   11.5933	   25.5420	   82.1283
    6.7589	  321.7676	   11.5927	   33.6377	   78.3540
    6.9698	  203.6426	   11.3381	   32.9248	   79.0246
    6.1635	  334.7754	   13.5018	   28.7256	   83.2177
    6.4139	  277.4707	   12.7623	   24.6924	   81.8565
    6.7545	  314.9121	   11.9550	   17.0068	   80.7503
    6.4513	  182.3730	   11.7029	   26.0205	   75.4989
    6.1964	  353.2324	   13.3467	   23.8623	   82.7019
    6.5458	  190.1074	   11.9833	   22.2998	   78.4401
    6.7589	  321.7676	   11.5927	   33.6377	   78.3540
    6.2909	  172.0020	   13.1779	   20.5420	   82.9010
    6.6073	   45.4395	   10.9710	   16.4893	   72.4890
    6.3612	  137.3730	   12.4982	   33.5205	   79.5034
    7.0577	  115.0488	   10.0587	   24.1846	   70.9915
    7.0533	   85.8691	   11.2364	   23.9600	   79.2543
    6.9962	  162.1582	   11.2003	   26.0889	   78.3600
    6.7941	   91.6699	   12.2684	   31.5186	   83.3526
    7.1237	  293.9941	   10.5347	   31.3525	   75.0454
    6.9742	  132.8027	   11.8229	   17.8760	   82.4560
    5.4186	  129.4629	   14.8535	   18.5693	   80.4847
    5.6713	   81.6504	   14.0414	   20.3369	   79.6326
    5.9877	  196.9629	   13.9512	   32.3193	   83.5353
    6.2360	   90.6152	   13.0645	   27.9053	   81.4695
    6.9303	  272.7246	   10.8635	   24.9756	   75.2873
    5.8207	  100.4590	   13.3977	   18.7354	   77.9837
    6.9259	  259.7168	   10.8962	   21.0986	   75.4662
    5.9877	  196.9629	   13.9512	   32.3193	   83.5353
    6.3260	  112.0605	   13.0724	   24.7607	   82.6968
    6.0997	  131.7480	   12.6725	   16.1670	   77.2990
    6.7941	   91.6699	   12.2684	   31.5186	   83.3526
    6.6095	   58.0957	   12.1266	   16.8799	   80.1504
    5.8207	  100.4590	   13.3977	   18.7354	   77.9837
    5.5153	  151.0840	   15.9281	   19.0479	   87.8474
    5.7570	  123.4863	   13.9356	   15.9033	   80.2267
    5.7679	  109.0723	   13.7537	   26.3135	   79.3306
    6.4008	  137.1973	   11.6568	   32.8760	   74.6125
    6.8732	  278.8770	   11.0618	   28.3545	   76.0297
    6.6073	   45.4395	   10.9710	   16.4893	   72.4890
    6.8204	  161.2793	   11.1810	   17.8174	   76.2593
    7.1215	  200.4785	   10.3533	   23.8916	   73.7305
    7.0555	  101.5137	   10.8563	   28.4033	   76.5970
    6.8820	  326.5137	   10.5594	   20.9033	   72.6691
    6.1327	  240.0293	   13.8871	   20.9424	   85.1653
    6.1920	   89.9121	   13.6431	   29.5068	   84.4785
    6.7589	  321.7676	   11.5927	   33.6377	   78.3540
    5.7614	  127.3535	   14.3326	   17.3291	   82.5750
    7.0094	  253.7402	    9.9620	   17.4072	   69.8280
    5.4713	  105.5566	   15.9623	   20.2588	   87.3347
    6.9698	  203.6426	   11.3381	   32.9248	   79.0246
    6.8644	  108.5449	   10.3265	   18.7061	   70.8848
    5.4713	  105.5566	   15.9623	   20.2588	   87.3347
    6.8160	  245.4785	   11.5555	   28.6084	   78.7629
    6.7633	  356.5723	   10.9350	   32.4365	   73.9566
    5.5262	  127.7051	   15.1993	   24.4189	   83.9950
    5.9767	  131.2207	   13.7132	   21.5674	   81.9595
    6.9083	  304.1895	   10.2532	   18.3643	   70.8323
    6.9545	  350.2441	   10.6982	   21.7725	   74.4002
    6.3239	  172.3535	   12.6445	   19.8291	   79.9616
    6.9786	  320.1855	   10.8234	   26.8018	   75.5327
    6.9193	  220.6934	   10.2007	   21.6162	   70.5816
    6.8864	  217.3535	   10.9563	   27.6709	   75.4491
    6.3458	  190.8105	   12.8715	   15.8643	   81.6802
    6.8007	  209.0918	   12.0387	   18.2861	   81.8711
    6.8776	  308.0566	   11.6858	   29.0088	   80.3700
    6.5194	  308.4082	   12.8828	   25.4639	   83.9880
    6.9171	   13.7988	   10.6101	   26.0596	   73.3913
    5.6888	  111.0059	   15.1215	   28.8525	   86.0237
    7.0819	  276.5918	    9.9446	   27.9639	   70.4270
    5.5262	  127.7051	   15.1993	   24.4189	   83.9950
    6.5458	  190.1074	   11.9833	   22.2998	   78.4401
    6.7743	  145.9863	   11.0753	   32.8467	   75.0276
    7.0951	  268.5059	   10.2762	   27.3975	   72.9103
    6.0624	  159.3457	   14.1298	   29.9951	   85.6605
    6.9852	  118.3887	   11.0160	   15.0342	   76.9495
    7.1237	  293.9941	   10.5347	   31.3525	   75.0454
    6.6710	  264.1113	   11.6612	   28.7842	   77.7918
    6.8776	  308.0566	   11.6858	   29.0088	   80.3700
    6.9677	   21.3574	   10.7172	   15.4248	   74.6739
    6.2777	   42.9785	   13.4348	   20.1416	   84.3397
    6.2030	   13.0957	   13.0828	   30.6201	   81.1528
    6.5458	  190.1074	   11.9833	   22.2998	   78.4401
    5.6339	  128.2324	   15.0349	   18.6377	   84.7051
    7.0621	  252.3340	   10.8194	   19.6729	   76.4081
    5.7460	   90.9668	   14.5325	   25.4736	   83.5036
    5.6844	   81.8262	   15.0761	   31.7529	   85.6991
    6.9786	  320.1855	   10.8234	   26.8018	   75.5327
    6.7369	   71.8066	   10.6015	   30.3662	   71.4217
    7.0094	  253.7402	    9.9620	   17.4072	   69.8280
    5.9437	   84.9902	   12.9503	   23.2178	   76.9730
    5.9811	   84.4629	   13.0262	   33.9307	   77.9106
    6.7853	  248.4668	   11.0058	   34.2236	   74.6771
    7.0072	  312.2754	   10.9696	   17.4756	   76.8663
    6.5919	  166.3770	   11.2809	   22.8955	   74.3626
    5.4625	  117.5098	   14.6044	   19.4678	   79.7769
    6.6930	   24.6973	   12.0420	   25.8740	   80.5970
    6.9083	  304.1895	   10.2532	   18.3643	   70.8323
    6.9193	  220.6934	   10.2007	   21.6162	   70.5816
    6.4337	  152.8418	   11.5921	   21.4111	   74.5802
    6.4425	  105.2051	   11.9173	   34.3311	   76.7771
    6.9545	  350.2441	   10.6982	   21.7725	   74.4002
    6.8204	  161.2793	   11.1810	   17.8174	   76.2593
    6.9501	  311.9238	   10.6259	   27.3779	   73.8510
    6.5238	   44.2090	   12.5400	   20.6104	   81.8084
    6.9808	  193.2715	   11.6371	   22.0166	   81.2369
    6.7633	  356.5723	   10.9350	   32.4365	   73.9566
    6.4425	  105.2051	   11.9173	   34.3311	   76.7771
    5.8910	  173.5840	   13.6554	   22.7979	   80.4440
    5.6713	   81.6504	   14.0414	   20.3369	   79.6326
    6.1041	  158.8184	   12.3444	   33.1787	   75.3518
    6.4930	   56.5137	   11.7119	   24.0967	   76.0458
    6.3304	  154.0723	   12.0656	   28.8135	   76.3805
    6.5128	   65.8301	   12.4875	   29.7314	   81.3288
    6.5458	  190.1074	   11.9833	   22.2998	   78.4401
    5.5680	   65.3027	   15.4182	   29.1260	   85.8487
    6.2799	  178.5059	   13.0669	   22.3975	   82.0587
    6.2997	   69.1699	   13.5153	   32.7686	   85.1423
    6.9742	  132.8027	   11.8229	   17.8760	   82.4560
    7.0490	  337.9395	   10.4561	   19.7607	   73.7049
    6.0404	  153.3691	   12.2134	   25.2100	   73.7737
    6.8907	   54.4043	   10.8455	   34.3701	   74.7335
    6.9698	  203.6426	   11.3381	   32.9248	   79.0246
    6.6710	  264.1113	   11.6612	   28.7842	   77.7918
    6.3326	  281.3379	   12.8915	   33.6182	   81.6373
    6.3151	  276.9434	   13.3740	   18.4912	   84.4574
    6.6930	   24.6973	   12.0420	   25.8740	   80.5970
    6.8380	  231.0645	   10.3079	   31.1768	   70.4858
    6.9742	  132.8027	   11.8229	   17.8760	   82.4560
    5.6735	  135.6152	   14.7526	   19.5947	   83.6983
    5.6669	  138.9551	   13.8520	   17.5439	   78.4973
    5.4274	   80.9473	   13.9653	   18.9990	   75.7947
    6.7853	  248.4668	   11.0058	   34.2236	   74.6771
    6.8776	  308.0566	   11.6858	   29.0088	   80.3700
    6.9259	  259.7168	   10.8962	   21.0986	   75.4662
    5.7174	  133.5059	   14.7550	   30.1025	   84.3603
    6.2711	  211.5527	   13.0371	   32.2510	   81.7571
    5.8207	  100.4590	   13.3977	   18.7354	   77.9837
    6.5699	   23.2910	   11.5153	   18.1396	   75.6547
    6.0624	  159.3457	   14.1298	   29.9951	   85.6605
    6.0712	  269.7363	   14.1230	   33.4717	   85.7431
    6.8776	  308.0566	   11.6858	   29.0088	   80.3700
    6.4073	  111.3574	   13.0262	   29.5752	   83.4634
    6.2711	  211.5527	   13.0371	   32.2510	   81.7571
    7.0841	  262.0020	   11.5933	   25.5420	   82.1283
    6.7897	  351.4746	   12.1620	   20.6494	   82.5760
    5.6251	  155.6543	   14.4558	   32.5049	   81.3155
