    6.4491	  190.2832	   13.0474	   16.0986	   84.1439
    6.4843	  324.4043	   11.4258	   19.3701	   74.0876
    6.2360	   90.6152	   13.0645	   27.9053	   81.4695
    5.8602	   28.3887	   14.7561	   20.0342	   86.4738
    5.5262	  127.7051	   15.1993	   24.4189	   83.9950
    6.7589	  321.7676	   11.5927	   33.6377	   78.3540
    5.4186	  129.4629	   14.8535	   18.5693	   80.4847
    6.1525	   94.6582	   13.0611	   32.3389	   80.3583
    6.2997	   69.1699	   13.5153	   32.7686	   85.1423
    6.1459	   21.1816	   13.3031	   23.1787	   81.7592
    6.7413	   44.7363	   10.9814	   15.9717	   74.0292
    5.9283	  355.8691	   14.2782	   18.9600	   84.6460
    5.8185	  199.2480	   12.8916	   27.5830	   75.0095
    6.1437	  289.4238	   13.7394	   21.3721	   84.4103
    6.5106	  198.5449	   12.2451	   26.2939	   79.7230
    6.5677	  260.0684	   11.6244	   32.4463	   76.3462
    6.7413	   44.7363	   10.9814	   15.9717	   74.0292
    6.0712	  269.7363	   14.1230	   33.4717	   85.7431
    5.9481	  243.5449	   13.9332	   23.7939	   82.8763
    6.1920	   89.9121	   13.6431	   29.5068	   84.4785
    6.0624	  159.3457	   14.1298	   29.9951	   85.6605
    6.3612	  137.3730	   12.4982	   33.5205	   79.5034
    5.9086	   75.3223	   13.7589	   15.6885	   81.2956
    5.9371	  197.6660	   14.1957	   15.3271	   84.2815
    6.4535	  231.4160	   12.4385	   20.2979	   80.2717
    6.6996	  215.7715	   10.9944	   33.2666	   73.6578
    6.4886	  307.3535	   11.3149	   22.6709	   73.4185
    6.3151	  276.9434	   13.3740	   18.4912	   84.4574
    6.8732	  278.8770	   11.0618	   28.3545	   76.0297
    6.7545	  314.9121	   11.9550	   17.0068	   80.7503
    6.1920	   89.9121	   13.6431	   29.5068	   84.4785
    6.1700	  114.8730	   12.3053	   20.2295	   75.9240
    6.3458	  190.8105	   12.8715	   15.8643	   81.6802
    6.4821	   70.9277	   11.8938	   16.3135	   77.0962
    6.1239	  181.1426	   11.9994	   33.3252	   73.4832
    6.4008	  137.1973	   11.6568	   32.8760	   74.6125
    6.3458	  190.8105	   12.8715	   15.8643	   81.6802
    6.1525	   94.6582	   13.0611	   32.3389	   80.3583
    5.3153	  167.0801	   14.4261	   17.1436	   76.6791
    6.7303	  237.2168	   11.7810	   30.1514	   79.2900
    6.3085	   44.0332	   11.5944	   32.0264	   73.1431
    6.4315	  340.7520	   12.7559	   17.5830	   82.0398
    5.6844	   81.8262	   15.0761	   31.7529	   85.6991
    6.4952	  109.9512	   12.5012	   26.6846	   81.1983
    6.5721	  255.4980	   12.3339	   34.2920	   81.0600
    6.6227	    7.8223	   12.0968	   33.0615	   80.1130
    5.9371	  197.6660	   14.1957	   15.3271	   84.2815
    6.4513	  182.3730	   11.7029	   26.0205	   75.4989
    6.7853	  248.4668	   11.0058	   34.2236	   74.6771
    5.9481	  243.5449	   13.9332	   23.7939	   82.8763
    5.6888	  111.0059	   15.1215	   28.8525	   86.0237
    5.9283	  355.8691	   14.2782	   18.9600	   84.6460
    6.6425	  290.1270	   11.6541	   17.7295	   77.4119
    5.6735	  135.6152	   14.7526	   19.5947	   83.6983
    5.9283	  355.8691	   14.2782	   18.9600	   84.6460
    6.2755	    6.0645	   13.2461	   18.6768	   83.1259
    6.8336	  283.4473	   11.6200	   19.7510	   79.4064
    6.8007	  209.0918	   12.0387	   18.2861	   81.8711
    6.5897	  158.4668	   11.2655	   19.2236	   74.2365
    6.4930	   56.5137	   11.7119	   24.0967	   76.0458
    6.6073	   45.4395	   10.9710	   16.4893	   72.4890
    5.9283	  355.8691	   14.2782	   18.9600	   84.6460
    6.7347	   28.9160	   11.1232	   29.0479	   74.9122
    6.1525	   94.6582	   13.0611	   32.3389	   80.3583
    6.7897	  351.4746	   12.1620	   20.6494	   82.5760
    5.2867	  182.1973	   14.3873	   24.6240	   76.0620
    5.3153	  167.0801	   14.4261	   17.1436	   76.6791
    5.9569	  173.4082	   13.3209	   32.9639	   79.3513
    5.7745	  206.9824	   14.9253	   18.2373	   86.1869
    6.5677	  260.0684	   11.6244	   32.4463	   76.3462
    5.7482	  171.1230	   14.4381	   23.3545	   82.9924
    6.4886	  307.3535	   11.3149	   22.6709	   73.4185
    5.8448	   66.3574	   14.4922	   22.0752	   84.7044
    5.9020	  296.1035	   14.2230	   32.9541	   83.9441
    5.7943	   49.3066	   13.5769	   26.6162	   78.6689
    6.8600	  104.1504	   11.3870	   24.0869	   78.1148
    6.5919	  166.3770	   11.2809	   22.8955	   74.3626
    5.7943	   49.3066	   13.5769	   26.6162	   78.6689
    6.4249	  318.0762	   12.8685	   27.6221	   82.6789
    6.2338	   53.3496	   12.3533	   27.8369	   77.0075
    6.1591	  350.4199	   12.9999	   15.8936	   80.0669
    6.2755	    6.0645	   13.2461	   18.6768	   83.1259
    6.2294	  273.9551	   12.1638	   34.9561	   75.7731
    5.9283	  355.8691	   14.2782	   18.9600	   84.6460
    6.1041	  158.8184	   12.3444	   33.1787	   75.3518
    6.4974	  218.0566	   11.1543	   25.9912	   72.4742
    6.2711	  211.5527	   13.0371	   32.2510	   81.7571
    5.6339	  128.2324	   15.0349	   18.6377	   84.7051
    6.4249	  318.0762	   12.8685	   27.6221	   82.6789
    6.0492	  221.5723	   13.0244	   30.0635	   78.7871
    6.5656	   98.1738	   10.9108	   28.2471	   71.6353
    5.8910	  173.5840	   13.6554	   22.7979	   80.4440
    6.0404	  153.3691	   12.2134	   25.2100	   73.7737
    6.1591	  350.4199	   12.9999	   15.8936	   80.0669
    6.3876	  266.9238	   12.3409	   19.8779	   78.8285
    5.8910	  173.5840	   13.6554	   22.7979	   80.4440
    6.1635	  334.7754	   13.5018	   28.7256	   83.2177
    6.1327	  240.0293	   13.8871	   20.9424	   85.1653
    6.2140	  137.5488	   12.5909	   32.0654	   78.2395
    6.3304	  154.0723	   12.0656	   28.8135	   76.3805
    5.7745	  206.9824	   14.9253	   18.2373	   86.1869
    6.3612	  137.3730	   12.4982	   33.5205	   79.5034
    5.3153	  167.0801	   14.4261	   17.1436	   76.6791
    5.6735	  135.6152	   14.7526	   19.5947	   83.6983
    6.3414	  104.6777	   11.8886	   25.6885	   75.3906
    6.7941	   91.6699	   12.2684	   31.5186	   83.3526
    5.6273	  172.1777	   13.5507	   23.0615	   76.2544
    5.7657	  215.5957	   14.2217	   20.6299	   81.9989
    5.6427	  134.5605	   15.2941	   23.5107	   86.3002
    6.2096	   26.6309	   13.4341	   15.2100	   83.4205
    6.4008	  137.1973	   11.6568	   32.8760	   74.6125
    6.2338	   53.3496	   12.3533	   27.8369	   77.0075
    6.8402	    2.0215	   11.1973	   32.3584	   76.5922
    6.6820	  114.6973	   10.8128	   30.8740	   72.2509
    6.2294	  273.9551	   12.1638	   34.9561	   75.7731
    5.6427	  134.5605	   15.2941	   23.5107	   86.3002
    6.3326	  281.3379	   12.8915	   33.6182	   81.6373
    6.8600	  104.1504	   11.3870	   24.0869	   78.1148
    5.7701	  146.3379	   13.3296	   21.1182	   76.9139
    6.8402	    2.0215	   11.1973	   32.3584	   76.5922
    5.4779	  108.3691	   14.1920	   27.7100	   77.7426
    6.4667	   34.1895	   12.0181	   33.3643	   77.7170
    5.8383	  272.1973	   14.6364	   19.6240	   85.4513
    6.0800	  294.8730	   13.3422	   30.2295	   81.1202
    5.6427	  134.5605	   15.2941	   23.5107	   86.3002
    6.5699	   23.2910	   11.5153	   18.1396	   75.6547
    6.3239	  172.3535	   12.6445	   19.8291	   79.9616
    5.9371	  197.6660	   14.1957	   15.3271	   84.2815
    6.7897	  351.4746	   12.1620	   20.6494	   82.5760
    6.5656	   98.1738	   10.9108	   28.2471	   71.6353
    6.3326	  281.3379	   12.8915	   33.6182	   81.6373
    6.6227	    7.8223	   12.0968	   33.0615	   80.1130
    5.7482	  171.1230	   14.4381	   23.3545	   82.9924
    6.3392	  112.5879	   12.4103	   19.2432	   78.6718
    6.7941	   91.6699	   12.2684	   31.5186	   83.3526
    6.2030	   13.0957	   13.0828	   30.6201	   81.1528
    6.2689	  264.4629	   12.6213	   23.9307	   79.1221
    6.8688	  129.9902	   11.0091	   30.7178	   75.6189
    6.0997	  131.7480	   12.6725	   16.1670	   77.2990
    6.0712	  269.7363	   14.1230	   33.4717	   85.7431
    6.1964	  353.2324	   13.3467	   23.8623	   82.7019
    6.5128	   65.8301	   12.4875	   29.7314	   81.3288
    6.3392	  112.5879	   12.4103	   19.2432	   78.6718
    5.8185	  199.2480	   12.8916	   27.5830	   75.0095
    6.3458	  190.8105	   12.8715	   15.8643	   81.6802
    5.5262	  127.7051	   15.1993	   24.4189	   83.9950
    5.9371	  197.6660	   14.1957	   15.3271	   84.2815
    5.7679	  109.0723	   13.7537	   26.3135	   79.3306
    6.5677	  260.0684	   11.6244	   32.4463	   76.3462
    5.7701	  146.3379	   13.3296	   21.1182	   76.9139
    5.6844	   81.8262	   15.0761	   31.7529	   85.6991
    6.5919	  166.3770	   11.2809	   22.8955	   74.3626
    6.6095	   58.0957	   12.1266	   16.8799	   80.1504
    5.5043	  138.6035	   14.0372	   20.7959	   77.2646
    6.7589	  321.7676	   11.5927	   33.6377	   78.3540
    6.4491	  190.2832	   13.0474	   16.0986	   84.1439
    6.6073	   45.4395	   10.9710	   16.4893	   72.4890
    5.8602	   28.3887	   14.7561	   20.0342	   86.4738
    6.7633	  356.5723	   10.9350	   32.4365	   73.9566
    6.2711	  211.5527	   13.0371	   32.2510	   81.7571
    6.8644	  108.5449	   10.3265	   18.7061	   70.8848
    6.2096	   26.6309	   13.4341	   15.2100	   83.4205
    6.0624	  159.3457	   14.1298	   29.9951	   85.6605
    6.6930	   24.6973	   12.0420	   25.8740	   80.5970
    6.5809	  178.3301	   11.4213	   23.4814	   75.1626
    5.9371	  197.6660	   14.1957	   15.3271	   84.2815
    6.0514	  236.1621	   13.4402	   22.6318	   81.3317
    5.5262	  127.7051	   15.1993	   24.4189	   83.9950
    5.9086	   75.3223	   13.7589	   15.6885	   81.2956
    6.4337	  152.8418	   11.5921	   21.4111	   74.5802
    6.1217	   61.7871	   13.6808	   19.1943	   83.7499
    6.1832	   86.3965	   13.3790	   23.2959	   82.7253
    6.1327	  240.0293	   13.8871	   20.9424	   85.1653
    6.8204	  161.2793	   11.1810	   17.8174	   76.2593
    6.3700	   60.2051	   12.6793	   26.8311	   80.7672
    6.5018	    8.8770	   11.2094	   33.3545	   72.8819
    6.5216	   52.9980	   12.1169	   18.0420	   79.0216
    6.3722	  237.9199	   11.8036	   15.3564	   75.2147
    6.6930	   24.6973	   12.0420	   25.8740	   80.5970
    5.9943	   28.5645	   13.3016	   32.5732	   79.7330
    6.5238	   44.2090	   12.5400	   20.6104	   81.8084
    6.5018	    8.8770	   11.2094	   33.3545	   72.8819
    6.6644	  147.0410	   11.4905	   17.4854	   76.5777
    6.0712	  269.7363	   14.1230	   33.4717	   85.7431
    6.5392	  176.2207	   12.0568	   24.0674	   78.8417
    6.5216	   52.9980	   12.1169	   18.0420	   79.0216
    6.8710	  179.0332	   11.6714	   29.5264	   80.1941
    6.0712	  269.7363	   14.1230	   33.4717	   85.7431
    6.8226	   99.0527	   11.6822	   21.0010	   79.7035
    6.4315	  340.7520	   12.7559	   17.5830	   82.0398
    6.6095	   58.0957	   12.1266	   16.8799	   80.1504
    6.4667	   34.1895	   12.0181	   33.3643	   77.7170
    6.7347	   28.9160	   11.1232	   29.0479	   74.9122
    5.7701	  146.3379	   13.3296	   21.1182	   76.9139
    6.0118	  195.9082	   12.9046	   19.2139	   77.5802
    6.4491	  190.2832	   13.0474	   16.0986	   84.1439
    5.7701	  146.3379	   13.3296	   21.1182	   76.9139
    6.3722	  237.9199	   11.8036	   15.3564	   75.2147
    6.4930	   56.5137	   11.7119	   24.0967	   76.0458
    5.7614	  127.3535	   14.3326	   17.3291	   82.5750
