    5.3439	   88.1543	   14.0498	   21.2549	   75.0805
    5.6559	  175.1660	   15.0397	   21.5771	   85.0629
    5.6361	  101.1621	   13.6001	   25.1318	   76.6514
    6.7589	  321.7676	   11.5927	   33.6377	   78.3540
    6.8204	  161.2793	   11.1810	   17.8174	   76.2593
    6.3260	  112.0605	   13.0724	   24.7607	   82.6968
    5.4757	   34.0137	   16.0297	   22.8467	   87.7738
    5.2626	  183.0762	   15.7172	   25.1221	   82.7127
    6.1525	   94.6582	   13.0611	   32.3389	   80.3583
    6.6227	    7.8223	   12.0968	   33.0615	   80.1130
    6.9633	  357.8027	   11.2602	   34.6240	   78.4076
    6.0404	  153.3691	   12.2134	   25.2100	   73.7737
    6.6644	  147.0410	   11.4905	   17.4854	   76.5777
    6.1041	  158.8184	   12.3444	   33.1787	   75.3518
    6.5458	  190.1074	   11.9833	   22.2998	   78.4401
    6.0558	  139.4824	   13.4563	   29.4873	   81.4883
    6.9918	  145.4590	   11.8117	   16.2354	   82.5851
    6.5128	   65.8301	   12.4875	   29.7314	   81.3288
    5.2955	  170.2441	   14.9493	   31.7725	   79.1645
    6.9083	  304.1895	   10.2532	   18.3643	   70.8323
    6.5392	  176.2207	   12.0568	   24.0674	   78.8417
    5.5262	  127.7051	   15.1993	   24.4189	   83.9950
    6.6622	  183.2520	   11.3824	   18.6670	   75.8319
    6.6073	   45.4395	   10.9710	   16.4893	   72.4890
    5.8910	  173.5840	   13.6554	   22.7979	   80.4440
    6.5809	  178.3301	   11.4213	   23.4814	   75.1626
    6.6073	   45.4395	   10.9710	   16.4893	   72.4890
    6.8644	  108.5449	   10.3265	   18.7061	   70.8848
    6.9698	  203.6426	   11.3381	   32.9248	   79.0246
    6.8885	  337.0605	   11.3843	   32.2607	   78.4213
    5.7679	  109.0723	   13.7537	   26.3135	   79.3306
    6.8820	  326.5137	   10.5594	   20.9033	   72.6691
    6.7545	  314.9121	   11.9550	   17.0068	   80.7503
    5.4735	   87.4512	   14.7448	   34.5654	   80.7056
    5.2626	  183.0762	   15.7172	   25.1221	   82.7127
    5.4713	  105.5566	   15.9623	   20.2588	   87.3347
    6.4425	  105.2051	   11.9173	   34.3311	   76.7771
    6.8226	   99.0527	   11.6822	   21.0010	   79.7035
    5.5043	  138.6035	   14.0372	   20.7959	   77.2646
    6.8204	  161.2793	   11.1810	   17.8174	   76.2593
    6.2799	  178.5059	   13.0669	   22.3975	   82.0587
    6.5436	   39.4629	   11.4772	   26.4307	   75.1021
    6.7589	  321.7676	   11.5927	   33.6377	   78.3540
    6.0052	  125.0684	   13.3125	   30.0537	   79.9451
    6.8710	  179.0332	   11.6714	   29.5264	   80.1941
    5.3065	  109.2480	   16.1322	   27.4170	   85.6056
    5.7460	   90.9668	   14.5325	   25.4736	   83.5036
    6.4930	   56.5137	   11.7119	   24.0967	   76.0458
    5.3680	  146.5137	   15.9207	   19.0967	   85.4628
    5.4647	   68.4668	   16.0016	   25.7764	   87.4443
    6.1239	  181.1426	   11.9994	   33.3252	   73.4832
    6.5458	  190.1074	   11.9833	   22.2998	   78.4401
    5.6559	  175.1660	   15.0397	   21.5771	   85.0629
    6.6051	  194.8535	   11.1754	   31.4209	   73.8146
    6.8468	   30.6738	   10.6917	   28.0029	   73.2041
    7.0951	  268.5059	   10.2762	   27.3975	   72.9103
    6.8600	  104.1504	   11.3870	   24.0869	   78.1148
    5.2823	  158.6426	   14.9303	   25.4248	   78.8669
    6.5897	  158.4668	   11.2655	   19.2236	   74.2365
    6.3458	  190.8105	   12.8715	   15.8643	   81.6802
    6.5436	   39.4629	   11.4772	   26.4307	   75.1021
    6.4974	  218.0566	   11.1543	   25.9912	   72.4742
    6.9259	  259.7168	   10.8962	   21.0986	   75.4662
    5.2911	   95.1855	   15.4117	   34.3018	   81.5455
    6.5809	  178.3301	   11.4213	   23.4814	   75.1626
    6.3568	  184.3066	   12.8825	   29.1162	   81.8913
    6.9523	  253.3887	   10.4533	   27.5342	   72.6743
    6.9742	  132.8027	   11.8229	   17.8760	   82.4560
    7.1259	  140.3613	   10.6453	   26.8408	   75.8566
    6.5216	   52.9980	   12.1169	   18.0420	   79.0216
    6.3239	  172.3535	   12.6445	   19.8291	   79.9616
    6.8710	  179.0332	   11.6714	   29.5264	   80.1941
    6.9918	  145.4590	   11.8117	   16.2354	   82.5851
    7.0336	   14.6777	   10.3827	   19.3115	   73.0273
    7.0555	  101.5137	   10.8563	   28.4033	   76.5970
    6.4930	   56.5137	   11.7119	   24.0967	   76.0458
    6.6073	   45.4395	   10.9710	   16.4893	   72.4890
    5.9437	   84.9902	   12.9503	   23.2178	   76.9730
    6.9501	  311.9238	   10.6259	   27.3779	   73.8510
    6.6425	  290.1270	   11.6541	   17.7295	   77.4119
    6.9984	  191.8652	   10.8788	   31.0303	   76.1344
    6.5919	  166.3770	   11.2809	   22.8955	   74.3626
    6.8644	  108.5449	   10.3265	   18.7061	   70.8848
    6.9083	  304.1895	   10.2532	   18.3643	   70.8323
    6.8732	  278.8770	   11.0618	   28.3545	   76.0297
    5.5043	  138.6035	   14.0372	   20.7959	   77.2646
    6.6930	   24.6973	   12.0420	   25.8740	   80.5970
    5.8207	  100.4590	   13.3977	   18.7354	   77.9837
    6.9523	  253.3887	   10.4533	   27.5342	   72.6743
    6.9083	  304.1895	   10.2532	   18.3643	   70.8323
    6.7303	  237.2168	   11.7810	   30.1514	   79.2900
    5.5087	  135.2637	   15.8111	   24.0283	   87.0982
    6.2799	  178.5059	   13.0669	   22.3975	   82.0587
    5.3087	  117.1582	   16.2647	   16.4111	   86.3448
    6.9698	  203.6426	   11.3381	   32.9248	   79.0246
    6.5458	  190.1074	   11.9833	   22.2998	   78.4401
    6.0052	  125.0684	   13.3125	   30.0537	   79.9451
    6.5699	   23.2910	   11.5153	   18.1396	   75.6547
    5.6361	  101.1621	   13.6001	   25.1318	   76.6514
    7.0621	  252.3340	   10.8194	   19.6729	   76.4081
    7.0094	  253.7402	    9.9620	   17.4072	   69.8280
    6.5392	  176.2207	   12.0568	   24.0674	   78.8417
    6.5809	  178.3301	   11.4213	   23.4814	   75.1626
    6.7633	  356.5723	   10.9350	   32.4365	   73.9566
    5.3615	  157.0605	   14.2632	   27.7393	   76.4714
    5.9811	   84.4629	   13.0262	   33.9307	   77.9106
    7.1281	  216.8262	   10.1333	   19.2529	   72.2307
    5.6251	  155.6543	   14.4558	   32.5049	   81.3155
    5.3615	  157.0605	   14.2632	   27.7393	   76.4714
    6.3568	  184.3066	   12.8825	   29.1162	   81.8913
    6.8160	  245.4785	   11.5555	   28.6084	   78.7629
    6.6073	   45.4395	   10.9710	   16.4893	   72.4890
    6.7303	  237.2168	   11.7810	   30.1514	   79.2900
    5.2955	  170.2441	   14.9493	   31.7725	   79.1645
    5.4867	  176.5723	   15.8478	   27.5635	   86.9519
    5.5175	  159.8730	   15.4137	   32.7295	   85.0442
    7.0643	   53.8770	   10.7713	   19.1455	   76.0921
    6.3414	  104.6777	   11.8886	   25.6885	   75.3906
    6.2909	  172.0020	   13.1779	   20.5420	   82.9010
    6.7435	   15.3809	   11.6657	   28.3350	   78.6681
    5.6097	   61.0840	   14.4995	   15.9521	   81.3384
    6.7413	   44.7363	   10.9814	   15.9717	   74.0292
    6.8336	  283.4473	   11.6200	   19.7510	   79.4064
    6.9347	   12.9199	   11.2214	   22.8564	   77.8170
    6.5656	   98.1738	   10.9108	   28.2471	   71.6353
    5.4186	  129.4629	   14.8535	   18.5693	   80.4847
    7.0841	  262.0020	   11.5933	   25.5420	   82.1283
    6.4952	  109.9512	   12.5012	   26.6846	   81.1983
    6.6095	   58.0957	   12.1266	   16.8799	   80.1504
    6.9545	  350.2441	   10.6982	   21.7725	   74.4002
    5.3615	  157.0605	   14.2632	   27.7393	   76.4714
    5.9811	   84.4629	   13.0262	   33.9307	   77.9106
    7.0951	  268.5059	   10.2762	   27.3975	   72.9103
    6.4073	  111.3574	   13.0262	   29.5752	   83.4634
    6.6930	   24.6973	   12.0420	   25.8740	   80.5970
    6.9874	  356.9238	    9.9572	   34.8779	   69.5751
    6.3260	  112.0605	   13.0724	   24.7607	   82.6968
    5.5262	  127.7051	   15.1993	   24.4189	   83.9950
    6.8732	  278.8770	   11.0618	   28.3545	   76.0297
    5.7745	  206.9824	   14.9253	   18.2373	   86.1869
    5.6888	  111.0059	   15.1215	   28.8525	   86.0237
    5.6888	  111.0059	   15.1215	   28.8525	   86.0237
    6.5216	   52.9980	   12.1169	   18.0420	   79.0216
    6.8864	  217.3535	   10.9563	   27.6709	   75.4491
    7.0490	  337.9395	   10.4561	   19.7607	   73.7049
    5.8536	  129.8145	   14.1997	   21.8018	   83.1197
    6.9545	  350.2441	   10.6982	   21.7725	   74.4002
    6.8710	  179.0332	   11.6714	   29.5264	   80.1941
    6.7303	  237.2168	   11.7810	   30.1514	   79.2900
    5.8910	  173.5840	   13.6554	   22.7979	   80.4440
    5.5680	   65.3027	   15.4182	   29.1260	   85.8487
    5.7482	  171.1230	   14.4381	   23.3545	   82.9924
    6.0558	  139.4824	   13.4563	   29.4873	   81.4883
    6.5919	  166.3770	   11.2809	   22.8955	   74.3626
    6.8688	  129.9902	   11.0091	   30.7178	   75.6189
    6.4974	  218.0566	   11.1543	   25.9912	   72.4742
    6.0624	  159.3457	   14.1298	   29.9951	   85.6605
    6.5897	  158.4668	   11.2655	   19.2236	   74.2365
    6.9611	  172.5293	   10.4782	   29.6924	   72.9395
    6.9083	  304.1895	   10.2532	   18.3643	   70.8323
    5.6251	  155.6543	   14.4558	   32.5049	   81.3155
    6.8776	  308.0566	   11.6858	   29.0088	   80.3700
    6.8688	  129.9902	   11.0091	   30.7178	   75.6189
    5.6713	   81.6504	   14.0414	   20.3369	   79.6326
    6.9391	  213.1348	   11.6159	   23.5303	   80.6040
    7.0841	  262.0020	   11.5933	   25.5420	   82.1283
    6.6095	   58.0957	   12.1266	   16.8799	   80.1504
    6.9677	   21.3574	   10.7172	   15.4248	   74.6739
    5.3439	   88.1543	   14.0498	   21.2549	   75.0805
    5.4186	  129.4629	   14.8535	   18.5693	   80.4847
    6.9149	  337.2363	   11.5908	   22.7783	   80.1495
    7.0577	  115.0488	   10.0587	   24.1846	   70.9915
    5.6713	   81.6504	   14.0414	   20.3369	   79.6326
    7.0182	  274.3066	   10.3824	   15.8838	   72.8660
    6.5919	  166.3770	   11.2809	   22.8955	   74.3626
    6.9720	  140.7129	   11.3095	   15.4443	   78.8504
    6.0404	  153.3691	   12.2134	   25.2100	   73.7737
    5.6339	  128.2324	   15.0349	   18.6377	   84.7051
    6.4337	  152.8418	   11.5921	   21.4111	   74.5802
    6.0052	  125.0684	   13.3125	   30.0537	   79.9451
    7.0819	  276.5918	    9.9446	   27.9639	   70.4270
    5.7570	  123.4863	   13.9356	   15.9033	   80.2267
    5.6427	  134.5605	   15.2941	   23.5107	   86.3002
    5.4032	  149.3262	   14.9558	   31.9971	   80.8090
    6.4930	   56.5137	   11.7119	   24.0967	   76.0458
    6.9677	   21.3574	   10.7172	   15.4248	   74.6739
    5.6669	  138.9551	   13.8520	   17.5439	   78.4973
    6.8226	   99.0527	   11.6822	   21.0010	   79.7035
    5.6559	  175.1660	   15.0397	   21.5771	   85.0629
    7.0841	  262.0020	   11.5933	   25.5420	   82.1283
    5.8910	  173.5840	   13.6554	   22.7979	   80.4440
    6.1525	   94.6582	   13.0611	   32.3389	   80.3583
    5.8536	  129.8145	   14.1997	   21.8018	   83.1197
    6.8160	  245.4785	   11.5555	   28.6084	   78.7629
    5.3615	  157.0605	   14.2632	   27.7393	   76.4714
    6.8885	  337.0605	   11.3843	   32.2607	   78.4213
    5.6559	  175.1660	   15.0397	   21.5771	   85.0629
    6.4930	   56.5137	   11.7119	   24.0967	   76.0458
    6.4513	  182.3730	   11.7029	   26.0205	   75.4989
    7.0358	  157.4121	    9.8609	   15.7568	   69.3793
