    9.1715	   38.5840	    6.0514	   34.7021	   55.5009
    9.1869	  109.5996	    6.2079	   34.0381	   57.0315
    9.2264	  127.5293	    7.1024	   32.1924	   65.5299
    9.2528	  147.9199	    6.2152	   20.3564	   57.5078
    9.2814	  226.8457	    6.4835	   21.2451	   60.1753
    9.3011	   97.6465	    5.7674	   24.8291	   53.6431
    9.3275	  149.1504	    7.3484	   28.4131	   68.5422
    9.3297	  158.1152	    5.6548	   26.6553	   52.7575
    9.3407	  255.6738	    5.6389	   19.4971	   52.6713
    9.3429	  287.1387	    6.1426	   18.0908	   57.3893
    9.3495	   96.0645	    6.1863	   16.3232	   57.8383
    9.3517	  138.7793	    7.3662	   33.4326	   68.8862
    9.3539	  238.4473	    5.9607	   27.2510	   55.7554
    9.3627	   73.0371	    6.3225	   22.6807	   59.1952
    9.3671	  206.2793	    6.3996	   19.6826	   59.9456
    9.3737	  113.9941	    7.0854	   21.3525	   66.4161
    9.3912	  216.6504	    5.6655	   32.8369	   53.2056
    9.3956	  176.0449	    5.8549	   19.9561	   55.0105
    9.4044	  301.3770	    6.6610	   30.3955	   62.6433
    9.4066	  229.8340	    7.3258	   29.0771	   68.9114
    9.4176	  239.8535	    5.4667	   21.0791	   51.4832
    9.4198	    0.4395	    6.2804	   21.0107	   59.1603
    9.4220	   76.9043	    5.7489	   24.3799	   54.1663
    9.4286	   83.2324	    5.9879	   28.8623	   56.4577
    9.4308	  229.4824	    7.3241	   34.4873	   69.0721
    9.4330	  180.0879	    6.8756	   15.4932	   64.8576
    9.4352	  217.1777	    6.1561	   29.4385	   58.0842
    9.4572	  192.2168	    7.0497	   27.3486	   66.6697
    9.4594	   96.2402	    7.5191	   16.3428	   71.1262
    9.4615	   64.7754	    6.0184	   33.7256	   56.9434
    9.4637	    7.2949	    7.1446	   31.9189	   67.6149
    9.4703	  259.3652	    6.4828	   32.2803	   61.3939
    9.4769	  167.9590	    7.4273	   19.9854	   70.3882
    9.4791	  111.1816	    5.7533	   31.8213	   54.5358
    9.4835	   50.8887	    5.7205	   18.7158	   54.2508
    9.4857	  102.7441	    6.7174	   16.9775	   63.7189
    9.4879	  260.7715	    6.5862	   19.2334	   62.4898
    9.4945	  249.6973	    5.5386	   16.6260	   52.5866
    9.4967	  208.2129	    6.0521	   25.8057	   57.4746
    9.0682	  106.4355	    6.4053	   29.9268	   58.0849
    9.0792	  280.1074	    6.0354	   32.7002	   54.7970
    9.1012	   45.7910	    6.4187	   15.6104	   58.4179
    9.1122	  155.8301	    6.3247	   15.2686	   57.6319
    9.1276	  128.0566	    6.8645	   19.0088	   62.6560
    9.1298	  340.0488	    6.2719	   28.3154	   57.2614
    9.1627	  127.8809	    6.7809	   27.9150	   62.1319
    9.2572	  227.7246	    7.0907	   22.5244	   65.6396
    9.2748	  187.1191	    6.5472	   15.4150	   60.7236
    9.2770	  153.8965	    7.1387	   17.9541	   66.2258
    9.3846	  300.4980	    6.9328	   28.2080	   65.0618
    9.3890	    0.6152	    7.4543	   32.9053	   69.9885
