    6.2777	   42.9785	   13.4348	   20.1416	   84.3397
    5.7701	  146.3379	   13.3296	   21.1182	   76.9139
    6.3414	  104.6777	   11.8886	   25.6885	   75.3906
    6.3700	   60.2051	   12.6793	   26.8311	   80.7672
    6.8710	  179.0332	   11.6714	   29.5264	   80.1941
    5.7174	  133.5059	   14.7550	   30.1025	   84.3603
    6.8336	  283.4473	   11.6200	   19.7510	   79.4064
    6.2711	  211.5527	   13.0371	   32.2510	   81.7571
    6.8885	  337.0605	   11.3843	   32.2607	   78.4213
    6.9677	   21.3574	   10.7172	   15.4248	   74.6739
    6.4139	  277.4707	   12.7623	   24.6924	   81.8565
    6.8402	    2.0215	   11.1973	   32.3584	   76.5922
    7.1281	  216.8262	   10.1333	   19.2529	   72.2307
    6.8336	  283.4473	   11.6200	   19.7510	   79.4064
    6.8402	    2.0215	   11.1973	   32.3584	   76.5922
    6.9633	  357.8027	   11.2602	   34.6240	   78.4076
    6.6051	  194.8535	   11.1754	   31.4209	   73.8146
    6.5458	  190.1074	   11.9833	   22.2998	   78.4401
    6.0624	  159.3457	   14.1298	   29.9951	   85.6605
    6.5721	  255.4980	   12.3339	   34.2920	   81.0600
    6.3700	   60.2051	   12.6793	   26.8311	   80.7672
    6.8732	  278.8770	   11.0618	   28.3545	   76.0297
    6.4908	  319.1309	   12.9245	   33.5400	   83.8912
    5.7174	  133.5059	   14.7550	   30.1025	   84.3603
    6.7743	  145.9863	   11.0753	   32.8467	   75.0276
    7.1434	   46.6699	   10.8147	   25.9814	   77.2540
    6.7435	   15.3809	   11.6657	   28.3350	   78.6681
    6.1898	  232.8223	   13.5399	   34.4385	   83.8093
    7.0533	   85.8691	   11.2364	   23.9600	   79.2543
    6.8688	  129.9902	   11.0091	   30.7178	   75.6189
    6.1700	  114.8730	   12.3053	   20.2295	   75.9240
    6.9962	  162.1582	   11.2003	   26.0889	   78.3600
    6.5875	  207.5098	   11.2281	   15.5322	   73.9657
    6.1898	  232.8223	   13.5399	   34.4385	   83.8093
    6.0624	  159.3457	   14.1298	   29.9951	   85.6605
    7.1237	  293.9941	   10.5347	   31.3525	   75.0454
    7.1698	  179.5605	   11.1652	   31.0107	   80.0525
    6.6227	    7.8223	   12.0968	   33.0615	   80.1130
    7.0577	  115.0488	   10.0587	   24.1846	   70.9915
    6.5216	   52.9980	   12.1169	   18.0420	   79.0216
    5.8536	  129.8145	   14.1997	   21.8018	   83.1197
    6.2711	  211.5527	   13.0371	   32.2510	   81.7571
    6.9984	  191.8652	   10.8788	   31.0303	   76.1344
    7.2203	   79.3652	   10.7719	   22.2803	   77.7766
    7.0072	  312.2754	   10.9696	   17.4756	   76.8663
    6.5875	  207.5098	   11.2281	   15.5322	   73.9657
    6.6710	  264.1113	   11.6612	   28.7842	   77.7918
    6.0404	  153.3691	   12.2134	   25.2100	   73.7737
    6.8885	  337.0605	   11.3843	   32.2607	   78.4213
    6.8468	   30.6738	   10.6917	   28.0029	   73.2041
    6.7435	   15.3809	   11.6657	   28.3350	   78.6681
    7.1962	  179.7363	   10.7468	   21.5283	   77.3354
    6.4315	  340.7520	   12.7559	   17.5830	   82.0398
    6.9127	   52.1191	   11.6365	   32.0850	   80.4397
    5.6339	  128.2324	   15.0349	   18.6377	   84.7051
    7.1259	  140.3613	   10.6453	   26.8408	   75.8566
    6.5238	   44.2090	   12.5400	   20.6104	   81.8084
    6.7633	  356.5723	   10.9350	   32.4365	   73.9566
    7.0358	  157.4121	    9.8609	   15.7568	   69.3793
    6.3942	  283.2715	   11.4959	   32.9834	   73.5069
    5.6735	  135.6152	   14.7526	   19.5947	   83.6983
    6.9545	  350.2441	   10.6982	   21.7725	   74.4002
    6.0997	  131.7480	   12.6725	   16.1670	   77.2990
    6.6095	   58.0957	   12.1266	   16.8799	   80.1504
    6.8907	   54.4043	   10.8455	   34.3701	   74.7335
    5.6251	  155.6543	   14.4558	   32.5049	   81.3155
    6.2711	  211.5527	   13.0371	   32.2510	   81.7571
    6.8644	  108.5449	   10.3265	   18.7061	   70.8848
    6.6622	  183.2520	   11.3824	   18.6670	   75.8319
    5.9569	  173.4082	   13.3209	   32.9639	   79.3513
    6.0052	  125.0684	   13.3125	   30.0537	   79.9451
    6.7589	  321.7676	   11.5927	   33.6377	   78.3540
    6.3612	  137.3730	   12.4982	   33.5205	   79.5034
    7.1237	  293.9941	   10.5347	   31.3525	   75.0454
    6.4425	  105.2051	   11.9173	   34.3311	   76.7771
    7.0555	  101.5137	   10.8563	   28.4033	   76.5970
    6.1920	   89.9121	   13.6431	   29.5068	   84.4785
    7.0577	  115.0488	   10.0587	   24.1846	   70.9915
    7.1852	   37.1777	   11.2314	   19.4385	   80.6995
    7.0555	  101.5137	   10.8563	   28.4033	   76.5970
    6.6710	  264.1113	   11.6612	   28.7842	   77.7918
    6.6996	  215.7715	   10.9944	   33.2666	   73.6578
    7.0336	   14.6777	   10.3827	   19.3115	   73.0273
    6.8226	   99.0527	   11.6822	   21.0010	   79.7035
    5.7174	  133.5059	   14.7550	   30.1025	   84.3603
    6.8226	   99.0527	   11.6822	   21.0010	   79.7035
    6.4249	  318.0762	   12.8685	   27.6221	   82.6789
    6.5656	   98.1738	   10.9108	   28.2471	   71.6353
    6.3085	   44.0332	   11.5944	   32.0264	   73.1431
    7.1390	  179.3848	   10.1077	   27.0947	   72.1590
    6.9501	  311.9238	   10.6259	   27.3779	   73.8510
    5.6273	  172.1777	   13.5507	   23.0615	   76.2544
    6.5809	  178.3301	   11.4213	   23.4814	   75.1626
    6.8402	    2.0215	   11.1973	   32.3584	   76.5922
    6.6425	  290.1270	   11.6541	   17.7295	   77.4119
    6.2338	   53.3496	   12.3533	   27.8369	   77.0075
    6.5194	  308.4082	   12.8828	   25.4639	   83.9880
    6.9127	   52.1191	   11.6365	   32.0850	   80.4397
    7.0182	  274.3066	   10.3824	   15.8838	   72.8660
    7.1390	  179.3848	   10.1077	   27.0947	   72.1590
    6.9720	  140.7129	   11.3095	   15.4443	   78.8504
    6.8907	   54.4043	   10.8455	   34.3701	   74.7335
    6.3832	   55.4590	   11.7120	   31.2354	   74.7599
    6.9962	  162.1582	   11.2003	   26.0889	   78.3600
    6.4930	   56.5137	   11.7119	   24.0967	   76.0458
    6.8248	   61.9629	   10.4940	   20.1807	   71.6197
    6.5677	  260.0684	   11.6244	   32.4463	   76.3462
    6.4249	  318.0762	   12.8685	   27.6221	   82.6789
    6.3700	   60.2051	   12.6793	   26.8311	   80.7672
    6.5392	  176.2207	   12.0568	   24.0674	   78.8417
    6.2777	   42.9785	   13.4348	   20.1416	   84.3397
    6.7435	   15.3809	   11.6657	   28.3350	   78.6681
    6.9347	   12.9199	   11.2214	   22.8564	   77.8170
    6.9874	  356.9238	    9.9572	   34.8779	   69.5751
    6.2909	  172.0020	   13.1779	   20.5420	   82.9010
    6.9633	  357.8027	   11.2602	   34.6240	   78.4076
    6.2909	  172.0020	   13.1779	   20.5420	   82.9010
    6.3876	  266.9238	   12.3409	   19.8779	   78.8285
    5.5043	  138.6035	   14.0372	   20.7959	   77.2646
    6.5282	  120.6738	   12.5439	   16.9971	   81.8890
    6.3260	  112.0605	   13.0724	   24.7607	   82.6968
    6.9501	  311.9238	   10.6259	   27.3779	   73.8510
    6.5436	   39.4629	   11.4772	   26.4307	   75.1021
    6.9127	   52.1191	   11.6365	   32.0850	   80.4397
    6.1920	   89.9121	   13.6431	   29.5068	   84.4785
    6.9171	   13.7988	   10.6101	   26.0596	   73.3913
    7.0951	  268.5059	   10.2762	   27.3975	   72.9103
    6.7743	  145.9863	   11.0753	   32.8467	   75.0276
    6.2909	  172.0020	   13.1779	   20.5420	   82.9010
    6.6425	  290.1270	   11.6541	   17.7295	   77.4119
    6.3942	  283.2715	   11.4959	   32.9834	   73.5069
    6.9523	  253.3887	   10.4533	   27.5342	   72.6743
    7.2050	  204.8730	    9.9660	   24.7705	   71.8045
    6.7633	  356.5723	   10.9350	   32.4365	   73.9566
    6.7853	  248.4668	   11.0058	   34.2236	   74.6771
    6.4843	  324.4043	   11.4258	   19.3701	   74.0876
    7.2115	  115.2246	   11.2694	   23.7256	   81.2701
    6.9918	  145.4590	   11.8117	   16.2354	   82.5851
    6.5677	  260.0684	   11.6244	   32.4463	   76.3462
    5.7174	  133.5059	   14.7550	   30.1025	   84.3603
    5.7174	  133.5059	   14.7550	   30.1025	   84.3603
    6.8644	  108.5449	   10.3265	   18.7061	   70.8848
    6.7897	  351.4746	   12.1620	   20.6494	   82.5760
    6.9633	  357.8027	   11.2602	   34.6240	   78.4076
    6.3304	  154.0723	   12.0656	   28.8135	   76.3805
    6.9852	  118.3887	   11.0160	   15.0342	   76.9495
    6.4249	  318.0762	   12.8685	   27.6221	   82.6789
    6.5656	   98.1738	   10.9108	   28.2471	   71.6353
    7.0533	   85.8691	   11.2364	   23.9600	   79.2543
    6.4249	  318.0762	   12.8685	   27.6221	   82.6789
    6.8468	   30.6738	   10.6917	   28.0029	   73.2041
    6.0624	  159.3457	   14.1298	   29.9951	   85.6605
    7.0182	  274.3066	   10.3824	   15.8838	   72.8660
    7.0490	  337.9395	   10.4561	   19.7607	   73.7049
    6.7743	  145.9863	   11.0753	   32.8467	   75.0276
    6.9677	   21.3574	   10.7172	   15.4248	   74.6739
    6.4513	  182.3730	   11.7029	   26.0205	   75.4989
    6.3458	  190.8105	   12.8715	   15.8643	   81.6802
    6.4886	  307.3535	   11.3149	   22.6709	   73.4185
    6.7369	   71.8066	   10.6015	   30.3662	   71.4217
    6.9677	   21.3574	   10.7172	   15.4248	   74.6739
    6.8732	  278.8770	   11.0618	   28.3545	   76.0297
    6.4293	  280.4590	   12.2498	   21.2646	   78.7579
    6.6644	  147.0410	   11.4905	   17.4854	   76.5777
    5.7174	  133.5059	   14.7550	   30.1025	   84.3603
    6.8820	  326.5137	   10.5594	   20.9033	   72.6691
    6.8644	  108.5449	   10.3265	   18.7061	   70.8848
    6.9633	  357.8027	   11.2602	   34.6240	   78.4076
    6.6425	  290.1270	   11.6541	   17.7295	   77.4119
    6.0997	  131.7480	   12.6725	   16.1670	   77.2990
    6.9808	  193.2715	   11.6371	   22.0166	   81.2369
    6.4073	  111.3574	   13.0262	   29.5752	   83.4634
    6.7347	   28.9160	   11.1232	   29.0479	   74.9122
    6.5194	  308.4082	   12.8828	   25.4639	   83.9880
    7.0182	  274.3066	   10.3824	   15.8838	   72.8660
    6.7369	   71.8066	   10.6015	   30.3662	   71.4217
    7.2203	   79.3652	   10.7719	   22.2803	   77.7766
    6.1920	   89.9121	   13.6431	   29.5068	   84.4785
    5.6735	  135.6152	   14.7526	   19.5947	   83.6983
    7.0533	   85.8691	   11.2364	   23.9600	   79.2543
    6.3458	  190.8105	   12.8715	   15.8643	   81.6802
    6.5436	   39.4629	   11.4772	   26.4307	   75.1021
    6.9303	  272.7246	   10.8635	   24.9756	   75.2873
    7.0555	  101.5137	   10.8563	   28.4033	   76.5970
    6.4073	  111.3574	   13.0262	   29.5752	   83.4634
    6.4337	  152.8418	   11.5921	   21.4111	   74.5802
    6.8600	  104.1504	   11.3870	   24.0869	   78.1148
    6.8644	  108.5449	   10.3265	   18.7061	   70.8848
    6.7897	  351.4746	   12.1620	   20.6494	   82.5760
    5.7570	  123.4863	   13.9356	   15.9033	   80.2267
    6.3151	  276.9434	   13.3740	   18.4912	   84.4574
    6.1700	  114.8730	   12.3053	   20.2295	   75.9240
    6.5809	  178.3301	   11.4213	   23.4814	   75.1626
    6.4161	  354.8145	   12.0355	   30.6982	   77.2212
    6.5392	  176.2207	   12.0568	   24.0674	   78.8417
    6.3568	  184.3066	   12.8825	   29.1162	   81.8913
    6.9611	  172.5293	   10.4782	   29.6924	   72.9395
    6.0558	  139.4824	   13.4563	   29.4873	   81.4883
    5.7701	  146.3379	   13.3296	   21.1182	   76.9139
    5.7701	  146.3379	   13.3296	   21.1182	   76.9139
