    5.9811	   84.4629	   13.0262	   33.9307	   77.9106
    6.1041	  158.8184	   12.3444	   33.1787	   75.3518
    6.5018	    8.8770	   11.2094	   33.3545	   72.8819
    6.0624	  159.3457	   14.1298	   29.9951	   85.6605
    6.4315	  340.7520	   12.7559	   17.5830	   82.0398
    6.9347	   12.9199	   11.2214	   22.8564	   77.8170
    6.8160	  245.4785	   11.5555	   28.6084	   78.7629
    6.8402	    2.0215	   11.1973	   32.3584	   76.5922
    5.2428	  132.2754	   16.8043	   27.4756	   88.1018
    6.7545	  314.9121	   11.9550	   17.0068	   80.7503
    6.8600	  104.1504	   11.3870	   24.0869	   78.1148
    6.4513	  182.3730	   11.7029	   26.0205	   75.4989
    6.5018	    8.8770	   11.2094	   33.3545	   72.8819
    5.7614	  127.3535	   14.3326	   17.3291	   82.5750
    6.4843	  324.4043	   11.4258	   19.3701	   74.0876
    5.5087	  135.2637	   15.8111	   24.0283	   87.0982
    6.8600	  104.1504	   11.3870	   24.0869	   78.1148
    6.5612	  291.0059	   10.9728	   31.1475	   71.9943
    6.1722	  196.0840	   12.6576	   33.4521	   78.1255
    6.5875	  207.5098	   11.2281	   15.5322	   73.9657
    6.2777	   42.9785	   13.4348	   20.1416	   84.3397
    6.4337	  152.8418	   11.5921	   21.4111	   74.5802
    5.7614	  127.3535	   14.3326	   17.3291	   82.5750
    6.4491	  190.2832	   13.0474	   16.0986	   84.1439
    6.3568	  184.3066	   12.8825	   29.1162	   81.8913
    6.4315	  340.7520	   12.7559	   17.5830	   82.0398
    6.8644	  108.5449	   10.3265	   18.7061	   70.8848
    6.7941	   91.6699	   12.2684	   31.5186	   83.3526
    6.3392	  112.5879	   12.4103	   19.2432	   78.6718
    6.6425	  290.1270	   11.6541	   17.7295	   77.4119
    6.2755	    6.0645	   13.2461	   18.6768	   83.1259
    6.5238	   44.2090	   12.5400	   20.6104	   81.8084
    6.6425	  290.1270	   11.6541	   17.7295	   77.4119
    6.6710	  264.1113	   11.6612	   28.7842	   77.7918
    6.5018	    8.8770	   11.2094	   33.3545	   72.8819
    6.9720	  140.7129	   11.3095	   15.4443	   78.8504
    6.5677	  260.0684	   11.6244	   32.4463	   76.3462
    6.2931	  353.4082	   12.3266	   22.9639	   77.5725
    6.4930	   56.5137	   11.7119	   24.0967	   76.0458
    6.3151	  276.9434	   13.3740	   18.4912	   84.4574
    5.9371	  197.6660	   14.1957	   15.3271	   84.2815
    6.3151	  276.9434	   13.3740	   18.4912	   84.4574
    6.9523	  253.3887	   10.4533	   27.5342	   72.6743
    6.7347	   28.9160	   11.1232	   29.0479	   74.9122
    6.1722	  196.0840	   12.6576	   33.4521	   78.1255
    6.1327	  240.0293	   13.8871	   20.9424	   85.1653
    6.4667	   34.1895	   12.0181	   33.3643	   77.7170
    5.7701	  146.3379	   13.3296	   21.1182	   76.9139
    6.5721	  255.4980	   12.3339	   34.2920	   81.0600
    6.5018	    8.8770	   11.2094	   33.3545	   72.8819
    6.4667	   34.1895	   12.0181	   33.3643	   77.7170
    5.4713	  105.5566	   15.9623	   20.2588	   87.3347
    5.7570	  123.4863	   13.9356	   15.9033	   80.2267
    6.5721	  255.4980	   12.3339	   34.2920	   81.0600
    6.4908	  319.1309	   12.9245	   33.5400	   83.8912
    6.2096	   26.6309	   13.4341	   15.2100	   83.4205
    6.9347	   12.9199	   11.2214	   22.8564	   77.8170
    6.3151	  276.9434	   13.3740	   18.4912	   84.4574
    5.7570	  123.4863	   13.9356	   15.9033	   80.2267
    6.2711	  211.5527	   13.0371	   32.2510	   81.7571
    6.8864	  217.3535	   10.9563	   27.6709	   75.4491
    6.1041	  158.8184	   12.3444	   33.1787	   75.3518
    6.7303	  237.2168	   11.7810	   30.1514	   79.2900
    6.2338	   53.3496	   12.3533	   27.8369	   77.0075
    6.9611	  172.5293	   10.4782	   29.6924	   72.9395
    6.2250	  252.5098	   12.5384	   23.0322	   78.0510
    6.2096	   26.6309	   13.4341	   15.2100	   83.4205
    6.2711	  211.5527	   13.0371	   32.2510	   81.7571
    6.6710	  264.1113	   11.6612	   28.7842	   77.7918
    6.8907	   54.4043	   10.8455	   34.3701	   74.7335
    6.7743	  145.9863	   11.0753	   32.8467	   75.0276
    6.5436	   39.4629	   11.4772	   26.4307	   75.1021
    5.5262	  127.7051	   15.1993	   24.4189	   83.9950
    6.6820	  114.6973	   10.8128	   30.8740	   72.2509
    6.2711	  211.5527	   13.0371	   32.2510	   81.7571
    6.2338	   53.3496	   12.3533	   27.8369	   77.0075
    6.7347	   28.9160	   11.1232	   29.0479	   74.9122
    6.5897	  158.4668	   11.2655	   19.2236	   74.2365
    6.0624	  159.3457	   14.1298	   29.9951	   85.6605
    6.2975	  239.1504	   13.1704	   26.5869	   82.9401
    6.1283	  241.7871	   11.9667	   20.8057	   73.3354
    6.4337	  152.8418	   11.5921	   21.4111	   74.5802
    6.3326	  281.3379	   12.8915	   33.6182	   81.6373
    5.7701	  146.3379	   13.3296	   21.1182	   76.9139
    6.9391	  213.1348	   11.6159	   23.5303	   80.6040
    6.7435	   15.3809	   11.6657	   28.3350	   78.6681
    6.3392	  112.5879	   12.4103	   19.2432	   78.6718
    6.8776	  308.0566	   11.6858	   29.0088	   80.3700
    6.9303	  272.7246	   10.8635	   24.9756	   75.2873
    6.1964	  353.2324	   13.3467	   23.8623	   82.7019
    6.9808	  193.2715	   11.6371	   22.0166	   81.2369
    6.4886	  307.3535	   11.3149	   22.6709	   73.4185
    6.4667	   34.1895	   12.0181	   33.3643	   77.7170
    6.4073	  111.3574	   13.0262	   29.5752	   83.4634
    6.9127	   52.1191	   11.6365	   32.0850	   80.4397
    6.1327	  240.0293	   13.8871	   20.9424	   85.1653
    6.8248	   61.9629	   10.4940	   20.1807	   71.6197
    6.0624	  159.3457	   14.1298	   29.9951	   85.6605
    6.5436	   39.4629	   11.4772	   26.4307	   75.1021
    6.1832	   86.3965	   13.3790	   23.2959	   82.7253
    6.8732	  278.8770	   11.0618	   28.3545	   76.0297
    6.2997	   69.1699	   13.5153	   32.7686	   85.1423
    6.9193	  220.6934	   10.2007	   21.6162	   70.5816
    6.9193	  220.6934	   10.2007	   21.6162	   70.5816
    6.8885	  337.0605	   11.3843	   32.2607	   78.4213
    5.5087	  135.2637	   15.8111	   24.0283	   87.0982
    6.1239	  181.1426	   11.9994	   33.3252	   73.4832
    6.2799	  178.5059	   13.0669	   22.3975	   82.0587
    6.6710	  264.1113	   11.6612	   28.7842	   77.7918
    6.0931	   92.9004	   12.3676	   29.7119	   75.3576
    6.7853	  248.4668	   11.0058	   34.2236	   74.6771
    6.7303	  237.2168	   11.7810	   30.1514	   79.2900
    6.7369	   71.8066	   10.6015	   30.3662	   71.4217
    6.9698	  203.6426	   11.3381	   32.9248	   79.0246
    6.8710	  179.0332	   11.6714	   29.5264	   80.1941
    6.3414	  104.6777	   11.8886	   25.6885	   75.3906
    6.6930	   24.6973	   12.0420	   25.8740	   80.5970
    6.1898	  232.8223	   13.5399	   34.4385	   83.8093
    6.1964	  353.2324	   13.3467	   23.8623	   82.7019
    6.3151	  276.9434	   13.3740	   18.4912	   84.4574
    6.5194	  308.4082	   12.8828	   25.4639	   83.9880
    5.5262	  127.7051	   15.1993	   24.4189	   83.9950
    6.9720	  140.7129	   11.3095	   15.4443	   78.8504
    6.9149	  337.2363	   11.5908	   22.7783	   80.1495
    6.4667	   34.1895	   12.0181	   33.3643	   77.7170
    6.5612	  291.0059	   10.9728	   31.1475	   71.9943
    6.9303	  272.7246	   10.8635	   24.9756	   75.2873
    5.7701	  146.3379	   13.3296	   21.1182	   76.9139
    6.8688	  129.9902	   11.0091	   30.7178	   75.6189
    6.4843	  324.4043	   11.4258	   19.3701	   74.0876
    5.9811	   84.4629	   13.0262	   33.9307	   77.9106
    6.3832	   55.4590	   11.7120	   31.2354	   74.7599
    6.6710	  264.1113	   11.6612	   28.7842	   77.7918
    6.8688	  129.9902	   11.0091	   30.7178	   75.6189
    6.2909	  172.0020	   13.1779	   20.5420	   82.9010
    6.2689	  264.4629	   12.6213	   23.9307	   79.1221
    6.9083	  304.1895	   10.2532	   18.3643	   70.8323
    6.2975	  239.1504	   13.1704	   26.5869	   82.9401
    6.7347	   28.9160	   11.1232	   29.0479	   74.9122
    6.2755	    6.0645	   13.2461	   18.6768	   83.1259
    6.2799	  178.5059	   13.0669	   22.3975	   82.0587
    6.1722	  196.0840	   12.6576	   33.4521	   78.1255
    6.8776	  308.0566	   11.6858	   29.0088	   80.3700
    5.8185	  199.2480	   12.8916	   27.5830	   75.0095
    6.1239	  181.1426	   11.9994	   33.3252	   73.4832
    6.6930	   24.6973	   12.0420	   25.8740	   80.5970
    6.4908	  319.1309	   12.9245	   33.5400	   83.8912
    6.7303	  237.2168	   11.7810	   30.1514	   79.2900
    6.7853	  248.4668	   11.0058	   34.2236	   74.6771
    6.5458	  190.1074	   11.9833	   22.2998	   78.4401
    5.9371	  197.6660	   14.1957	   15.3271	   84.2815
    5.8910	  173.5840	   13.6554	   22.7979	   80.4440
    6.3458	  190.8105	   12.8715	   15.8643	   81.6802
    6.8907	   54.4043	   10.8455	   34.3701	   74.7335
    5.5087	  135.2637	   15.8111	   24.0283	   87.0982
    6.9852	  118.3887	   11.0160	   15.0342	   76.9495
    6.4337	  152.8418	   11.5921	   21.4111	   74.5802
    6.6996	  215.7715	   10.9944	   33.2666	   73.6578
    6.8864	  217.3535	   10.9563	   27.6709	   75.4491
    5.8207	  100.4590	   13.3977	   18.7354	   77.9837
    5.5087	  135.2637	   15.8111	   24.0283	   87.0982
    6.8226	   99.0527	   11.6822	   21.0010	   79.7035
    6.5194	  308.4082	   12.8828	   25.4639	   83.9880
    6.4425	  105.2051	   11.9173	   34.3311	   76.7771
    6.5809	  178.3301	   11.4213	   23.4814	   75.1626
    6.7369	   71.8066	   10.6015	   30.3662	   71.4217
    6.8907	   54.4043	   10.8455	   34.3701	   74.7335
    6.4843	  324.4043	   11.4258	   19.3701	   74.0876
    6.9127	   52.1191	   11.6365	   32.0850	   80.4397
    6.2909	  172.0020	   13.1779	   20.5420	   82.9010
    6.6073	   45.4395	   10.9710	   16.4893	   72.4890
    6.1722	  196.0840	   12.6576	   33.4521	   78.1255
    6.5897	  158.4668	   11.2655	   19.2236	   74.2365
    6.4843	  324.4043	   11.4258	   19.3701	   74.0876
    5.9767	  131.2207	   13.7132	   21.5674	   81.9595
    6.9259	  259.7168	   10.8962	   21.0986	   75.4662
    5.5043	  138.6035	   14.0372	   20.7959	   77.2646
    6.6996	  215.7715	   10.9944	   33.2666	   73.6578
    6.3260	  112.0605	   13.0724	   24.7607	   82.6968
    6.8336	  283.4473	   11.6200	   19.7510	   79.4064
    5.7701	  146.3379	   13.3296	   21.1182	   76.9139
    6.2294	  273.9551	   12.1638	   34.9561	   75.7731
    6.9633	  357.8027	   11.2602	   34.6240	   78.4076
    6.4908	  319.1309	   12.9245	   33.5400	   83.8912
    6.0624	  159.3457	   14.1298	   29.9951	   85.6605
    6.7589	  321.7676	   11.5927	   33.6377	   78.3540
    6.2140	  137.5488	   12.5909	   32.0654	   78.2395
    6.4139	  277.4707	   12.7623	   24.6924	   81.8565
    6.4139	  277.4707	   12.7623	   24.6924	   81.8565
    6.9633	  357.8027	   11.2602	   34.6240	   78.4076
    6.2909	  172.0020	   13.1779	   20.5420	   82.9010
    6.1964	  353.2324	   13.3467	   23.8623	   82.7019
    6.7633	  356.5723	   10.9350	   32.4365	   73.9566
    6.7369	   71.8066	   10.6015	   30.3662	   71.4217
    6.8402	    2.0215	   11.1973	   32.3584	   76.5922
    6.3326	  281.3379	   12.8915	   33.6182	   81.6373
    6.4073	  111.3574	   13.0262	   29.5752	   83.4634
    6.6710	  264.1113	   11.6612	   28.7842	   77.7918
    6.7369	   71.8066	   10.6015	   30.3662	   71.4217
    6.2931	  353.4082	   12.3266	   22.9639	   77.5725
