    7.3522	  216.4746	   10.4739	   18.1494	   77.0057
    7.4532	   80.5957	   10.4074	   16.8701	   77.5686
    6.9742	  132.8027	   11.8229	   17.8760	   82.4560
    6.6996	  215.7715	   10.9944	   33.2666	   73.6578
    6.7369	   71.8066	   10.6015	   30.3662	   71.4217
    7.4401	    6.9434	   10.6789	   23.4912	   79.4514
    6.8468	   30.6738	   10.6917	   28.0029	   73.2041
    7.5521	   91.3184	    9.7078	   26.9287	   73.3144
    7.1698	  179.5605	   11.1652	   31.0107	   80.0525
    7.2511	  271.1426	   11.1190	   31.6748	   80.6250
    7.4291	  238.9746	    9.4521	   20.6006	   70.2201
    7.4401	    6.9434	   10.6789	   23.4912	   79.4514
    7.0841	  262.0020	   11.5933	   25.5420	   82.1283
    7.1522	  246.5332	   10.8274	   26.7236	   77.4397
    6.5809	  178.3301	   11.4213	   23.4814	   75.1626
    7.4840	   83.5840	    9.3946	   17.7979	   70.3095
    6.6425	  290.1270	   11.6541	   17.7295	   77.4119
    7.2313	  199.4238	   10.4337	   16.3721	   75.4497
    6.8336	  283.4473	   11.6200	   19.7510	   79.4064
    7.5521	   91.3184	    9.7078	   26.9287	   73.3144
    6.5875	  207.5098	   11.2281	   15.5322	   73.9657
    7.4247	  159.1699	   10.5956	   17.7686	   78.6691
    7.1698	  179.5605	   11.1652	   31.0107	   80.0525
    5.9569	  173.4082	   13.3209	   32.9639	   79.3513
    6.7303	  237.2168	   11.7810	   30.1514	   79.2900
    5.9767	  131.2207	   13.7132	   21.5674	   81.9595
    7.4862	  132.6270	    9.1219	   28.5205	   68.2886
    6.3414	  104.6777	   11.8886	   25.6885	   75.3906
    6.9984	  191.8652	   10.8788	   31.0303	   76.1344
    7.5345	  185.7129	    9.6214	   27.0557	   72.4927
    6.9347	   12.9199	   11.2214	   22.8564	   77.8170
    6.0931	   92.9004	   12.3676	   29.7119	   75.3576
    6.9962	  162.1582	   11.2003	   26.0889	   78.3600
    7.4225	  329.1504	    9.7941	   31.5869	   72.6966
    6.4952	  109.9512	   12.5012	   26.6846	   81.1983
    7.2863	  172.7051	    9.9979	   21.9189	   72.8471
    6.9127	   52.1191	   11.6365	   32.0850	   80.4397
    6.5809	  178.3301	   11.4213	   23.4814	   75.1626
    6.8907	   54.4043	   10.8455	   34.3701	   74.7335
    7.2863	  172.7051	    9.9979	   21.9189	   72.8471
    7.4532	   80.5957	   10.4074	   16.8701	   77.5686
    7.4994	   64.5996	    9.1800	   16.5381	   68.8445
    7.0336	   14.6777	   10.3827	   19.3115	   73.0273
    6.8907	   54.4043	   10.8455	   34.3701	   74.7335
    6.5897	  158.4668	   11.2655	   19.2236	   74.2365
    6.9698	  203.6426	   11.3381	   32.9248	   79.0246
    6.5458	  190.1074	   11.9833	   22.2998	   78.4401
    6.5282	  120.6738	   12.5439	   16.9971	   81.8890
    7.4225	  329.1504	    9.7941	   31.5869	   72.6966
    6.5875	  207.5098	   11.2281	   15.5322	   73.9657
    7.4532	   80.5957	   10.4074	   16.8701	   77.5686
    7.3434	  310.1660	    9.8167	   30.9229	   72.0875
    7.3456	  238.6230	   10.4815	   29.6045	   76.9924
    6.9523	  253.3887	   10.4533	   27.5342	   72.6743
    7.2643	  282.7441	   10.4251	   26.9775	   75.7312
    7.3170	    0.0879	   10.2669	   25.4932	   75.1230
    6.9523	  253.3887	   10.4533	   27.5342	   72.6743
    6.8336	  283.4473	   11.6200	   19.7510	   79.4064
    7.4313	  354.9902	    9.3210	   28.2178	   69.2666
    7.1808	   49.4824	   10.0800	   24.4873	   72.3825
    7.5521	   91.3184	    9.7078	   26.9287	   73.3144
    5.7701	  146.3379	   13.3296	   21.1182	   76.9139
    7.0841	  262.0020	   11.5933	   25.5420	   82.1283
    6.9127	   52.1191	   11.6365	   32.0850	   80.4397
    7.3082	    3.6035	   11.1722	   31.7041	   81.6487
    6.9786	  320.1855	   10.8234	   26.8018	   75.5327
    7.4027	  227.0215	   10.0585	   24.8584	   74.4604
    7.4247	  159.1699	   10.5956	   17.7686	   78.6691
    7.2050	  204.8730	    9.9660	   24.7705	   71.8045
    7.4730	   26.1035	   10.0038	   22.0459	   74.7584
    6.6051	  194.8535	   11.1754	   31.4209	   73.8146
    6.9698	  203.6426	   11.3381	   32.9248	   79.0246
    7.0072	  312.2754	   10.9696	   17.4756	   76.8663
    6.9808	  193.2715	   11.6371	   22.0166	   81.2369
    7.3434	  310.1660	    9.8167	   30.9229	   72.0875
    7.2643	  282.7441	   10.4251	   26.9775	   75.7312
    7.1808	   49.4824	   10.0800	   24.4873	   72.3825
    7.5411	  275.1855	    9.1353	   24.3018	   68.8905
    7.1390	  179.3848	   10.1077	   27.0947	   72.1590
    6.9303	  272.7246	   10.8635	   24.9756	   75.2873
    7.4708	  280.8105	    9.4952	   20.8643	   70.9372
    6.4073	  111.3574	   13.0262	   29.5752	   83.4634
    7.4730	   26.1035	   10.0038	   22.0459	   74.7584
    7.1281	  216.8262	   10.1333	   19.2529	   72.2307
    7.0621	  252.3340	   10.8194	   19.6729	   76.4081
    7.0358	  157.4121	    9.8609	   15.7568	   69.3793
    6.8204	  161.2793	   11.1810	   17.8174	   76.2593
    7.2577	  330.0293	   10.5108	   15.9424	   76.2845
    7.0555	  101.5137	   10.8563	   28.4033	   76.5970
    6.0997	  131.7480	   12.6725	   16.1670	   77.2990
    6.6820	  114.6973	   10.8128	   30.8740	   72.2509
    6.4491	  190.2832	   13.0474	   16.0986	   84.1439
    6.2360	   90.6152	   13.0645	   27.9053	   81.4695
    7.0533	   85.8691	   11.2364	   23.9600	   79.2543
    6.7941	   91.6699	   12.2684	   31.5186	   83.3526
    6.9633	  357.8027	   11.2602	   34.6240	   78.4076
    7.5565	  289.2480	    9.3797	   32.5830	   70.8775
    7.3917	  214.8926	    9.8498	   34.7998	   72.8071
    5.9569	  173.4082	   13.3209	   32.9639	   79.3513
    7.0577	  115.0488	   10.0587	   24.1846	   70.9915
    6.9149	  337.2363	   11.5908	   22.7783	   80.1495
    7.5411	  275.1855	    9.1353	   24.3018	   68.8905
    7.5521	   91.3184	    9.7078	   26.9287	   73.3144
    7.4291	  238.9746	    9.4521	   20.6006	   70.2201
    6.8864	  217.3535	   10.9563	   27.6709	   75.4491
    7.2313	  199.4238	   10.4337	   16.3721	   75.4497
    6.5897	  158.4668	   11.2655	   19.2236	   74.2365
    7.5433	  211.7285	   10.3372	   30.4834	   77.9769
    6.8248	   61.9629	   10.4940	   20.1807	   71.6197
    7.3873	  253.0371	   10.8200	   32.6807	   79.9311
    5.9767	  131.2207	   13.7132	   21.5674	   81.9595
    7.4752	  352.8809	   10.5953	   25.4150	   79.2024
    7.4994	   64.5996	    9.1800	   16.5381	   68.8445
    7.4730	   26.1035	   10.0038	   22.0459	   74.7584
    6.9545	  350.2441	   10.6982	   21.7725	   74.4002
    6.4008	  137.1973	   11.6568	   32.8760	   74.6125
    6.2799	  178.5059	   13.0669	   22.3975	   82.0587
    6.9611	  172.5293	   10.4782	   29.6924	   72.9395
    7.3917	  214.8926	    9.8498	   34.7998	   72.8071
    7.1302	  324.9316	    9.9363	   24.9463	   70.8482
    6.5875	  207.5098	   11.2281	   15.5322	   73.9657
    7.3434	  310.1660	    9.8167	   30.9229	   72.0875
    7.0072	  312.2754	   10.9696	   17.4756	   76.8663
    7.5433	  211.7285	   10.3372	   30.4834	   77.9769
    6.4974	  218.0566	   11.1543	   25.9912	   72.4742
    7.3082	    3.6035	   11.1722	   31.7041	   81.6487
    6.0997	  131.7480	   12.6725	   16.1670	   77.2990
    7.2379	   80.7715	   10.6019	   20.7666	   76.7359
    6.9852	  118.3887	   11.0160	   15.0342	   76.9495
    6.5612	  291.0059	   10.9728	   31.1475	   71.9943
    6.3568	  184.3066	   12.8825	   29.1162	   81.8913
    7.4115	  347.4316	    9.7172	   16.3037	   72.0192
    7.2203	   79.3652	   10.7719	   22.2803	   77.7766
    7.4115	  347.4316	    9.7172	   16.3037	   72.0192
    6.8864	  217.3535	   10.9563	   27.6709	   75.4491
    5.7701	  146.3379	   13.3296	   21.1182	   76.9139
    6.4425	  105.2051	   11.9173	   34.3311	   76.7771
    7.0621	  252.3340	   10.8194	   19.6729	   76.4081
    7.1390	  179.3848	   10.1077	   27.0947	   72.1590
    6.4513	  182.3730	   11.7029	   26.0205	   75.4989
    6.7589	  321.7676	   11.5927	   33.6377	   78.3540
    7.1434	   46.6699	   10.8147	   25.9814	   77.2540
    6.7347	   28.9160	   11.1232	   29.0479	   74.9122
    7.2467	   28.2129	   11.1029	   15.8057	   80.4594
    6.5106	  198.5449	   12.2451	   26.2939	   79.7230
    6.9347	   12.9199	   11.2214	   22.8564	   77.8170
    7.3829	   26.2793	   10.7429	   20.3174	   79.3140
    6.6996	  215.7715	   10.9944	   33.2666	   73.6578
    7.0819	  276.5918	    9.9446	   27.9639	   70.4270
    6.8226	   99.0527	   11.6822	   21.0010	   79.7035
    7.1215	  200.4785	   10.3533	   23.8916	   73.7305
    7.3104	  258.3105	    9.8057	   19.6143	   71.6839
    7.3456	  238.6230	   10.4815	   29.6045	   76.9924
    6.7347	   28.9160	   11.1232	   29.0479	   74.9122
    7.1764	  146.1621	   10.0639	   32.3682	   72.2226
    7.3082	    3.6035	   11.1722	   31.7041	   81.6487
    7.2863	  172.7051	    9.9979	   21.9189	   72.8471
    7.2313	  199.4238	   10.4337	   16.3721	   75.4497
    6.8732	  278.8770	   11.0618	   28.3545	   76.0297
    7.4840	   83.5840	    9.3946	   17.7979	   70.3095
    6.9149	  337.2363	   11.5908	   22.7783	   80.1495
    6.5392	  176.2207	   12.0568	   24.0674	   78.8417
    6.9391	  213.1348	   11.6159	   23.5303	   80.6040
    6.1722	  196.0840	   12.6576	   33.4521	   78.1255
    5.8910	  173.5840	   13.6554	   22.7979	   80.4440
    7.2928	   12.2168	   10.0928	   32.6514	   73.6055
    7.2313	  199.4238	   10.4337	   16.3721	   75.4497
    7.4554	  244.0723	    9.4291	   33.8135	   70.2980
    6.5458	  190.1074	   11.9833	   22.2998	   78.4401
    6.5458	  190.1074	   11.9833	   22.2998	   78.4401
    6.4974	  218.0566	   11.1543	   25.9912	   72.4742
    5.9569	  173.4082	   13.3209	   32.9639	   79.3513
    7.0555	  101.5137	   10.8563	   28.4033	   76.5970
    6.1525	   94.6582	   13.0611	   32.3389	   80.3583
    7.1281	  216.8262	   10.1333	   19.2529	   72.2307
    7.2643	  282.7441	   10.4251	   26.9775	   75.7312
    6.1766	  126.2988	   11.8802	   17.3096	   73.3797
    6.8644	  108.5449	   10.3265	   18.7061	   70.8848
    7.4884	  325.2832	    9.2081	   18.5986	   68.9540
    6.9083	  304.1895	   10.2532	   18.3643	   70.8323
    7.1105	   77.6074	   11.3189	   33.9502	   80.4825
    6.9611	  172.5293	   10.4782	   29.6924	   72.9395
    6.0404	  153.3691	   12.2134	   25.2100	   73.7737
    6.8248	   61.9629	   10.4940	   20.1807	   71.6197
    6.4337	  152.8418	   11.5921	   21.4111	   74.5802
    7.1852	   37.1777	   11.2314	   19.4385	   80.6995
    7.3126	  290.6543	   10.5169	   34.9951	   76.9060
    7.4291	  238.9746	    9.4521	   20.6006	   70.2201
    6.6622	  183.2520	   11.3824	   18.6670	   75.8319
    7.3917	  214.8926	    9.8498	   34.7998	   72.8071
    6.9633	  357.8027	   11.2602	   34.6240	   78.4076
    6.8732	  278.8770	   11.0618	   28.3545	   76.0297
    7.2906	   83.7598	    9.6234	   26.3428	   70.1605
    7.4027	  227.0215	   10.0585	   24.8584	   74.4604
    6.8007	  209.0918	   12.0387	   18.2861	   81.8711
    7.1962	  179.7363	   10.7468	   21.5283	   77.3354
    6.9874	  356.9238	    9.9572	   34.8779	   69.5751
    7.4840	   83.5840	    9.3946	   17.7979	   70.3095
    6.5392	  176.2207	   12.0568	   24.0674	   78.8417
    6.9303	  272.7246	   10.8635	   24.9756	   75.2873
