    7.2467	   28.2129	   11.1029	   15.8057	   80.4594
    7.1237	  293.9941	   10.5347	   31.3525	   75.0454
    7.4686	   46.8457	   10.6590	   18.7549	   79.6085
    6.4952	  109.9512	   12.5012	   26.6846	   81.1983
    7.4027	  227.0215	   10.0585	   24.8584	   74.4604
    7.1281	  216.8262	   10.1333	   19.2529	   72.2307
    7.7323	  224.5605	   10.0948	   28.5107	   78.0560
    7.1259	  140.3613	   10.6453	   26.8408	   75.8566
    7.2643	  282.7441	   10.4251	   26.9775	   75.7312
    6.9171	   13.7988	   10.6101	   26.0596	   73.3913
    7.5719	  208.7402	   10.6543	   25.0928	   80.6733
    6.8204	  161.2793	   11.1810	   17.8174	   76.2593
    7.5170	  215.2441	   10.1258	   20.7275	   76.1153
    6.9677	   21.3574	   10.7172	   15.4248	   74.6739
    7.3456	  238.6230	   10.4815	   29.6045	   76.9924
    7.6510	  237.5684	    9.9897	   23.8037	   76.4309
    7.2863	  172.7051	    9.9979	   21.9189	   72.8471
    7.2467	   28.2129	   11.1029	   15.8057	   80.4594
    7.5961	  239.6777	    8.8923	   23.1885	   67.5466
    7.7191	  265.1660	    9.7315	   16.5771	   75.1188
    7.5895	  161.1035	    9.7031	   29.5459	   73.6415
    7.4730	   26.1035	   10.0038	   22.0459	   74.7584
    7.2599	  332.3145	   11.2293	   16.9482	   81.5238
    6.7743	  145.9863	   11.0753	   32.8467	   75.0276
    6.5458	  190.1074	   11.9833	   22.2998	   78.4401
    7.6510	  237.5684	    9.9897	   23.8037	   76.4309
    6.4513	  182.3730	   11.7029	   26.0205	   75.4989
    6.6622	  183.2520	   11.3824	   18.6670	   75.8319
    6.5392	  176.2207	   12.0568	   24.0674	   78.8417
    7.7015	  314.3848	   10.0187	   34.5947	   77.1590
    7.0490	  337.9395	   10.4561	   19.7607	   73.7049
    7.3917	  214.8926	    9.8498	   34.7998	   72.8071
    6.5897	  158.4668	   11.2655	   19.2236	   74.2365
    6.5919	  166.3770	   11.2809	   22.8955	   74.3626
    7.2379	   80.7715	   10.6019	   20.7666	   76.7359
    7.5895	  161.1035	    9.7031	   29.5459	   73.6415
    7.3346	  116.6309	   11.0174	   29.7900	   80.8078
    7.1852	   37.1777	   11.2314	   19.4385	   80.6995
    6.9545	  350.2441	   10.6982	   21.7725	   74.4002
    7.7301	   75.1465	    9.2811	   16.4209	   71.7436
    7.2511	  271.1426	   11.1190	   31.6748	   80.6250
    6.5875	  207.5098	   11.2281	   15.5322	   73.9657
    7.7125	   62.4902	    9.2948	   29.4678	   71.6861
    6.9808	  193.2715	   11.6371	   22.0166	   81.2369
    6.8600	  104.1504	   11.3870	   24.0869	   78.1148
    7.2775	  184.6582	    9.6849	   17.3389	   70.4815
    6.0052	  125.0684	   13.3125	   30.0537	   79.9451
    7.2753	  221.7480	    9.5987	   28.8330	   69.8332
    6.5809	  178.3301	   11.4213	   23.4814	   75.1626
    7.3016	  323.7012	   11.0040	   27.6904	   80.3469
    7.2115	  115.2246	   11.2694	   23.7256	   81.2701
    7.4554	  244.0723	    9.4291	   33.8135	   70.2980
    6.5392	  176.2207	   12.0568	   24.0674	   78.8417
    7.6071	  199.0723	    9.0278	   31.3135	   68.6749
    7.4115	  347.4316	    9.7172	   16.3037	   72.0192
    6.8864	  217.3535	   10.9563	   27.6709	   75.4491
    7.4532	   80.5957	   10.4074	   16.8701	   77.5686
    7.5170	  215.2441	   10.1258	   20.7275	   76.1153
    6.7369	   71.8066	   10.6015	   30.3662	   71.4217
    7.6334	  103.9746	   10.2548	   26.8994	   78.2793
    7.1302	  324.9316	    9.9363	   24.9463	   70.8482
    7.2863	  172.7051	    9.9979	   21.9189	   72.8471
    6.9501	  311.9238	   10.6259	   27.3779	   73.8510
    7.3214	  263.2324	   11.1546	   18.8623	   81.6672
    7.1764	  146.1621	   10.0639	   32.3682	   72.2226
    7.5961	  239.6777	    8.8923	   23.1885	   67.5466
    7.1259	  140.3613	   10.6453	   26.8408	   75.8566
    6.5809	  178.3301	   11.4213	   23.4814	   75.1626
    6.5392	  176.2207	   12.0568	   24.0674	   78.8417
    7.2313	  199.4238	   10.4337	   16.3721	   75.4497
    7.6444	  141.5918	    9.5065	   30.4639	   72.6717
    7.3983	  318.7793	    9.7763	   26.5674	   72.3283
    7.0951	  268.5059	   10.2762	   27.3975	   72.9103
    7.5345	  185.7129	    9.6214	   27.0557	   72.4927
    7.5170	  215.2441	   10.1258	   20.7275	   76.1153
    7.0841	  262.0020	   11.5933	   25.5420	   82.1283
    7.0182	  274.3066	   10.3824	   15.8838	   72.8660
    7.4884	  325.2832	    9.2081	   18.5986	   68.9540
    7.4862	  132.6270	    9.1219	   28.5205	   68.2886
    6.9303	  272.7246	   10.8635	   24.9756	   75.2873
    6.5897	  158.4668	   11.2655	   19.2236	   74.2365
    6.3568	  184.3066	   12.8825	   29.1162	   81.8913
    7.4994	   64.5996	    9.1800	   16.5381	   68.8445
    6.9171	   13.7988	   10.6101	   26.0596	   73.3913
    7.7037	  171.6504	    8.9500	   34.6631	   68.9488
    7.1302	  324.9316	    9.9363	   24.9463	   70.8482
    6.9391	  213.1348	   11.6159	   23.5303	   80.6040
    7.0621	  252.3340	   10.8194	   19.6729	   76.4081
    6.9171	   13.7988	   10.6101	   26.0596	   73.3913
    7.1302	  324.9316	    9.9363	   24.9463	   70.8482
    6.3304	  154.0723	   12.0656	   28.8135	   76.3805
    7.1852	   37.1777	   11.2314	   19.4385	   80.6995
    7.5587	   62.8418	    9.5122	   23.5889	   71.9002
    6.5106	  198.5449	   12.2451	   26.2939	   79.7230
    6.5897	  158.4668	   11.2655	   19.2236	   74.2365
    6.9720	  140.7129	   11.3095	   15.4443	   78.8504
    7.7301	   75.1465	    9.2811	   16.4209	   71.7436
    7.0072	  312.2754	   10.9696	   17.4756	   76.8663
    6.8688	  129.9902	   11.0091	   30.7178	   75.6189
    7.5961	  239.6777	    8.8923	   23.1885	   67.5466
    7.4027	  227.0215	   10.0585	   24.8584	   74.4604
    6.4952	  109.9512	   12.5012	   26.6846	   81.1983
    7.2203	   79.3652	   10.7719	   22.2803	   77.7766
    6.5458	  190.1074	   11.9833	   22.2998	   78.4401
    7.3917	  214.8926	    9.8498	   34.7998	   72.8071
    6.4337	  152.8418	   11.5921	   21.4111	   74.5802
    6.9698	  203.6426	   11.3381	   32.9248	   79.0246
    7.5565	  289.2480	    9.3797	   32.5830	   70.8775
    7.6466	   37.0020	    8.7406	   33.0420	   66.8362
    6.5106	  198.5449	   12.2451	   26.2939	   79.7230
    6.5282	  120.6738	   12.5439	   16.9971	   81.8890
    7.4994	   64.5996	    9.1800	   16.5381	   68.8445
    7.7191	  265.1660	    9.7315	   16.5771	   75.1188
    7.3873	  253.0371	   10.8200	   32.6807	   79.9311
    6.3458	  190.8105	   12.8715	   15.8643	   81.6802
    7.6466	   37.0020	    8.7406	   33.0420	   66.8362
    6.5919	  166.3770	   11.2809	   22.8955	   74.3626
    6.9874	  356.9238	    9.9572	   34.8779	   69.5751
    6.3458	  190.8105	   12.8715	   15.8643	   81.6802
    6.7743	  145.9863	   11.0753	   32.8467	   75.0276
    7.2928	   12.2168	   10.0928	   32.6514	   73.6055
    6.5106	  198.5449	   12.2451	   26.2939	   79.7230
    7.4269	  153.5449	   10.8381	   21.2061	   80.4929
    7.0643	   53.8770	   10.7713	   19.1455	   76.0921
    6.8600	  104.1504	   11.3870	   24.0869	   78.1148
    7.6158	  310.8691	   10.4638	   21.4600	   79.6908
    7.2115	  115.2246	   11.2694	   23.7256	   81.2701
    7.7235	   92.5488	    9.1129	   25.4346	   70.3833
    6.0404	  153.3691	   12.2134	   25.2100	   73.7737
    7.4774	   67.7637	   10.6327	   29.7217	   79.5049
    7.2643	  282.7441	   10.4251	   26.9775	   75.7312
    7.4027	  227.0215	   10.0585	   24.8584	   74.4604
    7.6510	  237.5684	    9.9897	   23.8037	   76.4309
    6.4513	  182.3730	   11.7029	   26.0205	   75.4989
    7.5521	   91.3184	    9.7078	   26.9287	   73.3144
    7.2511	  271.1426	   11.1190	   31.6748	   80.6250
    6.7941	   91.6699	   12.2684	   31.5186	   83.3526
    7.6884	  185.3613	   10.2071	   15.6592	   78.4761
    6.5809	  178.3301	   11.4213	   23.4814	   75.1626
    7.5587	   62.8418	    9.5122	   23.5889	   71.9002
    7.4884	  325.2832	    9.2081	   18.5986	   68.9540
    6.8907	   54.4043	   10.8455	   34.3701	   74.7335
    7.0072	  312.2754	   10.9696	   17.4756	   76.8663
    7.4532	   80.5957	   10.4074	   16.8701	   77.5686
    7.4137	  179.2090	   10.5431	   23.1104	   78.1637
    6.8226	   99.0527	   11.6822	   21.0010	   79.7035
    6.9962	  162.1582	   11.2003	   26.0889	   78.3600
    7.5961	  239.6777	    8.8923	   23.1885	   67.5466
    6.9698	  203.6426	   11.3381	   32.9248	   79.0246
    7.0819	  276.5918	    9.9446	   27.9639	   70.4270
    6.3239	  172.3535	   12.6445	   19.8291	   79.9616
    7.7125	   62.4902	    9.2948	   29.4678	   71.6861
    6.9611	  172.5293	   10.4782	   29.6924	   72.9395
    7.1808	   49.4824	   10.0800	   24.4873	   72.3825
    6.5392	  176.2207	   12.0568	   24.0674	   78.8417
    6.9523	  253.3887	   10.4533	   27.5342	   72.6743
    6.5458	  190.1074	   11.9833	   22.2998	   78.4401
    7.3522	  216.4746	   10.4739	   18.1494	   77.0057
    6.2140	  137.5488	   12.5909	   32.0654	   78.2395
    6.5656	   98.1738	   10.9108	   28.2471	   71.6353
    7.0621	  252.3340	   10.8194	   19.6729	   76.4081
    7.2906	   83.7598	    9.6234	   26.3428	   70.1605
    7.5521	   91.3184	    9.7078	   26.9287	   73.3144
    6.3458	  190.8105	   12.8715	   15.8643	   81.6802
    7.1215	  200.4785	   10.3533	   23.8916	   73.7305
    7.0358	  157.4121	    9.8609	   15.7568	   69.3793
    7.0072	  312.2754	   10.9696	   17.4756	   76.8663
    7.0555	  101.5137	   10.8563	   28.4033	   76.5970
    6.9611	  172.5293	   10.4782	   29.6924	   72.9395
    7.2050	  204.8730	    9.9660	   24.7705	   71.8045
    6.0997	  131.7480	   12.6725	   16.1670	   77.2990
    6.4491	  190.2832	   13.0474	   16.0986	   84.1439
    7.2379	   80.7715	   10.6019	   20.7666	   76.7359
    7.0182	  274.3066	   10.3824	   15.8838	   72.8660
    7.5719	  208.7402	   10.6543	   25.0928	   80.6733
    6.8688	  129.9902	   11.0091	   30.7178	   75.6189
    7.2928	   12.2168	   10.0928	   32.6514	   73.6055
    6.8226	   99.0527	   11.6822	   21.0010	   79.7035
    6.4337	  152.8418	   11.5921	   21.4111	   74.5802
    7.7037	  171.6504	    8.9500	   34.6631	   68.9488
    7.0490	  337.9395	   10.4561	   19.7607	   73.7049
    7.6686	   50.5371	    9.2118	   28.5693	   70.6415
    7.3170	    0.0879	   10.2669	   25.4932	   75.1230
    7.1302	  324.9316	    9.9363	   24.9463	   70.8482
    7.0490	  337.9395	   10.4561	   19.7607	   73.7049
    7.4708	  280.8105	    9.4952	   20.8643	   70.9372
    7.2467	   28.2129	   11.1029	   15.8057	   80.4594
    7.2313	  199.4238	   10.4337	   16.3721	   75.4497
    7.0533	   85.8691	   11.2364	   23.9600	   79.2543
    7.2731	   12.0410	    9.7152	   20.0146	   70.6592
    7.3917	  214.8926	    9.8498	   34.7998	   72.8071
    7.2928	   12.2168	   10.0928	   32.6514	   73.6055
    6.6644	  147.0410	   11.4905	   17.4854	   76.5777
    6.8864	  217.3535	   10.9563	   27.6709	   75.4491
    7.3829	   26.2793	   10.7429	   20.3174	   79.3140
    7.0182	  274.3066	   10.3824	   15.8838	   72.8660
    7.3654	  239.5020	   10.2097	   31.7920	   75.1981
    6.3304	  154.0723	   12.0656	   28.8135	   76.3805
    7.5345	  185.7129	    9.6214	   27.0557	   72.4927
    7.7389	  168.8379	    8.6712	   19.8682	   67.1055
