    6.0624	  159.3457	   14.1298	   29.9951	   85.6605
    5.8185	  199.2480	   12.8916	   27.5830	   75.0095
    6.3612	  137.3730	   12.4982	   33.5205	   79.5034
    6.8776	  308.0566	   11.6858	   29.0088	   80.3700
    5.5153	  151.0840	   15.9281	   19.0479	   87.8474
    5.9569	  173.4082	   13.3209	   32.9639	   79.3513
    6.1239	  181.1426	   11.9994	   33.3252	   73.4832
    6.8160	  245.4785	   11.5555	   28.6084	   78.7629
    6.9633	  357.8027	   11.2602	   34.6240	   78.4076
    6.8600	  104.1504	   11.3870	   24.0869	   78.1148
    7.1281	  216.8262	   10.1333	   19.2529	   72.2307
    6.8336	  283.4473	   11.6200	   19.7510	   79.4064
    6.4908	  319.1309	   12.9245	   33.5400	   83.8912
    5.7570	  123.4863	   13.9356	   15.9033	   80.2267
    6.8336	  283.4473	   11.6200	   19.7510	   79.4064
    6.8776	  308.0566	   11.6858	   29.0088	   80.3700
    6.3239	  172.3535	   12.6445	   19.8291	   79.9616
    6.8380	  231.0645	   10.3079	   31.1768	   70.4858
    6.8226	   99.0527	   11.6822	   21.0010	   79.7035
    6.4139	  277.4707	   12.7623	   24.6924	   81.8565
    5.6339	  128.2324	   15.0349	   18.6377	   84.7051
    6.6227	    7.8223	   12.0968	   33.0615	   80.1130
    6.8732	  278.8770	   11.0618	   28.3545	   76.0297
    6.9501	  311.9238	   10.6259	   27.3779	   73.8510
    7.0358	  157.4121	    9.8609	   15.7568	   69.3793
    6.4337	  152.8418	   11.5921	   21.4111	   74.5802
    6.9611	  172.5293	   10.4782	   29.6924	   72.9395
    6.8732	  278.8770	   11.0618	   28.3545	   76.0297
    7.0643	   53.8770	   10.7713	   19.1455	   76.0921
    6.0404	  153.3691	   12.2134	   25.2100	   73.7737
    6.9962	  162.1582	   11.2003	   26.0889	   78.3600
    5.7701	  146.3379	   13.3296	   21.1182	   76.9139
    5.6339	  128.2324	   15.0349	   18.6377	   84.7051
    7.1698	  179.5605	   11.1652	   31.0107	   80.0525
    6.7369	   71.8066	   10.6015	   30.3662	   71.4217
    5.7482	  171.1230	   14.4381	   23.3545	   82.9924
    5.9569	  173.4082	   13.3209	   32.9639	   79.3513
    6.9677	   21.3574	   10.7172	   15.4248	   74.6739
    6.5721	  255.4980	   12.3339	   34.2920	   81.0600
    6.8776	  308.0566	   11.6858	   29.0088	   80.3700
    6.5809	  178.3301	   11.4213	   23.4814	   75.1626
    6.1525	   94.6582	   13.0611	   32.3389	   80.3583
    6.4249	  318.0762	   12.8685	   27.6221	   82.6789
    6.8710	  179.0332	   11.6714	   29.5264	   80.1941
    6.3304	  154.0723	   12.0656	   28.8135	   76.3805
    6.9720	  140.7129	   11.3095	   15.4443	   78.8504
    6.0624	  159.3457	   14.1298	   29.9951	   85.6605
    6.8248	   61.9629	   10.4940	   20.1807	   71.6197
    6.5721	  255.4980	   12.3339	   34.2920	   81.0600
    6.9874	  356.9238	    9.9572	   34.8779	   69.5751
    6.9677	   21.3574	   10.7172	   15.4248	   74.6739
    6.3239	  172.3535	   12.6445	   19.8291	   79.9616
    6.4337	  152.8418	   11.5921	   21.4111	   74.5802
    6.6073	   45.4395	   10.9710	   16.4893	   72.4890
    5.8185	  199.2480	   12.8916	   27.5830	   75.0095
    5.6339	  128.2324	   15.0349	   18.6377	   84.7051
    6.8688	  129.9902	   11.0091	   30.7178	   75.6189
    6.8600	  104.1504	   11.3870	   24.0869	   78.1148
    6.9259	  259.7168	   10.8962	   21.0986	   75.4662
    6.7743	  145.9863	   11.0753	   32.8467	   75.0276
    6.9984	  191.8652	   10.8788	   31.0303	   76.1344
    6.4315	  340.7520	   12.7559	   17.5830	   82.0398
    6.5699	   23.2910	   11.5153	   18.1396	   75.6547
    7.0819	  276.5918	    9.9446	   27.9639	   70.4270
    6.0052	  125.0684	   13.3125	   30.0537	   79.9451
    5.7614	  127.3535	   14.3326	   17.3291	   82.5750
    6.9347	   12.9199	   11.2214	   22.8564	   77.8170
    6.2799	  178.5059	   13.0669	   22.3975	   82.0587
    7.0643	   53.8770	   10.7713	   19.1455	   76.0921
    5.6273	  172.1777	   13.5507	   23.0615	   76.2544
    6.9347	   12.9199	   11.2214	   22.8564	   77.8170
    6.0844	  173.7598	   12.6479	   31.3428	   76.9542
    6.2755	    6.0645	   13.2461	   18.6768	   83.1259
    7.0951	  268.5059	   10.2762	   27.3975	   72.9103
    6.8248	   61.9629	   10.4940	   20.1807	   71.6197
    6.7853	  248.4668	   11.0058	   34.2236	   74.6771
    6.9193	  220.6934	   10.2007	   21.6162	   70.5816
    6.9918	  145.4590	   11.8117	   16.2354	   82.5851
    5.6427	  134.5605	   15.2941	   23.5107	   86.3002
    5.5175	  159.8730	   15.4137	   32.7295	   85.0442
    6.8732	  278.8770	   11.0618	   28.3545	   76.0297
    6.8007	  209.0918	   12.0387	   18.2861	   81.8711
    6.3612	  137.3730	   12.4982	   33.5205	   79.5034
    7.0094	  253.7402	    9.9620	   17.4072	   69.8280
    6.0624	  159.3457	   14.1298	   29.9951	   85.6605
    6.1766	  126.2988	   11.8802	   17.3096	   73.3797
    7.0951	  268.5059	   10.2762	   27.3975	   72.9103
    7.0358	  157.4121	    9.8609	   15.7568	   69.3793
    7.1105	   77.6074	   11.3189	   33.9502	   80.4825
    6.5282	  120.6738	   12.5439	   16.9971	   81.8890
    6.2360	   90.6152	   13.0645	   27.9053	   81.4695
    6.6930	   24.6973	   12.0420	   25.8740	   80.5970
    6.7897	  351.4746	   12.1620	   20.6494	   82.5760
    6.9391	  213.1348	   11.6159	   23.5303	   80.6040
    6.1920	   89.9121	   13.6431	   29.5068	   84.4785
    6.9523	  253.3887	   10.4533	   27.5342	   72.6743
    6.8204	  161.2793	   11.1810	   17.8174	   76.2593
    5.6273	  172.1777	   13.5507	   23.0615	   76.2544
    6.9962	  162.1582	   11.2003	   26.0889	   78.3600
    6.6996	  215.7715	   10.9944	   33.2666	   73.6578
    5.7679	  109.0723	   13.7537	   26.3135	   79.3306
    6.8007	  209.0918	   12.0387	   18.2861	   81.8711
    6.6227	    7.8223	   12.0968	   33.0615	   80.1130
    6.0096	   30.4980	   14.0220	   33.2080	   84.2672
    6.7303	  237.2168	   11.7810	   30.1514	   79.2900
    6.1239	  181.1426	   11.9994	   33.3252	   73.4832
    6.6622	  183.2520	   11.3824	   18.6670	   75.8319
    6.3458	  190.8105	   12.8715	   15.8643	   81.6802
    5.6888	  111.0059	   15.1215	   28.8525	   86.0237
    6.7633	  356.5723	   10.9350	   32.4365	   73.9566
    6.0052	  125.0684	   13.3125	   30.0537	   79.9451
    6.6622	  183.2520	   11.3824	   18.6670	   75.8319
    5.5153	  151.0840	   15.9281	   19.0479	   87.8474
    6.5919	  166.3770	   11.2809	   22.8955	   74.3626
    6.4974	  218.0566	   11.1543	   25.9912	   72.4742
    6.1327	  240.0293	   13.8871	   20.9424	   85.1653
    6.9347	   12.9199	   11.2214	   22.8564	   77.8170
    5.9569	  173.4082	   13.3209	   32.9639	   79.3513
    7.0094	  253.7402	    9.9620	   17.4072	   69.8280
    6.5656	   98.1738	   10.9108	   28.2471	   71.6353
    6.7633	  356.5723	   10.9350	   32.4365	   73.9566
    6.0096	   30.4980	   14.0220	   33.2080	   84.2672
    5.6669	  138.9551	   13.8520	   17.5439	   78.4973
    6.1898	  232.8223	   13.5399	   34.4385	   83.8093
    6.8776	  308.0566	   11.6858	   29.0088	   80.3700
    6.3326	  281.3379	   12.8915	   33.6182	   81.6373
    5.6427	  134.5605	   15.2941	   23.5107	   86.3002
    6.4008	  137.1973	   11.6568	   32.8760	   74.6125
    6.0052	  125.0684	   13.3125	   30.0537	   79.9451
    7.0819	  276.5918	    9.9446	   27.9639	   70.4270
    6.8820	  326.5137	   10.5594	   20.9033	   72.6691
    5.5087	  135.2637	   15.8111	   24.0283	   87.0982
    6.3304	  154.0723	   12.0656	   28.8135	   76.3805
    6.2096	   26.6309	   13.4341	   15.2100	   83.4205
    6.0712	  269.7363	   14.1230	   33.4717	   85.7431
    7.0819	  276.5918	    9.9446	   27.9639	   70.4270
    6.1832	   86.3965	   13.3790	   23.2959	   82.7253
    6.9127	   52.1191	   11.6365	   32.0850	   80.4397
    5.6251	  155.6543	   14.4558	   32.5049	   81.3155
    5.7614	  127.3535	   14.3326	   17.3291	   82.5750
    5.9371	  197.6660	   14.1957	   15.3271	   84.2815
    6.1041	  158.8184	   12.3444	   33.1787	   75.3518
    6.4535	  231.4160	   12.4385	   20.2979	   80.2717
    7.0951	  268.5059	   10.2762	   27.3975	   72.9103
    6.5677	  260.0684	   11.6244	   32.4463	   76.3462
    6.9984	  191.8652	   10.8788	   31.0303	   76.1344
    6.0096	   30.4980	   14.0220	   33.2080	   84.2672
    5.5262	  127.7051	   15.1993	   24.4189	   83.9950
    5.4625	  117.5098	   14.6044	   19.4678	   79.7769
    6.9611	  172.5293	   10.4782	   29.6924	   72.9395
    6.6073	   45.4395	   10.9710	   16.4893	   72.4890
    6.4337	  152.8418	   11.5921	   21.4111	   74.5802
    6.8885	  337.0605	   11.3843	   32.2607	   78.4213
    6.3700	   60.2051	   12.6793	   26.8311	   80.7672
    6.8248	   61.9629	   10.4940	   20.1807	   71.6197
    6.5128	   65.8301	   12.4875	   29.7314	   81.3288
    6.5392	  176.2207	   12.0568	   24.0674	   78.8417
    6.5656	   98.1738	   10.9108	   28.2471	   71.6353
    6.7347	   28.9160	   11.1232	   29.0479	   74.9122
    6.7897	  351.4746	   12.1620	   20.6494	   82.5760
    6.0558	  139.4824	   13.4563	   29.4873	   81.4883
    6.3151	  276.9434	   13.3740	   18.4912	   84.4574
    6.4667	   34.1895	   12.0181	   33.3643	   77.7170
    6.5897	  158.4668	   11.2655	   19.2236	   74.2365
    6.3458	  190.8105	   12.8715	   15.8643	   81.6802
    6.4073	  111.3574	   13.0262	   29.5752	   83.4634
    6.1217	   61.7871	   13.6808	   19.1943	   83.7499
    6.4008	  137.1973	   11.6568	   32.8760	   74.6125
    7.0490	  337.9395	   10.4561	   19.7607	   73.7049
    6.1898	  232.8223	   13.5399	   34.4385	   83.8093
    6.5436	   39.4629	   11.4772	   26.4307	   75.1021
    5.5175	  159.8730	   15.4137	   32.7295	   85.0442
    6.1459	   21.1816	   13.3031	   23.1787	   81.7592
    7.0577	  115.0488	   10.0587	   24.1846	   70.9915
    6.8907	   54.4043	   10.8455	   34.3701	   74.7335
    6.8885	  337.0605	   11.3843	   32.2607	   78.4213
    6.6095	   58.0957	   12.1266	   16.8799	   80.1504
    7.0555	  101.5137	   10.8563	   28.4033	   76.5970
    6.9303	  272.7246	   10.8635	   24.9756	   75.2873
    6.3151	  276.9434	   13.3740	   18.4912	   84.4574
    6.5392	  176.2207	   12.0568	   24.0674	   78.8417
    5.6735	  135.6152	   14.7526	   19.5947	   83.6983
    6.5458	  190.1074	   11.9833	   22.2998	   78.4401
    6.1217	   61.7871	   13.6808	   19.1943	   83.7499
    6.5128	   65.8301	   12.4875	   29.7314	   81.3288
    6.0052	  125.0684	   13.3125	   30.0537	   79.9451
    6.4908	  319.1309	   12.9245	   33.5400	   83.8912
    7.0841	  262.0020	   11.5933	   25.5420	   82.1283
    6.4491	  190.2832	   13.0474	   16.0986	   84.1439
    5.5087	  135.2637	   15.8111	   24.0283	   87.0982
    6.3260	  112.0605	   13.0724	   24.7607	   82.6968
    6.7369	   71.8066	   10.6015	   30.3662	   71.4217
    6.3414	  104.6777	   11.8886	   25.6885	   75.3906
    6.5897	  158.4668	   11.2655	   19.2236	   74.2365
    7.0182	  274.3066	   10.3824	   15.8838	   72.8660
    6.5392	  176.2207	   12.0568	   24.0674	   78.8417
    7.0555	  101.5137	   10.8563	   28.4033	   76.5970
    5.7570	  123.4863	   13.9356	   15.9033	   80.2267
    6.9918	  145.4590	   11.8117	   16.2354	   82.5851
    6.9611	  172.5293	   10.4782	   29.6924	   72.9395
