    7.1764	  146.1621	   10.0639	   32.3682	   72.2226
    6.8468	   30.6738	   10.6917	   28.0029	   73.2041
    6.4535	  231.4160	   12.4385	   20.2979	   80.2717
    6.9303	  272.7246	   10.8635	   24.9756	   75.2873
    6.5282	  120.6738	   12.5439	   16.9971	   81.8890
    6.8402	    2.0215	   11.1973	   32.3584	   76.5922
    6.0536	  173.2324	   12.3008	   16.1377	   74.4637
    7.2511	  271.1426	   11.1190	   31.6748	   80.6250
    6.9303	  272.7246	   10.8635	   24.9756	   75.2873
    6.0052	  125.0684	   13.3125	   30.0537	   79.9451
    6.4930	   56.5137	   11.7119	   24.0967	   76.0458
    6.9742	  132.8027	   11.8229	   17.8760	   82.4560
    6.3612	  137.3730	   12.4982	   33.5205	   79.5034
    5.6669	  138.9551	   13.8520	   17.5439	   78.4973
    6.7589	  321.7676	   11.5927	   33.6377	   78.3540
    7.2313	  199.4238	   10.4337	   16.3721	   75.4497
    6.5677	  260.0684	   11.6244	   32.4463	   76.3462
    7.2577	  330.0293	   10.5108	   15.9424	   76.2845
    6.8820	  326.5137	   10.5594	   20.9033	   72.6691
    6.9523	  253.3887	   10.4533	   27.5342	   72.6743
    6.9193	  220.6934	   10.2007	   21.6162	   70.5816
    6.9149	  337.2363	   11.5908	   22.7783	   80.1495
    6.5721	  255.4980	   12.3339	   34.2920	   81.0600
    6.9720	  140.7129	   11.3095	   15.4443	   78.8504
    6.8995	  243.0176	   11.5491	   16.7627	   79.6833
    6.9962	  162.1582	   11.2003	   26.0889	   78.3600
    6.8885	  337.0605	   11.3843	   32.2607	   78.4213
    6.2140	  137.5488	   12.5909	   32.0654	   78.2395
    6.0624	  159.3457	   14.1298	   29.9951	   85.6605
    6.2777	   42.9785	   13.4348	   20.1416	   84.3397
    6.1041	  158.8184	   12.3444	   33.1787	   75.3518
    7.0072	  312.2754	   10.9696	   17.4756	   76.8663
    6.7941	   91.6699	   12.2684	   31.5186	   83.3526
    6.3304	  154.0723	   12.0656	   28.8135	   76.3805
    6.7369	   71.8066	   10.6015	   30.3662	   71.4217
    7.2577	  330.0293	   10.5108	   15.9424	   76.2845
    7.0643	   53.8770	   10.7713	   19.1455	   76.0921
    6.8688	  129.9902	   11.0091	   30.7178	   75.6189
    6.9611	  172.5293	   10.4782	   29.6924	   72.9395
    6.4667	   34.1895	   12.0181	   33.3643	   77.7170
    6.6425	  290.1270	   11.6541	   17.7295	   77.4119
    6.0624	  159.3457	   14.1298	   29.9951	   85.6605
    6.0931	   92.9004	   12.3676	   29.7119	   75.3576
    6.9698	  203.6426	   11.3381	   32.9248	   79.0246
    7.1215	  200.4785	   10.3533	   23.8916	   73.7305
    6.5699	   23.2910	   11.5153	   18.1396	   75.6547
    6.9523	  253.3887	   10.4533	   27.5342	   72.6743
    6.4491	  190.2832	   13.0474	   16.0986	   84.1439
    6.2799	  178.5059	   13.0669	   22.3975	   82.0587
    6.1832	   86.3965	   13.3790	   23.2959	   82.7253
    5.9569	  173.4082	   13.3209	   32.9639	   79.3513
    6.8864	  217.3535	   10.9563	   27.6709	   75.4491
    6.8468	   30.6738	   10.6917	   28.0029	   73.2041
    6.4008	  137.1973	   11.6568	   32.8760	   74.6125
    6.5677	  260.0684	   11.6244	   32.4463	   76.3462
    6.4293	  280.4590	   12.2498	   21.2646	   78.7579
    6.0118	  195.9082	   12.9046	   19.2139	   77.5802
    7.0841	  262.0020	   11.5933	   25.5420	   82.1283
    6.3414	  104.6777	   11.8886	   25.6885	   75.3906
    7.2203	   79.3652	   10.7719	   22.2803	   77.7766
    7.0336	   14.6777	   10.3827	   19.3115	   73.0273
    6.5194	  308.4082	   12.8828	   25.4639	   83.9880
    6.9852	  118.3887	   11.0160	   15.0342	   76.9495
    6.5392	  176.2207	   12.0568	   24.0674	   78.8417
    6.8600	  104.1504	   11.3870	   24.0869	   78.1148
    6.0052	  125.0684	   13.3125	   30.0537	   79.9451
    6.1920	   89.9121	   13.6431	   29.5068	   84.4785
    6.3568	  184.3066	   12.8825	   29.1162	   81.8913
    6.6425	  290.1270	   11.6541	   17.7295	   77.4119
    7.1434	   46.6699	   10.8147	   25.9814	   77.2540
    6.8336	  283.4473	   11.6200	   19.7510	   79.4064
    6.9611	  172.5293	   10.4782	   29.6924	   72.9395
    6.9918	  145.4590	   11.8117	   16.2354	   82.5851
    6.6622	  183.2520	   11.3824	   18.6670	   75.8319
    6.6930	   24.6973	   12.0420	   25.8740	   80.5970
    6.9127	   52.1191	   11.6365	   32.0850	   80.4397
    7.1808	   49.4824	   10.0800	   24.4873	   72.3825
    5.6669	  138.9551	   13.8520	   17.5439	   78.4973
    6.9852	  118.3887	   11.0160	   15.0342	   76.9495
    7.1259	  140.3613	   10.6453	   26.8408	   75.8566
    7.1852	   37.1777	   11.2314	   19.4385	   80.6995
    7.0819	  276.5918	    9.9446	   27.9639	   70.4270
    6.7853	  248.4668	   11.0058	   34.2236	   74.6771
    6.4513	  182.3730	   11.7029	   26.0205	   75.4989
    7.1390	  179.3848	   10.1077	   27.0947	   72.1590
    6.9742	  132.8027	   11.8229	   17.8760	   82.4560
    6.5392	  176.2207	   12.0568	   24.0674	   78.8417
    6.9742	  132.8027	   11.8229	   17.8760	   82.4560
    6.8710	  179.0332	   11.6714	   29.5264	   80.1941
    6.8885	  337.0605	   11.3843	   32.2607	   78.4213
    6.9545	  350.2441	   10.6982	   21.7725	   74.4002
    6.6073	   45.4395	   10.9710	   16.4893	   72.4890
    5.9371	  197.6660	   14.1957	   15.3271	   84.2815
    6.4073	  111.3574	   13.0262	   29.5752	   83.4634
    6.8732	  278.8770	   11.0618	   28.3545	   76.0297
    6.5897	  158.4668	   11.2655	   19.2236	   74.2365
    6.5106	  198.5449	   12.2451	   26.2939	   79.7230
    7.0336	   14.6777	   10.3827	   19.3115	   73.0273
    6.9391	  213.1348	   11.6159	   23.5303	   80.6040
    6.8644	  108.5449	   10.3265	   18.7061	   70.8848
    6.6820	  114.6973	   10.8128	   30.8740	   72.2509
    6.4535	  231.4160	   12.4385	   20.2979	   80.2717
    6.5194	  308.4082	   12.8828	   25.4639	   83.9880
    6.4293	  280.4590	   12.2498	   21.2646	   78.7579
    6.8226	   99.0527	   11.6822	   21.0010	   79.7035
    6.8885	  337.0605	   11.3843	   32.2607	   78.4213
    6.9720	  140.7129	   11.3095	   15.4443	   78.8504
    6.4249	  318.0762	   12.8685	   27.6221	   82.6789
    6.5809	  178.3301	   11.4213	   23.4814	   75.1626
    6.7633	  356.5723	   10.9350	   32.4365	   73.9566
    6.2997	   69.1699	   13.5153	   32.7686	   85.1423
    6.5238	   44.2090	   12.5400	   20.6104	   81.8084
    6.2777	   42.9785	   13.4348	   20.1416	   84.3397
    6.7435	   15.3809	   11.6657	   28.3350	   78.6681
    6.9545	  350.2441	   10.6982	   21.7725	   74.4002
    6.0624	  159.3457	   14.1298	   29.9951	   85.6605
    6.4337	  152.8418	   11.5921	   21.4111	   74.5802
    6.1832	   86.3965	   13.3790	   23.2959	   82.7253
    6.8710	  179.0332	   11.6714	   29.5264	   80.1941
    6.9501	  311.9238	   10.6259	   27.3779	   73.8510
    7.0490	  337.9395	   10.4561	   19.7607	   73.7049
    6.5194	  308.4082	   12.8828	   25.4639	   83.9880
    7.2313	  199.4238	   10.4337	   16.3721	   75.4497
    6.8864	  217.3535	   10.9563	   27.6709	   75.4491
    6.9127	   52.1191	   11.6365	   32.0850	   80.4397
    6.8600	  104.1504	   11.3870	   24.0869	   78.1148
    6.1041	  158.8184	   12.3444	   33.1787	   75.3518
    7.0490	  337.9395	   10.4561	   19.7607	   73.7049
    6.5897	  158.4668	   11.2655	   19.2236	   74.2365
    7.0819	  276.5918	    9.9446	   27.9639	   70.4270
    6.6095	   58.0957	   12.1266	   16.8799	   80.1504
    7.2467	   28.2129	   11.1029	   15.8057	   80.4594
    7.2313	  199.4238	   10.4337	   16.3721	   75.4497
    7.0951	  268.5059	   10.2762	   27.3975	   72.9103
    5.8536	  129.8145	   14.1997	   21.8018	   83.1197
    6.4535	  231.4160	   12.4385	   20.2979	   80.2717
    6.7545	  314.9121	   11.9550	   17.0068	   80.7503
    7.0358	  157.4121	    9.8609	   15.7568	   69.3793
    6.8732	  278.8770	   11.0618	   28.3545	   76.0297
    5.6273	  172.1777	   13.5507	   23.0615	   76.2544
    6.1766	  126.2988	   11.8802	   17.3096	   73.3797
    6.8600	  104.1504	   11.3870	   24.0869	   78.1148
    6.2140	  137.5488	   12.5909	   32.0654	   78.2395
    6.0624	  159.3457	   14.1298	   29.9951	   85.6605
    6.2360	   90.6152	   13.0645	   27.9053	   81.4695
    6.8995	  243.0176	   11.5491	   16.7627	   79.6833
    6.3239	  172.3535	   12.6445	   19.8291	   79.9616
    6.3700	   60.2051	   12.6793	   26.8311	   80.7672
    6.8248	   61.9629	   10.4940	   20.1807	   71.6197
    6.8644	  108.5449	   10.3265	   18.7061	   70.8848
    5.6273	  172.1777	   13.5507	   23.0615	   76.2544
    6.2975	  239.1504	   13.1704	   26.5869	   82.9401
    5.7482	  171.1230	   14.4381	   23.3545	   82.9924
    7.2511	  271.1426	   11.1190	   31.6748	   80.6250
    7.0951	  268.5059	   10.2762	   27.3975	   72.9103
    6.6227	    7.8223	   12.0968	   33.0615	   80.1130
    6.5106	  198.5449	   12.2451	   26.2939	   79.7230
    6.9786	  320.1855	   10.8234	   26.8018	   75.5327
    6.4491	  190.2832	   13.0474	   16.0986	   84.1439
    7.0555	  101.5137	   10.8563	   28.4033	   76.5970
    6.5282	  120.6738	   12.5439	   16.9971	   81.8890
    6.7897	  351.4746	   12.1620	   20.6494	   82.5760
    6.8160	  245.4785	   11.5555	   28.6084	   78.7629
    6.5106	  198.5449	   12.2451	   26.2939	   79.7230
    6.3085	   44.0332	   11.5944	   32.0264	   73.1431
    6.8776	  308.0566	   11.6858	   29.0088	   80.3700
    6.6227	    7.8223	   12.0968	   33.0615	   80.1130
    6.7347	   28.9160	   11.1232	   29.0479	   74.9122
    6.3414	  104.6777	   11.8886	   25.6885	   75.3906
    6.1700	  114.8730	   12.3053	   20.2295	   75.9240
    6.4161	  354.8145	   12.0355	   30.6982	   77.2212
    6.5392	  176.2207	   12.0568	   24.0674	   78.8417
    6.7413	   44.7363	   10.9814	   15.9717	   74.0292
    6.6095	   58.0957	   12.1266	   16.8799	   80.1504
    6.7303	  237.2168	   11.7810	   30.1514	   79.2900
    6.9391	  213.1348	   11.6159	   23.5303	   80.6040
    7.1698	  179.5605	   11.1652	   31.0107	   80.0525
    6.6930	   24.6973	   12.0420	   25.8740	   80.5970
    6.9698	  203.6426	   11.3381	   32.9248	   79.0246
    6.7413	   44.7363	   10.9814	   15.9717	   74.0292
    6.1766	  126.2988	   11.8802	   17.3096	   73.3797
    6.7369	   71.8066	   10.6015	   30.3662	   71.4217
    6.9677	   21.3574	   10.7172	   15.4248	   74.6739
    7.1962	  179.7363	   10.7468	   21.5283	   77.3354
    6.4008	  137.1973	   11.6568	   32.8760	   74.6125
    6.5216	   52.9980	   12.1169	   18.0420	   79.0216
    6.5721	  255.4980	   12.3339	   34.2920	   81.0600
    6.8885	  337.0605	   11.3843	   32.2607	   78.4213
    6.2140	  137.5488	   12.5909	   32.0654	   78.2395
    6.7413	   44.7363	   10.9814	   15.9717	   74.0292
    6.6996	  215.7715	   10.9944	   33.2666	   73.6578
    6.8007	  209.0918	   12.0387	   18.2861	   81.8711
    6.0931	   92.9004	   12.3676	   29.7119	   75.3576
    7.0995	  276.0645	   11.5252	   26.3232	   81.8229
    6.9523	  253.3887	   10.4533	   27.5342	   72.6743
    6.0536	  173.2324	   12.3008	   16.1377	   74.4637
    6.7413	   44.7363	   10.9814	   15.9717	   74.0292
    6.3239	  172.3535	   12.6445	   19.8291	   79.9616
    6.8644	  108.5449	   10.3265	   18.7061	   70.8848
    6.9918	  145.4590	   11.8117	   16.2354	   82.5851
