    5.7570	  123.4863	   13.9356	   15.9033	   80.2267
    5.9767	  131.2207	   13.7132	   21.5674	   81.9595
    6.1459	   21.1816	   13.3031	   23.1787	   81.7592
    5.9965	  249.5215	   13.7295	   18.8916	   82.3286
    6.5919	  166.3770	   11.2809	   22.8955	   74.3626
    6.2338	   53.3496	   12.3533	   27.8369	   77.0075
    6.4073	  111.3574	   13.0262	   29.5752	   83.4634
    5.9283	  355.8691	   14.2782	   18.9600	   84.6460
    6.4315	  340.7520	   12.7559	   17.5830	   82.0398
    5.6075	  249.8730	   13.9934	   27.7295	   78.4686
    6.0096	   30.4980	   14.0220	   33.2080	   84.2672
    6.1525	   94.6582	   13.0611	   32.3389	   80.3583
    5.5878	    3.2520	   14.2651	   28.6670	   79.7103
    5.9767	  131.2207	   13.7132	   21.5674	   81.9595
    5.6185	   74.6191	   15.0200	   26.6650	   84.3903
    6.0074	  248.2910	   12.8885	   30.6396	   77.4267
    6.2360	   90.6152	   13.0645	   27.9053	   81.4695
    6.3151	  276.9434	   13.3740	   18.4912	   84.4574
    5.3153	  167.0801	   14.4261	   17.1436	   76.6791
    6.5677	  260.0684	   11.6244	   32.4463	   76.3462
    5.6229	  213.3105	   13.6201	   17.1143	   76.5847
    5.8492	  317.1973	   13.9907	   27.1240	   81.8349
    5.8536	  129.8145	   14.1997	   21.8018	   83.1197
    5.6713	   81.6504	   14.0414	   20.3369	   79.6326
    6.2777	   42.9785	   13.4348	   20.1416	   84.3397
    5.6097	   61.0840	   14.4995	   15.9521	   81.3384
    6.4930	   56.5137	   11.7119	   24.0967	   76.0458
    5.7438	  219.9902	   15.2032	   34.2822	   87.3238
    6.4667	   34.1895	   12.0181	   33.3643	   77.7170
    6.3260	  112.0605	   13.0724	   24.7607	   82.6968
    5.6603	  338.4668	   14.3820	   20.7764	   81.4062
    5.5262	  127.7051	   15.1993	   24.4189	   83.9950
    5.6361	  101.1621	   13.6001	   25.1318	   76.6514
    6.2997	   69.1699	   13.5153	   32.7686	   85.1423
    6.0997	  131.7480	   12.6725	   16.1670	   77.2990
    6.4908	  319.1309	   12.9245	   33.5400	   83.8912
    5.6185	   74.6191	   15.0200	   26.6650	   84.3903
    5.4625	  117.5098	   14.6044	   19.4678	   79.7769
    5.0626	  110.6543	   14.8939	   24.9951	   75.4022
    6.2777	   42.9785	   13.4348	   20.1416	   84.3397
    6.5238	   44.2090	   12.5400	   20.6104	   81.8084
    6.0118	  195.9082	   12.9046	   19.2139	   77.5802
    5.7526	  321.9434	   15.0621	   34.0088	   86.6456
    6.3612	  137.3730	   12.4982	   33.5205	   79.5034
    6.2074	  329.8535	   12.7840	   26.0791	   79.3553
    5.5878	    3.2520	   14.2651	   28.6670	   79.7103
    5.7174	  133.5059	   14.7550	   30.1025	   84.3603
    5.7833	  214.1895	   13.6294	   26.6357	   78.8234
    6.1525	   94.6582	   13.0611	   32.3389	   80.3583
    6.6051	  194.8535	   11.1754	   31.4209	   73.8146
    6.6051	  194.8535	   11.1754	   31.4209	   73.8146
    6.2711	  211.5527	   13.0371	   32.2510	   81.7571
    5.8185	  199.2480	   12.8916	   27.5830	   75.0095
    5.8207	  100.4590	   13.3977	   18.7354	   77.9837
    6.4425	  105.2051	   11.9173	   34.3311	   76.7771
    6.3326	  281.3379	   12.8915	   33.6182	   81.6373
    5.9481	  243.5449	   13.9332	   23.7939	   82.8763
    6.0096	   30.4980	   14.0220	   33.2080	   84.2672
    6.5656	   98.1738	   10.9108	   28.2471	   71.6353
    5.7614	  127.3535	   14.3326	   17.3291	   82.5750
    5.6735	  135.6152	   14.7526	   19.5947	   83.6983
    5.5768	   32.2559	   14.7302	   30.5225	   82.1474
    5.5043	  138.6035	   14.0372	   20.7959	   77.2646
    5.4186	  129.4629	   14.8535	   18.5693	   80.4847
    6.3942	  283.2715	   11.4959	   32.9834	   73.5069
    5.8778	  302.0801	   13.8439	   24.6436	   81.3719
    6.2777	   42.9785	   13.4348	   20.1416	   84.3397
    6.2250	  252.5098	   12.5384	   23.0322	   78.0510
    5.9481	  243.5449	   13.9332	   23.7939	   82.8763
    6.2799	  178.5059	   13.0669	   22.3975	   82.0587
    5.8383	  272.1973	   14.6364	   19.6240	   85.4513
    5.8207	  100.4590	   13.3977	   18.7354	   77.9837
    6.5106	  198.5449	   12.2451	   26.2939	   79.7230
    5.8097	  257.0801	   14.5977	   27.8564	   84.8079
    5.4625	  117.5098	   14.6044	   19.4678	   79.7769
    6.0997	  131.7480	   12.6725	   16.1670	   77.2990
    5.9283	  355.8691	   14.2782	   18.9600	   84.6460
    5.2867	  182.1973	   14.3873	   24.6240	   76.0620
    6.1305	   20.3027	   12.4801	   21.6260	   76.5093
    6.5656	   98.1738	   10.9108	   28.2471	   71.6353
    6.6095	   58.0957	   12.1266	   16.8799	   80.1504
    6.1019	  257.9590	   13.1786	   34.9854	   80.4151
    6.1898	  232.8223	   13.5399	   34.4385	   83.8093
    5.4010	   57.5684	   14.1421	   16.1963	   76.3813
    6.4315	  340.7520	   12.7559	   17.5830	   82.0398
    5.6844	   81.8262	   15.0761	   31.7529	   85.6991
    6.3876	  266.9238	   12.3409	   19.8779	   78.8285
    6.5897	  158.4668	   11.2655	   19.2236	   74.2365
    5.9327	  334.9512	   13.4349	   20.8154	   79.7059
    6.3151	  276.9434	   13.3740	   18.4912	   84.4574
    6.5897	  158.4668	   11.2655	   19.2236	   74.2365
    5.8448	   66.3574	   14.4922	   22.0752	   84.7044
    6.4073	  111.3574	   13.0262	   29.5752	   83.4634
    5.3615	  157.0605	   14.2632	   27.7393	   76.4714
    5.9020	  296.1035	   14.2230	   32.9541	   83.9441
    5.8514	  217.5293	   14.4504	   27.1924	   84.5556
    5.9261	  352.3535	   13.0030	   29.8291	   77.0580
    5.3615	  157.0605	   14.2632	   27.7393	   76.4714
    6.5809	  178.3301	   11.4213	   23.4814	   75.1626
    6.1239	  181.1426	   11.9994	   33.3252	   73.4832
    6.0536	  173.2324	   12.3008	   16.1377	   74.4637
    5.7767	  247.5879	   14.0984	   18.2568	   81.4429
    6.1898	  232.8223	   13.5399	   34.4385	   83.8093
    5.8910	  173.5840	   13.6554	   22.7979	   80.4440
    6.1459	   21.1816	   13.3031	   23.1787	   81.7592
    6.2360	   90.6152	   13.0645	   27.9053	   81.4695
    6.2074	  329.8535	   12.7840	   26.0791	   79.3553
    6.2975	  239.1504	   13.1704	   26.5869	   82.9401
    5.9877	  196.9629	   13.9512	   32.3193	   83.5353
    5.6669	  138.9551	   13.8520	   17.5439	   78.4973
    6.2096	   26.6309	   13.4341	   15.2100	   83.4205
    5.9657	   14.3262	   13.2677	   24.4971	   79.1508
    6.2777	   42.9785	   13.4348	   20.1416	   84.3397
    6.6073	   45.4395	   10.9710	   16.4893	   72.4890
    5.7460	   90.9668	   14.5325	   25.4736	   83.5036
    5.7657	  215.5957	   14.2217	   20.6299	   81.9989
    5.6713	   81.6504	   14.0414	   20.3369	   79.6326
    6.6073	   45.4395	   10.9710	   16.4893	   72.4890
    5.7460	   90.9668	   14.5325	   25.4736	   83.5036
    5.8383	  272.1973	   14.6364	   19.6240	   85.4513
    6.2931	  353.4082	   12.3266	   22.9639	   77.5725
    5.6844	   81.8262	   15.0761	   31.7529	   85.6991
    6.2030	   13.0957	   13.0828	   30.6201	   81.1528
    6.0536	  173.2324	   12.3008	   16.1377	   74.4637
    6.5919	  166.3770	   11.2809	   22.8955	   74.3626
    6.3414	  104.6777	   11.8886	   25.6885	   75.3906
    6.4139	  277.4707	   12.7623	   24.6924	   81.8565
    5.6251	  155.6543	   14.4558	   32.5049	   81.3155
    6.1239	  181.1426	   11.9994	   33.3252	   73.4832
    6.3568	  184.3066	   12.8825	   29.1162	   81.8913
    5.9569	  173.4082	   13.3209	   32.9639	   79.3513
    5.0626	  110.6543	   14.8939	   24.9951	   75.4022
    6.3832	   55.4590	   11.7120	   31.2354	   74.7599
    6.6425	  290.1270	   11.6541	   17.7295	   77.4119
    5.8910	  173.5840	   13.6554	   22.7979	   80.4440
    5.5262	  127.7051	   15.1993	   24.4189	   83.9950
    5.9657	   14.3262	   13.2677	   24.4971	   79.1508
    6.6051	  194.8535	   11.1754	   31.4209	   73.8146
    6.3876	  266.9238	   12.3409	   19.8779	   78.8285
    6.4491	  190.2832	   13.0474	   16.0986	   84.1439
    6.5194	  308.4082	   12.8828	   25.4639	   83.9880
    5.9481	  243.5449	   13.9332	   23.7939	   82.8763
    6.6425	  290.1270	   11.6541	   17.7295	   77.4119
    6.1591	  350.4199	   12.9999	   15.8936	   80.0669
    5.6581	  346.3770	   14.3666	   17.1045	   81.2875
    5.7438	  219.9902	   15.2032	   34.2822	   87.3238
    6.1591	  350.4199	   12.9999	   15.8936	   80.0669
    5.8207	  100.4590	   13.3977	   18.7354	   77.9837
    5.7020	   57.3926	   13.3558	   31.4502	   76.1553
    6.3942	  283.2715	   11.4959	   32.9834	   73.5069
    6.1964	  353.2324	   13.3467	   23.8623	   82.7019
    6.2140	  137.5488	   12.5909	   32.0654	   78.2395
    6.3239	  172.3535	   12.6445	   19.8291	   79.9616
    6.6073	   45.4395	   10.9710	   16.4893	   72.4890
    5.6185	   74.6191	   15.0200	   26.6650	   84.3903
    6.0096	   30.4980	   14.0220	   33.2080	   84.2672
    6.3260	  112.0605	   13.0724	   24.7607	   82.6968
    6.2360	   90.6152	   13.0645	   27.9053	   81.4695
    5.8492	  317.1973	   13.9907	   27.1240	   81.8349
    5.7701	  146.3379	   13.3296	   21.1182	   76.9139
    5.6669	  138.9551	   13.8520	   17.5439	   78.4973
    6.3260	  112.0605	   13.0724	   24.7607	   82.6968
    5.7701	  146.3379	   13.3296	   21.1182	   76.9139
    6.2909	  172.0020	   13.1779	   20.5420	   82.9010
    6.3260	  112.0605	   13.0724	   24.7607	   82.6968
    5.9196	   25.9277	   13.5819	   31.1865	   80.3989
    6.3700	   60.2051	   12.6793	   26.8311	   80.7672
    6.5018	    8.8770	   11.2094	   33.3545	   72.8819
    5.6229	  213.3105	   13.6201	   17.1143	   76.5847
    6.1217	   61.7871	   13.6808	   19.1943	   83.7499
    6.3239	  172.3535	   12.6445	   19.8291	   79.9616
    5.0626	  110.6543	   14.8939	   24.9951	   75.4022
    6.2931	  353.4082	   12.3266	   22.9639	   77.5725
    6.0514	  236.1621	   13.4402	   22.6318	   81.3317
    6.1591	  350.4199	   12.9999	   15.8936	   80.0669
    6.4491	  190.2832	   13.0474	   16.0986	   84.1439
    5.9965	  249.5215	   13.7295	   18.8916	   82.3286
    6.5194	  308.4082	   12.8828	   25.4639	   83.9880
    6.5106	  198.5449	   12.2451	   26.2939	   79.7230
    6.2030	   13.0957	   13.0828	   30.6201	   81.1528
    6.2777	   42.9785	   13.4348	   20.1416	   84.3397
    5.7701	  146.3379	   13.3296	   21.1182	   76.9139
    5.7679	  109.0723	   13.7537	   26.3135	   79.3306
    5.6603	  338.4668	   14.3820	   20.7764	   81.4062
    5.7570	  123.4863	   13.9356	   15.9033	   80.2267
    5.6229	  213.3105	   13.6201	   17.1143	   76.5847
    5.8888	   42.6270	   13.1493	   26.4795	   77.4337
    6.3151	  276.9434	   13.3740	   18.4912	   84.4574
    6.1041	  158.8184	   12.3444	   33.1787	   75.3518
    6.2755	    6.0645	   13.2461	   18.6768	   83.1259
    6.5809	  178.3301	   11.4213	   23.4814	   75.1626
    6.2777	   42.9785	   13.4348	   20.1416	   84.3397
    5.6581	  346.3770	   14.3666	   17.1045	   81.2875
    6.5919	  166.3770	   11.2809	   22.8955	   74.3626
    5.8888	   42.6270	   13.1493	   26.4795	   77.4337
    6.2030	   13.0957	   13.0828	   30.6201	   81.1528
    5.8778	  302.0801	   13.8439	   24.6436	   81.3719
    6.4930	   56.5137	   11.7119	   24.0967	   76.0458
    6.0931	   92.9004	   12.3676	   29.7119	   75.3576
    6.0096	   30.4980	   14.0220	   33.2080	   84.2672
