    7.4840	   83.5840	    9.3946	   17.7979	   70.3095
    7.9828	  203.1152	    8.8255	   15.8447	   70.4519
    7.3016	  323.7012	   11.0040	   27.6904	   80.3469
    7.1215	  200.4785	   10.3533	   23.8916	   73.7305
    6.8710	  179.0332	   11.6714	   29.5264	   80.1941
    7.1215	  200.4785	   10.3533	   23.8916	   73.7305
    7.0358	  157.4121	    9.8609	   15.7568	   69.3793
    7.5170	  215.2441	   10.1258	   20.7275	   76.1153
    7.9015	  182.5488	    8.9059	   30.4346	   70.3697
    7.8400	   40.3418	    9.9182	   15.1611	   77.7580
    7.3654	  239.5020	   10.2097	   31.7920	   75.1981
    7.6686	   50.5371	    9.2118	   28.5693	   70.6415
    7.3016	  323.7012	   11.0040	   27.6904	   80.3469
    7.4027	  227.0215	   10.0585	   24.8584	   74.4604
    7.5565	  289.2480	    9.3797	   32.5830	   70.8775
    7.5236	  307.5293	   10.0401	   22.1924	   75.5372
    7.4269	  153.5449	   10.8381	   21.2061	   80.4929
    7.4335	  134.0332	    9.9833	   32.9736	   74.2106
    8.0289	  149.6777	    9.3242	   28.1885	   74.8633
    6.7369	   71.8066	   10.6015	   30.3662	   71.4217
    7.1764	  146.1621	   10.0639	   32.3682	   72.2226
    6.8226	   99.0527	   11.6822	   21.0010	   79.7035
    7.6334	  103.9746	   10.2548	   26.8994	   78.2793
    7.6906	    8.1738	   10.0345	   33.2471	   77.1711
    7.4994	   64.5996	    9.1800	   16.5381	   68.8445
    7.3654	  239.5020	   10.2097	   31.7920	   75.1981
    7.9213	  261.6504	    9.0687	   19.6631	   71.8356
    7.4532	   80.5957	   10.4074	   16.8701	   77.5686
    7.2313	  199.4238	   10.4337	   16.3721	   75.4497
    7.7191	  265.1660	    9.7315	   16.5771	   75.1188
    7.5961	  239.6777	    8.8923	   23.1885	   67.5466
    7.4708	  280.8105	    9.4952	   20.8643	   70.9372
    7.1259	  140.3613	   10.6453	   26.8408	   75.8566
    7.6158	  310.8691	   10.4638	   21.4600	   79.6908
    7.6949	  113.2910	    9.0741	   16.8604	   69.8246
    7.3016	  323.7012	   11.0040	   27.6904	   80.3469
    7.4884	  325.2832	    9.2081	   18.5986	   68.9540
    7.5521	   91.3184	    9.7078	   26.9287	   73.3144
    7.8246	  234.2285	   10.1181	   31.7334	   79.1701
    7.1962	  179.7363	   10.7468	   21.5283	   77.3354
    7.1105	   77.6074	   11.3189	   33.9502	   80.4825
    7.8729	  326.6895	    9.6728	   22.8857	   76.1529
    7.8597	  118.9160	    8.8432	   24.0479	   69.5051
    7.1259	  140.3613	   10.6453	   26.8408	   75.8566
    6.8644	  108.5449	   10.3265	   18.7061	   70.8848
    7.0643	   53.8770	   10.7713	   19.1455	   76.0921
    7.7323	  224.5605	   10.0948	   28.5107	   78.0560
    7.4884	  325.2832	    9.2081	   18.5986	   68.9540
    7.3873	  253.0371	   10.8200	   32.6807	   79.9311
    7.2775	  184.6582	    9.6849	   17.3389	   70.4815
    6.9808	  193.2715	   11.6371	   22.0166	   81.2369
    7.3126	  290.6543	   10.5169	   34.9951	   76.9060
    7.3522	  216.4746	   10.4739	   18.1494	   77.0057
    7.4554	  244.0723	    9.4291	   33.8135	   70.2980
    7.7125	   62.4902	    9.2948	   29.4678	   71.6861
    7.5939	   91.8457	   10.2978	   31.2549	   78.2004
    7.8224	  162.6855	    9.5412	   20.5518	   74.6352
    6.9918	  145.4590	   11.8117	   16.2354	   82.5851
    7.7389	  168.8379	    8.6712	   19.8682	   67.1055
    7.7982	  302.2559	   10.0410	   24.4775	   78.3020
    7.8422	  124.3652	   10.1850	   24.7803	   79.8724
    6.9611	  172.5293	   10.4782	   29.6924	   72.9395
    6.7743	  145.9863	   11.0753	   32.8467	   75.0276
    8.0355	  251.1035	    8.3156	   15.4541	   66.8206
    7.4291	  238.9746	    9.4521	   20.6006	   70.2201
    7.7301	   75.1465	    9.2811	   16.4209	   71.7436
    6.9984	  191.8652	   10.8788	   31.0303	   76.1344
    7.9037	   15.5566	    8.8090	   15.2588	   69.6232
    7.9630	   38.9355	    9.2681	   16.1768	   73.8021
    7.7191	  265.1660	    9.7315	   16.5771	   75.1188
    7.8619	   18.1934	    9.3566	   24.6338	   73.5611
    7.8685	  105.3809	    8.2895	   33.3350	   65.2259
    7.4027	  227.0215	   10.0585	   24.8584	   74.4604
    7.5521	   91.3184	    9.7078	   26.9287	   73.3144
    6.5656	   98.1738	   10.9108	   28.2471	   71.6353
    7.0577	  115.0488	   10.0587	   24.1846	   70.9915
    7.1215	  200.4785	   10.3533	   23.8916	   73.7305
    7.6554	   27.8613	    8.7069	   30.5908	   66.6550
    7.7191	  265.1660	    9.7315	   16.5771	   75.1188
    7.5895	  161.1035	    9.7031	   29.5459	   73.6415
    7.6554	   27.8613	    8.7069	   30.5908	   66.6550
    7.5521	   91.3184	    9.7078	   26.9287	   73.3144
    7.6158	  310.8691	   10.4638	   21.4600	   79.6908
    7.9520	  122.6074	    9.6380	   21.4502	   76.6417
    7.9828	  203.1152	    8.8255	   15.8447	   70.4519
    6.8644	  108.5449	   10.3265	   18.7061	   70.8848
    6.8226	   99.0527	   11.6822	   21.0010	   79.7035
    7.6466	   37.0020	    8.7406	   33.0420	   66.8362
    7.1962	  179.7363	   10.7468	   21.5283	   77.3354
    7.8158	  196.7871	    9.8540	   18.3057	   77.0167
    7.1259	  140.3613	   10.6453	   26.8408	   75.8566
    7.8136	   46.1426	    9.4309	   34.1748	   73.6891
    7.6686	   50.5371	    9.2118	   28.5693	   70.6415
    7.2313	  199.4238	   10.4337	   16.3721	   75.4497
    7.6906	    8.1738	   10.0345	   33.2471	   77.1711
    8.0421	   76.2012	    8.6670	   21.0596	   69.7007
    7.7191	  265.1660	    9.7315	   16.5771	   75.1188
    7.5411	  275.1855	    9.1353	   24.3018	   68.8905
    7.4884	  325.2832	    9.2081	   18.5986	   68.9540
    7.4752	  352.8809	   10.5953	   25.4150	   79.2024
    7.9147	   81.4746	    8.7858	   24.3506	   69.5363
    7.0577	  115.0488	   10.0587	   24.1846	   70.9915
    6.4952	  109.9512	   12.5012	   26.6846	   81.1983
    6.9742	  132.8027	   11.8229	   17.8760	   82.4560
    7.4532	   80.5957	   10.4074	   16.8701	   77.5686
    7.9520	  122.6074	    9.6380	   21.4502	   76.6417
    7.3170	    0.0879	   10.2669	   25.4932	   75.1230
    7.6730	  147.3926	    8.9154	   23.5498	   68.4077
    6.9698	  203.6426	   11.3381	   32.9248	   79.0246
    7.7323	  224.5605	   10.0948	   28.5107	   78.0560
    7.9015	  182.5488	    8.9059	   30.4346	   70.3697
    7.7543	   41.3965	    9.7041	   19.2041	   75.2486
    6.8226	   99.0527	   11.6822	   21.0010	   79.7035
    7.3214	  263.2324	   11.1546	   18.8623	   81.6672
    7.1962	  179.7363	   10.7468	   21.5283	   77.3354
    7.7982	  302.2559	   10.0410	   24.4775	   78.3020
    6.9698	  203.6426	   11.3381	   32.9248	   79.0246
    7.3082	    3.6035	   11.1722	   31.7041	   81.6487
    7.1215	  200.4785	   10.3533	   23.8916	   73.7305
    6.8204	  161.2793	   11.1810	   17.8174	   76.2593
    6.7369	   71.8066	   10.6015	   30.3662	   71.4217
    6.9611	  172.5293	   10.4782	   29.6924	   72.9395
    7.8597	  118.9160	    8.8432	   24.0479	   69.5051
    7.5565	  289.2480	    9.3797	   32.5830	   70.8775
    6.8688	  129.9902	   11.0091	   30.7178	   75.6189
    6.6644	  147.0410	   11.4905	   17.4854	   76.5777
    6.9720	  140.7129	   11.3095	   15.4443	   78.8504
    7.7982	  302.2559	   10.0410	   24.4775	   78.3020
    7.2863	  172.7051	    9.9979	   21.9189	   72.8471
    7.6576	  136.4941	    9.8380	   24.8975	   75.3357
    7.9520	  122.6074	    9.6380	   21.4502	   76.6417
    6.5919	  166.3770	   11.2809	   22.8955	   74.3626
    7.5345	  185.7129	    9.6214	   27.0557	   72.4927
    7.8466	  125.4199	    9.1855	   23.3936	   72.0744
    6.4513	  182.3730	   11.7029	   26.0205	   75.4989
    7.9520	  122.6074	    9.6380	   21.4502	   76.6417
    7.3522	  216.4746	   10.4739	   18.1494	   77.0057
    7.1105	   77.6074	   11.3189	   33.9502	   80.4825
    7.4269	  153.5449	   10.8381	   21.2061	   80.4929
    7.4730	   26.1035	   10.0038	   22.0459	   74.7584
    7.6686	   50.5371	    9.2118	   28.5693	   70.6415
    8.0421	   76.2012	    8.6670	   21.0596	   69.7007
    7.9037	   15.5566	    8.8090	   15.2588	   69.6232
    7.4269	  153.5449	   10.8381	   21.2061	   80.4929
    7.0577	  115.0488	   10.0587	   24.1846	   70.9915
    7.1808	   49.4824	   10.0800	   24.4873	   72.3825
    6.4337	  152.8418	   11.5921	   21.4111	   74.5802
    6.5809	  178.3301	   11.4213	   23.4814	   75.1626
    7.2599	  332.3145	   11.2293	   16.9482	   81.5238
    6.8007	  209.0918	   12.0387	   18.2861	   81.8711
    6.8644	  108.5449	   10.3265	   18.7061	   70.8848
    6.6051	  194.8535	   11.1754	   31.4209	   73.8146
    6.6622	  183.2520	   11.3824	   18.6670	   75.8319
    7.6949	  113.2910	    9.0741	   16.8604	   69.8246
    7.0358	  157.4121	    9.8609	   15.7568	   69.3793
    6.9720	  140.7129	   11.3095	   15.4443	   78.8504
    7.4269	  153.5449	   10.8381	   21.2061	   80.4929
    6.4337	  152.8418	   11.5921	   21.4111	   74.5802
    7.6554	   27.8613	    8.7069	   30.5908	   66.6550
    7.7235	   92.5488	    9.1129	   25.4346	   70.3833
    7.6686	   50.5371	    9.2118	   28.5693	   70.6415
    6.9611	  172.5293	   10.4782	   29.6924	   72.9395
    7.4554	  244.0723	    9.4291	   33.8135	   70.2980
    7.8663	  134.7363	   10.1051	   19.0283	   79.4904
    7.7169	  103.6230	    9.2254	   17.8955	   71.1918
    7.3214	  263.2324	   11.1546	   18.8623	   81.6672
    7.6906	    8.1738	   10.0345	   33.2471	   77.1711
    8.0289	  149.6777	    9.3242	   28.1885	   74.8633
    7.1962	  179.7363	   10.7468	   21.5283	   77.3354
    7.8048	  164.9707	   10.1018	   33.4424	   78.8426
    6.5919	  166.3770	   11.2809	   22.8955	   74.3626
    7.8597	  118.9160	    8.8432	   24.0479	   69.5051
    7.6884	  185.3613	   10.2071	   15.6592	   78.4761
    7.9235	   44.3848	    8.3492	   29.5947	   66.1547
    7.9938	   39.9902	    8.4507	   25.7178	   67.5530
    7.5565	  289.2480	    9.3797	   32.5830	   70.8775
    7.6686	   50.5371	    9.2118	   28.5693	   70.6415
    8.0004	  242.6660	    8.8875	   22.1729	   71.1030
    7.5895	  161.1035	    9.7031	   29.5459	   73.6415
    7.6554	   27.8613	    8.7069	   30.5908	   66.6550
    7.6862	  158.9941	    9.6498	   16.1475	   74.1697
    7.3873	  253.0371	   10.8200	   32.6807	   79.9311
    7.2050	  204.8730	    9.9660	   24.7705	   71.8045
    7.7125	   62.4902	    9.2948	   29.4678	   71.6861
    7.7609	   98.7012	    9.9529	   15.1904	   77.2432
    6.9698	  203.6426	   11.3381	   32.9248	   79.0246
    7.5345	  185.7129	    9.6214	   27.0557	   72.4927
    7.2511	  271.1426	   11.1190	   31.6748	   80.6250
    6.9720	  140.7129	   11.3095	   15.4443	   78.8504
    7.8488	  217.7051	    9.5720	   20.5811	   75.1279
    7.4115	  347.4316	    9.7172	   16.3037	   72.0192
    7.4752	  352.8809	   10.5953	   25.4150	   79.2024
    7.7191	  265.1660	    9.7315	   16.5771	   75.1188
    7.8422	  124.3652	   10.1850	   24.7803	   79.8724
    6.9984	  191.8652	   10.8788	   31.0303	   76.1344
    7.0577	  115.0488	   10.0587	   24.1846	   70.9915
    7.8685	  105.3809	    8.2895	   33.3350	   65.2259
    7.8246	  234.2285	   10.1181	   31.7334	   79.1701
    7.9147	   81.4746	    8.7858	   24.3506	   69.5363
    6.8007	  209.0918	   12.0387	   18.2861	   81.8711
