    6.4491	  190.2832	   13.0474	   16.0986	   84.1439
    6.3700	   60.2051	   12.6793	   26.8311	   80.7672
    6.1854	  348.3105	   12.2371	   15.3857	   75.6919
    6.3700	   60.2051	   12.6793	   26.8311	   80.7672
    5.9591	    7.9980	   12.4696	   30.5420	   74.3075
    5.6735	  135.6152	   14.7526	   19.5947	   83.6983
    6.5018	    8.8770	   11.2094	   33.3545	   72.8819
    5.8910	  173.5840	   13.6554	   22.7979	   80.4440
    5.8536	  129.8145	   14.1997	   21.8018	   83.1197
    6.2909	  172.0020	   13.1779	   20.5420	   82.9010
    5.6559	  175.1660	   15.0397	   21.5771	   85.0629
    6.2008	  318.4277	   12.6231	   29.9365	   78.2734
    5.9965	  249.5215	   13.7295	   18.8916	   82.3286
    6.4908	  319.1309	   12.9245	   33.5400	   83.8912
    6.2250	  252.5098	   12.5384	   23.0322	   78.0510
    6.1041	  158.8184	   12.3444	   33.1787	   75.3518
    6.5128	   65.8301	   12.4875	   29.7314	   81.3288
    6.0624	  159.3457	   14.1298	   29.9951	   85.6605
    6.0514	  236.1621	   13.4402	   22.6318	   81.3317
    5.6251	  155.6543	   14.4558	   32.5049	   81.3155
    5.9943	   28.5645	   13.3016	   32.5732	   79.7330
    5.6801	  203.2910	   14.1322	   21.8604	   80.2718
    5.9569	  173.4082	   13.3209	   32.9639	   79.3513
    5.6427	  134.5605	   15.2941	   23.5107	   86.3002
    6.4886	  307.3535	   11.3149	   22.6709	   73.4185
    5.4625	  117.5098	   14.6044	   19.4678	   79.7769
    5.6361	  101.1621	   13.6001	   25.1318	   76.6514
    6.0931	   92.9004	   12.3676	   29.7119	   75.3576
    6.2030	   13.0957	   13.0828	   30.6201	   81.1528
    5.8690	  295.7520	   13.1940	   25.0830	   77.4360
    6.1854	  348.3105	   12.2371	   15.3857	   75.6919
    6.1481	  282.0410	   12.4689	   25.0146	   76.6595
    6.5018	    8.8770	   11.2094	   33.3545	   72.8819
    5.8580	   54.7559	   14.6455	   24.2725	   85.7936
    5.7679	  109.0723	   13.7537	   26.3135	   79.3306
    5.9371	  197.6660	   14.1957	   15.3271	   84.2815
    6.0118	  195.9082	   12.9046	   19.2139	   77.5802
    6.5106	  198.5449	   12.2451	   26.2939	   79.7230
    6.0931	   92.9004	   12.3676	   29.7119	   75.3576
    6.3700	   60.2051	   12.6793	   26.8311	   80.7672
    6.2755	    6.0645	   13.2461	   18.6768	   83.1259
    5.9767	  131.2207	   13.7132	   21.5674	   81.9595
    5.8207	  100.4590	   13.3977	   18.7354	   77.9837
    5.3615	  157.0605	   14.2632	   27.7393	   76.4714
    5.9371	  197.6660	   14.1957	   15.3271	   84.2815
    6.2975	  239.1504	   13.1704	   26.5869	   82.9401
    5.8778	  302.0801	   13.8439	   24.6436	   81.3719
    5.7174	  133.5059	   14.7550	   30.1025	   84.3603
    5.8448	   66.3574	   14.4922	   22.0752	   84.7044
    6.4139	  277.4707	   12.7623	   24.6924	   81.8565
    5.5087	  135.2637	   15.8111	   24.0283	   87.0982
    6.0997	  131.7480	   12.6725	   16.1670	   77.2990
    6.3260	  112.0605	   13.0724	   24.7607	   82.6968
    5.7767	  247.5879	   14.0984	   18.2568	   81.4429
    5.9767	  131.2207	   13.7132	   21.5674	   81.9595
    6.0536	  173.2324	   12.3008	   16.1377	   74.4637
    5.8097	  257.0801	   14.5977	   27.8564	   84.8079
    6.1217	   61.7871	   13.6808	   19.1943	   83.7499
    5.6185	   74.6191	   15.0200	   26.6650	   84.3903
    5.2867	  182.1973	   14.3873	   24.6240	   76.0620
    6.2140	  137.5488	   12.5909	   32.0654	   78.2395
    6.0624	  159.3457	   14.1298	   29.9951	   85.6605
    5.9108	  292.5879	   13.2372	   29.2432	   78.2420
    6.2008	  318.4277	   12.6231	   29.9365	   78.2734
    6.4139	  277.4707	   12.7623	   24.6924	   81.8565
    5.9152	   29.2676	   12.8749	   17.3877	   76.1570
    6.4139	  277.4707	   12.7623	   24.6924	   81.8565
    5.6801	  203.2910	   14.1322	   21.8604	   80.2718
    5.9086	   75.3223	   13.7589	   15.6885	   81.2956
    5.9679	   17.1387	   12.4700	   26.9092	   74.4199
    6.2799	  178.5059	   13.0669	   22.3975	   82.0587
    6.4337	  152.8418	   11.5921	   21.4111	   74.5802
    6.4513	  182.3730	   11.7029	   26.0205	   75.4989
    5.6075	  249.8730	   13.9934	   27.7295	   78.4686
    6.2008	  318.4277	   12.6231	   29.9365	   78.2734
    5.6361	  101.1621	   13.6001	   25.1318	   76.6514
    6.3942	  283.2715	   11.4959	   32.9834	   73.5069
    5.5153	  151.0840	   15.9281	   19.0479	   87.8474
    5.5262	  127.7051	   15.1993	   24.4189	   83.9950
    6.4930	   56.5137	   11.7119	   24.0967	   76.0458
    6.4886	  307.3535	   11.3149	   22.6709	   73.4185
    5.6361	  101.1621	   13.6001	   25.1318	   76.6514
    6.0668	  266.3965	   12.2685	   16.7041	   74.4303
    6.0536	  173.2324	   12.3008	   16.1377	   74.4637
    5.6713	   81.6504	   14.0414	   20.3369	   79.6326
    5.3153	  167.0801	   14.4261	   17.1436	   76.6791
    5.5153	  151.0840	   15.9281	   19.0479	   87.8474
    5.9591	    7.9980	   12.4696	   30.5420	   74.3075
    5.8822	   42.2754	   14.3459	   27.5244	   84.3853
    5.6801	  203.2910	   14.1322	   21.8604	   80.2718
    5.7482	  171.1230	   14.4381	   23.3545	   82.9924
    6.3568	  184.3066	   12.8825	   29.1162	   81.8913
    6.2030	   13.0957	   13.0828	   30.6201	   81.1528
    5.8822	   42.2754	   14.3459	   27.5244	   84.3853
    5.8185	  199.2480	   12.8916	   27.5830	   75.0095
    5.8602	   28.3887	   14.7561	   20.0342	   86.4738
    6.2799	  178.5059	   13.0669	   22.3975	   82.0587
    5.7328	  336.8848	   14.0521	   25.8447	   80.5577
    6.0404	  153.3691	   12.2134	   25.2100	   73.7737
    5.6844	   81.8262	   15.0761	   31.7529	   85.6991
    5.9261	  352.3535	   13.0030	   29.8291	   77.0580
    5.7987	  357.6270	   13.9446	   16.0205	   80.8606
    6.3458	  190.8105	   12.8715	   15.8643	   81.6802
    5.6251	  155.6543	   14.4558	   32.5049	   81.3155
    5.6625	   27.5098	   14.4194	   24.4678	   81.6493
    6.0624	  159.3457	   14.1298	   29.9951	   85.6605
    6.5194	  308.4082	   12.8828	   25.4639	   83.9880
    5.3615	  157.0605	   14.2632	   27.7393	   76.4714
    6.1239	  181.1426	   11.9994	   33.3252	   73.4832
    5.5175	  159.8730	   15.4137	   32.7295	   85.0442
    6.5106	  198.5449	   12.2451	   26.2939	   79.7230
    5.8273	  343.3887	   12.9433	   22.5342	   75.4244
    6.4843	  324.4043	   11.4258	   19.3701	   74.0876
    5.7965	  308.5840	   13.2090	   19.7021	   76.5661
    6.3568	  184.3066	   12.8825	   29.1162	   81.8913
    5.6185	   74.6191	   15.0200	   26.6650	   84.3903
    5.5175	  159.8730	   15.4137	   32.7295	   85.0442
    6.4293	  280.4590	   12.2498	   21.2646	   78.7579
    5.8273	  343.3887	   12.9433	   22.5342	   75.4244
    5.7328	  336.8848	   14.0521	   25.8447	   80.5577
    6.3392	  112.5879	   12.4103	   19.2432	   78.6718
    6.0536	  173.2324	   12.3008	   16.1377	   74.4637
    5.4779	  108.3691	   14.1920	   27.7100	   77.7426
    5.7965	  308.5840	   13.2090	   19.7021	   76.5661
    6.4293	  280.4590	   12.2498	   21.2646	   78.7579
    5.6251	  155.6543	   14.4558	   32.5049	   81.3155
    6.1591	  350.4199	   12.9999	   15.8936	   80.0669
    5.9481	  243.5449	   13.9332	   23.7939	   82.8763
    5.5175	  159.8730	   15.4137	   32.7295	   85.0442
    6.4491	  190.2832	   13.0474	   16.0986	   84.1439
    5.8778	  302.0801	   13.8439	   24.6436	   81.3719
    5.9877	  196.9629	   13.9512	   32.3193	   83.5353
    6.5018	    8.8770	   11.2094	   33.3545	   72.8819
    5.7438	  219.9902	   15.2032	   34.2822	   87.3238
    5.8580	   54.7559	   14.6455	   24.2725	   85.7936
    5.6339	  128.2324	   15.0349	   18.6377	   84.7051
    6.2623	   16.9629	   11.6963	   22.3193	   73.2459
    5.8536	  129.8145	   14.1997	   21.8018	   83.1197
    6.4249	  318.0762	   12.8685	   27.6221	   82.6789
    5.6251	  155.6543	   14.4558	   32.5049	   81.3155
    5.9196	   25.9277	   13.5819	   31.1865	   80.3989
    6.4139	  277.4707	   12.7623	   24.6924	   81.8565
    5.9327	  334.9512	   13.4349	   20.8154	   79.7059
    5.6361	  101.1621	   13.6001	   25.1318	   76.6514
    5.7064	  219.4629	   14.1703	   16.4307	   80.8616
    5.4186	  129.4629	   14.8535	   18.5693	   80.4847
    5.7526	  321.9434	   15.0621	   34.0088	   86.6456
    5.2955	  170.2441	   14.9493	   31.7725	   79.1645
    6.4667	   34.1895	   12.0181	   33.3643	   77.7170
    6.0624	  159.3457	   14.1298	   29.9951	   85.6605
    5.7438	  219.9902	   15.2032	   34.2822	   87.3238
    6.0536	  173.2324	   12.3008	   16.1377	   74.4637
    5.5680	   65.3027	   15.4182	   29.1260	   85.8487
    5.7701	  146.3379	   13.3296	   21.1182	   76.9139
    6.3326	  281.3379	   12.8915	   33.6182	   81.6373
    6.2448	  305.0684	   12.3350	   20.0537	   77.0288
    5.6339	  128.2324	   15.0349	   18.6377	   84.7051
    5.7570	  123.4863	   13.9356	   15.9033	   80.2267
    6.4667	   34.1895	   12.0181	   33.3643	   77.7170
    5.7174	  133.5059	   14.7550	   30.1025	   84.3603
    5.6735	  135.6152	   14.7526	   19.5947	   83.6983
    5.8185	  199.2480	   12.8916	   27.5830	   75.0095
    5.9371	  197.6660	   14.1957	   15.3271	   84.2815
    6.4161	  354.8145	   12.0355	   30.6982	   77.2212
    6.0118	  195.9082	   12.9046	   19.2139	   77.5802
    6.2909	  172.0020	   13.1779	   20.5420	   82.9010
    5.3615	  157.0605	   14.2632	   27.7393	   76.4714
    5.3615	  157.0605	   14.2632	   27.7393	   76.4714
    5.6427	  134.5605	   15.2941	   23.5107	   86.3002
    6.1898	  232.8223	   13.5399	   34.4385	   83.8093
    5.6427	  134.5605	   15.2941	   23.5107	   86.3002
    5.8097	  257.0801	   14.5977	   27.8564	   84.8079
    6.0931	   92.9004	   12.3676	   29.7119	   75.3576
    6.0712	  269.7363	   14.1230	   33.4717	   85.7431
    5.9327	  334.9512	   13.4349	   20.8154	   79.7059
    6.0404	  153.3691	   12.2134	   25.2100	   73.7737
    6.1151	  297.6855	   13.5419	   31.9482	   82.8102
    5.9261	  352.3535	   13.0030	   29.8291	   77.0580
    6.0514	  236.1621	   13.4402	   22.6318	   81.3317
    5.7987	  357.6270	   13.9446	   16.0205	   80.8606
    6.4886	  307.3535	   11.3149	   22.6709	   73.4185
    6.2338	   53.3496	   12.3533	   27.8369	   77.0075
    6.3326	  281.3379	   12.8915	   33.6182	   81.6373
    6.2975	  239.1504	   13.1704	   26.5869	   82.9401
    6.2623	   16.9629	   11.6963	   22.3193	   73.2459
    5.9196	   25.9277	   13.5819	   31.1865	   80.3989
    5.7965	  308.5840	   13.2090	   19.7021	   76.5661
    6.3832	   55.4590	   11.7120	   31.2354	   74.7599
    6.1591	  350.4199	   12.9999	   15.8936	   80.0669
    5.7570	  123.4863	   13.9356	   15.9033	   80.2267
    6.3260	  112.0605	   13.0724	   24.7607	   82.6968
    6.0800	  294.8730	   13.3422	   30.2295	   81.1202
    5.7987	  357.6270	   13.9446	   16.0205	   80.8606
    5.7679	  109.0723	   13.7537	   26.3135	   79.3306
    5.7504	   62.6660	   13.9237	   17.8271	   80.0661
    6.3239	  172.3535	   12.6445	   19.8291	   79.9616
    5.4032	  149.3262	   14.9558	   31.9971	   80.8090
    5.2823	  158.6426	   14.9303	   25.4248	   78.8669
    6.1151	  297.6855	   13.5419	   31.9482	   82.8102
    6.4337	  152.8418	   11.5921	   21.4111	   74.5802
