0.1112
0.1443
0.1929
0.9849
1.1714
0.4510
0.9367
0.1841
0.1049
0.1957
0.7169
0.4744
0.5453
0.1075
0.1651
0.4547
0.9102
0.1481
0.3102
0.7777
0.6161
0.0613
0.5734
0.1075
0.0803
0.3854
0.7119
1.0082
0.7119
1.7571
1.2132
1.4500
0.1364
0.7119
0.1104
0.7156
0.1018
0.5927
0.7478
0.1484
0.1204
0.7460
0.8042
0.2254
0.2638
1.5647
0.0803
0.1049
0.8060
0.0965
0.4593
0.2656
0.8705
0.3854
0.3342
0.3310
0.1615
0.1224
0.0851
0.0677
0.0731
1.0817
0.9231
0.6214
0.1075
0.5145
0.2731
0.5454
0.6620
0.0622
0.6161
0.2743
0.3825
0.6381
0.2954
1.0812
0.1097
0.5899
0.7509
0.2314
0.6497
0.3352
1.1394
0.4488
0.1651
0.7777
1.1247
0.2870
0.0693
0.1435
1.5647
0.5453
1.4352
0.1453
0.2314
0.1921
0.1481
0.6598
0.6164
0.1137
1.1714
0.3352
0.3389
1.4352
0.1075
0.8060
0.2254
0.2466
0.1204
0.0874
0.5335
0.7460
1.7571
0.1227
0.5738
0.0677
0.5453
0.1097
0.1364
0.6381
0.1531
1.1145
0.4488
0.0705
0.1204
0.1596
1.5647
0.1929
0.4401
0.3342
0.1651
0.4744
0.5738
0.2403
0.6381
0.2725
1.4352
1.2132
0.1857
0.7119
1.1714
0.1086
0.3310
0.9231
0.0814
0.1857
1.0082
0.5416
1.0924
0.1844
0.1072
0.9102
0.0851
0.1148
0.6497
0.0644
1.0082
0.1487
1.6595
0.9102
0.5702
0.8060
1.7571
0.4593
1.4352
0.1615
0.0665
0.2954
1.1156
0.3492
0.4401
0.1487
0.0955
0.3342
1.4352
0.3652
0.5453
0.1148
0.5454
0.0803
0.1841
0.7509
0.2438
0.1097
0.9501
0.3919
1.5728
0.0518
0.2954
0.3916
0.1531
1.1145
0.2268
0.1148
0.1448
0.7777
1.1145
0.0955
0.1075
0.6161
