0.4283
0.5079
0.3239
0.4400
0.3638
0.1282
0.7362
0.2362
0.6310
0.1480
0.6126
0.4458
0.1342
0.2120
0.4640
0.3604
0.1944
0.2839
0.3339
0.9520
0.4640
0.7662
0.1986
0.3517
0.6355
0.1342
0.3587
0.5141
0.5672
0.4407
0.2731
0.5079
0.3345
0.5986
0.2839
0.4191
0.6397
0.3720
0.1806
0.1282
0.2138
0.2080
0.1644
0.3777
0.3246
0.3239
0.3667
0.3638
0.7049
0.4385
0.2619
0.6250
0.1282
0.2975
0.3985
0.6553
0.2138
0.1551
0.1551
0.9520
0.2980
0.3069
0.5986
0.5920
0.1644
0.3544
0.5591
0.7153
0.5133
0.7029
0.3678
0.3652
0.2465
0.1941
0.1496
0.3740
0.2069
0.1791
0.1791
0.8160
0.2619
0.4283
0.5555
0.9264
0.1551
0.6250
0.1877
0.1629
0.2895
0.4521
0.1038
0.3889
0.1941
0.2080
0.1342
0.3255
0.4871
0.6126
0.3896
0.8979
0.0977
0.9252
0.1547
0.1496
0.3922
0.2440
0.3802
0.3826
0.4742
0.3604
0.1905
0.4155
0.5522
0.6126
0.3638
0.1122
0.1186
0.4514
0.1944
0.5440
0.3784
0.4607
0.9264
0.9264
0.2494
0.3544
0.7443
0.0977
0.7443
0.3832
0.6363
0.6363
0.4458
0.1795
0.3544
0.7443
0.1139
0.3587
0.7163
0.5555
0.2133
0.2203
0.7362
0.7043
0.6355
0.2133
0.2494
0.4400
0.8028
0.9520
0.0954
0.5986
0.3969
0.6310
0.2650
0.4949
0.4181
0.6397
0.3398
0.2080
0.7029
0.1282
0.7933
0.3069
0.2076
0.4075
0.2980
0.2465
0.5672
0.2731
0.5668
0.3255
0.2076
0.1139
0.4639
0.6355
0.1038
0.1229
0.3017
0.1826
0.1480
0.1186
0.1318
0.4385
0.5662
0.1173
0.4307
0.1355
0.5089
0.4191
0.4385
0.4075
0.4400
0.3802
0.2647
0.5897
0.4639
0.2410
0.1986
0.1496
