1.4141
0.2716
0.2562
0.0326
0.5971
0.2981
0.0607
1.1154
0.2561
0.3199
1.0612
0.1292
1.3824
1.3502
0.7297
1.7240
1.8608
0.5721
0.1206
0.1448
1.6882
1.5701
1.1154
1.0996
0.2625
0.2630
0.5317
1.2999
0.1606
0.9225
0.4431
0.3684
0.2416
0.1767
1.3410
0.3684
1.5890
0.2699
0.1470
0.2403
1.3904
0.1529
0.3985
0.3601
1.1964
0.0883
0.1529
1.2866
1.0612
1.1964
1.3904
1.6882
1.2747
0.8193
0.9838
0.4431
1.3174
1.7289
0.2625
0.2654
1.5378
0.9225
0.1606
1.7240
1.5890
1.1983
0.2403
1.5701
1.7240
0.1127
1.5890
0.2413
0.1127
1.2866
1.3904
1.2747
0.4533
1.2328
0.6038
0.4533
0.2683
1.1592
0.1436
0.2630
0.2884
0.1436
0.3016
0.7297
1.7961
1.6495
0.2429
0.2955
1.3780
0.8232
0.5218
0.1334
0.5971
0.3830
0.2884
0.3171
1.1592
0.2593
0.2403
0.5971
0.2210
0.8259
0.1798
0.2897
0.3528
0.1892
1.4052
0.8259
0.5108
1.7240
1.4458
0.2562
0.7470
0.3040
0.1053
0.6566
0.2884
0.1436
1.4141
1.6215
0.0323
1.7249
1.4458
1.0996
0.3561
1.6596
0.3766
1.3410
0.5882
0.0607
0.0482
1.5441
0.4251
0.8298
0.1127
0.4069
0.1382
0.0944
1.3381
1.2866
1.0469
0.3830
1.6847
0.2421
1.1964
0.0482
0.4533
1.2999
0.8541
0.1606
0.1127
1.4954
1.4612
0.2154
0.3207
0.7470
0.7797
1.3780
0.3561
0.3684
0.3199
0.2884
0.1892
1.5890
0.0286
0.3684
1.4326
1.7240
0.2562
0.3270
0.3199
1.8608
1.5890
0.3307
1.7289
1.1983
0.0326
0.3868
0.4529
0.3016
1.8855
0.6566
0.2079
0.3040
0.1005
0.3232
0.1382
0.0371
0.0281
0.1947
0.2587
0.1821
0.1436
0.5971
1.4141
0.6705
