0.1163
0.2210
0.1802
0.1013
0.3268
0.2137
0.1056
0.2255
0.1718
0.1397
0.6434
0.3035
0.4817
0.8622
0.2154
1.2578
0.1593
0.2820
1.3114
0.2529
0.3791
1.3278
0.2444
0.1676
0.1831
0.2638
0.3377
1.2819
0.1418
0.6587
0.1132
1.0428
0.1630
1.5839
0.2171
0.2561
0.4270
0.1221
1.0207
0.2628
0.4273
0.9954
0.7004
0.1938
1.5860
1.2773
0.6141
0.2113
0.8831
1.7332
1.1369
1.1439
1.6625
1.6334
1.1542
0.6466
1.1432
1.6976
2.2016
1.1845
1.4492
0.7673
2.1859
1.8782
0.0000
0.0000
0.0000
0.0000
0.0000
0.0000
0.0000
0.0000
0.0349
0.0000
0.0000
0.0000
0.0000
0.0000
0.0000
0.0000
0.0000
0.0000
0.0000
0.0000
0.0007
0.0000
0.0000
0.0000
0.0000
