0.1820
0.1278
0.7399
0.2104
0.0865
0.0962
0.1375
0.1090
0.6188
0.1294
0.1202
0.0989
0.0997
0.3821
0.0697
0.1740
0.1587
0.3836
0.1247
0.9288
0.1192
0.1533
0.1437
0.0461
0.2820
1.0945
0.1247
1.2222
0.0974
0.3982
0.3154
0.5556
0.1375
0.1820
1.3481
0.3751
0.2271
0.1740
0.1243
0.3477
0.3626
1.2994
0.7376
0.1885
0.1028
0.3792
0.1391
0.3382
0.8277
0.5153
0.1289
0.0461
0.7101
0.5950
1.3695
0.0568
0.3626
0.1312
1.4554
1.4993
0.4884
0.0997
0.1041
0.0384
0.3487
1.3170
0.1938
0.6582
0.8067
0.4688
0.3487
0.2074
1.4182
0.1280
0.3487
0.0957
0.1317
0.3477
0.2900
0.5940
0.3626
0.0568
0.1028
1.3695
1.0884
0.5950
0.5449
0.9322
0.3137
0.3199
0.1064
0.1452
0.3626
0.3477
1.1197
0.5600
0.1317
0.3154
0.1845
0.1041
0.0857
0.1885
0.1008
0.2619
0.5449
0.5153
1.0884
0.0998
0.3626
1.3924
0.1247
0.3525
1.0191
0.3626
0.3504
0.2535
0.1526
1.0945
0.0857
0.2459
0.5950
0.1137
0.5603
0.8067
0.8277
0.3982
0.4688
0.1410
0.1587
0.2619
0.1192
0.4426
0.1687
0.0989
0.0605
0.0949
0.2535
0.6014
0.2535
0.1519
0.8185
0.1243
1.4993
0.1587
0.6582
0.0957
0.0974
0.5024
0.1845
0.1526
0.0974
0.0697
0.5940
0.3965
1.0721
0.0605
0.1959
0.2046
0.6817
0.6253
0.1885
0.0605
1.6158
1.0182
0.5940
0.3477
1.6158
0.2965
1.3481
0.5950
0.1317
1.2222
0.0697
0.3765
0.1916
0.3792
0.2535
0.4688
0.1237
0.1072
1.2010
0.0974
0.0997
0.6336
0.4001
0.1192
1.4270
0.2472
0.1209
0.5894
0.1416
0.5976
1.2737
0.3232
0.3836
0.6253
0.6336
0.1437
0.1192
0.1188
