0.1414
0.2078
0.1176
0.0989
0.3509
0.2264
0.2559
0.6571
0.2078
0.2458
0.8443
0.7807
0.1494
1.1110
0.6574
0.5313
0.7755
0.1649
0.2540
0.8831
0.7465
0.1250
0.2163
0.2892
0.8443
0.1832
0.7660
0.1186
0.1416
0.1230
0.8671
0.1000
0.1041
0.5204
0.2111
1.1344
0.1341
1.7384
0.2031
1.8215
0.3896
0.7514
0.7825
0.6102
1.2715
0.1331
1.8440
0.4373
0.1722
0.8813
0.8263
0.1212
0.4043
0.6118
1.2571
1.6409
0.5844
0.7103
1.4613
0.4121
0.6053
0.1841
0.6541
1.7234
1.3073
2.0069
1.2482
1.0520
2.0125
2.2733
1.5748
0.5276
1.9703
2.3631
1.6646
2.1807
2.9231
0.6312
1.7062
1.6926
2.7084
0.5581
1.5069
1.7619
0.9428
0.2561
0.6370
2.8552
2.5924
2.3661
2.5365
2.9241
2.1275
1.4626
2.5382
2.1799
0.9794
1.3164
2.4460
2.7664
2.7178
2.3352
1.0594
1.5624
2.6253
3.2447
2.7976
2.4751
0.0000
0.0494
0.0000
0.0320
0.0030
0.0433
0.0530
0.0639
0.0000
0.0712
0.0752
0.0659
0.0000
0.0854
0.0424
0.0518
0.0906
0.0874
