0.4509
0.5907
0.1279
0.3170
1.0389
0.2120
1.5941
1.6340
1.4595
0.8745
1.1315
0.2082
1.3287
0.8457
1.4617
0.1375
0.3265
1.5896
0.8575
0.2378
0.1139
0.3480
0.2590
0.6545
1.1231
0.1371
0.5152
0.2569
0.4225
0.3394
1.4617
0.1139
0.4394
0.9375
0.3900
0.1593
0.1375
0.0956
1.2579
0.3161
0.7998
0.2297
0.8142
0.3394
0.7165
0.1139
0.6745
0.1366
1.4766
0.1034
0.1660
1.3287
0.6076
0.0956
0.5097
0.6786
0.2322
0.6030
0.9652
1.8556
0.4139
0.1578
1.2819
0.2071
0.8244
0.9354
0.1783
1.4617
0.6030
0.7671
0.0987
0.4890
0.1279
0.5169
0.3913
1.2949
0.4139
0.3509
0.7575
0.1573
0.7165
1.3227
0.9375
0.5290
1.0816
0.2569
0.6786
0.1774
0.6745
0.2322
0.8575
0.2714
0.3829
0.3333
0.9375
0.2707
0.3503
0.1066
0.2714
0.4139
1.0411
0.1366
0.1523
0.1011
0.5336
0.6056
1.1814
0.7430
0.8693
0.1882
0.5290
0.9327
0.8550
0.9375
0.9327
0.3488
0.9652
0.9724
0.2120
0.9375
1.1571
0.1611
1.4766
0.4209
0.2120
0.7430
0.4509
1.1315
0.9375
0.4140
0.4209
1.2819
0.5128
0.3553
1.2949
0.8457
1.1718
0.5128
1.4766
1.0805
1.1814
0.0987
1.4766
0.5128
1.2942
0.9652
0.1660
0.3766
0.8550
0.2120
0.1592
1.6340
0.2714
0.2576
1.9679
0.3480
0.8745
0.1882
0.2752
0.6640
1.5139
0.1593
0.7165
0.9652
1.1315
0.1593
0.5154
0.5169
0.6211
0.2297
0.0956
0.4285
0.6056
0.1774
0.1543
0.5290
0.6786
0.1543
0.4140
0.2378
0.2932
0.6742
1.0816
0.1592
0.4890
1.2992
0.6076
0.5154
0.6640
0.5097
0.6337
0.4509
1.4617
0.8575
0.1066
0.5336
0.1774
0.2995
0.8745
1.3454
