0.3591
0.1701
0.8100
0.3183
0.5841
0.3701
0.1146
0.2239
0.1576
0.1323
0.2446
0.3384
0.1040
0.1552
0.2446
0.1216
0.2530
0.7041
0.2994
0.1757
0.2239
0.3933
0.3139
0.3367
0.3286
0.1568
0.6508
0.2530
0.6098
0.8100
0.4415
0.2118
0.5663
0.1196
0.1379
0.1318
0.1822
0.7105
0.1329
0.2476
0.1233
0.1470
0.3768
0.2723
0.7784
0.3177
0.1822
0.3933
0.6904
0.1375
0.1568
0.1889
0.2130
0.6098
0.3158
0.3350
0.3183
0.2309
0.3495
0.3035
0.1470
0.2111
0.5625
0.1270
0.3788
0.4120
0.3177
0.3788
0.1040
0.6115
0.1180
0.2723
0.3275
0.7041
0.2980
0.1822
0.6904
0.1692
0.4084
0.1375
0.3506
0.3332
0.6613
0.1048
0.3183
0.4004
0.1618
0.4162
0.6232
0.1340
0.1196
0.2829
0.3298
0.3286
0.2075
0.4914
0.1389
0.1599
0.5411
0.1568
0.1318
0.1572
0.2280
0.1889
0.2154
0.1576
0.3183
0.2309
0.1375
0.5462
0.1692
0.1302
0.4914
0.2446
0.3933
0.4873
0.1386
0.2130
0.2756
0.4162
0.2111
0.1115
0.2837
0.6115
0.1572
0.1901
0.4481
0.3739
0.1692
0.3933
0.3298
0.1822
0.4539
0.7784
0.1798
0.3275
0.3088
0.3141
0.1056
0.6508
0.1056
0.1323
0.1599
0.1967
0.8285
0.4066
0.8100
0.2891
0.3780
0.1470
0.3332
0.5164
0.6098
0.1967
0.5131
0.2899
0.1568
0.8100
0.2723
0.6508
0.3398
0.2002
0.6508
0.4873
0.1040
0.2384
0.1450
0.2112
0.1270
0.6785
0.2643
0.3034
0.1147
0.1657
0.1582
0.5841
0.2994
0.1599
0.1375
0.2476
0.3035
0.8100
0.1701
0.7137
0.4084
0.1898
0.1078
0.2713
0.4190
0.1326
0.5131
0.0992
0.1147
0.1323
0.3298
0.2837
0.2059
0.0992
0.1345
0.4873
