0.1119
0.3098
0.1724
0.3568
0.1709
0.4298
0.3321
0.3107
0.1478
0.2353
0.3449
0.5050
0.2249
0.6596
0.2049
0.5086
0.1073
0.3145
1.1977
0.1093
0.6976
0.7470
1.4089
0.6651
0.4216
0.7134
0.1417
0.4423
0.1573
0.5100
1.2166
1.3981
0.3544
0.1633
1.3334
0.1961
0.4343
0.2595
0.1160
0.7866
0.1980
0.5093
0.2738
1.4193
0.1568
1.5373
1.5692
0.7053
0.3917
1.8979
0.5097
0.8057
1.9187
0.1872
0.3822
0.2182
0.3086
0.9653
2.0787
0.6551
0.8637
0.7912
0.3030
1.6870
0.7323
1.1662
1.3122
0.6211
0.7117
1.3497
2.0490
1.4128
1.3341
1.8959
0.3852
1.7249
2.1546
1.1446
1.0573
0.9741
2.1049
1.0955
2.2660
2.1276
1.8205
0.7098
1.9457
0.6697
2.2310
1.3440
1.8605
1.1015
1.2053
1.7828
1.3076
1.5352
1.4844
2.3543
2.0679
1.0225
1.8015
1.2384
1.0176
0.7558
1.0239
2.2616
0.9868
0.0774
0.0791
0.0446
0.0788
0.0867
0.0841
0.0232
0.0953
0.0910
0.0219
0.0278
0.0281
0.0565
0.0330
0.0325
0.0391
0.0831
0.0477
