1.3012
2.1709
0.4566
0.6916
0.0596
0.5670
0.1890
1.7868
1.8146
0.6166
1.1621
2.1709
0.4095
1.6583
1.2734
0.1304
0.9502
0.7581
1.5945
2.1709
0.2623
0.2788
0.3018
0.1951
0.2045
0.4566
0.7090
0.0899
1.1053
0.8893
0.4788
0.7031
1.0911
1.9537
0.1858
0.8872
0.1152
0.3707
0.1158
0.6410
1.4826
0.2163
0.9502
1.7868
0.1553
0.5239
1.3244
1.9985
0.3735
0.1152
0.2936
0.6190
0.1198
0.5670
0.6410
0.4640
0.2676
0.2096
0.0344
0.3858
1.4650
0.3098
2.0430
0.2045
0.6273
0.0497
0.4095
0.2744
1.2143
0.2045
0.9191
1.1053
0.2065
1.1621
0.2333
1.5436
0.0511
0.2980
0.7533
0.3786
0.4640
0.2806
0.0596
0.1152
0.1091
0.7921
0.6172
0.4788
1.0911
0.6273
0.8003
0.2045
1.5010
0.3467
1.6268
0.8708
0.4221
0.3018
0.1839
2.0430
1.2143
0.1152
0.3665
0.9267
0.1198
0.6528
0.3858
0.4517
1.6953
0.4573
0.1928
1.8656
0.3915
0.1951
1.9985
0.0604
1.6818
0.7505
0.9525
0.8012
0.6190
1.1621
1.3546
0.0530
0.3707
0.1858
0.7533
0.5682
0.2676
0.2865
0.4134
0.6528
0.2360
0.1668
0.4573
0.2623
0.2744
0.8012
1.7210
1.7868
0.1928
0.0627
0.3629
0.1245
0.4706
1.1562
0.0474
0.0596
1.3484
0.3018
0.7090
0.6212
0.9525
0.8893
0.2744
0.5682
0.2163
0.0604
0.3695
0.0899
0.1463
0.4095
0.5140
1.5436
0.9525
0.1520
0.1802
0.6166
0.6961
0.7090
0.8012
0.0511
0.1570
0.7451
0.1802
0.1439
2.0430
0.0344
0.1531
0.1520
0.2604
0.2944
0.4517
0.7741
1.3546
0.0478
0.1152
0.1277
0.0899
0.4011
1.5115
0.6166
0.4935
1.7210
1.9610
0.1668
0.1951
0.4788
0.1463
0.1091
