0.1290
0.1085
0.1028
0.1003
0.1390
0.0979
0.0979
0.1514
0.0988
0.1010
0.3579
0.2070
0.1211
0.2028
0.1314
0.1250
0.1207
0.1429
0.1009
0.2764
0.1751
0.1026
0.1122
0.1254
0.1035
0.2142
0.1035
0.1638
0.1041
0.2466
0.2795
0.1315
0.2633
0.2305
0.1210
0.1940
0.2252
0.1731
0.1092
0.1712
0.1086
0.3315
0.1106
0.7648
0.3478
0.2006
0.1178
0.1131
1.0500
0.2154
0.5328
0.1302
0.7131
1.4382
0.6977
0.1159
1.2716
0.1439
0.1491
0.3140
1.6270
0.8056
0.1469
0.1874
0.1508
1.6498
0.7070
0.1265
1.0140
1.7810
0.1243
0.7883
1.0891
1.7546
0.9642
0.4753
0.4222
1.3245
0.7551
1.9479
2.0881
1.2279
1.2971
0.3391
1.6453
1.0798
2.5250
2.3281
1.2078
1.2547
0.3979
1.8360
0.9479
1.0508
2.4833
2.4332
0.8662
2.6330
2.7297
1.0192
2.2626
0.6841
2.4689
2.6961
2.6079
2.7897
2.7346
2.6621
2.5496
1.6151
2.5590
2.7823
2.7696
2.6304
2.6929
2.4659
2.8008
3.0480
0.0000
0.0000
0.0812
0.0000
0.0442
0.0386
0.0000
0.0000
0.0867
0.0869
0.0000
0.0927
0.0910
0.0905
0.0000
0.0000
0.0025
0.0927
0.0715
0.0934
0.0002
0.0000
0.0394
0.0000
0.0056
0.0234
0.0767
