0.1025
0.4305
0.1588
0.1640
0.4860
0.1684
0.1868
0.3524
0.3423
0.1120
0.4887
0.1868
0.5556
0.8937
0.6071
0.9617
0.2337
0.1657
0.1563
0.2619
0.5780
1.3328
0.1285
0.1001
0.4661
0.1373
1.2247
0.3849
1.2504
0.4760
0.5121
0.3710
0.1684
0.1684
0.1285
0.3428
0.5799
0.4860
0.1073
0.3017
0.1432
0.2238
0.5624
0.9494
0.1310
0.5831
0.1373
0.2355
0.5780
0.2051
0.4465
0.5556
0.4119
0.8559
0.3428
0.1382
0.2355
0.1595
0.3450
0.5149
0.5952
0.1657
0.1595
0.5323
0.5780
0.8989
0.6106
0.1853
0.2187
0.4963
0.4877
0.1382
0.1310
0.2619
0.4458
0.1285
0.5799
1.0587
0.5121
0.2404
0.5831
0.3108
0.2502
0.1322
0.7227
0.5149
0.2723
0.5655
0.4661
1.5932
0.4119
0.1368
0.1047
0.1602
0.4047
0.1773
1.1867
1.2725
0.3979
1.1980
0.8624
0.2051
0.1123
0.3013
0.1684
0.3130
0.2116
0.2502
0.4488
1.2247
0.1047
0.5831
0.2116
0.1175
0.2404
0.1975
0.2380
1.1330
0.1111
0.1563
0.1851
0.1113
1.3328
0.1588
0.2187
0.4078
1.0587
0.2723
0.1684
0.7830
0.5773
0.2364
0.5351
0.9494
0.1684
1.2261
0.1243
0.1035
0.9617
0.1322
0.0955
0.3849
0.2404
0.1073
0.9482
0.4887
0.1120
0.1602
0.1563
0.2723
0.4458
0.2794
0.3108
0.1242
0.1209
0.2404
0.2723
0.2694
1.1330
0.5149
0.3236
0.0961
0.3849
0.4458
0.5351
1.3699
0.1657
0.5555
0.1684
0.5810
0.0973
0.1001
0.2320
0.2235
1.3916
0.1640
0.1310
0.1073
0.2320
0.1588
1.1980
0.1684
0.1209
0.1209
0.1853
0.4138
0.7830
1.2261
0.8559
0.3745
0.4545
0.1853
0.1798
0.1684
0.5655
0.3398
0.1001
0.1285
0.2953
1.5932
