0.1881
0.1061
0.5320
0.1094
0.1533
0.1821
0.2950
0.1814
0.4799
0.1016
0.5483
0.7463
0.5069
0.2074
0.9694
0.3713
0.2904
0.7970
0.6612
0.0963
0.7592
0.8315
1.0563
0.6011
0.1067
0.7049
1.0603
0.7527
0.8755
1.2382
1.1137
0.9303
1.1300
1.0608
0.1016
1.0245
1.0283
1.0859
0.1565
1.2170
0.0995
1.1145
0.4895
0.4869
1.0339
0.2001
0.2390
1.1801
0.4001
1.1274
0.6325
1.2028
1.3881
1.0238
1.2167
1.2251
0.8342
1.1482
1.1509
1.0763
0.7314
1.0858
0.6056
1.4260
0.4204
1.5838
1.3134
1.0876
1.0145
0.7135
2.1360
1.2726
1.5033
0.9726
1.7440
2.1507
1.6254
0.5412
2.0117
0.9176
1.0421
1.4149
2.3514
1.7591
1.1533
1.1773
1.1177
2.3648
2.0605
0.8155
2.2591
2.4701
0.9851
2.1546
2.2989
2.4775
2.4147
1.4033
1.4097
0.0000
0.0000
0.0000
0.0000
0.0000
0.0647
0.0000
0.0477
0.0759
0.0000
0.0677
0.0815
0.0945
0.0000
0.0000
0.0000
0.0000
0.0000
0.0000
0.0000
0.0887
0.0000
0.0932
0.0000
