0.1430
0.0959
0.6587
1.1885
1.3602
0.0979
0.2841
0.0979
0.1675
0.1034
0.2138
0.1034
0.5563
0.2642
0.3752
0.1034
0.3841
0.1357
0.1343
0.6757
0.5217
0.2486
0.6549
0.1256
0.6398
0.2216
0.1453
0.1716
0.3962
0.1487
0.2554
0.3637
0.3952
0.1476
0.3532
0.2784
0.1320
0.3362
0.1910
0.1261
0.2784
0.2189
0.1320
0.1910
0.4909
0.6215
0.8853
0.3952
0.5630
0.2554
0.8697
0.7428
0.4825
0.0979
0.2059
1.1216
0.3738
0.5259
0.4829
0.1733
0.0962
0.3645
0.0962
0.6215
0.9196
0.2745
0.1343
0.8963
0.8561
0.4091
0.5580
0.9196
0.0959
0.5825
0.6757
1.1216
0.3493
0.0979
0.7060
0.2678
0.8853
0.7660
0.7060
0.7732
0.3309
0.3738
0.1465
0.1527
0.3880
0.1736
0.0999
0.1187
0.0989
0.0959
0.1002
0.6962
0.3017
0.1751
0.0962
0.1261
0.2516
0.4909
0.4630
0.2998
0.3645
0.7047
0.1273
0.1465
0.2486
0.1320
0.8853
0.3960
0.4613
0.7660
0.2841
0.5769
0.1476
0.6186
0.1465
0.1357
0.1560
0.1320
0.1084
0.1747
0.1560
0.2173
0.3558
0.3254
0.1002
0.1422
0.6398
0.3967
0.1910
0.6757
0.1256
0.8561
0.2848
0.3558
0.7903
0.2968
0.7428
0.5006
0.1453
0.7047
0.1320
0.8092
0.1818
0.1747
0.2444
0.2554
0.3362
0.3048
0.3967
0.1884
0.3493
0.8492
0.3532
0.1910
0.8561
0.5180
0.7466
0.3442
0.2292
0.1174
0.1476
0.5006
0.5486
0.1323
0.1343
0.2216
0.3738
0.1465
0.8751
0.4266
0.3841
0.5259
0.3841
0.5630
0.5630
0.1037
0.1884
0.1236
0.2173
0.1361
0.8963
0.1174
0.6215
0.1736
0.1084
0.1733
0.1439
0.1716
0.6398
0.5739
0.2516
0.2784
0.4284
0.2424
0.9086
0.7902
