0.8644
0.3124
0.6577
0.1259
0.1022
0.4152
0.6482
0.3957
0.2146
0.8343
0.1207
0.2058
0.6577
0.1560
0.3701
0.2932
1.8107
0.9452
0.1096
1.2186
0.2772
1.3430
0.6124
0.1811
0.5902
0.1745
0.5261
0.5902
1.6668
0.1145
0.2058
0.3699
0.1833
0.6482
0.2288
0.1022
0.1809
0.3466
0.1164
0.2180
0.2112
0.2573
0.2436
0.8079
0.6577
0.1122
0.2573
0.1764
0.1143
0.1207
0.2146
0.2235
0.4981
0.1096
0.4981
0.8079
0.2573
0.1131
0.9781
0.4044
0.4044
0.1021
0.2525
0.4044
1.3063
0.2063
0.6131
1.2119
0.1308
0.2381
0.2438
1.3161
0.2235
1.1079
1.4615
1.3430
0.1661
0.7172
1.1475
0.4635
0.2846
0.2412
0.1211
0.5294
0.1833
0.1771
0.3977
0.2573
1.2502
0.2511
1.8107
0.2715
0.2772
0.1775
1.3063
0.3977
0.7172
0.8079
1.1475
0.2872
0.1833
0.6577
1.2619
0.2235
0.1421
1.1475
0.1200
0.1207
1.5916
0.1587
0.8339
0.1840
0.8339
0.1560
0.1096
0.8339
0.1207
0.5967
0.3600
0.2425
0.1888
1.5916
0.7807
0.1559
0.9781
0.3466
1.6297
0.3617
0.6482
0.4635
0.1337
0.6482
0.6686
1.6297
0.2412
0.1771
0.3699
2.2030
0.4853
0.1096
0.1834
0.3824
0.2050
0.6663
0.2123
0.3348
0.2235
0.1559
0.3957
0.2312
0.1560
1.3063
0.3699
0.1745
0.1809
0.1305
1.1475
0.6124
0.3466
0.1683
1.2423
0.0985
1.3430
0.1337
0.3348
1.6297
0.2846
0.1078
0.8339
0.2872
0.4581
0.1914
0.6663
0.8079
0.4510
0.3699
0.9663
2.0651
0.1259
0.1122
0.1840
0.7307
0.1914
0.2031
0.3824
0.8343
0.2312
0.6482
0.6482
1.3161
0.1191
0.4044
0.2335
0.1683
0.2063
1.1475
2.1877
0.2235
2.0651
0.2004
