0.2704
0.3867
0.2718
0.2259
0.1114
0.1603
1.1444
0.1246
0.1178
0.1226
0.3186
0.2995
0.1264
0.3867
0.1841
0.7129
0.1686
0.1793
0.1242
1.2479
1.3773
0.1307
0.1130
0.5876
0.0959
0.1004
0.1938
1.1444
0.1601
0.0967
0.7412
0.1686
0.3402
0.2834
1.1444
1.1444
0.6059
0.6340
0.1114
0.4631
0.5789
0.3009
0.5012
0.1275
0.2151
0.7965
0.1242
0.9812
0.4463
0.1407
0.2547
0.1444
0.2504
0.9614
0.8245
0.2180
0.1717
0.1008
0.2318
0.3806
0.1407
0.0975
0.5012
0.1004
0.1793
0.4127
1.1223
0.1004
0.1601
0.7365
0.4699
0.1004
0.2607
0.6822
0.1818
0.3799
0.2201
0.6461
0.1912
0.2259
0.3402
0.5052
0.7709
0.2995
0.2834
0.4463
0.3028
0.3226
0.1717
0.2226
0.1290
0.3276
0.1011
0.1226
0.2180
0.2420
0.4715
0.0962
0.2575
0.1366
0.8606
0.1288
0.1407
0.5789
1.1602
0.2492
0.1897
0.2492
0.2800
1.2254
0.5876
0.6548
1.1223
0.1246
0.9518
0.5148
0.2330
0.2957
0.6859
0.1004
0.2504
0.4963
0.2180
0.2575
0.8245
0.5012
0.4099
1.3102
0.2374
0.7138
0.1011
0.4588
0.7965
0.1373
0.0959
0.3919
0.2834
0.6059
0.5012
0.1370
0.2474
0.3433
0.3243
0.1107
0.0957
0.2627
0.4684
0.2330
0.5425
0.1373
0.1793
0.7212
0.1275
0.5148
0.2630
0.5148
0.4963
0.4463
1.1602
0.9002
1.2479
0.4684
0.1237
0.2597
0.1841
0.5434
0.2931
0.2718
0.0975
0.1511
0.2492
0.7129
0.2259
0.2005
0.5292
0.1493
0.2149
0.1022
1.2479
0.2149
0.1864
0.1246
0.5876
0.2259
0.0967
0.2253
0.2788
0.1370
0.1396
0.5876
0.3806
0.3243
0.3320
1.1602
0.1307
1.0234
0.0975
0.1129
0.1008
0.1373
