0.9322
0.5087
0.1817
0.7987
1.4861
0.2875
0.2875
0.1314
0.1727
0.7623
0.6093
0.2886
2.2070
0.2928
0.2917
0.6439
0.1046
0.9129
0.2969
0.7011
0.1730
0.2973
0.7623
0.4118
0.7623
0.1284
1.7203
0.1365
0.8579
0.2763
0.5243
1.9896
0.2519
0.1327
0.2340
1.3212
0.8579
0.7362
0.1478
0.8220
0.2886
1.5575
0.3350
1.2298
0.3716
0.2596
0.5485
0.1903
0.3660
0.9080
0.2875
0.7038
0.3530
0.7004
0.1003
0.6912
0.1081
0.7657
0.1909
0.1478
0.2928
0.1046
1.6678
0.1880
0.2763
0.5690
0.2928
0.7657
0.7038
0.5485
0.2973
0.9129
0.8538
0.5689
0.6846
0.8622
0.5485
0.9771
0.2519
0.1498
0.2063
1.0378
1.9896
0.7852
0.4802
2.4957
0.1163
1.0378
0.3244
0.7987
0.9940
0.7038
0.6442
0.6093
0.2875
0.9610
0.3660
0.4046
0.1903
0.3112
0.6598
2.1568
1.7203
0.9484
0.1327
1.5704
0.5243
0.4549
0.6488
0.1463
0.2763
2.5808
0.7852
2.1568
0.9093
0.1003
0.9940
0.4802
0.9395
0.2421
0.4530
0.4186
0.2886
0.1248
0.7106
0.6142
0.9610
0.6777
0.9484
0.2763
0.2969
0.3255
0.1046
0.1728
0.3244
0.1128
1.8345
0.3227
0.6168
0.6168
0.3660
1.4786
0.1727
0.6912
0.6912
0.7128
0.2519
2.3026
0.2415
0.6726
1.9957
1.8345
0.1075
0.1685
1.8345
0.1275
1.0007
0.1891
0.8220
0.1001
0.1498
0.1003
0.2139
0.1275
0.1573
0.2917
0.3164
2.1568
0.3306
1.1853
0.5690
0.2604
0.5649
0.7623
0.1976
1.2937
0.9914
0.7235
0.1416
1.8404
0.1909
0.9322
0.3255
0.7106
1.8404
0.8622
0.6554
1.9575
1.1070
0.7933
0.2508
1.4941
2.1568
0.2875
0.1284
0.2415
1.2769
0.2917
0.8538
0.1573
