0.1240
0.1125
0.2185
0.1615
0.0990
0.1836
0.1548
0.5023
0.3142
0.1692
0.7204
1.1078
0.5111
0.7754
0.4054
0.9435
0.2614
0.1126
0.4596
0.4507
0.7490
0.5361
1.2155
0.3418
0.1509
0.3374
1.4067
0.0960
0.3713
0.8293
0.8222
0.1968
0.1621
0.3980
1.3721
1.3186
1.8839
0.1425
1.6518
0.6129
1.3056
1.8731
1.3619
1.8134
1.1977
1.2726
1.4842
1.3654
1.4261
1.6606
1.3312
2.0259
0.4427
0.8180
1.2846
0.4742
2.0826
1.9188
1.4221
0.4078
2.0213
2.0094
0.7216
1.6306
0.9777
1.2928
2.0939
2.2588
2.0550
2.9296
2.1703
1.9591
1.4372
2.1615
2.7484
2.3422
0.0383
0.0560
0.0712
0.0791
0.0705
0.0792
0.0859
0.0567
0.0782
0.0867
0.0776
0.0814
0.0606
0.0895
0.0663
0.0829
0.0653
0.0642
0.0793
0.0936
