0.7561
0.1525
0.7696
0.6129
0.6782
0.2162
0.4269
0.1080
0.3736
0.3573
0.3733
0.1891
0.1596
0.2061
0.2700
0.1393
0.1247
0.2735
0.6049
0.9552
0.1822
0.7113
0.3329
0.2412
0.1822
0.2552
0.3471
0.2513
0.1427
0.2061
1.2001
0.3736
0.3431
0.1455
0.6068
1.0666
0.3736
1.0337
0.3695
0.3026
1.3131
1.4862
0.3166
0.3081
0.3694
1.1363
0.3235
0.2061
0.7696
0.5541
0.1362
0.1991
0.1014
1.4862
0.4175
0.5934
0.1935
0.1935
0.3318
0.2331
0.5541
0.1882
0.9331
0.3840
0.4482
0.3382
0.6760
0.0982
0.5873
0.1636
0.2577
0.5841
0.1464
0.3694
0.7218
1.3311
0.1888
0.5594
0.3382
0.5594
0.1888
0.3071
0.5262
0.1455
1.0666
0.1720
0.1912
0.4239
1.1174
0.1197
0.2579
0.9552
1.3131
0.3081
0.3329
0.3161
1.0666
0.2587
0.1636
0.2293
0.3235
0.1994
0.2120
0.3573
0.2264
0.3382
0.1247
1.0337
0.1317
0.1822
0.1991
0.7507
1.0762
0.1313
0.5628
0.4529
0.1772
0.3638
0.2162
0.1636
0.4965
0.4740
0.1163
0.4740
0.5465
0.2579
0.5594
0.1713
0.2277
0.4740
0.3241
0.2751
0.1919
0.7507
1.2880
0.8437
0.1281
0.4975
0.1107
0.1281
0.4806
0.0982
0.3946
0.1056
0.2061
0.3840
0.6185
0.6185
0.1636
0.6272
0.1456
0.2182
0.1891
1.3311
0.1056
0.1080
0.6185
0.1741
0.2577
0.5462
1.0872
0.6118
0.1427
0.1014
0.3125
0.1720
0.2766
0.2700
0.5934
0.3573
0.6118
0.2789
0.2263
0.2700
0.3485
0.1455
0.1056
0.1720
0.5873
0.3840
0.2823
0.2412
0.3471
0.5262
0.2412
0.1238
0.5873
0.2789
0.1991
0.3081
0.7561
0.4975
0.4806
0.3736
0.1056
0.5628
0.7561
0.1393
0.2264
0.1056
