0.9233
0.2913
0.1145
0.6355
0.1402
0.1427
1.2192
0.2683
1.1779
0.5322
1.1779
1.4399
0.4474
0.1427
0.4526
0.4951
0.1568
0.3239
0.1719
0.3047
0.1976
0.1920
1.1067
0.2273
0.2838
0.1696
1.5122
0.1073
0.1719
0.2778
0.1461
0.7151
0.3812
0.2297
0.1952
0.2838
0.2404
0.2297
0.1402
1.4733
1.2285
0.2073
1.5041
0.2262
0.2497
0.2022
1.2979
1.1492
0.2912
0.1223
0.1461
0.2980
1.3223
0.1976
0.4072
0.1284
0.3378
0.1106
1.4867
1.1157
0.2430
0.2802
0.1968
0.3498
0.1968
0.2565
0.8091
0.1048
0.3768
0.1418
0.3801
1.1444
1.5122
0.1728
0.3596
0.5322
0.4795
1.1779
0.8091
0.1173
0.3239
0.2038
1.4733
0.1562
0.1339
0.2990
0.1331
0.2575
0.4888
0.1019
0.2090
1.5122
0.2802
0.1019
1.5391
0.1828
0.1284
0.1198
0.1008
0.8742
0.7151
0.5730
0.3498
0.2912
0.1952
0.1402
0.1078
0.1540
0.1406
0.3640
0.2297
0.1583
0.6420
0.1331
0.2404
1.3223
0.1284
1.6506
0.2802
0.1583
0.2835
0.1106
0.9736
0.2565
0.1106
0.2438
0.2990
0.2090
0.1331
1.3436
0.7154
1.5122
1.4130
0.1119
1.3436
0.6355
0.6420
0.4967
0.4795
1.6506
0.5367
0.3959
0.3635
0.1976
0.1583
0.2042
1.1782
0.6850
1.4733
0.2370
0.2998
1.2285
0.3189
0.2762
0.4474
0.2838
0.1058
0.2117
0.1777
0.4795
0.2762
0.2838
0.2838
1.6506
0.1828
0.1145
0.2532
0.8210
1.1779
0.5367
0.3428
1.3223
0.2674
0.7151
1.5391
0.1696
0.1339
0.3378
0.1461
0.1314
0.2683
1.4522
1.6306
0.1223
0.1568
0.1748
0.7510
1.7313
0.2838
0.2980
0.1340
1.8195
0.1719
0.2683
0.5264
0.1145
0.1728
0.1568
0.1828
0.2273
