0.1126
0.2638
0.4221
0.1644
0.3510
0.2020
0.1474
0.2428
0.3220
0.4052
0.4529
0.1304
0.4101
0.3047
0.6631
0.5510
0.1211
0.1339
0.2491
0.4912
0.5128
0.7590
0.8957
0.4811
0.2502
0.3062
0.4349
0.3284
0.1063
0.9041
0.1018
0.2763
0.3414
0.3216
0.5217
0.3946
0.1568
0.4208
0.2368
0.2924
0.5829
0.4880
0.2111
0.4978
0.2502
1.0462
0.1582
0.9402
0.5014
0.3289
0.1028
0.6932
0.3445
0.6952
0.9089
0.2706
0.6577
0.5210
1.6149
0.1004
0.4952
0.4842
0.8701
0.2146
0.5191
0.1614
0.2709
0.5167
0.7193
0.6330
0.3775
0.7265
0.4248
2.1927
1.7824
1.8825
0.6373
0.9029
0.9619
0.9049
0.9945
1.8313
1.0127
1.3848
1.7779
0.4997
1.1952
0.8936
0.4129
2.3456
0.7852
1.8182
1.6677
1.9629
2.3209
2.1669
1.7732
1.0286
2.3800
2.0620
2.0958
1.7274
1.5522
1.5874
2.2162
1.8158
0.0589
0.0409
0.0416
0.0450
0.0384
0.0532
0.0489
0.0611
0.0478
0.0924
0.0827
0.0493
0.0501
0.0419
0.0612
0.0573
0.0696
0.0581
0.0034
0.0176
0.0907
0.0720
0.0741
0.0938
0.0852
0.0865
