0.1225
0.1038
0.4590
1.4952
0.2815
0.1478
0.3135
0.2828
0.1609
0.1487
0.2457
0.4526
0.2469
0.2524
0.8611
0.2089
1.0767
1.1125
0.1125
1.5661
0.2571
0.1834
0.2089
0.2076
0.1250
1.1125
0.1048
0.5430
0.2027
0.5771
1.1528
0.1443
0.5749
0.1305
0.4840
0.2076
0.2157
0.1557
0.7433
0.2669
1.3206
0.5427
0.4785
1.5661
0.6150
0.7883
0.1557
0.2213
0.9003
0.6862
1.5298
0.5430
0.2583
0.2815
0.4504
0.2313
1.5885
0.4604
0.6346
0.6782
1.1714
0.1291
0.7123
0.2140
0.9379
0.2199
0.2681
0.4526
0.2408
0.2027
0.2725
0.3640
0.1487
0.7623
0.3699
0.1162
0.1802
0.4126
0.3920
0.2583
0.3135
0.1443
0.3920
0.1061
0.1047
0.1125
0.4126
0.0958
0.3541
0.3754
0.1798
0.2951
0.1042
0.3000
0.1593
0.1478
0.6862
0.1225
0.5771
0.7883
0.4300
0.5419
0.2664
0.7869
0.1989
0.2951
0.4840
1.2960
0.2408
0.2022
0.6346
0.2213
0.1899
0.1047
0.1192
1.4647
0.2313
0.1890
0.3494
0.2916
0.7623
0.5961
0.4167
0.3017
0.2828
1.5298
0.4167
0.2408
0.2140
0.2583
0.3640
1.0819
0.3017
0.1483
0.1609
0.2752
0.2322
0.1764
0.1780
0.1798
0.8611
0.1471
0.2571
0.1753
0.2510
0.5653
1.4595
0.1807
0.5943
0.1478
0.5430
0.8141
0.2524
0.2669
0.1125
0.5653
0.1593
0.4427
0.1555
0.6937
0.1291
0.6829
0.8055
0.0958
0.1937
1.2223
0.2828
0.6829
0.4749
0.7123
0.5749
0.1483
0.2911
0.2510
0.1609
0.2157
0.4285
0.8031
0.2213
0.6161
0.1471
0.5961
0.1471
0.4749
0.1167
0.8986
0.9003
0.9051
0.4427
0.7869
0.1443
0.1475
0.3494
0.3726
0.1305
0.1167
0.5419
0.2261
0.2277
0.2199
