0.0983
0.2315
0.1222
0.4737
0.3618
0.1688
0.6729
1.2007
0.1586
0.5894
1.3739
0.1868
0.2836
0.7522
0.1135
0.4455
0.3867
0.1969
0.3531
0.8385
0.1007
0.2252
0.2316
0.1222
1.0315
0.5455
0.7522
0.4608
0.3076
0.8566
0.5826
1.0221
0.8458
0.7107
0.5801
0.8128
0.3471
0.4941
0.6781
0.3531
0.3471
0.2365
0.4526
0.1618
0.6551
0.3730
0.1482
0.2423
0.1630
1.0428
0.1061
0.8473
0.3589
0.2312
0.3562
0.3471
0.2256
0.3618
0.0954
0.1289
0.7522
0.2932
0.6781
0.5236
0.1688
0.5984
0.1969
0.2423
0.1312
0.3174
0.5801
0.3194
1.5414
0.7691
0.2218
0.2465
0.1906
0.6642
1.5471
1.0800
0.3076
0.4640
0.1275
1.5471
0.6551
1.2597
0.2036
0.1135
1.8625
0.1083
0.1729
0.4059
0.3560
0.4059
0.4305
0.6872
0.8913
0.6781
0.1969
0.6781
0.1049
1.0428
0.2423
0.4941
0.2666
1.2082
0.1445
1.3934
0.4526
0.5954
0.1294
1.6289
0.5455
0.1135
0.4620
0.6504
0.4100
1.5471
0.3264
0.8481
1.0315
0.8458
1.2007
0.1688
0.1289
0.5236
1.8205
0.3856
0.6551
1.6084
0.7691
0.5954
1.0001
0.2461
0.2423
0.1215
0.7852
0.2465
0.3856
0.1280
0.1294
0.5801
0.5118
0.2316
0.4941
0.2461
0.6354
0.3411
0.1061
0.3562
0.4338
0.7522
0.3194
0.1083
0.1401
0.1061
0.2692
0.4620
0.8566
0.1180
1.5358
0.6504
0.5801
0.2281
1.2197
0.1083
0.1882
0.2836
0.2692
1.3934
0.3531
0.3867
0.2403
0.1280
0.1294
1.5626
0.1518
1.0854
0.2075
0.2036
0.6540
0.2256
0.1061
0.1524
0.2968
0.7522
0.1906
1.3934
0.3562
0.2465
0.5217
0.1294
1.0428
0.6001
0.2461
0.2017
0.1411
0.3411
0.8211
0.2954
