0.1192
0.8220
0.2545
1.1728
0.1324
1.0172
0.7827
0.1825
0.4729
0.1554
0.7521
0.4516
1.3103
0.7667
0.1344
0.8516
0.3407
0.3263
0.3090
0.7427
0.4146
0.3836
0.1570
0.7266
1.2821
0.2269
0.3090
0.1223
0.1223
0.1192
1.1862
1.2346
0.7521
1.1851
0.3036
0.6401
0.8220
0.1392
0.6335
0.1803
0.1358
1.1925
0.2141
1.0900
0.7769
0.1162
0.2623
0.0986
0.7827
1.1862
0.2782
0.4059
0.6069
0.2031
1.2821
0.2141
0.3407
0.7034
0.5869
0.4337
0.8990
0.7090
1.6878
0.8277
0.7953
0.7161
0.9428
0.3788
0.7099
0.6327
0.6286
0.2753
0.1319
0.3036
1.2701
0.1269
0.2213
0.1710
0.7827
0.1001
1.2821
0.7161
0.1570
0.2141
0.1344
1.0354
0.4146
0.7266
0.2623
1.0354
0.1377
0.1001
1.4471
0.9217
0.2213
0.1664
0.7953
0.1473
1.7215
0.6335
0.1218
0.2273
0.3876
0.5903
0.1443
0.5268
0.6569
0.3407
1.7215
0.1036
0.5746
0.1197
0.2513
0.1524
0.1710
0.4888
0.9785
0.7090
0.7023
0.2461
1.4471
0.0986
0.3871
1.2821
0.4242
0.1257
0.3407
0.1377
0.2623
0.1756
0.7276
0.4146
0.1524
0.5315
1.2331
0.1652
0.4210
0.4242
0.1381
0.2983
0.1443
0.2191
0.8879
0.7099
0.4210
0.8990
0.0977
0.1598
0.0986
0.8153
0.2983
0.3090
1.4471
0.3407
0.7034
1.6878
0.9392
0.1776
0.9217
0.4696
0.5746
0.2631
0.2342
0.4027
0.2031
0.4933
0.3152
0.1448
0.3421
0.4933
0.8220
0.9039
0.1443
0.5606
0.1652
1.1279
0.1190
0.6401
0.1344
0.2269
0.4696
0.3788
1.0900
0.1825
0.3514
0.4933
1.0354
0.3514
0.2031
1.2331
0.4337
0.1664
0.9392
0.1756
1.2237
0.1710
0.1392
0.1218
0.1515
0.3263
