0.1709
0.1217
0.1691
0.1998
0.1319
0.1951
0.1742
0.1679
0.1744
0.1694
0.1964
0.2393
0.1811
0.4043
0.3039
0.1544
0.2020
0.3391
0.1414
0.1981
0.2077
0.1798
0.2351
0.1962
0.1983
0.1705
0.4090
0.2314
0.2024
0.2734
0.2016
0.5437
0.5488
0.1658
0.3770
0.8390
0.2896
0.5006
0.2072
0.4382
0.9817
0.4131
0.2691
0.2574
0.1903
0.1707
0.3557
0.1956
0.2567
1.3114
1.0056
1.0630
0.4535
0.2833
0.5959
0.2348
0.6019
1.1191
0.4060
0.5504
1.2184
0.2742
1.2445
0.2085
0.2478
1.6411
0.3057
1.2528
1.2829
1.4014
1.3868
1.3964
1.4363
0.5742
1.6365
1.4313
1.4358
1.2724
1.0475
1.1395
0.3844
0.7438
1.7403
0.5327
0.2574
0.5133
1.6560
1.8062
0.4019
0.6991
0.6672
0.7688
0.3421
0.6500
1.9847
0.4545
0.4552
0.5780
1.6858
1.5972
0.6907
0.6394
0.3290
2.2927
1.7622
1.8117
1.8750
0.3878
1.9564
2.1995
1.2604
2.0045
1.2811
1.2275
2.1689
2.4171
0.8666
2.2218
1.6703
2.1344
2.4246
2.2284
2.5732
2.4410
1.3419
2.4285
2.3532
2.4797
0.0109
0.0090
0.0082
0.0173
0.0170
0.0135
0.0243
0.0394
0.0000
0.0084
0.0181
0.0480
0.0374
0.0357
0.0218
0.0181
0.0003
0.0085
0.0231
0.0263
0.0086
0.0276
0.0675
0.0117
0.0216
0.0241
0.0279
