0.3221
0.2963
0.3103
0.3526
0.0974
0.1042
0.2804
0.6890
0.7245
0.6837
0.3479
0.6466
0.1834
0.7474
1.3470
0.7970
1.2585
0.7480
0.3938
1.0196
1.6730
1.5765
0.4477
1.2983
1.5986
1.1000
1.0724
0.4729
0.4059
0.9628
1.7766
1.8998
1.7031
0.2384
1.0130
1.3651
0.1071
0.3423
1.0192
1.7779
0.3305
0.1056
1.4559
0.2261
1.2896
1.6114
1.7293
2.1359
2.0083
2.3816
0.7206
1.7908
2.2206
1.3796
1.9280
0.5375
1.8358
1.7084
2.3058
0.5987
2.3156
2.1018
2.3155
2.2467
2.3390
2.1619
2.3951
1.7743
2.1178
1.5236
2.3360
2.4623
2.1522
2.4153
2.0776
2.5721
2.0229
2.4922
1.6291
2.3165
1.5250
2.4040
2.4171
0.0090
0.0725
0.0828
0.0282
0.0522
0.0793
0.0811
0.0823
0.0095
0.0371
0.0824
0.0878
0.0399
0.0939
