0.5047
0.4072
1.0192
1.1563
0.2363
0.1283
0.2258
0.2358
0.1377
0.1497
0.1017
0.6720
1.4600
0.4669
0.1583
0.3999
1.0751
1.2209
0.1283
0.2037
0.2037
1.2867
0.2541
1.1989
0.4669
0.1680
0.2554
0.7209
1.0840
0.1502
1.0840
0.4224
0.2258
0.3872
0.9025
0.3215
0.2039
1.0460
0.5682
0.2057
0.2386
1.4600
0.3999
0.2057
0.5185
0.1411
0.1377
0.2237
0.1301
0.1028
0.3189
0.1037
1.4600
0.1260
0.2033
0.5185
0.1648
0.4967
0.7991
0.1412
0.1862
0.2432
0.7426
0.2938
0.4809
0.1770
0.9239
0.3813
0.1102
0.2250
0.5811
0.5811
0.5668
0.1301
0.7209
0.5597
0.2868
0.1533
0.8134
0.3348
0.2378
1.4251
0.7873
1.2309
0.5047
0.5286
0.1055
1.0751
1.0217
0.1845
0.4072
0.2245
0.2027
0.2871
1.2867
0.1648
0.1070
0.2417
0.5459
0.2250
0.2432
0.4557
0.2027
0.7185
0.1219
1.1522
0.2590
0.2378
0.1219
0.2560
0.9239
0.3877
0.1583
0.2286
1.2008
0.1102
0.1680
0.2033
0.1301
0.5811
0.3870
0.2358
1.3882
1.0818
0.2938
0.1466
0.1602
0.1521
0.1169
0.3813
0.1028
0.1516
0.5504
0.2250
0.1411
0.2417
0.2786
0.2039
0.3492
0.3492
0.2554
0.1172
0.2560
0.2962
1.1522
0.3408
1.0079
0.2868
0.1770
0.2554
1.0751
0.1602
0.2237
0.1558
0.3348
0.1048
0.2767
0.4459
0.2786
0.2369
0.1070
0.4587
0.1017
0.5052
0.2057
0.1285
0.3215
1.0217
0.1533
0.8871
1.0460
0.1412
0.1594
1.2867
0.4773
0.2104
0.1824
0.1115
0.2037
0.2599
0.1594
0.1201
0.7873
1.2209
0.2250
0.2907
0.2938
0.2871
0.5285
0.2039
1.3817
0.3877
1.0079
0.4224
0.3792
0.4967
0.3870
0.3408
0.2554
1.3882
