0.1485
0.1565
0.1277
0.1690
0.0983
0.1640
0.1198
0.2232
0.1627
0.1089
0.1995
0.1734
0.1186
0.1338
0.2588
0.2367
0.2408
0.2975
0.1135
0.2322
0.2584
0.1245
0.0960
0.2971
0.2538
0.1924
0.3350
0.1845
0.3208
0.4751
0.1883
0.3528
0.0990
0.5134
0.3705
0.6058
0.1535
0.1456
0.4870
0.5589
0.4503
0.4852
0.4313
0.6223
0.1028
0.6454
0.2633
0.5040
0.1388
0.1502
0.0955
0.4979
0.6159
0.5432
0.7489
0.4667
0.2474
0.4957
0.1210
0.7657
0.1745
0.1153
0.2511
0.5467
0.1237
0.1153
0.1463
0.4493
0.1207
0.2702
0.6898
0.7653
0.1553
0.2866
0.4991
0.2522
0.1587
0.8287
0.7097
0.9618
0.1769
0.7541
0.7957
0.7675
0.7534
1.0014
0.4401
0.4026
0.4046
0.2255
0.2208
1.1341
0.8310
0.2422
0.2400
0.2064
0.2401
0.2560
1.1266
0.9285
0.8887
0.9608
0.5492
0.3713
0.7514
0.2722
0.2586
0.2732
0.5820
0.9851
0.7336
0.3230
0.9401
0.7584
0.2769
0.6182
0.5062
1.1550
1.1606
0.5000
1.0554
0.3437
1.1320
0.4903
0.4661
0.4776
1.2539
1.0347
1.3530
1.3159
1.1080
0.6368
0.7786
0.4686
0.4901
1.3539
1.5284
0.5789
1.4731
0.5985
1.0816
0.8575
0.7075
1.0535
0.8470
0.6534
0.6312
0.5745
0.5821
1.7603
0.8490
0.6978
1.4299
1.3721
0.9448
1.7970
1.5076
1.1604
0.7778
1.0515
0.7026
0.8493
1.6504
0.0755
0.0690
0.0666
0.0698
0.0925
0.0916
0.0573
0.0831
0.0781
0.0767
0.0624
0.0700
0.0598
0.0853
0.0661
0.0925
0.0773
0.0749
0.0822
0.0854
0.0935
0.0858
0.0752
0.0947
0.0792
0.0933
