0.1628
0.1881
0.5154
0.7351
1.4309
0.1627
0.2455
0.1213
0.9521
0.2019
0.2640
0.1786
0.2338
0.2792
0.2084
0.1270
0.2084
0.1607
0.3767
0.5497
0.4528
1.0213
0.5512
0.6614
0.6745
0.2471
0.4115
0.1652
0.3547
0.2714
0.3896
1.4174
0.1424
0.3925
0.1556
0.8720
0.4117
0.7623
1.0213
0.1587
0.5263
0.3925
0.1001
0.6305
0.2259
0.3993
0.2084
0.4420
0.2735
0.7351
0.4117
0.5908
0.6247
0.2760
0.8942
0.2217
0.1270
0.1552
0.2704
0.3670
0.9046
0.4412
0.9538
0.7275
0.7623
1.0661
0.1628
0.1840
0.1609
0.3383
0.7623
0.0978
0.3046
1.0213
0.1175
0.0978
0.6614
0.2735
1.0213
1.3778
0.2338
0.4172
0.3547
0.1454
0.2648
0.5154
0.1732
0.1424
0.1424
0.4297
0.4741
0.7275
0.9006
0.4117
0.2640
0.1659
0.2704
0.2623
0.7485
0.3265
0.7194
1.3436
0.1719
0.3227
0.2455
0.2259
0.1806
0.8720
1.4174
0.2191
0.3349
0.5512
0.2471
0.1732
0.2019
0.1857
0.1719
0.3925
0.1587
0.4384
0.1652
0.5154
0.3257
0.4013
0.1252
0.1629
1.2416
0.1732
0.7480
0.1547
1.0213
0.3896
1.3778
0.5155
0.2030
0.2259
0.1424
0.7688
0.0962
0.6247
0.3526
0.7623
0.3940
0.4013
1.0406
0.3349
0.1080
0.7351
0.1252
0.3566
0.1547
0.4545
0.6971
0.6971
0.2030
1.3436
0.1882
1.3436
1.1887
0.3286
0.3526
0.3227
0.2217
0.1806
0.2866
0.1454
0.3166
0.3739
0.4528
1.4130
0.7688
0.9006
0.9616
0.3767
0.2259
0.1157
0.3940
0.1587
0.2417
0.1342
0.4297
0.5913
0.2917
0.3547
0.6305
0.2735
0.1609
0.1609
0.2640
0.3392
0.2760
0.3363
0.9006
1.1680
0.8720
1.4309
1.3778
0.2881
0.9006
0.3680
