0.5544
0.6805
0.5297
0.1775
0.2673
1.4574
0.4852
0.6789
0.1392
0.4471
0.5553
1.5045
1.4597
0.2996
0.4333
0.4221
0.1203
0.5219
0.2996
0.4852
0.1194
0.5544
0.1721
0.5297
0.2911
0.1057
0.6805
0.1725
0.2278
0.9405
0.4852
0.1222
0.5057
0.5165
0.9405
0.1278
0.3083
0.1739
0.3083
0.1691
0.2099
0.7348
0.1059
0.5108
0.1232
0.7758
0.1285
0.5599
0.5553
0.2933
0.3542
0.5108
0.2521
0.7282
0.1966
1.1037
0.3799
0.2206
0.4120
0.6440
0.1392
0.2437
0.1546
1.0593
0.2290
0.2294
0.2206
0.4956
0.2335
0.5560
1.3118
0.6793
0.9459
0.1698
0.1192
1.4101
0.3270
0.2169
0.4120
0.1460
0.3233
0.3287
0.9459
0.0954
1.2325
0.1498
0.3157
0.1460
1.5045
0.2521
0.2321
0.9459
0.3233
0.1222
0.2911
1.1037
0.4403
0.1118
0.1775
0.3590
0.4186
1.1386
0.2726
0.2349
0.1546
0.1418
0.1190
1.0593
0.4443
0.1666
0.4116
1.2325
0.2075
0.5324
0.5297
0.1211
0.3399
0.1285
0.4471
0.4885
0.1192
0.1213
0.1284
0.0954
0.2013
0.9405
0.3157
0.5886
0.1192
0.4193
0.3083
0.1797
0.1703
0.4193
0.7690
0.3399
0.2933
0.4186
0.1739
0.5493
0.3558
1.0183
0.3083
0.9459
0.1937
0.5433
0.3270
0.5227
0.4764
0.7044
0.8369
0.4852
0.1058
1.0593
0.7348
0.3399
0.2436
0.2068
0.1725
0.1775
1.1037
0.7282
0.2169
0.4885
0.1203
0.6846
0.4186
0.6793
0.2000
0.5190
0.2294
0.3542
0.2990
1.4474
0.2187
0.2372
0.1739
1.4101
0.1118
0.4501
1.0240
0.1092
0.2894
1.2946
0.7758
0.1358
0.1398
0.3233
0.1161
0.1192
0.5190
0.5025
0.3868
0.1092
0.1358
0.4852
0.4121
0.4278
0.1730
0.3558
