0.1343
0.1645
0.1025
0.1246
0.1723
0.1300
0.1827
0.1094
0.2162
0.2573
0.1689
0.3382
0.1781
0.1859
0.1538
0.1420
0.2007
0.1008
0.1571
0.2522
0.2421
0.0964
0.1371
0.1376
0.1352
0.4048
0.1139
0.1401
0.1847
0.3319
0.1705
0.1166
0.1934
0.1170
0.1190
0.2208
0.3926
0.1730
0.3804
0.3328
0.2079
0.4390
0.1759
0.2711
0.2915
0.5701
0.2280
0.1993
0.3259
0.4885
0.3423
0.2003
0.3744
0.2062
0.2487
0.2119
0.2572
0.2387
0.2349
0.3035
0.5264
0.4784
0.5934
0.2919
0.2789
0.2851
0.2737
0.3812
0.3169
0.2922
0.3159
0.4289
0.3058
0.3160
0.5586
0.4670
0.5732
0.3459
0.4731
0.7246
0.3361
0.6632
0.3903
0.5232
0.3994
0.4003
0.3610
0.6007
0.4139
0.6781
0.4031
0.3763
0.8115
0.7469
0.3973
0.4008
0.4433
0.4176
0.3278
0.5393
0.7188
0.4432
0.4193
0.6617
0.4598
0.8167
0.5856
0.7685
0.8183
0.4468
0.4584
0.8574
0.9157
0.8769
0.9361
1.2981
0.5132
0.8845
0.9614
0.6132
0.9758
0.5688
0.8272
0.5845
1.1325
1.2101
0.9859
0.6525
0.8130
0.6286
1.5080
0.6478
0.8294
0.8502
0.7121
0.9008
0.8945
0.9341
1.0778
1.4086
0.8413
0.6679
0.9217
0.7220
0.6788
0.6683
0.5994
1.5472
0.8990
1.6223
0.6664
1.3925
1.0263
1.4496
1.3073
1.6331
1.5675
1.0215
0.8916
1.1485
1.3490
1.2872
1.3552
0.9025
1.3215
1.3345
0.7092
0.7996
1.0154
0.9811
1.2380
1.6354
0.9580
0.8009
0.0321
0.0813
0.0576
0.0839
0.0442
0.0714
0.0573
0.0266
0.0429
0.0568
0.0424
0.0408
0.0619
0.0352
0.0714
0.0447
0.0663
0.0669
0.0658
0.0770
0.0481
0.0617
0.0929
0.0907
