0.2653
0.6133
0.2266
0.3722
0.6619
0.6979
0.2548
0.1536
0.5688
0.1844
1.3896
1.0438
1.5342
0.7421
0.1601
0.2813
1.9314
1.6188
1.1053
0.4801
0.1072
0.1220
0.6979
0.1652
1.4564
1.1431
1.5342
0.5177
0.9540
1.0660
0.2168
0.2266
1.6089
1.3799
1.5641
1.8043
0.1510
0.8488
0.2011
0.8850
0.5089
1.6713
0.7729
0.1844
0.4986
0.1677
0.3291
0.2329
0.1528
0.9540
0.7729
1.6089
0.4071
0.1113
0.1777
0.3491
2.0794
0.5270
0.7421
0.4411
0.7774
0.1510
1.1669
0.0996
0.4176
0.5671
0.2011
0.5161
0.2204
0.4787
0.5832
1.1126
0.1454
1.5946
0.4782
0.2500
0.1179
0.0969
0.1652
0.2029
0.1530
0.4792
0.5765
0.6602
0.3640
0.1222
1.4361
0.1549
1.6713
0.5236
0.1940
0.4342
0.8259
0.1669
0.1460
0.2102
0.4790
0.2257
0.1619
0.4090
1.2688
0.2066
1.0660
0.9106
0.1844
0.4310
0.4270
0.1844
1.0438
0.2670
0.1873
0.5142
0.3721
0.3229
1.9314
0.2257
1.0575
0.6979
0.8488
0.6764
0.4607
0.1873
0.1619
0.2373
0.5270
1.1126
0.6619
0.9106
0.6101
0.5359
0.4310
0.4270
0.1113
0.2102
0.1764
0.1652
1.5641
0.5832
0.3640
0.1011
0.5089
0.1510
0.6313
1.5946
0.8982
0.7596
0.1113
0.4792
0.4790
0.2670
0.2605
0.8488
0.2704
0.8535
0.5688
0.4352
0.1541
0.2605
1.3937
0.2160
0.3722
0.3486
1.3937
0.3486
1.6713
0.1072
0.2168
0.2102
0.4310
0.2204
1.4099
0.3151
0.2925
0.2813
0.1210
0.1018
0.1194
0.2160
0.1194
0.5161
0.1652
1.0575
0.1113
1.6368
0.1384
0.4427
0.1534
0.8535
0.3897
0.1460
0.5666
0.7412
0.4176
0.5666
0.1528
0.2850
0.8738
0.2850
0.3226
0.1247
