0.1250
0.3315
0.1408
0.2388
0.1009
0.3365
0.4780
0.2145
0.1531
0.4723
0.4602
1.1187
0.8199
0.4382
1.0412
0.5048
0.9370
0.2981
0.3543
0.5211
0.4795
0.4421
0.9406
0.3805
1.2766
0.0967
0.4240
1.2455
1.5162
0.5742
1.4191
1.1894
0.1561
0.7659
0.2156
0.4520
1.6789
1.7181
1.3044
2.0054
1.7542
0.9681
0.6692
1.6723
1.9554
1.6021
1.1039
1.5352
2.0379
1.7920
1.6172
0.9866
1.3047
1.6258
2.0654
1.8707
2.0586
1.0309
1.5048
1.7268
0.8950
1.0729
1.5632
0.3691
2.1062
1.0813
0.6962
1.7262
1.0283
1.6209
2.0171
1.8581
2.2788
2.0478
2.4293
1.4790
2.0822
2.3700
1.7822
2.1713
1.2940
2.0978
1.8041
2.2771
0.0224
0.0641
0.0633
0.0614
0.0660
0.0672
0.0045
0.0733
0.0700
0.0158
0.0695
0.0018
0.0133
0.0727
0.0126
0.0828
0.0824
