0.2332
0.5491
0.1249
0.1296
1.4581
0.3980
0.3794
0.1512
0.1788
0.7476
0.2949
0.1181
0.8774
0.1044
0.5936
0.2801
0.2801
0.1845
0.1061
0.2067
0.4084
0.6226
0.5304
0.3091
0.2151
0.2927
0.5203
0.4375
0.1533
0.4871
0.6455
0.3980
0.9872
0.9773
0.4653
0.7081
0.1880
0.1880
0.1732
0.1533
0.2049
0.1072
0.1033
0.4686
0.1562
0.3955
0.5386
0.3388
0.2294
0.2699
0.4871
0.5386
0.5386
0.2533
0.4344
0.1398
0.1145
0.4996
0.1704
0.1753
0.4563
0.3980
0.1031
0.0992
0.1880
0.2332
1.0602
0.3708
0.4653
0.3070
0.2801
0.7110
0.3975
0.3963
0.3963
0.1763
0.2949
0.2927
0.1296
0.1845
0.1457
0.1788
0.1018
0.1478
1.0849
0.1291
0.1366
0.4344
0.1291
0.1704
0.1825
0.1072
0.5176
0.5240
0.1132
1.3043
0.1371
0.3926
0.1398
0.5887
0.0992
0.1731
0.4398
0.1519
0.4425
0.2677
0.8232
1.0849
0.4495
0.5304
0.1145
0.7891
0.4484
0.6060
0.0981
0.1262
1.3043
0.2094
0.1366
1.0602
0.1688
0.1269
0.7891
0.2949
0.1672
0.3091
0.6060
0.1688
0.1262
0.3207
0.1204
0.5491
0.2094
0.1512
0.1729
0.2251
0.3070
0.3980
0.4996
0.5441
0.6133
0.1398
0.5802
1.1420
0.3207
0.9167
0.3581
0.2533
0.8031
0.5936
1.1420
0.2966
0.4686
0.6936
0.0971
0.6040
0.5176
0.3794
0.4425
0.1181
0.4398
0.2291
1.1908
0.1788
0.3280
0.1031
0.8774
0.1366
0.4686
0.3926
0.1891
0.9480
0.2052
1.4581
0.7476
0.5386
0.1519
1.0602
0.3479
1.1420
0.0985
0.1825
0.1033
0.2533
1.2009
0.5491
1.1530
0.1132
0.2811
0.6316
0.4170
0.2801
0.3963
0.3363
0.5513
0.4587
0.1249
0.1562
0.1672
0.6092
