0.1890
1.3802
0.1232
0.1840
0.1232
0.1060
0.6672
0.1840
0.1927
0.2776
1.4629
0.5499
0.3078
0.1060
0.1580
0.7112
0.2200
0.2069
0.1239
0.1589
0.1688
0.5955
0.2433
0.2132
0.5282
0.2786
0.1179
1.0956
0.1274
0.2339
0.4957
0.1821
0.0986
0.7112
0.1069
0.1060
0.5771
0.2384
0.1437
0.1338
0.1179
0.8941
0.1821
0.8020
0.4957
0.1920
0.2942
0.1797
0.1311
0.5282
0.1874
0.7143
0.1589
0.1564
0.1145
1.1542
0.2170
0.2222
0.5772
0.1064
0.1179
0.2441
0.3808
0.2786
1.3665
0.9032
0.4799
0.1090
0.1564
0.1065
1.1967
0.2069
0.2441
0.9069
0.5282
0.3103
0.1443
0.2786
0.1910
0.2698
0.1030
0.4016
0.2155
0.5535
0.1280
0.0987
0.2710
0.5118
0.1633
0.1802
0.1375
0.4957
0.2462
0.1802
1.1478
0.5771
0.1496
0.1902
0.6672
0.3330
0.5772
0.2216
0.1809
0.2612
0.2710
1.3843
0.7239
0.4957
0.1064
0.1145
0.2612
0.1338
0.3330
0.9616
0.1090
0.2424
0.1064
0.9891
0.1448
0.1443
0.5289
0.0987
0.2776
0.2176
0.2441
0.3048
0.2776
0.0987
0.2698
0.1513
0.3078
0.1012
0.1807
0.2135
0.2400
0.1821
0.1890
0.1748
0.1060
0.1080
0.1030
0.1737
0.8932
0.2345
0.2503
1.2833
1.5470
0.2069
0.1496
0.1145
0.5955
0.1033
0.2155
0.1862
0.1205
0.2200
0.5955
0.1719
1.3109
0.9616
0.1443
1.4629
0.1807
0.1580
0.1012
1.2808
0.1920
0.1443
0.1489
0.1589
0.1548
0.8676
0.4957
0.5951
0.7112
0.1840
0.2179
0.1179
0.1311
0.5269
0.1802
0.1809
0.2179
0.1990
0.6672
1.3458
0.1070
0.1688
0.2382
0.2384
0.1149
0.1862
0.1719
0.2206
1.0956
0.2232
0.3048
0.4957
0.1496
0.2375
