0.1000
0.0997
0.2786
0.1397
0.2216
0.1071
0.1087
0.4044
0.2316
1.0385
1.0188
0.9129
0.2958
0.7979
0.2184
0.2218
1.0313
0.5731
1.4355
0.1791
1.2108
0.3156
0.3345
1.2044
1.7207
0.4652
1.4856
1.1633
1.0977
0.4286
1.9947
1.8663
1.1477
2.4066
1.9126
0.6759
0.6496
1.7087
1.9614
1.1499
0.6943
1.1843
2.1404
1.8941
1.1854
1.0744
0.4322
1.3248
2.0535
1.2504
2.0092
0.3246
0.7822
0.9990
0.1231
1.2622
0.2894
2.1876
0.2986
1.1471
1.1703
0.1900
0.6784
1.8978
1.5866
2.5125
1.2540
2.6715
0.6428
1.5282
2.7690
1.6044
1.9132
0.5230
1.9654
1.2787
1.9977
0.5997
2.5092
1.3749
2.7880
1.8346
1.6897
2.1717
2.2681
1.0578
1.7986
1.3369
1.9799
2.5235
2.5792
1.9907
1.4358
2.3668
1.3378
2.5210
1.0980
1.8218
1.2965
2.1760
1.8171
0.0517
0.0468
0.0619
0.0496
0.0565
0.0505
0.0606
0.0671
0.0558
0.0949
0.0584
0.0651
0.0894
0.0853
0.0816
0.0585
0.0855
0.0871
