0.1122
0.1653
0.2537
0.2140
0.1634
0.1051
0.1322
0.3968
0.1135
0.3809
0.3175
0.4476
0.0980
0.1448
0.1515
0.4834
0.2672
0.2539
0.0961
0.3424
0.3006
0.3236
0.3748
0.2533
0.3847
0.2124
0.5769
0.1688
0.2775
0.2696
0.4540
0.4798
0.3571
0.2278
0.1723
0.4108
0.2365
0.5895
0.2980
0.2592
1.4631
1.4696
0.5864
0.8143
0.5166
1.3418
0.7993
0.6473
1.1202
0.2800
1.6397
0.2023
0.3947
1.3679
0.6491
0.6840
1.4598
0.7806
1.3271
0.5055
0.4940
0.8695
0.6411
0.6869
0.3976
0.4930
0.7466
1.7482
0.3086
0.9980
0.5253
1.8413
1.7608
1.1961
1.0127
0.6616
0.6674
1.5983
0.8089
1.4104
1.3556
0.7057
1.0430
0.7394
1.7519
1.6918
1.7945
1.8580
1.6691
1.4623
1.0937
1.8733
1.7652
1.8957
0.0827
0.0572
0.0385
0.0759
0.0552
0.0580
0.0524
0.0616
0.0818
0.0890
0.0597
0.0573
0.0564
0.0669
0.0546
0.0632
0.0774
0.0683
0.0752
