0.0997
0.2616
0.1567
0.2880
0.1076
0.3600
0.2846
0.1856
0.4376
0.1237
0.2380
0.7881
0.2833
0.3660
0.6548
0.5239
0.2757
0.1783
0.4566
0.6870
0.4495
0.8470
0.1030
0.4548
0.5070
0.4516
0.3247
0.6044
1.0040
1.5877
0.1290
1.0341
1.2570
0.6879
0.4612
0.3368
0.6329
0.7329
0.8198
1.3635
0.9802
1.2984
0.7070
0.8841
0.1252
1.5718
0.5975
0.1255
0.9473
0.6940
1.4318
1.3586
0.2614
0.4489
1.1148
1.5689
0.2652
1.0296
1.4256
0.9089
0.3193
1.2911
1.2304
1.4995
1.5418
1.5476
1.8706
1.1950
1.5724
0.8011
0.9606
1.8604
0.9413
1.5558
1.1078
1.9346
1.7607
1.9797
0.0705
0.0733
0.0629
0.0419
0.0045
0.0795
0.0502
0.0528
0.0043
0.0420
0.0484
0.0891
0.0529
0.0139
0.0139
0.0519
0.0640
0.0188
