0.1137
0.1413
0.1376
0.1214
0.1490
0.1884
0.3357
0.3105
0.3156
0.2970
0.2081
0.3741
0.2502
0.4631
0.1234
0.1558
0.1480
0.1242
0.1104
0.1063
0.1127
0.7530
0.1472
0.1782
0.4350
0.1720
0.6244
0.1235
0.1858
0.5226
0.1232
0.2361
0.2212
0.5043
0.7662
0.6091
0.2105
0.1468
0.1903
0.7240
0.1627
0.2188
0.2834
0.2906
0.1919
0.1417
0.2885
0.8158
0.2323
0.3031
0.2228
0.6204
0.3005
0.3256
0.3173
1.4505
0.2285
0.2600
0.6579
0.8599
0.7490
0.3295
0.6961
0.7866
0.4107
0.8126
1.3502
0.9615
0.3808
0.5052
0.4435
0.4386
1.8672
0.4144
0.5014
0.6756
1.3211
0.5653
0.4582
0.6101
0.3868
0.4934
0.4030
0.7551
1.4849
0.5757
1.6463
1.2434
0.6742
1.9131
0.6507
0.8429
1.4574
2.0777
0.7550
0.6777
1.5721
1.8869
1.4616
0.6726
1.6349
0.7429
0.7994
0.7155
0.8625
0.7406
0.8283
1.0712
1.7977
2.0739
2.1445
1.0080
0.9202
0.8862
0.8552
1.2397
1.0917
1.0833
0.0545
0.0454
0.0271
0.0573
0.0206
0.0232
0.0308
0.0803
0.0739
0.0358
0.0645
0.0508
0.0378
0.0756
0.0421
0.0735
0.0564
0.0563
0.0582
0.0898
