0.1092
0.3400
0.5637
0.2981
0.2809
0.9079
0.2795
0.3538
0.0528
1.3991
0.1234
0.9282
1.4088
0.0417
0.4436
0.3488
0.3165
0.7464
0.9237
1.2296
0.3328
0.7740
0.6903
0.1625
0.0683
0.2194
0.1485
0.7806
0.3129
0.2001
0.1104
0.3108
0.5605
0.1018
0.7395
0.7464
0.1743
0.3807
0.1104
0.5888
0.7617
0.1936
0.2360
0.3846
0.3514
0.8387
0.1116
0.0874
0.1375
0.6903
0.1050
0.3926
0.7617
1.8774
0.1643
0.2856
0.3601
1.3284
0.1247
1.3284
1.4075
0.3457
0.7422
0.3642
0.1631
0.6499
0.2277
0.2517
0.1375
0.2517
0.3265
0.3596
1.4426
0.8387
0.3108
1.7206
0.4436
0.5888
0.3743
0.7352
0.0949
0.6709
0.1336
0.6709
0.1631
0.3807
1.6121
0.7663
0.3457
0.6788
0.1753
0.0528
0.3992
0.3265
0.3926
0.0640
0.8147
0.8780
0.8147
0.5637
0.5011
0.3601
0.3596
0.7961
0.6084
0.3901
0.7422
0.9844
0.2708
0.4621
0.0531
0.1050
0.2461
0.3779
1.3284
0.1796
0.3785
0.5842
0.1336
0.2277
0.9237
0.3642
0.2517
0.3012
0.0936
0.6903
0.3005
0.1041
0.4416
0.2082
0.1314
1.7313
0.5605
0.2026
1.4088
0.3743
0.6063
0.4416
0.8047
0.5637
0.1597
0.7663
0.2640
1.4426
0.7961
0.7961
0.7740
0.2461
0.2360
0.7740
0.6084
0.2981
0.1375
0.5637
0.1000
0.1104
1.9360
0.1050
0.3523
0.6892
0.6341
0.3457
0.5842
0.8047
1.1795
0.1743
0.3012
0.5011
0.4028
0.1234
0.1933
0.1743
0.1000
0.4836
1.6822
1.4166
0.2001
0.9844
0.0874
0.1336
0.4079
1.6121
1.8774
0.3514
0.3704
0.6892
0.7617
1.4426
0.8535
0.2001
0.8707
0.9282
0.2795
0.2476
0.3601
1.7206
0.2720
0.2130
0.1041
0.1933
