0.1124
0.5616
0.2879
0.3678
0.2039
0.7229
0.6371
0.5730
0.1021
0.4924
1.3499
0.8002
0.2879
0.1999
0.2330
0.1414
1.3499
0.3251
0.3297
0.7606
0.2040
1.1155
0.1999
0.5658
0.4684
0.2039
1.3348
1.2054
0.6081
0.4152
0.1100
0.3779
0.4152
0.4866
0.2879
1.7619
0.4100
0.1492
0.4230
0.1557
0.1987
0.1557
0.8580
0.5467
0.3297
0.1246
0.3064
0.2646
0.3851
0.2879
0.3064
0.1100
0.2152
0.3851
0.2185
0.1060
0.7229
0.1557
0.2152
0.2974
0.9833
0.5616
0.5584
0.1797
1.5947
0.1457
0.1060
0.2974
0.4866
0.8221
1.5098
0.4067
0.0976
1.2399
0.2974
0.1797
0.5467
1.2556
0.3678
0.2222
0.1133
1.1155
0.1626
0.2646
1.1738
0.5156
0.6081
0.5832
0.7281
0.0954
1.4462
0.2391
0.3064
0.6898
0.9086
0.1246
0.8443
0.3678
0.4067
0.2605
0.6677
0.2667
0.9889
0.9889
0.6206
0.1414
0.3303
0.4738
0.4866
0.2580
0.6081
0.5584
0.7496
1.2641
1.4464
0.5131
0.4629
0.1790
0.0954
0.1557
0.2473
0.0976
1.7619
0.6109
0.3064
0.3251
0.7281
0.2646
1.6097
0.2330
0.1124
0.3046
0.4866
1.6097
0.5679
0.1443
0.6400
0.2222
0.5467
0.1100
0.4738
0.3297
0.5832
0.1382
0.3303
0.4629
0.2185
0.5584
0.6081
0.8502
0.1987
0.2482
0.4440
0.8221
0.1414
1.6351
1.1155
0.7390
0.9833
0.1665
0.1414
1.2779
0.2473
0.7279
1.1031
0.7496
0.8221
0.2330
0.9086
0.5679
0.4926
0.3297
1.2556
0.2330
0.3669
0.7436
0.1397
0.7390
0.5791
0.5860
0.2646
0.1207
0.6631
0.2185
0.3678
0.4825
0.6491
0.2238
0.2238
0.6631
0.5679
0.0954
0.5112
0.7496
0.5730
0.1626
0.6898
0.4866
0.7496
0.1492
