0.7032
0.5467
0.2414
0.4731
0.1996
0.1099
0.1592
0.1136
0.3949
0.1592
0.1698
0.1179
0.3254
0.5890
0.7064
0.4480
0.4480
0.2875
0.1462
0.1077
0.1652
0.1838
1.1242
0.1174
0.1377
0.4999
0.5287
0.1633
0.0963
0.4949
0.5712
0.0998
0.2158
0.2461
0.1315
0.1975
0.4083
0.2296
0.1071
0.9887
0.1297
0.2137
0.5716
0.2956
0.2649
0.1838
0.1206
1.1980
0.0982
0.1512
0.5287
0.8545
0.1349
0.1975
0.5383
0.2503
0.1077
0.1766
0.5716
0.1633
0.1592
0.7003
0.3186
0.1103
0.1066
0.5712
0.4480
0.2022
0.3949
0.1044
0.1033
0.2141
0.1462
0.2503
0.5778
0.5287
0.3713
0.5725
0.3963
0.1042
0.1014
0.3706
0.1071
0.8110
0.1758
0.5985
0.1649
0.8545
0.5890
0.1377
0.4949
0.5180
0.8110
0.2188
0.3175
0.1649
0.2504
0.5778
0.0958
0.1198
0.0978
0.2395
0.0963
0.2242
0.1671
0.3585
0.0978
0.1024
0.1640
0.1689
0.1689
0.1592
0.2137
0.1042
0.2158
0.4582
0.1698
0.1592
0.4949
0.1592
0.2242
0.5725
0.1358
0.1652
0.1861
0.5725
0.2242
0.1097
0.1726
0.1381
0.2435
0.2393
0.1071
0.2449
0.3842
0.1042
0.7717
0.1412
0.1785
0.1838
0.2933
0.5725
0.0985
0.1036
0.2609
0.1099
0.2739
0.1099
0.1795
1.0838
0.2518
0.0958
0.1014
0.3254
0.1745
0.6653
0.3706
0.2933
0.1462
0.0996
0.3249
0.1457
0.2649
0.1652
0.1286
0.2449
0.5778
0.4949
0.1412
0.1429
0.1044
0.5778
0.1179
0.2461
0.1568
0.1975
0.2649
0.1066
0.1745
0.1861
0.3963
0.9092
0.4244
0.8903
0.2875
0.3585
0.1292
0.1841
0.3706
1.0426
0.4987
0.2414
0.1103
0.1807
0.5778
0.1890
0.2813
0.1103
0.0963
0.3963
