0.3202
0.0681
0.2378
0.6148
0.7609
0.2639
0.5055
0.1423
0.2076
1.0790
0.8374
0.2779
0.4124
0.7794
0.3219
1.3844
0.0967
0.1724
0.4233
0.1588
0.0985
0.2381
0.0596
0.1113
0.1944
0.0985
0.7039
1.2678
0.1839
0.6469
0.6515
0.1716
0.6400
0.6483
0.9561
0.4703
0.0966
0.7929
0.2076
0.4140
0.6271
0.0820
0.1075
0.3661
0.6774
0.2204
0.1135
0.9016
0.6626
0.4893
0.7397
0.3661
0.1943
0.1143
0.4233
0.4233
1.3844
0.6162
0.0967
0.4140
0.0596
1.4319
0.2678
0.4187
0.1498
0.6162
0.9901
0.3266
0.1566
0.1337
1.7370
0.6271
0.7462
0.7912
0.6984
0.3219
0.6778
0.7912
1.6447
0.1436
0.5055
0.1002
0.4893
0.2337
0.2076
0.2193
0.1219
0.1934
0.6774
0.1839
0.1473
0.1243
0.0559
0.2378
0.2781
0.1143
0.6774
0.0585
0.6271
0.4233
0.1839
0.1143
0.0844
0.6984
0.7462
1.3844
0.1163
0.8498
0.3012
1.3844
0.2381
0.9243
1.1013
0.1934
0.6836
0.1243
0.1566
0.4140
0.1604
0.4233
0.6984
0.6652
1.7370
0.7804
0.9963
0.9243
0.7336
0.1626
0.6271
0.1943
0.1597
0.6776
0.1204
0.1880
0.1204
0.1627
0.0561
0.1479
0.5507
0.3638
0.2779
0.2491
0.6492
0.1143
0.1143
0.3266
0.5653
0.1944
0.2035
0.1880
0.1276
0.3006
0.1276
0.6778
0.2046
0.7687
0.8374
0.4893
0.9243
0.7397
0.9898
0.1724
0.6483
0.6556
0.5719
0.6984
1.0790
0.1724
1.5182
0.3517
0.1673
0.1619
0.1243
1.7507
0.3661
1.3502
0.1479
0.4931
0.2204
0.8582
0.1566
0.5719
0.1880
0.1605
0.8379
0.6626
0.4893
0.1219
0.0966
0.1716
0.2381
0.1827
0.0969
0.4245
0.1673
0.1626
0.1276
0.7871
0.1337
0.6836
