0.2390
0.2427
0.1720
0.2995
0.1404
0.2700
0.1363
0.2143
0.1420
0.1896
0.2637
0.1700
0.1123
0.1828
0.1660
0.3626
0.1756
0.0987
0.7377
1.6814
0.7252
0.1475
0.9497
0.5995
0.1912
0.4323
1.4110
0.2186
0.1936
1.4962
0.1138
1.7067
0.4911
0.1037
2.1690
1.8572
0.8268
0.7760
2.6565
2.0875
1.5990
0.7335
2.0753
0.1788
1.7080
2.4647
2.0551
1.6502
0.3473
0.1699
2.5851
2.7393
1.7655
2.1647
2.6430
1.7398
2.5719
2.3672
2.5739
2.2742
0.8229
0.4475
3.0455
1.6973
2.7583
3.1920
2.1513
2.5699
2.1236
2.7329
2.9786
2.8568
3.1113
2.8551
2.9407
1.7045
2.8908
2.3540
2.2605
3.2107
0.0614
0.0903
0.0027
0.0928
0.0000
0.0613
0.0420
0.0356
0.0347
0.0675
0.0672
0.0626
0.0664
0.0694
0.0000
0.0000
0.0399
0.0405
0.0474
