0.1530
0.1095
0.9265
0.1912
0.1179
0.1832
0.7729
0.3389
0.5062
0.1099
0.7729
0.9765
0.2775
0.2924
0.1179
0.1854
0.1985
0.5877
0.1059
0.6160
0.4554
0.1059
0.1205
0.6160
0.2673
0.2508
0.1417
0.3240
0.1271
0.4072
0.5199
0.2313
0.1978
0.3240
1.1473
0.4583
0.4305
0.2201
1.1516
0.3693
0.4350
0.3211
0.1095
0.6741
0.1575
0.3306
1.7302
0.2953
1.7302
0.5062
0.1283
0.2893
0.1864
0.2605
1.3628
0.3114
0.5877
0.1645
1.1473
0.9811
0.3693
0.1985
0.2479
0.3736
0.9811
0.1179
0.1134
0.4131
0.4042
0.5356
0.1645
0.1657
0.1854
0.1052
0.5199
0.1639
0.3991
0.4373
0.4373
0.1575
0.1254
0.2953
0.1059
0.1437
0.2924
0.2605
0.2836
0.1334
0.1575
0.1985
1.2088
0.3114
0.4241
0.1854
0.1739
0.6604
0.1254
0.2966
0.1042
0.4379
0.6508
0.1179
0.4554
0.8703
0.1657
0.1655
0.4263
0.1978
0.2768
0.1389
0.3114
0.2313
0.2743
0.3039
0.5062
0.5495
1.0392
0.2775
1.4445
0.5356
0.4305
0.7431
0.1854
0.3169
1.7302
0.2761
0.1645
0.4654
0.2966
0.1179
0.1248
0.7972
0.3317
1.1187
0.3163
0.2138
0.6571
1.2436
0.5877
0.1739
1.2088
0.4263
0.3217
0.1254
0.1864
0.1043
0.4884
1.0392
0.3747
0.3169
0.1223
0.1134
0.2459
0.2697
0.3991
0.7291
0.4072
0.3177
0.2893
0.2893
0.4707
0.3615
0.9811
1.5752
0.1248
0.1884
0.2479
0.6741
0.1273
0.2508
1.8995
0.1645
0.1887
0.1223
0.2605
0.2603
0.1978
0.1821
0.1291
0.4408
0.1529
0.1835
0.4554
0.4554
0.3114
1.3628
0.1134
0.4379
0.1832
0.5896
0.1722
0.1530
0.1334
0.4263
0.2493
0.1205
0.1099
0.1655
0.1248
0.2761
