0.0881
0.3176
0.1384
1.0238
0.7454
0.5793
0.2971
0.2630
0.8383
0.3209
0.3063
0.5124
0.4464
0.2630
0.4457
0.1342
0.8101
0.2007
0.5135
0.6722
0.0781
0.6809
0.6546
0.0674
1.1256
0.2904
0.1380
0.0821
0.0608
0.2254
0.0786
0.8688
0.1891
0.1808
0.1380
0.0644
0.0492
0.2869
0.0786
1.2211
0.1302
0.2653
0.2790
0.2470
0.3491
0.0803
0.2904
0.6722
0.0786
0.8828
0.1352
0.8101
0.5975
1.1668
0.8733
0.2298
0.5124
0.2117
0.2254
0.1489
0.6416
0.4398
0.3781
0.4457
0.8495
0.1595
1.2363
0.1664
1.2363
0.6561
0.0764
0.0336
0.3861
0.2254
0.5092
0.0858
0.2239
0.4445
0.1953
0.1327
0.1259
0.1739
0.0754
0.3017
0.1159
0.4862
0.9370
0.1026
0.2904
0.0961
0.3435
0.3017
0.7589
0.7454
0.0912
0.4188
0.1645
1.2482
0.8174
0.1489
0.1259
0.6416
0.8959
0.0868
1.1668
0.8383
1.2584
0.1302
0.5092
0.4457
0.1664
0.1109
0.1727
0.5793
0.0681
0.8101
0.1519
0.3605
0.2298
0.1030
0.1352
0.1363
0.0786
1.3750
1.6214
0.2273
0.2167
0.0786
0.6398
0.1456
0.0781
0.2273
0.1432
0.3781
0.8668
0.8277
0.6026
0.0786
0.0848
0.8495
0.3063
0.4188
0.0336
0.2273
0.1142
0.2090
0.2005
0.6809
0.0608
0.2653
0.8277
0.1199
0.0764
1.0660
1.3750
0.3532
0.2470
0.1489
0.6743
0.8101
0.5092
0.3424
0.2005
0.1015
0.0692
0.5739
0.1739
0.3435
0.3491
0.6743
0.2097
0.3713
0.1371
0.5135
0.6743
0.8688
0.9180
0.8101
0.1012
0.1804
0.9370
0.1406
0.1804
0.1321
0.4445
0.2298
1.2584
0.0821
0.5474
0.5135
0.3108
0.2653
0.6722
0.5793
0.3063
0.2090
0.1664
1.1668
0.7589
0.8101
