0.3641
0.1257
0.2827
0.3398
0.0954
0.7529
0.6691
0.2766
0.5209
0.1651
0.2224
0.2468
0.1050
0.7171
0.4985
0.0992
0.1408
0.6178
0.3323
0.1007
0.5268
0.2832
0.6327
0.5483
0.6006
0.5172
0.1132
0.5126
0.5380
1.2180
0.7394
0.7066
0.1092
0.1080
1.0697
0.1475
0.9142
0.1124
1.1437
1.7826
1.1038
0.1069
1.3598
0.2497
0.1294
0.4974
1.8694
1.0787
0.1058
0.3171
0.1213
2.4344
1.6166
0.1414
1.1961
2.5351
0.1716
0.8682
1.4530
2.5262
0.9972
0.9523
0.9277
2.1748
1.2333
2.6370
2.6298
2.0887
2.1688
1.0719
2.5081
1.9563
2.8091
2.8428
2.0702
2.0314
0.0000
0.0005
0.0002
0.0004
0.0823
0.0836
0.0000
0.0902
0.0862
0.0000
0.0480
0.0526
0.0022
0.0932
0.0003
0.0946
0.0245
0.0079
0.0489
0.0003
0.0620
0.0839
0.0816
0.0355
