1.4743
0.7660
0.6954
0.2845
0.4116
0.3018
0.2539
0.4469
0.1364
0.4286
0.5723
0.5102
0.4498
1.3512
0.8797
1.1827
1.3512
0.2845
0.1059
0.3826
0.2854
1.5098
0.1516
0.0965
0.1715
0.1516
0.4395
0.1443
0.1578
0.0977
0.5974
0.7372
0.1969
0.2407
0.1020
0.5567
0.3094
0.1358
0.4122
0.1981
1.2393
0.3969
0.9767
0.1581
0.3326
0.8087
0.3500
0.7070
0.7643
0.5006
0.2914
0.0965
0.2100
0.7155
0.3774
0.3500
0.5724
0.6954
0.9873
0.4227
0.3326
0.5318
0.3996
0.4029
1.5969
0.7155
1.5969
0.1581
0.4227
0.1358
0.2539
0.1480
1.1898
0.2914
0.7660
0.1715
0.1854
0.3996
0.5517
0.1364
0.5417
0.1969
0.1771
0.1331
0.5974
0.6750
0.7686
1.1755
0.8378
0.2687
0.3018
0.5102
0.1516
1.3985
0.2914
0.1771
0.2914
0.5498
0.4363
0.1516
0.5723
0.1708
0.2484
0.1293
0.2723
0.2914
0.1186
1.2277
1.0427
0.7155
0.5692
1.4743
1.1755
0.5006
0.7070
0.3326
0.1188
0.9873
0.4498
0.2276
0.6155
0.7270
1.0035
0.4228
1.2255
0.7364
0.5667
0.6137
0.1331
0.5318
0.6748
0.6067
1.3512
0.8378
0.8087
1.0427
0.3832
0.6790
0.2100
0.2612
0.1708
0.6021
0.4227
0.2687
0.1578
0.3996
0.6986
0.2845
0.4498
0.2276
1.1505
0.1737
0.6137
0.6748
0.1020
0.2276
0.7941
1.3985
0.1854
0.4228
1.1755
0.3826
0.6343
0.1715
0.2355
0.4801
0.5667
0.2612
0.5667
0.1469
0.1358
0.7178
1.3222
0.1186
1.2255
0.7070
0.6954
0.2845
0.1293
0.1708
1.1505
0.5276
0.1516
0.3832
0.2308
0.2100
0.3996
0.1469
0.1443
1.4743
0.5866
0.3094
0.6325
0.4474
0.1480
0.6954
1.0897
1.5098
0.7178
0.8676
