0.1658
0.1517
0.2173
0.1658
0.1517
0.3700
0.4383
0.3080
0.9070
0.1730
0.8837
0.4213
0.0987
0.1297
1.9707
0.3513
0.1684
0.1661
0.2246
0.9112
0.3217
2.1693
0.1843
1.9707
0.1575
0.4688
0.7464
0.7652
0.1160
0.7794
0.2552
0.1466
2.2062
0.8920
0.1100
2.1712
0.1801
1.8220
0.1632
0.3390
0.6282
0.6885
1.1305
0.6762
0.1428
1.1550
0.1020
0.6613
0.2127
0.7794
1.6206
0.3706
0.0987
0.8576
0.7304
0.1665
0.7304
2.2505
0.2026
0.1575
0.4268
0.1884
0.8565
0.2378
0.1020
1.6206
0.2353
0.9336
0.2652
1.8589
0.1914
0.4016
0.4269
0.1840
0.2170
2.2062
0.6282
2.1408
0.1898
0.3217
1.5426
0.1350
0.1337
0.6732
0.1020
1.8959
0.1210
2.0659
0.8764
2.0406
0.1176
0.0987
2.0489
1.3272
0.1994
1.6117
2.0268
0.7115
1.5888
0.1020
2.0489
0.7304
0.2009
0.1634
1.8109
0.1428
0.1339
1.9945
0.9004
0.1684
0.2353
0.1617
1.8589
0.8920
1.8589
0.1615
0.4269
1.8915
0.0987
0.3659
0.6613
0.1288
2.1142
0.2127
0.4213
0.2170
2.1396
0.1994
0.6282
1.6663
0.0987
0.2378
2.2048
0.3217
0.1666
0.1890
2.2336
0.2021
0.1575
2.0268
0.9065
0.1339
0.1100
0.7464
1.3272
0.1640
0.6732
1.2828
0.1403
0.1632
0.1890
0.2838
0.7304
0.4883
0.6732
2.1693
0.1575
0.7464
0.1297
0.6569
0.7652
2.2505
0.2171
1.8015
0.1890
0.7652
0.4213
1.9528
0.1914
2.2276
0.1840
1.9566
0.8772
0.1097
2.0202
2.2276
1.8109
0.8772
0.6282
0.2790
0.1658
0.5217
0.9336
0.1553
0.3080
1.0311
2.2505
0.2838
0.8837
1.1831
0.1403
0.8875
2.0202
1.0311
0.1350
1.1755
2.0091
0.5217
0.8920
1.1831
