0.5554
1.1413
0.7088
0.2604
1.5862
0.3896
0.0475
0.5889
0.6255
0.1173
0.7088
0.4785
0.5388
0.7347
1.7979
0.0017
1.2436
0.4010
0.0244
0.6296
0.3096
0.1101
0.4841
0.1512
0.8984
0.0514
0.5010
0.4774
1.6327
0.6433
1.5120
0.2072
0.1448
0.1633
0.3546
0.6618
0.5388
0.6255
0.0195
0.7169
0.0195
1.3915
0.2888
0.5105
0.2256
0.7495
0.1512
1.6327
0.7667
0.1659
0.2806
0.6433
0.6255
1.9972
1.4806
1.1413
0.6051
0.4518
0.3737
0.6372
0.2292
0.2806
0.1818
0.2920
0.5461
0.2920
1.7134
0.3737
0.1512
0.4948
0.1105
0.2498
0.2145
0.0405
0.1953
0.2256
0.7771
1.5862
1.7979
0.2067
0.4010
0.5461
0.1659
0.4151
0.3896
0.0405
0.0006
0.1101
0.6618
0.9943
0.1497
1.6449
0.0997
0.1659
0.2856
0.5554
0.1506
0.4841
0.6429
0.7771
0.1881
0.7347
0.2806
0.1881
0.4948
1.4857
0.2779
1.4806
0.2187
0.8829
0.8341
0.6429
0.0017
0.0006
0.2604
0.6618
1.3490
0.1881
0.2457
0.0354
0.0017
0.0997
0.2292
0.0244
0.5756
0.3737
0.4677
1.2797
0.9943
1.5862
0.5851
0.6304
0.3737
1.7134
2.0958
0.4400
1.9800
0.5388
0.0997
0.7184
0.4047
0.2376
0.5105
0.9943
0.7169
0.4151
0.4819
1.3370
0.4785
0.4094
0.2498
1.3370
0.4518
0.2457
0.1232
0.5895
0.5851
1.7134
0.2498
0.1291
1.1373
0.2292
2.0439
0.2779
0.3272
0.4841
0.7754
0.5625
0.4758
0.7347
0.1467
0.2187
0.4518
0.5158
1.4806
0.4758
0.2153
0.2244
0.2780
1.4927
0.4948
0.1232
0.6182
0.4758
0.5718
0.2498
0.5554
0.0160
0.6304
0.6618
0.3096
0.8341
0.9943
0.2244
0.1466
2.0439
0.3191
0.5889
0.1955
2.0228
