0.000000
0.061194
0.039371
0.003126
2.275768
4.257984
0.572458
4.257217
0.000000
0.027697
0.066997
0.034736
0.077695
0.979350
0.842803
4.092850
0.058528
0.014561
0.093480
0.030132
4.376958
1.001487
1.419823
3.521915
0.009096
0.011379
0.000000
0.304447
1.243614
3.924307
0.074415
1.705965
0.285080
0.083129
0.043872
0.834260
4.553526
3.824268
3.756451
2.794502
0.025829
0.004712
0.470048
0.002900
4.876109
0.119173
5.458573
0.308892
0.068258
0.069317
0.036388
0.036737
4.060898
3.914757
3.886128
0.028916
0.000000
0.096246
0.036131
0.003391
0.730568
1.077310
0.977602
3.821459
6.934427
13.698250
8.330312
10.298732
28.671502
16.160813
22.875102
35.752950
7.753791
6.773472
11.565038
8.704604
15.843700
30.543314
32.652498
26.669045
6.007351
12.682900
8.295675
10.334913
25.473400
55.379088
48.641275
20.146930
3.658175
16.097477
5.738968
7.411464
24.593480
39.892538
19.738864
33.776867
12.635864
8.495858
5.834611
9.855444
33.234092
19.220073
18.931473
33.677292
8.487450
7.504065
8.642193
7.642327
25.364097
26.624509
18.098500
42.462825
11.960370
8.878339
5.498602
9.985834
37.951808
22.544113
33.871863
15.142645
6.071169
12.738863
6.832524
10.333398
44.093145
14.822513
16.940988
31.734922
0.000000
0.000000
0.005283
0.000000
0.104175
0.072915
0.470571
1.353139
0.000000
0.002996
0.000000
0.002766
0.042144
0.545855
0.074153
0.562917
0.012731
0.000000
0.002906
0.013361
1.209516
1.275973
0.074806
0.016321
0.000000
0.004085
0.000000
0.000000
0.033786
0.161699
0.614709
0.009683
0.004070
0.000000
0.002408
0.035118
2.062516
0.026389
0.925242
0.039987
0.004056
0.000000
0.035869
0.000000
0.074028
0.132512
0.031852
0.128598
0.002976
0.000000
0.004221
0.002894
1.257171
1.127428
0.045610
0.659470
0.000000
0.003241
0.003342
0.000000
0.073875
0.454104
0.070280
0.049414
3.479852
8.023019
9.727846
1.768880
14.782450
25.380598
22.384725
18.857103
0.151092
3.934505
3.900933
6.261055
25.153483
10.663160
33.127622
9.354325
6.152707
5.805103
4.761139
6.179590
14.229175
29.044813
20.351848
16.564005
6.745324
1.850130
10.400866
0.855431
24.185058
16.149414
11.055241
34.729266
5.811532
13.650800
10.170286
6.523995
20.504223
22.540409
18.882588
35.623889
2.599558
8.100415
3.691545
7.744739
17.526284
30.416928
12.223420
23.683777
8.616197
3.814250
8.215489
6.026837
16.526453
31.269758
21.990891
26.404469
7.739053
1.602191
6.365984
2.708923
13.068775
23.554723
18.696023
23.531816
0.708754
0.004255
0.000000
0.217116
4.019165
2.194545
1.891745
0.567297
0.002871
0.003961
0.004455
0.018744
0.348024
0.201237
4.566057
0.924992
0.002288
0.817618
0.002578
0.728250
1.432920
3.406776
0.208599
3.463868
0.049021
0.000000
0.002737
0.006107
0.900514
1.558187
0.463119
3.960094
0.003091
0.061414
0.010634
0.791731
1.160456
2.269883
0.708562
1.343507
0.000000
0.509509
0.002483
0.057799
2.753152
0.338600
0.132487
2.275531
0.013222
0.087407
0.003499
0.002783
1.024287
3.141457
3.446010
4.062948
0.036707
0.443363
0.002788
0.002962
3.301111
0.031754
3.249712
0.463887
5.849607
13.802330
11.505938
3.385380
25.689000
45.114375
22.081256
53.029159
10.351579
7.326392
12.724089
6.139846
19.843369
28.757152
30.607506
19.472773
3.384719
12.823098
11.770280
5.113197
46.915731
16.925900
21.005125
33.625844
2.901979
9.246739
10.514544
3.507833
14.287975
34.709033
38.790463
11.813163
7.120335
9.865261
8.890616
6.705963
21.464747
45.398900
19.035788
43.762950
9.289021
4.294709
13.547486
4.605198
28.898372
38.709500
19.470333
36.599334
7.709882
16.607242
9.898381
5.048012
15.945116
35.764408
37.403211
22.704502
5.647610
10.806208
10.293613
6.889056
13.065802
40.394767
23.426759
39.229591
0.000000
0.009786
0.000000
0.004551
4.400833
0.063245
0.036757
0.491335
0.000000
0.006641
0.000000
0.000000
0.007381
0.174859
0.098822
0.061134
0.000000
0.003112
0.000000
0.003019
0.352798
0.487679
0.076505
1.346238
0.000000
0.000000
0.001076
0.006624
0.091634
0.112910
0.007366
0.103416
0.002613
0.008050
0.000000
0.028132
0.137785
0.041621
1.458816
0.369240
0.002430
0.000000
0.000000
0.000870
0.032215
0.514208
0.819317
0.033088
0.005568
0.000000
0.001135
0.000000
1.697755
0.058335
0.650717
0.054073
0.000000
0.002372
0.000000
0.000000
0.115250
0.033050
0.123644
0.043607
5.926620
9.400765
3.436387
10.226576
14.725873
26.908161
19.095756
40.504627
9.106088
2.340953
2.566439
3.715251
25.328581
11.642269
23.014838
9.555188
0.826045
14.715758
10.074815
1.854551
41.445373
13.762880
13.631183
29.475542
3.662362
0.810085
1.734260
10.775479
16.430548
15.215133
15.950389
23.044491
2.439353
11.428364
6.756458
6.985377
17.679866
21.946025
12.170397
39.633194
11.470378
0.810441
2.498576
7.733958
20.495919
14.718441
19.299144
31.101572
6.049945
6.744383
6.423293
6.288801
17.412231
22.813298
15.186867
40.071484
10.212793
2.640187
1.600435
10.972053
16.937078
25.567831
17.838656
17.107363
0.034248
0.095450
0.002685
0.871705
0.645958
4.573461
4.412687
3.138993
0.014998
0.826882
0.002437
0.003814
1.846467
0.362883
1.348697
2.446268
0.002571
0.066282
0.756990
0.029321
2.072431
3.879951
4.353952
0.385422
0.000000
0.550275
0.026271
0.069676
0.989974
1.396555
0.077083
1.939596
0.026832
0.044735
0.793676
0.045730
1.146928
4.067906
1.644741
2.518010
0.062486
0.005035
0.054305
0.003158
2.820690
3.235002
0.008666
4.703593
2.909973
0.027094
0.063064
0.020015
2.554165
1.063905
4.084200
1.256909
0.002341
0.491038
0.000000
0.073837
0.163126
0.543278
0.857351
2.484929
10.905102
6.726046
10.226882
7.936917
54.795138
20.997389
34.410175
19.692263
9.797118
6.791200
11.599350
4.974188
21.837152
31.860817
33.874036
18.381561
10.669675
6.786876
2.379107
11.019744
16.681653
42.219425
27.331556
38.491250
9.982900
5.538632
9.884009
5.387418
16.297116
46.385525
21.955719
32.310048
7.543468
12.270545
8.140425
11.578100
16.707663
38.726113
35.914513
27.329447
4.909427
8.977629
7.080678
8.834015
56.691466
26.135434
23.862925
47.861483
11.408863
8.147775
6.832637
13.919467
30.460898
21.943302
16.924445
53.563188
8.836647
9.574553
8.993351
5.438126
25.215930
59.332213
21.294250
38.283433
0.000000
0.004018
0.002173
0.023684
0.120983
0.338592
0.052267
1.689123
0.001217
0.000000
0.000000
0.005692
0.523105
0.123130
0.006271
0.145285
0.000000
0.056063
0.000000
0.000000
4.445760
0.065321
0.135014
0.096300
0.000000
0.004524
0.000000
0.000000
0.118088
0.105847
0.114481
0.027027
0.039848
0.002515
0.003018
0.007619
0.099451
0.027106
0.786157
1.354339
0.000000
0.002928
0.005016
0.000000
0.157157
0.049768
0.100538
0.219029
0.035825
0.006330
0.000000
0.005004
1.219140
0.065702
1.404290
0.007871
0.000000
0.004445
0.000000
0.000000
1.267846
0.005813
0.009507
0.290401
7.721660
1.802673
8.098755
2.038248
22.231109
23.638411
22.455361
23.439609
2.243862
8.298784
0.997777
2.730582
46.942316
20.324072
16.119542
34.134400
2.324380
13.928055
7.153791
2.037495
28.974108
31.700070
14.992222
28.154019
1.922287
9.073681
2.085410
3.934373
18.695855
16.663464
19.360191
31.929591
5.853310
3.031715
4.647949
8.620696
16.260198
42.856745
27.553613
14.019763
0.897044
6.922518
7.339637
2.874989
13.463228
26.520628
9.543464
41.322475
13.640183
1.573843
5.393884
9.368497
25.574403
31.863717
26.048373
27.058944
4.428173
1.027256
2.841567
3.362379
19.508470
21.420759
31.925941
18.036308
0.017242
0.981977
0.004069
0.085695
3.060073
2.218832
4.243817
0.571401
0.042208
0.003440
0.002880
0.084289
1.119927
0.028181
2.183802
0.800512
0.032581
0.631917
0.000000
0.369483
0.220561
4.518960
0.182134
0.983116
0.000000
0.047816
0.474264
0.003002
0.726606
0.013655
0.404060
3.701841
0.009160
0.030136
0.416693
0.018184
5.461713
0.097986
4.534582
0.579076
0.004906
0.521579
0.002823
0.059794
0.690871
1.746247
0.072120
3.800866
0.113881
0.003787
1.919018
0.007384
0.689328
4.096535
2.912138
3.245878
0.308062
0.074268
0.004410
0.003736
3.013849
1.068437
0.032448
3.678760
6.006936
9.485922
6.346610
11.075369
43.507516
15.732584
17.635930
46.009256
6.645401
11.266931
6.622422
3.121172
29.752461
26.558752
40.772125
21.094270
5.100302
11.993827
3.220977
10.404619
44.115919
13.627991
28.778188
18.013156
12.528122
3.139931
11.521383
3.427634
19.545806
36.871875
43.195911
12.976086
12.006283
5.391241
7.255257
11.987492
24.974430
27.344108
15.998411
38.646939
10.140075
8.392148
4.619008
7.627660
16.310523
45.725595
27.728645
13.574347
5.709208
10.727976
5.752999
16.387733
21.140892
35.532413
30.090866
35.320306
4.439863
13.247458
9.641399
6.604022
48.729538
14.342531
26.860233
42.613930
0.000000
0.005376
0.083986
0.000000
0.090376
0.067580
0.115587
0.417451
0.005525
0.000000
0.000000
0.002378
0.067744
0.718709
0.029123
0.058243
0.000000
0.003040
0.004791
0.002830
0.048727
0.073597
0.146590
0.101178
0.000000
0.004678
0.000000
0.000083
0.115302
0.053051
0.077061
0.040181
0.000000
0.015624
0.000000
0.000000
0.073533
0.476703
0.050871
4.398232
0.003191
0.000000
0.000000
0.000000
0.039110
0.123680
0.018690
0.362721
0.002989
0.003157
0.020378
0.000000
1.153536
0.057141
0.891221
0.015616
0.000000
0.005381
0.003514
0.000000
0.040795
0.169449
0.008135
0.357418
6.134576
5.800355
6.873902
3.265230
14.713672
36.799578
19.762584
33.365286
7.710256
2.864913
6.776872
2.249390
19.971580
19.519200
12.535427
16.700186
8.169251
0.636516
5.473970
4.844029
20.437534
22.341183
48.781000
12.078738
1.920375
11.386515
3.133345
2.355497
11.376869
19.702063
25.172250
13.046064
1.620219
7.376689
4.817622
11.339583
20.846938
36.483525
13.461052
34.326342
6.906197
2.721601
6.130934
1.238521
19.707525
15.747475
18.524527
29.210197
3.425133
10.854113
2.046010
6.688333
26.284495
18.472852
25.172367
27.741497
1.373844
11.993452
3.702920
6.164945
21.971673
24.515152
22.974263
19.608602
0.000000
0.000000
0.000000
0.005645
0.000000
0.000000
0.000000
0.000000
0.002291
0.000000
0.000000
0.000000
0.000000
0.000000
0.000000
0.000000
0.000000
0.002637
0.000000
0.000000
0.000000
0.000000
0.000000
0.000000
0.000000
0.000000
0.006184
0.000000
0.000000
0.000000
0.000000
0.000000
0.000000
0.000000
0.001984
0.000000
0.000000
0.000000
0.000000
0.000000
0.000000
0.000000
0.000000
0.000000
0.000000
0.000000
0.000000
0.000000
0.000000
0.000000
0.000000
0.000000
0.000000
0.000000
0.000000
0.000000
0.001878
0.000000
0.000000
0.000000
0.000000
0.000000
0.000000
0.000000
0.000000
0.000000
0.000000
0.000000
0.000000
0.000000
0.000000
0.000000
0.000000
0.000000
0.000000
0.000000
0.000000
0.000000
0.000000
0.000000
0.000000
0.000000
0.000000
0.000000
0.000000
0.000000
0.000000
0.000000
0.000000
0.000000
0.000000
0.000000
0.000000
0.000000
0.000000
0.000000
0.000000
0.000000
0.000000
0.000000
0.000000
0.000000
0.000000
0.000000
0.000000
0.000000
0.000000
0.000000
0.000000
0.000000
0.000000
0.000000
0.000000
0.000000
0.000000
0.000000
0.000000
0.000000
0.000000
0.000000
0.000000
0.000000
0.000000
0.000000
0.000000
0.000000
0.000000
0.000000
0.000000
0.000000
0.000000
0.000000
0.000000
0.000000
0.000000
0.000000
0.000000
0.000000
0.000000
0.000000
0.000000
0.000000
0.000000
0.000000
0.000000
0.000000
0.000000
0.000000
0.000000
0.000000
0.000000
0.000000
0.000000
0.000000
0.000000
0.000000
0.000000
0.000000
0.000000
0.000000
0.000000
0.000000
0.000000
0.000000
0.000000
0.000000
0.000000
0.000000
0.000000
0.000000
0.000000
0.000000
0.000000
0.000000
0.000000
0.000000
0.000000
0.000000
0.000000
0.000000
0.000000
0.000000
0.000000
0.000000
0.000000
0.000000
0.000000
0.000000
0.000000
0.000000
0.000000
0.000000
0.000000
0.000000
0.000000
0.000000
0.000000
0.000000
0.000000
0.000000
0.000000
0.000000
0.000000
0.000000
0.000000
0.000000
0.000000
0.000000
0.000000
0.000000
0.000000
0.000000
0.000000
0.000000
0.000000
0.000000
0.000000
0.000000
0.000000
0.000000
0.000000
0.000000
0.000000
0.000000
0.000000
0.000000
0.000000
0.000000
0.000000
0.000000
0.000000
0.000000
0.000000
0.000000
0.000000
0.000000
0.000000
0.000000
0.000000
0.000000
0.000000
0.000000
0.000000
0.000000
0.000000
0.000000
0.000000
0.000000
0.000000
0.000000
0.000000
0.000000
0.000000
0.000000
0.000000
0.000000
0.000000
0.003300
0.008936
0.000000
0.000000
0.000000
0.000000
0.000000
0.000000
0.000037
0.000000
0.000000
0.000000
0.000000
0.000000
0.000000
0.007658
0.000000
0.014765
0.000000
0.000000
0.000000
0.000000
0.000000
0.000000
0.003046
0.000000
0.000000
0.000000
0.000000
0.000000
0.000000
0.005133
0.000000
0.000000
0.000000
0.000000
0.000000
0.000000
0.000000
0.002138
0.000000
0.000000
0.000000
0.000000
0.000000
0.000000
0.000000
0.000000
0.000000
0.002751
0.000600
0.000000
0.000000
0.000000
0.000000
0.000000
0.000000
0.000000
0.000000
0.000000
0.000000
0.000000
0.000000
0.000000
0.000000
0.000000
0.000000
0.000000
0.000000
0.000000
0.000000
0.000000
0.000000
0.000000
0.000000
0.000000
0.000000
0.000000
0.000000
0.000000
0.000000
0.000000
0.000000
0.000000
0.000000
0.000000
0.000000
0.000000
0.000000
0.000000
0.000000
0.000000
0.000000
0.000000
0.000000
0.000000
0.000000
0.000000
0.000000
0.000000
0.000000
0.000000
0.000000
0.000000
0.000000
0.000000
0.000000
0.000000
0.000000
0.000000
0.000000
0.000000
0.000000
0.000000
0.000000
0.000000
0.000000
0.000000
0.000000
0.000000
0.000000
0.000000
0.000000
0.000000
0.000000
0.000000
0.000000
0.000000
0.000000
0.000000
0.000000
0.000000
0.000000
0.000000
0.000000
0.000000
0.000000
0.000000
0.000000
0.000000
0.000000
0.000000
0.000000
0.000000
0.000000
0.000000
0.000000
0.000000
0.000000
0.000000
0.000000
0.000000
0.000000
0.000000
0.000000
0.000000
0.000000
0.000000
0.000000
0.000000
0.000000
0.002085
0.000000
0.000000
0.000000
0.000000
0.000000
0.000000
0.000000
0.000000
0.000000
0.000000
0.000000
0.000000
0.000000
0.000000
0.000000
0.000000
0.000000
0.000000
0.000000
0.000000
0.000000
0.000000
0.000000
0.000000
0.000000
0.000000
0.000000
0.000000
0.000000
0.000000
0.000000
0.000000
0.000000
0.000000
0.000000
0.000000
0.000000
0.000000
0.000000
0.000000
0.000000
0.000000
0.000000
0.000000
0.000000
0.000000
0.000000
0.000000
0.000000
0.000000
0.000000
0.000000
0.000000
0.000000
0.000000
0.000000
0.000000
0.000000
0.000000
0.000000
0.000000
0.000000
0.000000
0.000000
0.000000
0.000000
0.000000
0.000000
0.000000
0.000000
0.000000
0.000000
0.000000
0.000000
0.000000
0.000000
0.000000
0.000000
0.000000
0.000000
0.000000
0.000000
0.000000
0.000000
0.000000
0.000000
0.000000
0.000000
0.000000
0.000000
0.000000
0.000000
0.000000
0.000000
0.000000
0.027160
0.000000
0.000000
0.000000
0.000000
0.000000
0.000000
0.000000
0.000000
0.000000
0.000000
0.000000
0.000000
0.000000
0.024202
0.000000
0.000000
0.000000
0.000000
0.000000
0.000000
0.000000
0.002116
0.000000
0.001673
0.000000
0.000000
0.000000
0.000000
0.000000
0.000000
0.000000
0.000000
0.001720
0.000000
0.000000
0.000000
0.000000
0.000000
0.000000
0.000000
0.000000
0.000000
0.000000
0.000000
0.000000
0.000000
0.000000
0.000000
0.001857
0.000000
0.000000
0.000000
0.000000
0.000000
0.000000
0.045106
0.000000
0.000000
0.000000
0.000000
0.000000
0.000000
0.000000
0.000000
0.000000
0.000000
0.000000
0.000000
0.000000
0.000000
0.000000
0.000000
0.000000
0.000000
0.000000
0.000000
0.000000
0.000000
0.000000
0.000000
0.000000
0.000000
0.000000
0.000000
0.000000
0.000000
0.000000
0.000000
0.000000
0.000000
0.000000
0.000000
0.000000
0.000000
0.000000
0.000000
0.000000
0.000000
0.000000
0.000000
0.000000
0.000000
0.000000
0.000000
0.000000
0.000000
0.000000
0.000000
0.000000
0.000000
0.000000
0.000000
0.000000
0.000000
0.000000
0.000000
0.000000
0.000000
0.000000
0.000000
0.000000
0.000000
0.000000
0.000000
0.000000
0.000000
0.000000
0.000000
0.000000
0.000000
0.000000
0.000000
0.000000
0.000000
0.000000
0.000000
0.000000
0.000000
0.000000
0.000000
0.000000
0.000000
0.000000
0.000000
0.000000
0.000000
0.000000
0.000000
0.000000
0.000000
0.000000
0.000000
0.000000
0.000000
0.000000
0.000000
0.000000
0.000000
0.000000
0.000000
0.000000
0.000000
0.000000
0.000000
0.000000
0.000000
0.000000
0.000000
0.000000
0.000000
0.000000
0.000000
0.000000
0.000000
0.000000
0.000000
0.000000
0.000000
0.000000
0.000000
0.000000
0.000000
0.000000
0.000000
0.000000
0.000000
0.000000
0.000000
0.000000
0.000000
0.000000
0.000000
0.000000
0.000000
0.000000
0.000000
0.000000
0.000000
0.000000
0.000000
0.000000
0.000000
0.000000
0.000000
0.000000
0.000000
0.000000
0.000000
0.000000
0.000000
0.000000
0.000000
0.000000
0.000000
0.000000
0.000000
0.000000
0.000000
0.000000
0.000000
0.000000
0.000000
0.000000
0.000000
0.000000
0.000000
0.000000
0.000000
0.000000
0.000000
0.000000
0.000000
0.000000
0.000000
0.000000
0.000000
0.000000
0.000000
0.000000
0.000000
0.000000
0.000000
0.000000
0.000000
0.000000
0.000000
0.000000
0.000000
0.000000
0.000000
0.000000
0.000000
0.000000
0.002343
0.000000
0.002710
0.000000
0.000000
0.000000
0.000000
0.000000
0.000000
0.002115
0.000000
0.000000
0.000000
0.000000
0.000000
0.000000
0.000000
0.000000
0.051786
0.000000
0.000000
0.000000
0.000000
0.000000
0.000000
0.000000
0.000000
0.000000
0.000000
0.000000
0.000000
0.000000
0.005709
0.001892
0.000000
0.000000
0.000000
0.000000
0.000000
0.000000
0.000000
0.000000
0.000000
0.000000
0.000000
0.000000
0.000000
0.000000
0.000000
0.003262
0.000000
0.005071
0.000000
0.000000
0.000000
0.000000
0.000000
0.000000
0.000000
0.000000
0.000000
0.000000
0.000000
0.000000
0.000000
0.000000
0.000000
0.000000
0.000000
0.000000
0.000000
0.000000
0.000000
0.000000
0.000000
0.000000
0.000000
0.000000
0.000000
0.000000
0.000000
0.000000
0.000000
0.000000
0.000000
0.000000
0.000000
0.000000
0.000000
0.000000
0.000000
0.000000
0.000000
0.000000
0.000000
0.000000
0.000000
0.000000
0.000000
0.000000
0.000000
0.000000
0.000000
0.000000
0.000000
0.000000
0.000000
0.000000
0.000000
0.000000
0.000000
0.000000
0.000000
0.000000
0.000000
0.000000
0.000000
0.000000
0.000000
0.000000
0.000000
0.000000
0.000000
0.000000
0.000000
0.000000
0.000000
0.000000
0.000000
0.000000
0.000000
0.000000
0.000000
0.000000
0.000000
0.000000
0.000000
0.000000
0.000000
0.000000
0.000000
0.000000
0.000000
0.000000
0.000000
0.000000
0.000000
0.000000
0.000000
0.000000
0.000000
0.000000
0.000000
0.000000
0.000000
0.000000
0.000000
0.000000
0.000000
0.000000
0.000000
0.000000
0.000000
0.000000
0.000000
0.000000
0.000000
0.000000
0.000000
0.000000
0.000000
0.000000
0.000000
0.000000
0.000000
0.000000
0.000000
0.000000
0.000000
0.000000
0.000000
0.000000
0.000000
0.000000
0.000000
0.000000
0.000000
0.000000
0.000000
0.000000
0.000000
0.000000
0.000000
0.000000
0.000000
0.000000
0.000000
0.000000
0.000000
0.000000
0.000000
0.000000
0.000000
0.000000
0.000000
0.000000
0.000000
0.000000
0.000000
0.000000
0.000000
0.000000
0.000000
0.000000
0.000000
0.000000
0.000000
0.000000
0.000000
0.000000
0.000000
0.000000
0.000000
0.000000
0.000000
0.000000
0.000000
0.000000
0.000000
0.000000
0.000000
0.000000
0.000000
0.000000
0.000000
0.000000
0.000000
0.000000
0.000000
0.000000
0.000000
0.000000
0.000000
0.000000
0.000000
0.000000
0.000000
0.000000
0.000000
0.000000
0.000000
0.000000
0.000000
0.000000
0.000000
0.000000
