0.000000
16.037056
16.679925
8.592395
36.563620
51.316931
30.266847
54.901833
5.959093
13.494809
18.892597
13.557200
22.650514
34.505253
27.645817
52.267859
15.206339
14.175734
17.913869
14.419966
57.898137
33.447755
43.089009
35.611456
11.188897
13.326909
5.841720
18.041125
24.922711
45.131594
24.038261
47.024622
23.612884
17.296522
12.874756
25.849287
62.245475
40.656775
36.830666
61.465817
12.239528
10.522521
16.940442
8.808065
63.292836
24.589075
83.879642
30.880855
17.795083
18.353341
14.932186
18.601645
54.961647
40.473552
48.908506
21.529417
7.069998
19.495642
11.705730
10.253961
34.047042
30.049736
36.339631
42.289677
116.555578
584.514344
404.894406
475.948031
861.668906
571.206141
754.040328
953.382141
138.982109
162.103547
285.266484
174.841297
432.867453
861.770516
857.188609
672.995891
120.054891
543.933031
270.644812
493.267328
843.718625
1089.142344
1070.755156
684.899516
78.443155
413.501109
120.317414
121.012922
774.552000
1019.109375
680.551125
868.870422
581.491719
268.297687
105.657805
509.352250
882.709344
692.739328
747.672125
899.659594
217.284766
112.700203
145.488219
169.284734
787.547922
678.859484
659.720109
1011.450203
567.953969
232.908203
78.601441
383.515437
938.421375
747.268359
913.587438
605.204781
87.491941
583.921984
105.207867
293.144109
962.872422
294.272828
327.651203
926.122906
3.794715
7.134326
11.835503
6.053548
25.199214
19.459220
25.310911
36.621566
4.344004
8.526678
5.414803
7.417625
14.521641
34.018037
21.012542
36.637059
12.495464
6.019298
8.526408
12.890755
28.404487
45.634983
21.633220
14.507331
5.964648
10.980550
5.555695
8.163330
17.531750
29.652477
33.160427
12.592608
9.697988
3.694695
7.915642
12.031759
41.309941
17.786114
38.820422
13.474122
9.280857
5.573874
14.291591
4.378089
17.710641
32.417931
17.728869
25.294230
7.898168
4.070340
7.981292
9.837252
40.815780
30.431891
15.700486
29.580508
3.714299
10.370874
9.373053
5.191618
21.561578
34.626675
17.922328
29.396092
77.937900
116.583750
165.435000
50.249973
252.529641
414.488656
501.001203
374.098016
32.990573
104.896000
65.302262
69.766970
360.166391
167.730500
785.330984
149.879000
72.828166
96.989700
58.564278
89.048884
219.701875
747.149328
479.050062
588.220578
82.699355
48.518041
115.804094
39.726189
447.407906
169.753187
189.248000
866.334641
87.104100
258.403297
119.072469
90.278406
560.916969
512.632344
257.191297
963.699219
69.211600
96.278930
71.601900
95.725148
214.449156
578.957687
143.983656
566.631562
150.527625
71.358150
154.677250
78.126780
461.887953
701.156594
284.281437
562.886297
95.715781
50.432414
85.079841
57.487164
170.234781
581.893859
251.656687
263.488187
21.203648
13.017223
8.937618
16.816155
47.654744
38.244355
51.162494
30.891605
10.005603
9.381675
10.681339
13.648005
25.147952
32.945111
54.948212
25.484708
10.725320
27.593575
11.419460
22.712091
42.278941
39.038630
31.272905
78.140158
19.522964
8.958961
9.812255
12.216122
25.277467
43.939517
26.570570
45.980864
10.388490
18.337483
12.442087
20.588309
34.694562
45.614052
27.196916
41.293656
7.263503
21.683852
7.404499
14.798375
52.243547
26.580994
22.512600
49.210311
11.676545
17.836142
14.783278
7.600198
38.554378
87.851667
29.378681
53.672067
15.343550
17.239481
8.521370
11.435416
55.534911
17.717227
85.158250
28.947530
122.370453
619.620328
601.099906
68.530091
844.676047
1103.500469
724.810031
1098.839531
165.169625
157.706984
206.484969
125.763422
677.988984
940.664562
887.990516
680.123281
100.348945
538.084797
511.332000
122.139109
1073.579375
653.869984
773.970375
940.699672
71.119616
335.608250
168.895375
74.260666
642.155391
890.820750
947.879891
220.899109
167.451969
447.211328
218.334906
151.776016
781.264828
1052.766094
666.115250
1042.241094
162.204047
108.608727
613.810687
51.550586
797.137312
1069.164219
724.589375
889.368406
179.764422
616.609359
416.842437
88.871984
630.463203
1013.019844
870.898250
816.692469
66.132478
332.023422
317.450984
115.023039
335.184516
1031.590000
715.370000
1005.122500
4.219398
12.707666
3.814465
9.303241
48.923050
17.056853
20.935450
24.750462
3.937042
10.649450
6.927341
7.972850
13.385861
28.745423
26.919097
18.296750
3.967968
7.897371
9.527785
6.686777
24.518783
32.104880
20.240686
40.610931
7.345654
5.693422
4.496022
11.565769
20.864236
28.578541
13.143194
24.578086
6.592792
13.948812
3.856701
13.183198
30.551187
16.408586
37.487786
29.022387
6.489280
7.128592
3.954756
10.630849
15.827947
33.254198
36.736792
20.217927
11.153307
8.702905
6.030023
8.833086
44.795791
17.130591
29.135342
18.974164
8.584185
5.069808
8.922239
3.739179
27.051522
19.963256
29.735202
16.897270
83.959264
132.728000
78.538500
122.145875
441.058437
784.924969
274.779000
932.325391
94.424336
51.022233
68.635700
69.677731
357.394750
149.426406
232.763562
123.968766
38.187300
191.600391
142.106906
41.765773
986.942344
212.936828
179.967703
947.376859
68.989753
36.770564
45.748194
94.185477
271.188312
210.547609
164.921875
295.864641
59.507330
171.379312
105.424000
134.656000
413.614734
492.105734
132.523141
998.372422
122.526125
48.973800
55.490862
136.261000
358.524172
209.760000
317.716875
574.094266
91.033500
88.097836
101.175336
57.782137
302.822000
613.865500
186.364969
1031.961094
120.353891
54.361078
38.966405
94.861945
254.301000
733.122391
151.459281
275.892141
17.254169
21.031650
9.344305
21.520044
29.211852
64.986636
53.248469
30.870030
8.326546
23.996219
8.008508
12.913161
42.619761
30.360641
32.310414
39.256091
11.100512
13.746223
23.286578
14.895212
30.159142
53.480817
70.636772
25.767095
5.043062
22.283253
11.710294
14.920125
28.298455
31.579880
19.389852
47.116958
16.218222
20.317892
21.155695
11.722825
33.853169
54.276608
55.909747
40.272344
12.842431
13.135469
12.692480
10.095827
53.495686
27.372719
17.953491
79.499431
30.083845
16.776842
21.081594
11.474112
43.934292
39.164272
50.277539
36.223502
6.575254
17.618756
7.268900
21.827081
26.251516
31.442919
26.121534
44.884216
247.299437
153.684281
503.790656
219.463484
1077.288750
774.148500
935.037609
748.722578
193.611469
106.198945
237.491719
74.124391
723.834594
878.806000
875.512187
686.736375
464.045078
154.128703
86.857473
305.920812
667.656641
1021.065469
837.121813
896.072828
244.560703
72.812634
339.982125
73.215497
411.892562
1062.494062
751.266594
846.018516
197.275516
563.989203
276.656312
522.065344
670.437734
963.755344
992.447156
809.801016
70.028214
150.702922
134.834656
142.491047
1033.622813
826.814656
525.134031
1032.386875
549.967375
191.895609
169.512562
604.719891
849.012453
822.724391
664.030906
1038.211563
146.973891
282.737672
143.714453
70.422367
774.484391
1069.878750
427.284516
1000.434047
4.079641
10.647505
5.785267
16.088387
18.270161
26.418675
18.648091
31.828486
7.321790
6.108653
4.903846
9.966682
34.116177
19.446197
12.188052
27.668970
7.975100
14.267583
3.689499
7.847049
50.300837
16.532705
27.460234
19.039472
3.876160
10.425045
3.884100
9.114190
30.154142
19.250062
21.187514
25.523611
12.809573
7.353977
9.633613
14.611505
30.502747
19.123044
28.178184
41.505833
4.531230
8.343552
13.417048
3.658184
34.169975
22.350275
16.497809
28.022525
12.559642
9.560182
5.268564
8.507035
34.564433
16.662311
37.418011
15.308886
3.443507
9.165369
3.201126
7.215506
37.825880
14.660823
15.983623
33.795611
119.395125
38.712472
105.562031
44.098703
699.226156
529.065859
316.806844
778.105750
50.944195
105.727555
36.819656
71.466736
1008.448281
224.474500
307.436000
701.097969
45.302927
364.141250
102.458000
49.868687
768.636766
722.502891
278.605219
560.227281
58.990725
118.078828
45.440137
85.750159
185.171906
320.721875
270.384187
636.679031
73.647744
74.767937
68.420830
155.064000
338.937000
924.015969
870.301812
209.604344
38.507984
100.125844
87.181664
66.257000
240.586000
486.562797
118.940672
846.268266
172.657734
46.079994
80.059900
126.485937
461.978094
969.514437
428.673234
637.290016
88.347333
41.469639
72.060569
72.587100
250.338687
583.442359
410.741656
242.608562
15.671997
21.762336
9.864208
18.657645
56.245250
33.489095
48.704634
29.485472
12.282816
12.494720
7.903583
19.621497
34.049158
18.754511
44.212494
26.317586
13.116589
25.948641
8.819966
18.506064
31.637648
46.829698
30.112339
39.606802
5.110805
18.554314
15.253784
10.566476
29.945055
15.715745
24.068183
42.092716
10.904282
19.076730
23.084959
10.395426
98.418703
21.223920
54.323378
33.914353
12.097434
16.209411
9.088529
19.649689
34.179956
60.146003
25.945634
44.286878
25.568989
11.117945
25.175681
12.000950
35.395370
37.858420
33.708575
106.886586
20.240850
13.102386
9.136166
15.931234
58.474800
26.383677
25.535311
45.203644
188.707047
189.592844
117.678453
437.356766
980.577781
710.812094
678.424672
1043.762031
110.137437
421.793187
115.701375
61.506337
765.523828
866.409609
1052.153594
772.204297
89.864398
530.584266
88.869466
524.808094
1000.061375
636.954516
911.679516
690.753063
278.131656
53.066173
576.785797
77.771628
745.556109
924.091109
1069.208906
433.591375
600.610953
90.844473
170.287203
511.268141
804.997406
934.001594
643.727719
897.109641
150.042047
262.668562
58.240933
160.845328
464.703031
932.225609
792.058922
641.458406
107.023852
489.957672
134.138937
514.571562
791.424094
1000.906703
761.343375
988.021188
75.882686
355.979578
162.691531
86.846936
1074.189219
633.311641
803.673781
1016.272500
5.206383
11.146034
15.116092
6.855655
17.906481
21.169498
18.894339
34.382673
12.578614
5.936662
9.078550
4.552250
20.586394
34.590939
22.541178
13.924634
3.906650
12.286930
10.947987
9.138945
28.795603
23.092639
24.522362
20.974291
5.334037
8.896058
10.712455
5.867194
20.573919
30.076027
24.742178
13.224662
7.666992
15.982070
3.954339
8.005343
15.780059
31.825552
13.333711
44.967775
12.614748
3.609284
3.416668
6.310129
21.070569
22.634820
19.017752
34.038753
6.433324
8.506945
10.239156
11.061878
33.020712
14.161733
35.678772
21.940294
5.113095
9.637780
9.638160
6.984973
19.824703
22.028491
16.228959
23.840412
83.493112
81.967000
115.984000
77.122430
325.935000
974.180000
377.929766
634.277047
136.454000
56.242480
78.819750
45.633873
173.052531
355.320703
147.730375
312.510984
98.585367
35.376164
105.949000
54.147234
784.042953
393.670000
1032.286563
187.774281
40.600512
87.220391
67.249848
44.147744
134.024984
520.784141
290.116828
135.741984
48.002858
103.748000
56.021042
162.735656
248.428422
1019.688125
278.042500
911.275922
82.299797
60.695475
98.733172
44.692536
518.372141
214.529031
367.362000
257.465766
59.813600
206.706703
56.412897
136.108000
911.994375
319.703000
251.359984
754.873266
43.334962
96.321781
70.103500
106.960031
708.245766
221.463937
334.132891
300.893812
3.684314
5.712457
5.296685
9.578673
1.784515
0.793248
2.379673
0.913505
6.524028
4.628472
1.499266
4.491496
2.466825
0.783352
0.649830
0.389170
5.372674
6.764580
3.999515
6.573040
0.798310
2.060267
1.075625
1.745144
2.674507
3.832682
8.824487
1.752347
1.315651
0.207285
1.282720
0.602165
3.290832
4.391859
7.478236
2.370690
0.822481
1.269722
1.438426
1.057678
2.264479
6.162902
3.914602
3.043532
0.495906
1.188512
0.216578
0.973411
5.456195
3.653869
5.096897
4.373928
0.889956
1.316052
1.043839
2.722112
5.886419
1.619000
4.404048
2.668301
0.650313
0.958150
0.813873
0.831347
0.332277
0.138743
0.119153
0.168414
0.051594
0.077608
0.039561
0.028210
0.127490
0.123032
0.156201
0.080178
0.097561
0.008824
0.015768
0.048676
0.513408
0.086021
0.404799
0.095345
0.039757
0.012825
0.019799
0.043580
0.110436
0.090433
0.209225
0.276832
0.032294
0.027368
0.025606
0.035883
0.142435
0.146851
0.547374
0.097642
0.023269
0.078660
0.063439
0.035537
0.069222
0.306666
0.196872
0.179565
0.025679
0.031212
0.027572
0.029745
0.128482
0.238580
0.598880
0.384396
0.022885
0.069516
0.026395
0.144317
0.467769
0.046115
0.228189
0.064021
0.009922
0.089890
0.060438
0.019417
3.678862
2.960503
1.079563
3.509107
0.576580
0.354738
0.330363
0.512254
2.697209
1.190153
2.426692
1.513787
0.685745
0.111660
0.567257
0.087090
1.268883
4.035644
2.616871
0.873620
0.306735
0.093852
0.494412
1.731811
1.955483
0.876457
2.021917
1.321478
0.440025
0.104272
0.120220
0.818717
1.385233
5.821938
2.261000
1.255485
0.098725
0.601989
0.596508
1.082707
1.143847
1.898828
0.844308
2.517187
0.358588
0.099211
0.428748
0.322909
1.880065
5.185837
2.059086
1.304645
0.095656
0.319685
0.836354
0.477080
3.575101
0.974687
1.010711
2.288632
0.256443
0.107235
0.652368
0.185525
0.078466
0.031502
0.078682
0.076081
0.013755
0.015361
0.028039
0.009958
0.087364
0.024399
0.027754
0.029805
0.008596
0.009664
0.006367
0.023132
0.035544
0.141172
0.110956
0.058676
0.042960
0.007603
0.007641
0.012751
0.025729
0.055896
0.012013
0.087468
0.006468
0.009636
0.013096
0.006433
0.136282
0.014761
0.048275
0.059198
0.008563
0.016395
0.009044
0.013353
0.067497
0.017233
0.049537
0.019793
0.007569
0.006576
0.010559
0.006967
0.075370
0.040795
0.070703
0.041577
0.010484
0.010223
0.008367
0.022980
0.014150
0.063089
0.017229
0.046071
0.009149
0.006226
0.008914
0.006726
2.609592
7.256403
9.074811
5.407432
0.838514
1.519748
0.862971
2.393855
3.265798
7.764843
3.984820
1.999069
1.521185
0.961893
0.262409
1.316139
8.216938
2.783597
8.162936
3.127267
1.143413
1.176542
2.691736
0.690281
1.331497
6.500429
2.473367
4.217822
1.249565
0.720536
1.170657
0.402447
9.106153
3.400325
5.958699
3.781137
1.828021
0.942753
2.301144
1.473029
5.111409
1.463053
8.046805
1.688047
0.396634
1.345499
0.966537
0.620027
7.803255
3.567086
5.863883
9.604816
1.876922
0.589917
2.291107
1.038742
1.958085
4.125949
6.499005
2.624528
0.475492
1.794307
0.205313
0.398767
0.697280
0.049041
0.182479
0.576354
0.053432
0.019934
0.109803
0.038444
0.131289
0.210303
0.149395
0.085058
0.065409
0.023492
0.008835
0.062768
0.760694
0.127882
0.086642
0.723851
0.029934
0.088852
0.033145
0.027208
0.122832
0.085946
0.135777
0.371763
0.035741
0.008676
0.032530
0.084253
0.276155
0.332034
0.352747
0.672078
0.087207
0.036250
0.083659
0.022892
0.177789
0.111735
0.042385
0.468151
0.031180
0.014991
0.014612
0.036382
0.322830
0.055524
0.389788
0.733123
0.083821
0.028086
0.027258
0.127152
0.378870
0.081224
0.033833
0.186856
0.184399
0.007516
0.023409
0.027361
3.414068
1.757292
5.169432
1.563656
0.116849
0.675345
0.511992
0.794789
2.982856
1.177962
1.582060
1.638641
0.620089
0.238814
0.169602
0.682823
3.603381
3.546988
1.496730
3.623366
0.742956
0.465593
0.375938
0.540925
1.509875
2.328073
3.063788
0.925179
0.499715
0.144968
0.783223
0.198856
2.475445
1.465303
5.527158
1.171253
0.251847
0.840269
0.126864
0.363590
1.884629
1.547391
2.930688
1.041643
0.613380
0.106134
0.101349
0.371793
1.205112
2.448194
4.150864
1.643773
0.142289
0.610702
0.495683
0.705661
1.271610
2.266504
1.222851
3.112991
0.160108
0.488319
0.150895
0.546994
0.033476
0.098037
0.159331
0.023798
0.014833
0.009777
0.025543
0.006815
0.021538
0.049791
0.066915
0.033594
0.006589
0.008550
0.007318
0.012019
0.176053
0.015025
0.020761
0.127387
0.006536
0.015803
0.060907
0.007337
0.031898
0.100473
0.056784
0.021145
0.008477
0.007680
0.008681
0.006645
0.119347
0.010738
0.152025
0.030980
0.034270
0.007927
0.036249
0.006610
0.012376
0.083438
0.047644
0.018306
0.007209
0.012104
0.008000
0.005870
0.072768
0.085533
0.025258
0.194354
0.047436
0.012319
0.010478
0.006613
0.011847
0.044837
0.090810
0.017476
0.008649
0.006768
0.009109
0.007351
4.485384
4.149493
9.430677
3.622910
2.517593
0.727101
1.040606
1.396498
3.950589
1.623316
7.669889
2.688469
0.497707
1.186987
0.794073
0.754525
8.310530
5.875790
3.250665
5.653454
2.526031
1.178656
0.746139
2.735051
6.227325
1.431755
6.361603
1.808938
1.407541
0.324114
2.702029
0.590380
4.470267
3.581317
4.158097
6.943031
1.821749
1.039312
0.845963
1.404682
5.938085
2.252184
4.776268
3.399919
0.768788
0.883423
1.911813
0.330227
2.381021
4.267071
3.443070
6.624960
1.447432
1.418287
1.185505
2.433662
6.452223
2.148942
9.363734
1.227769
1.795362
0.885426
0.780239
0.593609
0.170490
0.355066
0.138792
0.526176
0.022849
0.059199
0.048613
0.059376
0.185103
0.136517
0.146244
0.151874
0.028744
0.009681
0.027245
0.070813
0.315369
0.197872
0.607218
0.255078
0.086665
0.029846
0.047714
0.019664
0.065487
0.507202
0.077481
0.347234
0.074804
0.019312
0.010887
0.027045
0.330312
0.153475
0.496727
0.082986
0.071096
0.015470
0.029824
0.049665
0.120449
0.232285
0.155977
0.120409
0.006685
0.034616
0.036728
0.027649
0.082346
0.464205
0.205889
0.147601
0.018674
0.060182
0.053442
0.030665
0.105005
0.144114
0.254377
0.144829
0.047345
0.006473
0.035924
0.020375
4.602652
2.177248
3.339824
0.770145
0.481642
0.613099
0.720796
0.214867
1.377363
2.174596
2.435158
1.088334
0.122415
0.268707
0.975495
0.151049
1.920042
1.217698
6.643579
1.831798
0.138543
0.911025
0.510912
0.764559
3.471963
0.988312
3.018068
1.275614
0.122245
0.536954
0.270794
0.213860
1.436322
2.425592
2.321898
1.304500
0.487167
0.529666
0.309208
0.628556
2.566645
1.202966
0.846578
2.919522
0.115383
0.326185
0.401984
0.143444
0.942298
2.363662
4.545554
1.609964
0.222478
0.967727
0.128805
1.434702
3.644435
1.055205
3.998900
1.425952
0.195950
0.726049
0.703405
0.104236
0.051887
0.260657
0.069744
0.075569
0.011423
0.012546
0.011180
0.008064
0.051102
0.019905
0.092731
0.032047
0.005675
0.007162
0.010514
0.005377
0.069010
0.020588
0.072980
0.203308
0.008536
0.009796
0.009145
0.016928
0.060094
0.011844
0.090434
0.022622
0.008067
0.008333
0.007495
0.006942
0.040738
0.112993
0.092270
0.053789
0.021923
0.007188
0.007226
0.044295
0.088005
0.017934
0.025156
0.054505
0.011964
0.005756
0.012296
0.006613
0.009623
0.275167
0.178176
0.021488
0.034497
0.006728
0.006887
0.010168
0.021872
0.077624
0.029149
0.070433
0.008103
0.006524
0.005803
0.007873
5.638652
3.220141
8.701252
4.761383
1.005705
2.172562
0.968697
2.665446
2.884266
4.839938
7.715880
1.376320
0.869571
1.657235
0.609725
0.789764
5.530328
2.692121
11.087695
4.737289
2.764199
1.126993
2.149756
1.182759
6.752463
2.088655
3.502241
3.683272
1.055842
2.606281
1.129024
0.480639
8.930542
4.341531
3.087153
8.364270
0.786909
3.357421
1.104094
1.817806
2.282469
5.181567
5.752967
1.354687
1.689000
0.168926
1.165969
0.618203
2.137825
8.650394
3.404237
8.181329
1.744680
1.516714
2.013421
0.774523
1.678262
2.441380
5.942941
2.230536
0.842017
1.061552
0.985277
0.637109
0.607153
0.185367
0.666244
0.098854
0.028653
0.132891
0.093877
0.013593
0.128863
0.074375
0.306415
0.343979
0.034348
0.042052
0.022261
0.039667
0.638600
0.269783
0.525845
0.268998
0.037718
0.065350
0.083555
0.083304
0.104024
0.376068
0.062916
0.198766
0.022157
0.027811
0.008476
0.174812
0.067567
0.845563
0.377506
0.170638
0.035999
0.047713
0.075344
0.038518
0.102424
0.114773
0.706616
0.055033
0.088062
0.007785
0.030014
0.040826
0.691460
0.125703
0.608378
0.141994
0.122330
0.026050
0.040392
0.024435
0.115973
0.079065
0.162108
0.332895
0.023073
0.182052
0.019183
0.015918
2.895989
2.025505
1.088233
2.381729
0.874529
0.491570
0.757383
0.150684
0.921120
1.927593
1.036376
2.716660
0.266738
0.109039
0.264474
0.655752
3.729144
1.482998
2.220918
1.402597
0.352883
0.482744
0.271846
0.745395
1.936016
1.224522
0.910580
2.366082
0.306953
0.120073
0.350762
0.663743
1.831680
1.066452
5.968761
1.728690
0.816166
0.302373
0.840273
0.165509
0.998243
3.139596
3.713051
1.701333
0.550462
0.243649
0.558079
0.107073
3.298999
1.839141
2.231759
1.067850
0.301782
0.842428
0.188108
1.328599
2.285793
1.241272
1.223896
1.622927
0.449465
0.220277
0.615842
0.312858
0.025997
0.213191
0.054298
0.100843
0.034313
0.006791
0.009528
0.023081
0.028303
0.047582
0.024820
0.049576
0.008310
0.006775
0.021223
0.007710
0.034681
0.290383
0.120952
0.053402
0.009821
0.009584
0.006426
0.038080
0.051106
0.023454
0.033181
0.060220
0.011230
0.007413
0.007215
0.009706
0.070009
0.119970
0.157292
0.011577
0.038359
0.006717
0.024502
0.007165
0.027013
0.056792
0.023928
0.073349
0.006491
0.009021
0.006751
0.007146
0.053048
0.033433
0.178579
0.037537
0.006404
0.036737
0.008764
0.017551
0.070137
0.019981
0.081303
0.022514
0.006680
0.007335
0.007583
0.006974
