0.000000
1.953698
1.566482
0.681359
6.271707
13.617530
4.445743
11.049977
0.104671
0.747989
2.910141
1.576841
4.209764
5.169417
8.094869
9.790930
1.995795
0.633988
2.429266
2.058184
15.868123
3.128957
9.548712
3.819968
1.140487
0.798505
0.113567
5.402008
8.387796
8.060637
1.806660
8.297998
2.844719
2.297581
1.141008
5.869593
12.226084
9.887159
7.281311
9.574440
0.743815
1.068280
2.306800
0.487743
15.408963
4.634162
15.339900
3.650791
1.748627
3.372273
2.092736
1.418393
7.816569
14.631992
7.847081
4.042567
0.222136
2.859478
1.895791
0.327415
4.576804
11.359419
6.284911
6.029377
16.903400
26.912000
25.248659
23.010700
59.552800
39.366800
47.891400
75.526700
20.731600
20.314317
30.368700
24.423270
39.411200
74.743806
67.509300
49.971400
18.470297
26.574500
18.407600
21.911900
63.161200
112.573922
94.178500
39.920800
17.540488
36.173000
14.903836
17.100200
54.296805
88.707500
44.113700
52.431300
28.109900
24.572261
14.570900
21.759542
70.527034
40.660000
52.224400
69.810800
27.404738
17.648500
22.443100
19.629789
59.303000
58.473800
42.106300
85.734400
26.480800
20.306605
13.529500
24.502200
79.250600
47.177600
73.835448
44.058638
13.430900
32.060169
18.817100
25.041852
91.286245
38.018200
40.838700
77.156300
0.074080
0.269819
1.244919
0.419498
4.895069
2.685603
6.094724
5.972030
0.067508
0.879095
0.125352
0.525104
1.939236
7.259010
3.710268
6.767711
1.364046
0.111658
0.572444
3.750444
5.446149
11.413600
2.779668
2.767548
0.260192
0.743048
0.237072
0.292810
3.364890
5.542145
8.477830
2.273172
0.679694
0.069197
0.643142
2.706248
12.634367
4.772939
5.829450
1.478385
0.825045
0.089314
2.481602
0.049373
3.714390
8.403140
3.171041
4.918143
0.776080
0.061191
1.330101
0.500544
12.191820
3.422908
1.278835
7.313880
0.103722
0.503469
0.569170
0.206324
3.614705
6.066170
1.658574
4.921460
14.332200
24.058080
26.713100
12.789100
37.910289
55.952100
59.779700
45.010700
7.735725
17.569700
18.131600
21.909702
62.278688
32.460600
79.407600
34.024800
18.418700
23.091433
13.824283
12.779700
37.872100
69.412077
62.029100
44.208311
21.907488
9.412720
30.475400
7.402570
61.972200
35.703900
33.960000
88.004800
14.614900
32.608900
26.996100
20.857734
53.014081
58.147200
47.653909
65.187900
9.727210
22.050000
16.256800
25.118300
42.414900
65.849600
28.219700
66.519500
23.976700
17.231667
24.620500
17.136700
45.596005
64.963000
51.564753
53.937400
24.269900
11.421594
27.946100
14.213200
36.091900
72.047300
43.674500
45.048800
8.452819
0.971733
0.231093
5.250375
15.340453
3.290261
9.911220
2.919818
0.284982
0.605444
1.120836
5.585695
6.120436
2.558815
8.654150
12.392028
0.739422
9.721945
0.580917
11.686303
8.186937
3.850426
2.562753
17.766200
9.152224
0.161989
0.895500
1.200071
13.216923
3.377586
4.376240
3.823325
0.602905
2.410973
1.839834
7.343931
2.916634
9.361021
9.318550
4.057943
0.132879
10.889333
0.386178
1.999006
15.867464
4.392231
2.975883
5.126959
2.773545
2.008151
0.816623
0.663692
2.812488
15.002033
13.844836
3.893188
1.798511
9.910990
0.680383
0.277975
12.633881
0.862546
8.953510
10.389306
18.493809
33.489200
25.272100
10.678039
65.196400
93.940000
42.109400
96.605428
25.093600
19.944208
33.250331
18.654727
41.012477
77.447500
80.608086
40.064100
9.504400
21.002000
25.211473
8.578321
94.968400
29.736600
51.877800
77.203300
17.187217
18.141100
29.808800
11.056400
35.949200
84.306214
68.433300
27.466200
18.335161
18.791200
19.487100
19.556928
50.042100
103.574000
34.063900
91.173800
27.739400
19.372955
37.140508
6.211057
62.053859
73.870600
54.072442
58.690900
18.544972
32.700100
19.480800
12.064800
36.472600
104.344000
70.611081
55.882848
10.917900
27.643788
25.827100
19.432300
30.636700
119.891125
50.277000
66.777200
0.057428
1.295498
0.215268
2.667734
10.792200
1.181056
3.657972
10.540119
0.237683
1.398331
0.129964
0.221081
2.632251
4.804488
2.764947
1.187783
0.084698
0.896366
0.302576
2.552787
10.553897
4.666390
1.968489
3.313338
0.140595
0.146890
0.542149
2.095319
5.177620
2.466493
2.618170
1.580538
0.723736
1.122159
0.061871
4.979902
2.927843
3.052241
7.118473
10.362648
0.634142
0.149484
0.219853
0.257038
5.517817
5.768135
7.150356
3.616047
2.940273
0.739619
0.746396
0.339874
13.078367
1.427536
5.196530
0.838249
0.188837
0.575427
0.314061
0.366188
1.958606
3.797548
3.078627
4.967391
18.648400
28.270500
9.815870
25.184348
37.816200
72.451800
44.403900
90.692381
20.897500
14.909400
10.269700
14.104700
55.420500
32.711700
40.671700
28.799800
9.319530
30.129800
23.672200
4.993330
106.465938
38.699300
34.223900
91.529811
13.881300
10.899100
6.424005
19.816900
52.617900
41.738000
31.997100
41.947300
15.004195
32.513000
20.295400
16.906800
55.102480
59.957911
30.488900
96.625370
29.049000
8.896650
11.693300
23.895900
57.749000
33.154300
51.558277
65.532800
12.291100
19.059078
18.849500
17.450998
37.032500
71.849400
34.824400
110.985422
26.812600
12.479000
5.609574
18.369200
35.442500
74.984580
30.842900
45.999100
1.780297
1.815222
0.541900
3.478813
3.998331
12.957998
10.972256
5.470362
1.049426
5.193736
0.286887
0.351082
11.733458
4.497085
5.749612
8.193051
0.537793
2.961955
2.416683
2.479424
8.389130
7.199002
10.208800
6.948346
0.104163
3.129854
0.354990
4.667777
8.187673
5.044201
3.359065
7.807005
1.687207
3.266857
2.631558
0.520830
6.836459
12.771545
10.289800
7.020560
1.968873
0.729831
0.643063
1.044147
9.323040
8.255292
1.089759
14.443402
7.738810
1.556682
5.440261
0.446821
12.475986
5.550772
6.736415
8.434493
0.268713
2.463740
0.104552
8.684806
2.488452
6.424835
3.566768
13.950297
27.837100
18.602900
24.607589
20.959148
112.671297
55.073800
82.043600
37.711700
25.159500
17.687600
31.669900
17.890697
50.436688
77.271725
51.749200
52.993200
23.553302
16.135506
13.934753
28.257767
41.072000
92.049000
52.707700
74.625402
28.158631
11.572200
24.277305
14.744091
46.256978
71.154000
58.455614
65.880400
18.313856
24.547500
19.235500
29.447214
27.565500
90.550672
96.071805
59.455789
17.361823
23.985900
18.681600
23.541800
124.507891
69.065459
39.516000
97.295000
25.665700
17.328216
21.752800
32.688472
69.660822
61.613700
42.506539
96.926983
23.803700
23.414814
23.143600
15.525652
57.300500
130.381375
35.903400
107.821000
0.086852
0.646000
0.508465
2.454827
3.763758
8.009772
2.398838
8.934220
0.270443
0.141368
0.058052
1.022538
9.101090
4.301914
1.190379
4.966543
0.506437
1.470275
0.089103
0.263850
13.372211
5.099051
7.578810
1.491345
0.058199
1.342290
0.069359
0.237875
5.447928
3.466048
2.503686
5.429030
0.945891
0.522554
0.892995
0.981243
5.260011
4.838703
7.052520
7.244580
0.102918
0.460362
1.194362
0.037983
6.590282
4.243034
2.782521
5.942685
1.048352
2.282681
0.067111
1.090791
7.772790
1.163865
10.459256
2.737611
0.060090
1.360401
0.053021
0.112576
6.816528
1.132471
3.967351
6.385890
21.099680
8.434520
21.255500
13.778017
53.419255
60.440400
47.242200
62.041973
12.150500
21.452900
7.512430
15.134200
116.165500
41.269400
48.697200
80.701000
13.873809
34.205600
18.225200
10.055200
62.849644
64.679900
41.980492
52.301700
8.545262
31.636400
11.596400
17.897700
40.055700
55.102600
47.097000
78.695888
18.991547
17.171500
14.644063
23.419500
46.250000
92.766564
73.903900
28.597700
7.771013
26.754800
23.923563
14.324000
41.200931
71.066000
23.220000
104.763672
31.279314
9.041506
11.315000
27.774100
51.733200
95.412961
47.013200
57.692808
19.734100
9.887300
17.548300
16.389800
43.673625
63.267700
49.632700
45.814300
1.057291
9.974316
0.814229
1.401107
18.012519
11.258698
8.010012
2.699266
1.371190
0.329198
0.523315
9.907146
3.306543
2.954367
14.889589
3.456495
1.345802
11.011266
0.195283
6.291881
2.491360
17.085511
3.065168
7.646420
0.468248
2.296284
8.820227
0.292605
4.741210
0.706319
11.867178
3.662629
0.867368
0.806717
8.208488
1.250132
11.908258
1.634638
15.399734
7.466637
1.142837
5.648488
0.258329
2.505283
5.981037
14.494102
1.849947
4.452623
2.783082
2.541376
10.106596
0.520363
2.973061
12.234161
3.300712
16.656281
10.662681
1.537551
0.773722
0.370423
6.672008
12.464223
4.280175
4.668661
14.141400
24.254500
12.723600
26.710759
72.577900
48.391925
40.258700
112.362969
16.614795
26.403034
17.239200
13.843300
57.653433
57.587400
84.405000
58.715000
11.234100
22.745700
11.446297
22.944400
90.977088
38.492441
61.499300
39.484500
30.441200
5.651286
29.651500
16.505798
52.503323
52.231900
117.836188
33.793500
32.254183
11.271100
20.161447
25.118200
59.294361
83.374700
35.608156
69.734728
25.769300
22.861923
9.249060
23.795788
41.985511
91.013384
51.626900
36.812500
11.916200
22.308700
13.248100
19.865400
44.602100
81.226600
51.653969
100.836000
12.012400
24.650422
26.263900
12.848900
84.181670
45.610800
63.885206
106.723281
0.094499
1.164994
5.953303
0.289026
3.185477
1.375261
2.275903
8.951053
2.877345
0.118168
0.208838
0.539620
1.638003
7.837460
4.341519
0.932357
0.478949
0.345298
4.224000
0.616549
4.419666
2.379137
6.756806
1.032266
0.103419
1.566390
0.316100
0.787648
1.821708
8.699910
1.816517
2.951403
0.266621
6.240614
0.224313
0.160404
0.997139
5.114050
4.063648
8.407065
0.433060
0.263866
0.155311
0.157039
1.620713
4.169388
5.240719
5.079040
0.875261
2.188244
1.123941
0.339819
3.279048
0.585953
10.971666
3.403602
0.554832
1.914286
0.355849
0.122145
0.819085
2.190731
2.664940
4.497343
22.877941
19.678422
15.307000
18.655964
45.439764
99.013961
44.805300
46.420000
26.245300
14.223400
21.549100
9.519580
32.530700
51.683600
35.910600
55.473353
20.959500
8.020250
14.585000
13.292700
60.621511
48.182700
116.403922
25.669200
7.142480
19.152500
16.118400
6.965866
30.856000
70.430600
35.696000
30.878300
14.883800
22.100181
9.321470
29.812100
31.049300
111.362219
44.058925
93.550778
20.613700
10.515400
23.584600
9.614510
65.198900
36.112800
52.335900
49.219681
15.073600
27.643367
13.821300
18.924200
77.801739
40.776041
45.578114
55.296400
5.727878
20.133900
16.162700
18.912000
75.835100
32.687900
63.591164
48.873200
0.025307
0.133851
0.203640
0.906296
0.015853
0.013350
0.069079
0.015083
0.524542
0.394485
0.019743
0.063403
0.113401
0.030850
0.015514
0.008358
0.263600
0.691114
0.031743
0.234227
0.012987
0.030468
0.021850
0.015335
0.029225
0.229465
1.240568
0.020416
0.017047
0.003332
0.047305
0.017807
0.081925
0.060302
0.371411
0.018393
0.014121
0.014535
0.015460
0.012986
0.076579
0.151848
0.026677
0.166183
0.012392
0.030168
0.000330
0.048185
0.169847
0.173974
0.133633
0.238978
0.012780
0.014803
0.013609
0.124939
0.482428
0.018034
0.038147
0.145496
0.013406
0.015788
0.028155
0.012017
0.009869
0.000000
0.000189
0.004657
0.000000
0.000000
0.000000
0.000000
0.008380
0.000000
0.000800
0.000000
0.000000
0.000000
0.000000
0.000000
0.010756
0.000000
0.005578
0.000000
0.000000
0.000000
0.000000
0.000000
0.001088
0.000000
0.000310
0.009406
0.000000
0.000000
0.000000
0.000000
0.000000
0.001777
0.010933
0.000000
0.000000
0.000000
0.000000
0.000000
0.000000
0.009202
0.008010
0.000523
0.000000
0.000000
0.000000
0.000000
0.000000
0.009303
0.011604
0.006171
0.000000
0.000000
0.000000
0.004921
0.010139
0.000000
0.009213
0.000000
0.000000
0.006810
0.000000
0.000000
0.059389
0.030905
0.019109
0.056879
0.013955
0.014409
0.008476
0.011808
0.031582
0.020125
0.036744
0.020775
0.016841
0.001953
0.014700
0.002423
0.018108
0.369067
0.036971
0.017924
0.006015
0.007484
0.013707
0.043508
0.026717
0.017691
0.025303
0.020669
0.015842
0.002792
0.004559
0.016728
0.018448
0.229561
0.028072
0.019984
0.000065
0.016329
0.012151
0.016947
0.018679
0.037485
0.017456
0.036233
0.015231
0.001909
0.015269
0.004092
0.023619
0.681924
0.023171
0.020537
0.004558
0.006500
0.015415
0.012358
0.031914
0.016024
0.019247
0.039613
0.009420
0.007088
0.015377
0.012262
0.000000
0.000000
0.000000
0.001752
0.000000
0.000000
0.000000
0.000000
0.001207
0.000000
0.000000
0.000000
0.000000
0.000000
0.000000
0.000000
0.000000
0.006530
0.001809
0.000000
0.000000
0.000000
0.000000
0.000000
0.000000
0.000063
0.000000
0.009734
0.000000
0.000000
0.000000
0.000000
0.000259
0.000000
0.000000
0.000000
0.000000
0.000000
0.000000
0.000000
0.001003
0.000000
0.000000
0.000000
0.000000
0.000000
0.000000
0.000000
0.000588
0.000000
0.000139
0.000146
0.000000
0.000000
0.000000
0.000000
0.000000
0.002446
0.000000
0.000000
0.000000
0.000000
0.000000
0.000000
0.025151
0.862806
1.656605
0.159674
0.013846
0.014677
0.013543
0.038746
0.304503
0.588818
0.090515
0.024575
0.072756
0.015133
0.002741
0.017263
1.317479
0.040457
1.331833
0.038039
0.014966
0.001975
0.095617
0.012290
0.032792
2.226841
0.186218
0.194718
0.017361
0.005272
0.023154
0.000251
1.038672
0.030389
0.384058
0.063371
0.017331
0.013198
0.027022
0.029590
0.838218
0.019579
0.634671
0.023668
0.012831
0.052110
0.014868
0.013469
0.276829
0.150153
0.727011
0.668415
0.059834
0.011481
0.020386
0.007530
0.159658
0.055647
0.502780
0.329437
0.011501
0.038882
0.001406
0.014064
0.010926
0.000000
0.001055
0.019156
0.000000
0.000000
0.000000
0.000000
0.007728
0.007697
0.000000
0.000000
0.000000
0.000000
0.000000
0.000000
0.010901
0.000000
0.000000
0.006105
0.000000
0.000000
0.000000
0.000000
0.000982
0.000000
0.000040
0.009914
0.000000
0.000000
0.000000
0.007270
0.009244
0.000485
0.008603
0.010574
0.000226
0.000000
0.000000
0.000000
0.001972
0.000511
0.000000
0.011046
0.000000
0.000000
0.000000
0.000000
0.009952
0.000000
0.005482
0.010424
0.000000
0.000000
0.000000
0.000283
0.009783
0.000000
0.000098
0.004239
0.007191
0.000000
0.000000
0.000000
0.127431
0.016184
0.281968
0.023158
0.001418
0.010208
0.013595
0.016444
0.052058
0.018339
0.021369
0.017297
0.016850
0.012081
0.006546
0.008697
0.340858
0.168272
0.017984
0.063217
0.016117
0.012609
0.000875
0.005097
0.037622
0.329573
0.049188
0.019070
0.015164
0.007371
0.016883
0.000000
0.045329
0.010148
0.880099
0.019021
0.006845
0.015563
0.002742
0.014652
0.032438
0.018110
0.034497
0.004644
0.016052
0.003260
0.004329
0.014520
0.030807
0.303032
0.204754
0.078679
0.011596
0.014025
0.019921
0.000170
0.015792
0.036531
0.017932
0.076344
0.005241
0.015369
0.003000
0.016053
0.000576
0.000000
0.009805
0.000000
0.000000
0.000000
0.000000
0.000000
0.000000
0.000000
0.000643
0.000819
0.000000
0.000000
0.000000
0.000000
0.010623
0.000000
0.000000
0.000128
0.000000
0.000000
0.000000
0.000000
0.008575
0.010370
0.000597
0.000000
0.000000
0.000000
0.000000
0.000000
0.009718
0.000000
0.008595
0.000000
0.000000
0.000000
0.000000
0.000000
0.000000
0.009975
0.000696
0.000000
0.000000
0.000000
0.000000
0.000000
0.000000
0.000000
0.000000
0.002579
0.000000
0.000000
0.000000
0.000000
0.000000
0.000000
0.003490
0.000000
0.000000
0.000000
0.000000
0.000000
0.079087
0.104723
1.048011
0.041649
0.055615
0.012628
0.013195
0.016642
0.047878
0.017847
0.553133
0.081864
0.005924
0.076011
0.014204
0.014325
0.892729
0.250467
0.021675
0.171491
0.017621
0.013546
0.012392
0.101080
0.459629
0.018088
0.578708
0.020902
0.016955
0.006718
0.130320
0.012756
0.074865
0.132438
0.048917
0.573885
0.015986
0.013522
0.020343
0.014538
0.072797
0.070178
0.270562
0.048735
0.019501
0.015766
0.131568
0.008250
0.020130
0.096140
0.127152
0.699195
0.014452
0.048136
0.013448
0.040836
0.427693
0.020635
1.497994
0.018508
0.051239
0.028727
0.016045
0.013798
0.007962
0.010123
0.000000
0.006569
0.000000
0.000000
0.000000
0.000240
0.008220
0.000000
0.005041
0.008575
0.000000
0.000000
0.000000
0.000245
0.000351
0.002540
0.011373
0.007440
0.000000
0.000000
0.000000
0.000000
0.000000
0.011770
0.000000
0.010375
0.004303
0.000000
0.000000
0.000000
0.009742
0.007626
0.001032
0.000417
0.000000
0.000000
0.000000
0.000000
0.007520
0.008507
0.000000
0.003198
0.000000
0.000000
0.000000
0.000000
0.000000
0.009907
0.010440
0.000000
0.000000
0.000000
0.000000
0.000000
0.000613
0.000000
0.008483
0.002073
0.000000
0.000000
0.000000
0.000000
0.057381
0.039868
0.039876
0.018004
0.014000
0.015867
0.014690
0.002142
0.021549
0.023363
0.045984
0.017977
0.004797
0.011637
0.017101
0.003903
0.027350
0.014668
0.411866
0.025948
0.002722
0.017259
0.013088
0.015533
0.044108
0.018382
0.034264
0.014203
0.007229
0.014861
0.006096
0.013626
0.020318
0.026221
0.031371
0.032289
0.012949
0.015958
0.002868
0.012261
0.025206
0.020740
0.017865
0.054470
0.008615
0.014945
0.015724
0.001352
0.018579
0.030710
0.453411
0.019197
0.009887
0.016631
0.001179
0.046405
0.039716
0.020652
0.050308
0.021418
0.002797
0.016747
0.017359
0.000952
0.000000
0.002719
0.003072
0.001333
0.000000
0.000000
0.000000
0.000000
0.000000
0.000000
0.001005
0.000000
0.000000
0.000000
0.000000
0.000000
0.000484
0.000000
0.000000
0.009797
0.000000
0.000000
0.000000
0.000000
0.000722
0.000000
0.001967
0.000000
0.000000
0.000000
0.000000
0.000000
0.000440
0.008884
0.000000
0.000000
0.000000
0.000000
0.000000
0.000102
0.004606
0.000000
0.000000
0.000000
0.000000
0.000000
0.000000
0.000000
0.000000
0.010405
0.000930
0.000119
0.000000
0.000000
0.000000
0.000000
0.000000
0.003567
0.000000
0.000000
0.000000
0.000000
0.000000
0.000000
0.529477
0.028077
0.713155
0.392406
0.013245
0.025157
0.016851
0.036670
0.062647
0.804259
0.568698
0.019910
0.026327
0.070579
0.013456
0.012302
0.380367
0.047243
2.975540
0.103178
0.096868
0.013922
0.016437
0.021516
0.597163
0.050344
0.041245
0.687653
0.016516
0.453164
0.018320
0.000139
1.075546
0.580737
0.053458
0.464225
0.011744
0.252373
0.012817
0.034519
0.163547
0.055855
0.664566
0.006471
0.036185
0.011525
0.034793
0.006614
0.020353
0.492495
0.037685
1.788488
0.111846
0.016510
0.015157
0.011438
0.026652
0.244547
0.279417
0.462182
0.012705
0.016769
0.034754
0.002625
0.003928
0.000386
0.010944
0.000246
0.000000
0.000000
0.000000
0.000000
0.000328
0.000000
0.008914
0.011253
0.000000
0.000434
0.000000
0.000000
0.010087
0.000000
0.010989
0.002436
0.000000
0.000000
0.000000
0.000000
0.000000
0.010772
0.000000
0.011033
0.000000
0.000000
0.000000
0.006867
0.000000
0.011890
0.010529
0.000000
0.000000
0.000000
0.000000
0.000000
0.000262
0.000000
0.011782
0.000109
0.000000
0.000000
0.000000
0.000000
0.011326
0.000000
0.010757
0.000000
0.001351
0.000000
0.000000
0.000000
0.000000
0.000000
0.000000
0.009305
0.000000
0.004960
0.000000
0.000000
0.093845
0.059962
0.018870
0.125073
0.017161
0.010445
0.010293
0.012574
0.018517
0.203895
0.012112
0.030464
0.012948
0.007694
0.013628
0.006822
0.087806
0.092378
0.034744
0.021307
0.012637
0.003029
0.013865
0.001503
0.114142
0.020531
0.000363
0.037398
0.000160
0.011747
0.004203
0.016253
0.017800
0.019500
0.159271
0.046062
0.015063
0.011966
0.019471
0.004508
0.015327
0.046574
0.060397
0.034070
0.014723
0.013509
0.015675
0.002598
0.079434
0.033670
0.133194
0.017360
0.002463
0.000263
0.008662
0.029387
0.038115
0.020457
0.003982
0.052869
0.005287
0.000000
0.016504
0.012978
0.000000
0.009080
0.000000
0.006762
0.000000
0.000000
0.000000
0.000000
0.000000
0.000000
0.001939
0.000250
0.000000
0.000000
0.000000
0.000000
0.000000
0.011194
0.002810
0.000361
0.000000
0.000000
0.000000
0.000280
0.001544
0.000000
0.000000
0.000076
0.000000
0.000000
0.000000
0.000000
0.007042
0.000000
0.010085
0.000000
0.000000
0.000000
0.000000
0.000000
0.000390
0.000070
0.000000
0.009730
0.000000
0.000000
0.000000
0.000000
0.000000
0.000309
0.009550
0.000000
0.000000
0.000000
0.000000
0.000000
0.003173
0.000000
0.000129
0.000026
0.000000
0.000000
0.000000
0.000000
