0.000000
3.283184
2.894200
2.166241
5.970377
7.617991
4.434358
7.473535
1.180712
2.550914
3.658595
2.718295
3.689618
4.916269
4.728569
7.878628
3.275123
2.455706
3.279255
3.033969
9.285828
4.650970
7.159363
5.628375
2.452649
3.171369
1.037757
3.794162
5.579224
6.711800
3.669746
7.430810
4.048141
3.149629
2.767711
5.418461
7.828354
6.521162
6.678257
7.290549
2.404835
2.481375
3.493057
1.857681
8.059191
4.221960
9.176461
4.588984
2.893189
3.352716
3.526296
3.236063
7.361297
7.894970
7.346914
4.183939
1.562770
3.714958
2.661473
1.913484
4.983406
6.645930
5.226092
6.217547
12.171633
20.068069
15.722408
16.338866
49.275570
23.995825
37.434017
45.124291
13.077759
12.108022
17.567998
14.443542
22.516734
50.954991
54.169716
46.209198
11.954958
21.991836
13.253327
15.681505
33.944561
71.251909
67.314348
36.879038
11.173155
25.487300
10.647383
13.099322
38.308633
46.550395
36.236295
55.136873
17.770291
14.421728
11.031400
15.267722
52.376992
29.695419
26.431397
53.450786
15.655070
11.408050
14.479394
11.631339
43.080506
41.641837
30.735409
61.726755
17.395603
14.474463
9.751650
16.842895
58.533150
43.927233
52.948973
21.340462
10.668258
20.095047
13.541080
19.629167
69.845203
21.711017
26.899434
49.679870
0.807699
1.542183
2.364254
1.403952
4.372413
3.635636
4.182081
5.278209
0.956175
1.819549
1.058555
1.779952
3.016299
4.646419
3.633930
5.277776
2.765339
1.026204
2.231851
2.672187
5.025599
6.352135
3.547593
2.909202
1.317305
2.185083
1.220131
1.334002
3.661163
4.483265
4.711905
3.034594
1.940681
0.977804
1.963355
2.779048
6.605634
3.613701
5.753934
2.857304
1.929278
1.173589
3.209805
0.730396
3.346908
5.012683
3.588433
3.880546
1.859376
0.518072
2.070721
2.151196
6.482491
4.587686
3.343010
5.015480
0.928024
2.010025
1.758153
1.309729
3.720285
5.199392
2.835928
4.911336
9.991333
12.712027
15.196859
7.565501
23.277066
44.721848
36.510783
34.737097
4.948438
10.527784
11.503545
10.100392
43.603545
19.600397
52.800245
17.565880
9.861719
12.701820
8.745610
9.991564
24.666788
50.157489
29.187733
25.031486
10.715338
5.843911
22.722484
6.461373
40.014872
31.777008
21.309375
53.855848
10.480532
21.340070
18.656191
10.961833
35.476478
40.313417
33.339250
57.602778
8.669226
16.759981
8.216290
11.844275
31.300616
52.976625
20.498750
41.492764
17.159677
13.200455
13.312817
10.417390
25.904623
50.951455
40.060803
40.130945
13.415209
7.476581
15.157953
7.089774
21.610008
33.815475
33.745714
43.023534
4.941829
2.188119
1.673485
3.736409
8.490278
5.339673
8.394083
4.464938
1.821603
2.333831
2.423051
3.113910
4.643055
4.252512
7.125754
6.327192
1.858248
6.004379
1.956867
5.946530
7.971778
5.487406
3.744595
10.666279
4.106129
1.484810
2.114276
3.131512
6.292708
5.550366
5.026602
6.105238
1.880195
3.202717
3.183391
4.692212
4.941933
7.512972
5.974999
5.897800
1.258799
4.895833
1.503144
2.675024
7.752684
4.980453
4.084044
6.123887
3.153399
2.690473
2.388175
1.911384
4.657574
11.860303
6.565259
6.403607
2.694529
4.589040
2.343012
1.839406
9.734108
2.809056
8.681832
6.029925
11.530223
19.410219
17.054341
9.722248
33.201470
67.380484
41.180130
52.440439
15.293669
13.705953
25.249627
11.286239
37.847133
35.926330
48.605486
36.127722
9.581358
27.251441
25.688869
9.268152
51.146103
32.967558
28.301412
55.523634
14.103569
13.796175
22.122911
9.045826
19.605048
59.311867
58.232770
16.822461
14.451542
15.220998
13.480239
12.106500
29.673563
47.125614
36.306400
62.614078
17.070128
15.459886
18.725058
6.931938
49.192395
42.548270
28.413197
59.735823
15.406620
31.303405
15.495381
9.191601
31.954123
44.532420
60.691611
30.045081
8.607390
25.478619
15.028895
16.999755
17.893369
59.182841
41.153445
65.786830
0.704125
2.511542
1.014440
2.403038
7.198283
2.932347
4.112098
4.762811
1.047087
2.944584
1.212787
1.331896
2.827850
5.223858
3.725407
3.061128
0.447822
2.222236
1.700277
1.977873
4.760299
8.361333
3.069370
5.132562
1.242394
0.630474
1.265222
3.241878
4.319999
3.636666
3.129049
3.295088
1.808393
2.579381
0.463449
3.049320
4.362500
3.752090
4.732328
5.311843
1.716058
0.933957
0.988402
2.010042
3.281778
4.559433
5.116439
4.234425
2.497416
1.920683
1.742545
1.480486
8.740281
2.665953
5.566539
3.080690
1.506484
1.328104
1.414640
1.065774
3.641140
4.299380
4.059184
3.888339
10.764065
20.498411
7.705023
23.174009
20.859473
39.967137
37.717706
63.766453
20.908527
12.897923
7.751660
8.060399
43.515728
16.917877
40.798195
14.917189
10.647250
29.414023
14.472433
5.247982
66.008603
19.674223
28.229183
43.768503
7.530188
11.851419
5.809593
23.059327
23.211094
20.423170
29.951297
42.115333
9.171110
16.146594
12.427539
12.574247
23.952109
29.584081
24.894303
61.149842
23.621094
11.414825
7.169112
11.989220
29.669080
27.990006
28.849842
53.937189
9.331291
18.471631
11.008259
15.364558
33.205652
29.258150
29.105248
61.463452
14.647486
13.105625
4.919560
21.695594
31.377481
34.218064
34.929823
23.972484
3.420440
3.166916
2.365525
4.028484
4.697625
8.426075
8.102328
5.590346
2.015645
5.207322
1.396724
2.391333
6.625430
4.784558
4.708105
6.559304
2.313045
3.081479
4.130406
3.458250
5.656725
6.478612
8.595781
4.934095
1.162490
4.417623
2.082636
3.096287
6.103349
5.664650
3.242323
7.019385
3.565885
3.998074
3.644224
2.232888
6.380864
7.571527
8.184059
6.054089
2.609090
2.855720
2.396655
2.817764
6.240864
5.411588
3.579655
9.001672
5.261836
3.205317
4.537576
2.034921
8.335316
5.549988
6.542547
4.786406
1.189226
3.197937
1.479322
4.545237
3.449566
5.964712
5.271457
7.062920
15.951066
12.938033
15.015266
13.592189
78.094313
34.432675
47.077412
29.209577
16.697902
10.129132
16.077352
11.467583
35.424663
52.072512
58.252814
25.285305
16.478266
11.551269
10.805607
15.484002
26.834655
48.381880
42.817984
62.238470
17.394934
9.487101
14.310086
9.562939
22.865169
71.518198
33.456575
49.622636
12.079402
20.271803
11.991417
20.637884
27.222075
54.160803
51.847562
41.466211
10.754073
13.015394
10.045263
18.347450
83.197302
40.337133
39.875564
59.950086
15.956450
13.252180
13.558158
23.998159
47.270888
27.496131
30.164941
79.640442
18.495769
15.271183
12.582672
9.938603
40.073633
87.797444
34.374113
54.091712
0.864213
2.346117
1.374259
3.362141
3.698296
4.656288
3.920572
5.086274
1.365002
1.385425
1.087523
2.199810
5.263899
3.909803
2.919983
3.771610
1.693695
2.761627
0.685619
1.745763
7.842054
3.505425
5.209542
2.952892
0.642452
2.768774
0.693812
1.824953
4.760554
3.797631
3.350045
4.425574
2.334481
1.482112
2.713764
3.301213
4.854494
4.297328
3.823288
4.899410
0.916243
1.514597
2.802454
0.808764
5.439463
4.099831
3.185460
3.899576
2.287175
2.899794
1.059712
1.996708
5.942863
2.507486
4.907622
3.936287
0.956781
1.978854
0.458141
1.536529
5.309044
2.950037
4.034905
3.989858
11.594445
5.170655
14.861131
7.380133
35.699886
40.073570
37.844644
38.990587
6.466998
14.663805
4.987982
12.334311
72.623192
36.082113
23.270595
49.227398
7.788804
26.348394
10.002645
10.973483
52.835997
48.941938
22.801044
41.813214
7.549090
13.735116
6.946019
18.771722
36.935281
23.413455
32.836025
49.490563
11.787213
13.001981
8.299272
14.604700
24.256409
69.234298
45.213639
23.345642
6.311719
11.530531
15.525191
7.484681
19.858539
42.992628
20.219694
66.930336
23.661697
10.540565
8.181750
16.036802
41.953208
48.438092
42.056739
48.347502
18.268680
6.044164
7.428468
9.693361
31.160250
30.546689
54.833927
30.085922
3.037440
5.287638
2.624000
2.790632
9.191331
6.420749
7.013355
3.945992
2.461564
2.488811
1.664261
4.555398
4.422312
4.286035
7.059574
5.236905
2.108834
6.296731
1.584517
3.910587
3.476483
9.383691
4.904739
7.434245
1.387274
3.220600
3.755386
1.766619
5.384013
2.853524
5.329358
5.382290
1.850270
3.311022
5.507107
2.409431
9.799613
2.835642
8.555642
6.583478
2.864647
3.785545
1.570867
3.801949
5.034907
10.123133
4.094954
5.605631
4.186665
3.126958
5.586381
1.657528
4.911681
6.726756
4.612282
14.965664
5.111874
2.291053
2.211636
2.741725
6.161668
5.099916
5.772099
6.704225
10.633601
19.659542
10.540439
22.472938
65.939017
22.106317
32.295913
71.038983
11.245285
23.260928
10.671757
11.589208
50.026502
35.468841
56.504877
26.518762
9.378968
24.070048
11.408497
16.874009
70.182713
18.819166
37.835134
35.269980
25.619275
6.969120
15.876473
13.827666
28.352197
61.358603
61.418614
18.127189
16.665339
9.061747
14.020191
21.061138
38.744998
34.146756
30.040408
63.181644
21.824275
17.725402
6.905891
14.552117
29.619177
73.578227
41.681919
18.821797
9.865493
21.870475
9.490765
34.472989
30.684616
51.974073
51.365258
40.088644
8.163645
29.608313
20.603570
10.584964
76.363909
19.527083
44.159283
64.100341
0.831762
2.868196
3.412259
1.562113
3.484378
3.659591
3.028189
6.199802
2.768601
0.708515
1.790003
1.294440
3.738283
5.484569
4.592847
2.379862
1.051793
2.221155
3.043728
1.806514
5.311498
3.630397
4.390864
2.846208
0.738115
2.473685
2.106617
1.909828
3.094172
7.467090
3.884267
3.640167
1.269519
4.120039
0.906068
1.656006
2.628773
6.579969
2.662083
7.009731
2.530971
0.876401
1.127494
0.900411
3.430776
4.017426
4.290229
3.836301
1.691248
2.545984
1.932668
2.199495
5.752790
2.305270
5.145796
4.419042
1.629103
2.464708
1.631317
1.176524
3.313278
3.140166
3.899048
4.137081
10.277878
12.777311
11.474144
14.455394
19.996072
58.048553
35.740147
57.322788
20.802452
11.632263
11.284998
5.144479
37.655133
30.967194
24.294473
22.783487
19.096141
11.990313
9.535765
8.307764
26.645798
40.248605
77.066025
18.229009
6.192651
24.420077
13.063834
5.406586
17.228056
24.902695
45.559670
24.034609
9.312098
14.527328
8.271727
14.793950
38.274725
55.496348
17.824131
54.983847
11.673130
6.230718
14.899788
13.225922
26.358806
24.902827
34.264227
50.888075
12.894288
16.496022
16.167675
10.700514
39.282995
34.985856
48.212916
41.981384
5.870661
26.011363
11.916758
9.166622
27.532459
46.806977
32.916739
35.256445
0.726492
1.243903
1.521603
2.144010
0.149526
0.000000
0.669932
0.019601
2.035276
1.380378
0.028774
0.902278
0.756581
0.049560
0.000000
0.000000
1.354892
2.016908
0.947683
1.425105
0.000000
0.784852
0.026951
0.210565
0.385627
1.063168
2.484175
0.018030
0.000000
0.000000
0.338922
0.000000
0.949192
0.992205
2.072295
0.114642
0.024987
0.052997
0.013551
0.107872
0.579603
1.201295
0.604324
0.763136
0.000000
0.000214
0.000000
0.145235
1.341028
0.961086
0.997009
1.294415
0.069950
0.000000
0.113611
0.517434
1.751908
0.077257
0.683975
0.971408
0.000000
0.000000
0.000000
0.000000
0.000000
0.000000
0.000000
0.000000
0.000000
0.000000
0.000000
0.000000
0.000000
0.000000
0.000000
0.000000
0.000000
0.000000
0.000000
0.000000
0.000000
0.000000
0.000000
0.000000
0.000000
0.000000
0.000000
0.000000
0.000000
0.000000
0.000000
0.000000
0.000000
0.000000
0.000000
0.000000
0.000000
0.000000
0.000000
0.000000
0.000000
0.000000
0.000000
0.000000
0.000000
0.000000
0.000000
0.000000
0.000000
0.000000
0.000000
0.000000
0.000000
0.000000
0.012197
0.000000
0.000000
0.000000
0.000000
0.000000
0.000000
0.000000
0.000000
0.000000
0.000000
0.000000
0.000000
0.000000
0.595313
0.427148
0.016563
0.722171
0.000000
0.000000
0.000000
0.000000
0.440700
0.022984
0.412282
0.031159
0.000000
0.000000
0.000000
0.000000
0.000507
1.254623
0.518041
0.000000
0.000000
0.000000
0.000000
0.022261
0.087614
0.022760
0.091189
0.110149
0.000000
0.000000
0.000000
0.000000
0.025991
1.085769
0.334862
0.017580
0.000000
0.000000
0.000000
0.000439
0.016504
0.252241
0.003686
0.577673
0.000000
0.000000
0.000000
0.000000
0.041724
1.529540
0.072427
0.070421
0.000000
0.000000
0.004718
0.000000
0.454945
0.047444
0.026319
0.160904
0.000000
0.000000
0.000000
0.000000
0.000000
0.000000
0.000000
0.000000
0.000000
0.000000
0.000000
0.000000
0.000000
0.000000
0.000000
0.000000
0.000000
0.000000
0.000000
0.000000
0.000000
0.000000
0.000000
0.000000
0.000000
0.000000
0.000000
0.000000
0.000000
0.000000
0.000000
0.000000
0.000000
0.000000
0.000000
0.000000
0.000000
0.000000
0.000000
0.000000
0.000000
0.000000
0.000000
0.000000
0.000000
0.000000
0.000000
0.000000
0.000000
0.000000
0.000000
0.000000
0.000000
0.000000
0.000000
0.000000
0.000000
0.000000
0.000000
0.000000
0.000000
0.000000
0.000000
0.000000
0.000000
0.000000
0.000000
0.000000
0.094336
2.170936
2.627388
0.962904
0.000000
0.578539
0.000000
0.882342
1.107248
1.595204
0.767236
0.023055
0.140275
0.092159
0.000000
0.000000
2.607237
0.137244
2.576567
0.113215
0.000000
0.060298
1.094403
0.000000
0.000000
2.478354
0.601442
0.649096
0.000000
0.018841
0.000000
0.000000
2.586302
0.861897
1.362169
0.491680
0.521631
0.000000
0.100763
0.543433
1.761256
0.000978
1.857105
0.205195
0.000000
0.052016
0.034044
0.025672
1.481896
0.942722
2.007393
1.883853
0.812162
0.000000
0.015144
0.349948
0.367560
0.294404
1.294172
1.111221
0.000000
0.482559
0.000000
0.000000
0.000000
0.000000
0.000000
0.000000
0.000000
0.000000
0.000000
0.000000
0.000000
0.000000
0.000000
0.000000
0.000000
0.000000
0.000000
0.000000
0.139614
0.000000
0.000000
0.018161
0.000000
0.000000
0.000000
0.000000
0.000000
0.000000
0.000000
0.000000
0.000000
0.000000
0.000000
0.000000
0.000000
0.000000
0.000000
0.000000
0.000000
0.000000
0.000000
0.000000
0.000000
0.000000
0.000000
0.000000
0.000000
0.000000
0.000000
0.000000
0.000000
0.000000
0.000000
0.149915
0.000000
0.000000
0.000000
0.000000
0.000000
0.000000
0.000000
0.000000
0.000000
0.000000
0.000000
0.000000
0.732646
0.335591
1.293285
0.018474
0.000000
0.013279
0.000000
0.000000
0.260294
0.000000
0.159584
0.337836
0.000000
0.000000
0.000000
0.029723
0.924303
0.469153
0.267249
0.250011
0.000000
0.000000
0.013171
0.000000
0.279073
0.760054
0.162079
0.000000
0.000000
0.000000
0.000000
0.000000
0.092100
0.138930
1.723163
0.000000
0.000000
0.000000
0.000000
0.000000
0.040110
0.378444
0.296284
0.105788
0.000000
0.000000
0.000000
0.000000
0.000000
0.751364
0.614932
0.402476
0.000000
0.046427
0.000000
0.055498
0.212676
0.059727
0.330753
0.217648
0.000000
0.000000
0.000000
0.000000
0.000000
0.000000
0.000000
0.000000
0.000000
0.000000
0.000000
0.000000
0.000000
0.000000
0.000000
0.000000
0.000000
0.000000
0.000000
0.000000
0.000000
0.000000
0.000000
0.000000
0.000000
0.000000
0.000000
0.000000
0.000000
0.000000
0.000000
0.000000
0.000000
0.000000
0.000000
0.000000
0.000000
0.000000
0.000000
0.000000
0.000000
0.000000
0.000000
0.000000
0.000000
0.000000
0.000000
0.000000
0.000000
0.000000
0.000000
0.000000
0.000000
0.000000
0.000000
0.000000
0.000000
0.000000
0.000000
0.000000
0.000000
0.000000
0.000000
0.000000
0.000000
0.000000
0.000000
0.000000
0.860185
1.236365
2.214366
0.737823
0.703655
0.000000
0.011913
0.013737
0.833966
0.015794
2.179285
0.647551
0.000000
0.117360
0.000000
0.000000
2.270549
1.395589
0.679371
1.093593
0.118124
0.254534
0.000000
0.544518
1.708619
0.040154
1.916128
0.022985
0.004478
0.000000
0.726114
0.000000
0.919388
0.993172
1.072087
2.122104
0.083166
0.016412
0.046674
0.105644
1.308866
0.407305
1.511344
0.493394
0.013539
0.000000
0.549791
0.000000
0.231868
1.010419
0.792707
2.380540
0.011665
0.501135
0.041599
0.363840
1.881836
0.149278
2.389909
0.003921
0.678086
0.000000
0.013867
0.000000
0.000000
0.000000
0.000000
0.000000
0.000000
0.000000
0.000000
0.000000
0.000000
0.000000
0.000000
0.000000
0.000000
0.000000
0.000000
0.000000
0.000000
0.000000
0.000000
0.000000
0.000000
0.000000
0.000000
0.000000
0.000000
0.000000
0.000000
0.000000
0.000000
0.000000
0.000000
0.000000
0.000000
0.000000
0.000000
0.000000
0.000000
0.000000
0.000000
0.000000
0.000000
0.000000
0.000000
0.000000
0.000000
0.000000
0.000000
0.000000
0.000000
0.000000
0.000000
0.000000
0.000000
0.000000
0.000000
0.000000
0.000000
0.000000
0.000000
0.000000
0.000000
0.000000
0.000000
0.000000
0.926710
0.134012
0.705952
0.015054
0.000000
0.000000
0.000000
0.000000
0.077414
0.277086
0.437567
0.014869
0.000000
0.000000
0.014820
0.000000
0.069025
0.083469
1.803975
0.220516
0.000000
0.000000
0.000000
0.012196
0.753530
0.000000
0.494806
0.118584
0.000000
0.000000
0.000000
0.000000
0.021738
0.276080
0.316495
0.020771
0.000000
0.000000
0.000000
0.000000
0.335877
0.053794
0.013580
0.546002
0.000000
0.000000
0.000000
0.000000
0.024656
0.153873
1.070084
0.015788
0.000000
0.014563
0.000000
0.012296
0.477667
0.000000
1.009990
0.178925
0.000000
0.014705
0.000000
0.000000
0.000000
0.000000
0.000000
0.000000
0.000000
0.000000
0.000000
0.000000
0.000000
0.000000
0.000000
0.000000
0.000000
0.000000
0.000000
0.000000
0.000000
0.000000
0.000000
0.000000
0.000000
0.000000
0.000000
0.000000
0.000000
0.000000
0.000000
0.000000
0.000000
0.000000
0.000000
0.000000
0.000000
0.000000
0.000000
0.000000
0.000000
0.000000
0.000000
0.000000
0.000000
0.000000
0.000000
0.000000
0.000000
0.000000
0.000000
0.000000
0.000000
0.000000
0.000000
0.000000
0.000000
0.000000
0.000000
0.000000
0.000000
0.000000
0.000000
0.000000
0.000000
0.000000
0.000000
0.000000
1.683489
0.177210
1.671391
1.600384
0.000000
0.067644
0.208800
0.986206
0.615030
1.809001
1.910175
0.000000
0.130959
0.046225
0.000000
0.021419
1.760935
0.113429
2.713397
0.749559
1.123937
0.000000
0.581708
0.000000
1.497399
0.318700
0.202495
1.498016
0.000000
1.068398
0.000000
0.000000
2.853096
1.664627
0.249305
1.925658
0.010214
1.207809
0.000000
0.078271
0.335185
0.662391
1.996915
0.107953
0.085986
0.000000
0.285595
0.000000
0.340123
1.452892
0.296931
2.979396
0.713213
0.000000
0.328896
0.000000
0.015726
0.612983
1.309378
0.965147
0.257416
0.000000
0.000000
0.012174
0.000000
0.000000
0.041328
0.000000
0.000000
0.000000
0.000000
0.000000
0.000000
0.000000
0.000000
0.000000
0.000000
0.000000
0.000000
0.000000
0.040767
0.000000
0.000000
0.000000
0.000000
0.000000
0.000000
0.000000
0.000000
0.000000
0.000000
0.000000
0.000000
0.000000
0.000000
0.000000
0.000000
0.193885
0.000000
0.000000
0.000000
0.000000
0.000000
0.000000
0.000000
0.000000
0.042601
0.000000
0.000000
0.000000
0.000000
0.000000
0.094385
0.000000
0.030481
0.000000
0.000000
0.000000
0.000000
0.000000
0.000000
0.000000
0.000000
0.000000
0.000000
0.000000
0.000000
0.000000
0.721265
0.021426
0.000000
0.612397
0.000000
0.011729
0.015996
0.000000
0.000000
0.597610
0.096400
0.121455
0.000000
0.000000
0.000000
0.016653
0.314105
0.201026
0.043991
0.268939
0.000000
0.031468
0.000000
0.012848
0.554812
0.000000
0.113874
0.054146
0.006501
0.000000
0.010106
0.000000
0.334444
0.000000
1.112372
0.349365
0.012900
0.000000
0.000000
0.000000
0.065696
0.318647
0.370895
0.431188
0.012870
0.000000
0.000000
0.000000
0.171496
0.020152
0.677971
0.146603
0.010624
0.065019
0.000000
0.000000
0.067411
0.000000
0.117119
0.370858
0.016998
0.000000
0.000000
0.000000
0.000000
0.000000
0.000000
0.000000
0.000000
0.000000
0.000000
0.000000
0.000000
0.000000
0.000000
0.000000
0.000000
0.000000
0.000000
0.000000
0.000000
0.000000
0.000000
0.000000
0.000000
0.000000
0.000000
0.000000
0.000000
0.000000
0.000000
0.000000
0.000000
0.000000
0.000000
0.000000
0.000000
0.000000
0.000000
0.000000
0.000000
0.000000
0.000000
0.000000
0.000000
0.000000
0.000000
0.000000
0.000000
0.000000
0.000000
0.000000
0.000000
0.000000
0.000000
0.000000
0.000000
0.000000
0.000000
0.000000
0.000000
0.000000
0.000000
0.000000
0.000000
0.000000
0.000000
0.000000
