0.000000
2.959549
2.349346
0.237419
4.716638
6.888228
3.832514
6.526993
0.055147
0.790637
3.197401
2.215352
3.072423
4.324658
3.901076
6.862421
1.223186
0.801465
2.802408
2.790405
8.061821
4.087799
5.704610
4.842975
0.745805
0.923888
0.031318
3.334677
4.515128
6.180762
2.804401
5.884004
3.631990
2.748793
1.100474
4.448071
6.892554
5.414509
5.303386
6.699178
0.354062
0.852719
3.101518
0.136408
7.353133
3.429743
8.425154
3.851120
2.458259
2.704122
3.172118
2.641815
6.545230
6.876581
6.478422
3.646742
0.090207
3.235988
2.261989
0.230945
4.240430
5.354886
4.387106
5.601014
11.397063
18.612700
14.991997
15.582747
32.960488
21.121288
27.453975
38.597062
12.398313
11.601066
17.285503
13.489363
20.913275
33.300288
33.946750
31.955638
11.060388
17.501495
12.997833
15.179355
30.920612
53.953634
46.648275
23.676288
9.424529
21.035488
10.001865
12.894194
29.026900
42.180875
22.950450
36.967863
16.967263
13.500200
10.113400
14.239225
35.212150
24.720850
25.029600
36.869875
14.792655
11.530138
14.273125
11.226738
28.683338
32.475900
22.536525
42.291188
16.331575
13.996805
8.985831
16.090883
39.095950
28.636250
38.169500
19.708738
10.481470
18.212175
12.251663
14.335509
43.766988
20.308300
21.983938
35.018663
0.029138
0.083332
0.327200
0.067975
3.476543
1.312313
3.488879
4.508898
0.035352
0.139871
0.031576
0.110883
0.469666
3.639965
1.348348
4.167467
0.331204
0.032588
0.264889
0.738469
4.395852
5.489183
1.225488
0.961613
0.065864
0.252466
0.054850
0.102078
0.654942
3.469615
3.633136
0.535350
0.213631
0.027705
0.165531
0.768845
5.206036
1.351285
4.897167
0.448518
0.194413
0.038145
0.433894
0.029886
1.099578
3.879197
1.033765
2.972572
0.131348
0.006188
0.230572
0.196837
5.404174
3.977944
0.493706
4.173547
0.037063
0.182530
0.174730
0.044910
1.378799
4.014614
1.042296
4.104225
8.462573
11.828238
14.657223
5.901853
18.543400
29.627438
27.405600
21.769975
3.993859
8.787739
7.550543
8.950170
26.973350
15.298113
33.307050
13.737084
8.919684
10.263964
6.911578
8.932743
19.387006
30.599275
25.153450
21.192300
9.812981
4.813831
13.905238
5.140567
27.841200
18.968059
16.151583
33.454950
9.500815
18.435025
16.284223
9.949238
23.717750
27.930000
22.254425
38.606488
6.765349
11.840025
6.580596
10.861775
19.861975
33.357550
16.978884
27.640275
14.309013
8.991690
12.994942
9.263588
20.233438
33.401188
24.753059
30.598188
11.735863
6.171391
9.760244
5.947098
17.651725
27.133608
20.853150
26.112788
4.064236
0.700550
0.142717
3.408551
7.060304
4.830724
6.585198
3.895804
0.181590
0.319277
0.752807
2.623055
3.839940
3.737712
6.362384
5.059235
0.351562
4.983924
0.375934
4.900554
6.212230
5.072226
3.329362
9.036733
3.766404
0.109607
0.404476
0.856550
5.152383
5.079997
4.164570
5.509409
0.533598
2.754171
0.998744
3.770164
4.561140
6.156531
4.843748
5.326410
0.046972
4.378879
0.120536
2.193832
6.173008
4.503449
3.523936
5.995760
2.974393
2.227405
0.662943
0.355463
4.135163
9.915344
5.245755
6.089463
1.538817
3.943903
0.313863
0.229128
7.268818
0.929341
8.300809
5.522893
10.371741
18.175200
16.537100
8.559563
31.107130
49.377038
26.850450
51.621016
15.008752
11.934625
17.901133
10.847659
25.246613
33.697912
33.976888
22.816025
9.503081
18.478839
17.799417
8.908913
50.770000
22.494433
27.896675
39.370511
8.671200
12.475169
15.783900
9.120279
18.076038
39.760145
40.800841
16.016413
13.102963
14.175788
12.946009
11.355513
28.828363
48.002602
23.929817
45.678750
14.632730
11.332775
16.849600
5.966111
32.021713
40.712337
25.249500
39.082275
12.789061
19.759634
14.417213
9.105761
20.660275
43.754887
38.588013
29.472900
8.265679
15.999688
13.265113
10.786375
16.693100
45.811400
26.005000
44.030675
0.017136
0.834403
0.043917
0.473001
6.655689
0.626575
1.265566
4.284003
0.037306
0.227851
0.055432
0.062706
0.630292
4.000666
2.418692
0.623032
0.000359
0.110043
0.120527
0.361019
4.301417
4.550394
2.048595
4.661172
0.053464
0.026224
0.066332
0.176554
1.398516
2.541488
0.642769
1.301304
0.104142
0.849104
0.001234
0.969580
3.400800
1.041380
4.222216
4.736700
0.089962
0.036119
0.045562
0.177402
1.055837
3.772255
4.299584
1.374430
0.533076
0.208769
0.080570
0.131237
6.445261
1.038895
4.268738
0.678258
0.096497
0.053943
0.112781
0.028943
2.220168
1.319654
3.233988
1.856889
9.855751
14.016825
7.223760
13.308013
18.268800
32.074587
23.795288
40.444197
11.273400
6.386625
7.079611
7.341931
25.481375
15.062363
25.616875
14.316739
5.438557
16.548988
13.535025
4.876976
46.125877
18.368150
18.604963
30.915200
7.181818
5.374765
4.875821
11.530513
20.905100
18.155500
16.230625
26.163513
7.254586
14.476525
10.760313
11.818075
22.400088
25.864700
16.939088
42.547575
13.599639
5.677636
5.979385
11.518344
24.617513
17.112841
22.110200
32.478800
8.524621
10.575463
10.412667
9.982000
22.057563
27.511375
17.407095
43.452700
14.000838
6.127515
4.326988
11.489738
18.882281
27.373400
17.584875
21.364100
3.031989
2.742899
0.250419
3.192288
4.149791
7.827320
6.629679
5.076695
0.597925
4.281861
0.131426
0.259844
5.638826
4.096362
4.102715
5.334545
0.633412
1.119297
3.638747
3.308456
4.484847
5.928953
7.532112
4.150883
0.032209
3.766563
0.353106
2.568643
4.936991
5.026516
2.786438
5.949950
2.992278
3.499820
3.023589
0.477133
5.177495
6.974620
6.589889
5.468139
2.282557
0.309239
0.444919
0.670968
5.555831
4.258590
1.136429
7.934919
4.179244
2.528511
4.033962
0.451056
6.580661
4.840156
6.271013
4.032603
0.102468
2.814049
0.047816
4.139825
2.887709
5.106125
4.547573
6.088665
15.325588
11.920550
14.130623
12.482425
53.156863
27.069550
36.119019
27.161975
16.366042
9.789373
15.290750
9.483628
26.570050
34.521588
37.784100
23.591600
15.301964
10.848425
9.494053
14.747213
21.614263
45.266236
33.467950
40.451863
15.403588
8.541635
13.348163
8.827825
20.434200
45.925213
28.146900
32.963959
12.166388
19.571175
11.602944
19.277964
23.734425
37.757225
40.612873
32.760663
8.950109
13.085122
10.046429
16.051688
51.685463
29.034352
29.984700
42.418013
14.836763
12.685650
12.197488
17.584573
36.631150
26.779237
20.918175
49.697638
15.894588
13.212019
12.356169
8.643234
28.022788
55.016738
28.446688
42.647778
0.033155
0.213621
0.110171
0.944518
0.780817
4.131901
0.567605
4.289418
0.103170
0.054148
0.029032
0.284435
4.353049
0.729424
0.337089
3.093019
0.094164
1.031919
0.032954
0.092149
6.396856
2.689930
4.249375
0.799827
0.028165
0.206559
0.034921
0.099131
3.585500
1.411869
1.378813
3.904743
0.414546
0.129701
0.262426
0.408736
3.813916
1.615150
3.240444
4.432211
0.051311
0.150690
0.287984
0.009446
4.247107
1.386052
0.682500
3.337313
0.423466
0.294510
0.029284
0.227060
5.164537
0.607899
4.285890
0.633770
0.026526
0.212019
0.007805
0.041052
4.368130
0.356571
0.552584
3.361725
11.082875
4.599963
13.596300
5.895616
26.773325
26.926438
27.222700
25.667419
5.222743
12.700463
3.900989
9.697444
44.121500
23.043505
19.520300
31.666200
6.185694
16.748763
9.804018
7.614075
31.590563
32.417247
18.440000
31.524200
6.105463
12.638941
5.467875
10.939200
22.023872
20.343800
21.695900
32.965813
10.024244
10.656338
7.402649
12.505952
20.342538
42.688238
30.192463
21.253175
5.004773
10.134038
12.035013
5.741789
16.055213
27.940013
14.379875
40.475413
15.592598
6.954641
7.793318
15.049850
27.662363
33.954059
30.184638
30.331788
11.825750
4.854242
6.544088
7.661725
24.308775
24.825417
32.320663
19.794463
1.168897
4.145184
0.275030
1.194433
7.567215
4.989571
5.959112
3.372906
0.974316
0.347016
0.156981
4.286560
4.023920
1.490524
6.082619
4.302208
0.746546
5.482801
0.078059
3.621214
3.045399
7.999893
4.055110
6.378201
0.048106
2.644518
3.342566
0.253499
4.549685
0.519047
4.734947
4.901885
0.608851
1.112761
4.670593
0.770046
8.730918
2.316677
7.930062
5.494613
0.564137
3.108550
0.207052
3.162030
4.225049
7.794804
3.376983
5.350116
3.548443
2.782012
4.335620
0.325908
4.199006
5.743173
4.272632
11.709738
4.430702
1.011794
0.194522
0.389568
6.089569
4.412075
4.826325
5.824240
10.320066
14.552505
9.758513
17.246303
43.060713
22.176375
22.005313
50.134000
10.425925
15.342297
10.604778
8.559489
30.550000
32.910712
40.093713
24.513350
9.328048
16.235742
9.267486
15.710088
46.067550
17.668900
36.730612
23.322013
17.619381
6.595062
14.841600
8.733199
26.189525
38.996913
44.000859
17.410325
15.488875
8.265279
12.273938
15.528008
32.392800
33.517920
19.314550
39.519200
15.878900
13.003558
7.053048
13.827600
20.692663
45.120975
34.821425
17.359200
9.080331
14.973734
9.193408
20.134850
29.377312
38.868881
32.404223
41.682903
7.842613
17.033438
13.935684
10.014775
49.019350
19.821820
30.409955
47.649800
0.030830
0.538530
1.284799
0.057835
1.117158
0.722338
2.531995
5.257302
0.576267
0.031074
0.097024
0.074040
0.712479
4.295839
1.487290
0.514813
0.058767
0.259692
0.932148
0.240886
4.319724
3.038649
3.486884
1.212475
0.031573
0.128589
0.172857
0.072717
1.269040
4.532375
1.349694
0.249073
0.099937
1.391945
0.060090
0.077212
0.673159
5.355891
0.841831
6.066161
0.235847
0.044664
0.032644
0.041428
1.120990
1.359266
1.373996
3.375793
0.114552
0.425132
0.700046
0.176384
4.724237
0.540426
4.500521
3.875681
0.058609
0.157949
0.245945
0.033933
0.827883
1.517388
1.052366
3.101054
9.929675
9.499116
10.463775
10.550613
17.946700
38.177400
21.843700
34.629100
12.717375
6.459533
9.989738
4.671019
20.483595
25.006900
16.354106
20.031600
10.807934
6.135453
9.579318
7.516731
23.549063
25.688883
50.890753
17.264613
5.127701
12.161388
7.083903
4.724009
16.390288
22.503400
27.142313
14.099000
7.222501
10.536589
6.937748
12.797200
25.791950
39.436730
16.105600
38.048600
10.360388
5.395680
8.935119
7.035688
22.714300
21.592588
21.762075
28.206788
7.455269
14.995088
8.926469
10.180884
27.734116
22.515225
26.517525
34.706812
4.768882
13.151575
6.776205
8.808440
24.707178
25.213050
28.313000
22.920603
0.017744
0.054684
0.105543
0.681792
0.000000
0.000000
0.016401
0.000000
0.236031
0.180135
0.000000
0.024011
0.017119
0.000000
0.000000
0.000000
0.083774
0.534355
0.021148
0.111260
0.000000
0.014870
0.000000
0.000000
0.000000
0.033446
0.804362
0.000000
0.000000
0.000000
0.000000
0.000000
0.029565
0.023363
0.307981
0.000000
0.000000
0.000000
0.000000
0.000000
0.000406
0.077787
0.003843
0.018667
0.000000
0.000000
0.000000
0.000000
0.087521
0.021038
0.040508
0.105500
0.000000
0.000000
0.000000
0.011462
0.187165
0.000000
0.006840
0.019056
0.000000
0.000000
0.000000
0.000000
0.000000
0.000000
0.000000
0.000000
0.000000
0.000000
0.000000
0.000000
0.000000
0.000000
0.000000
0.000000
0.000000
0.000000
0.000000
0.000000
0.000000
0.000000
0.000000
0.000000
0.000000
0.000000
0.000000
0.000000
0.000000
0.000000
0.000000
0.000000
0.000000
0.000000
0.000000
0.000000
0.000000
0.000000
0.000000
0.000000
0.000000
0.000000
0.000000
0.000000
0.000000
0.000000
0.000000
0.000000
0.000000
0.000000
0.000000
0.000000
0.000000
0.000000
0.000000
0.000000
0.000000
0.000000
0.000000
0.000000
0.000000
0.000000
0.000000
0.000000
0.000000
0.000000
0.000000
0.000000
0.008004
0.000000
0.000000
0.025636
0.000000
0.000000
0.000000
0.000000
0.000000
0.000000
0.000000
0.000000
0.000000
0.000000
0.000000
0.000000
0.000000
0.049940
0.003338
0.000000
0.000000
0.000000
0.000000
0.000000
0.000000
0.000000
0.000000
0.000000
0.000000
0.000000
0.000000
0.000000
0.000000
0.055664
0.000000
0.000000
0.000000
0.000000
0.000000
0.000000
0.000000
0.000000
0.000000
0.000000
0.000000
0.000000
0.000000
0.000000
0.000000
0.084500
0.000000
0.000000
0.000000
0.000000
0.000000
0.000000
0.000000
0.000000
0.000000
0.000000
0.000000
0.000000
0.000000
0.000000
0.000000
0.000000
0.000000
0.000000
0.000000
0.000000
0.000000
0.000000
0.000000
0.000000
0.000000
0.000000
0.000000
0.000000
0.000000
0.000000
0.000000
0.000000
0.000000
0.000000
0.000000
0.000000
0.000000
0.000000
0.000000
0.000000
0.000000
0.000000
0.000000
0.000000
0.000000
0.000000
0.000000
0.000000
0.000000
0.000000
0.000000
0.000000
0.000000
0.000000
0.000000
0.000000
0.000000
0.000000
0.000000
0.000000
0.000000
0.000000
0.000000
0.000000
0.000000
0.000000
0.000000
0.000000
0.000000
0.000000
0.000000
0.000000
0.000000
0.000000
0.000000
0.000000
0.000000
0.000000
0.000000
0.242232
2.113855
0.027335
0.000000
0.003690
0.000000
0.019984
0.041397
0.246371
0.030273
0.000000
0.000000
0.000000
0.000000
0.000000
0.362872
0.000000
0.944645
0.000000
0.000000
0.000000
0.038238
0.000000
0.000000
0.700046
0.009882
0.018125
0.000000
0.000000
0.000000
0.000000
0.824389
0.023392
0.117410
0.001785
0.000190
0.000000
0.000000
0.006075
0.172438
0.000000
0.332427
0.000000
0.000000
0.000000
0.000000
0.000000
0.135790
0.021290
0.549331
0.198721
0.014983
0.000000
0.000000
0.000000
0.000000
0.000000
0.107837
0.022916
0.000000
0.001554
0.000000
0.000000
0.000000
0.000000
0.000000
0.000000
0.000000
0.000000
0.000000
0.000000
0.000000
0.000000
0.000000
0.000000
0.000000
0.000000
0.000000
0.000000
0.000000
0.000000
0.000000
0.000000
0.000000
0.000000
0.000000
0.000000
0.000000
0.000000
0.000000
0.000000
0.000000
0.000000
0.000000
0.000000
0.000000
0.000000
0.000000
0.000000
0.000000
0.000000
0.000000
0.000000
0.000000
0.000000
0.000000
0.000000
0.000000
0.000000
0.000000
0.000000
0.000000
0.000000
0.000000
0.000000
0.000000
0.000000
0.000000
0.000000
0.000000
0.000000
0.000000
0.000000
0.000000
0.000000
0.000000
0.000000
0.024355
0.000000
0.047985
0.000000
0.000000
0.000000
0.000000
0.000000
0.000000
0.000000
0.000000
0.000000
0.000000
0.000000
0.000000
0.000000
0.031519
0.000012
0.000000
0.000000
0.000000
0.000000
0.000000
0.000000
0.000000
0.023986
0.000000
0.000000
0.000000
0.000000
0.000000
0.000000
0.000000
0.000000
0.091815
0.000000
0.000000
0.000000
0.000000
0.000000
0.000000
0.000000
0.000000
0.000000
0.000000
0.000000
0.000000
0.000000
0.000000
0.024512
0.013941
0.000000
0.000000
0.000000
0.000000
0.000000
0.000000
0.000000
0.000000
0.000000
0.000000
0.000000
0.000000
0.000000
0.000000
0.000000
0.000000
0.000000
0.000000
0.000000
0.000000
0.000000
0.000000
0.000000
0.000000
0.000000
0.000000
0.000000
0.000000
0.000000
0.000000
0.000000
0.000000
0.000000
0.000000
0.000000
0.000000
0.000000
0.000000
0.000000
0.000000
0.000000
0.000000
0.000000
0.000000
0.000000
0.000000
0.000000
0.000000
0.000000
0.000000
0.000000
0.000000
0.000000
0.000000
0.000000
0.000000
0.000000
0.000000
0.000000
0.000000
0.000000
0.000000
0.000000
0.000000
0.000000
0.000000
0.000000
0.000000
0.000000
0.000000
0.000000
0.000000
0.000000
0.000000
0.000000
0.000000
0.000000
0.032581
0.044394
0.800883
0.008216
0.017049
0.000000
0.000000
0.000000
0.019482
0.000000
0.329153
0.014242
0.000000
0.000000
0.000000
0.000000
0.730903
0.072957
0.003799
0.062293
0.000000
0.000000
0.000000
0.016564
0.194745
0.000000
0.358444
0.000000
0.000000
0.000000
0.009492
0.000000
0.033103
0.044103
0.020250
0.393460
0.000000
0.000000
0.000000
0.000000
0.031218
0.000777
0.059504
0.014892
0.000000
0.000000
0.011296
0.000000
0.000000
0.063734
0.034207
0.441591
0.000000
0.006222
0.000000
0.000000
0.128238
0.000000
1.038182
0.000000
0.001489
0.000000
0.000000
0.000000
0.000000
0.000000
0.000000
0.000000
0.000000
0.000000
0.000000
0.000000
0.000000
0.000000
0.000000
0.000000
0.000000
0.000000
0.000000
0.000000
0.000000
0.000000
0.000000
0.000000
0.000000
0.000000
0.000000
0.000000
0.000000
0.000000
0.000000
0.000000
0.000000
0.000000
0.000000
0.000000
0.000000
0.000000
0.000000
0.000000
0.000000
0.000000
0.000000
0.000000
0.000000
0.000000
0.000000
0.000000
0.000000
0.000000
0.000000
0.000000
0.000000
0.000000
0.000000
0.000000
0.000000
0.000000
0.000000
0.000000
0.000000
0.000000
0.000000
0.000000
0.000000
0.000000
0.000000
0.000000
0.023141
0.000000
0.005398
0.000000
0.000000
0.000000
0.000000
0.000000
0.000000
0.000000
0.000625
0.000000
0.000000
0.000000
0.000000
0.000000
0.000000
0.000000
0.106589
0.000000
0.000000
0.000000
0.000000
0.000000
0.013890
0.000000
0.000000
0.000000
0.000000
0.000000
0.000000
0.000000
0.000000
0.000000
0.000000
0.000000
0.000000
0.000000
0.000000
0.000000
0.000000
0.000000
0.000000
0.025952
0.000000
0.000000
0.000000
0.000000
0.000000
0.000000
0.073168
0.000000
0.000000
0.000000
0.000000
0.000000
0.013418
0.000000
0.026291
0.000000
0.000000
0.000000
0.000000
0.000000
0.000000
0.000000
0.000000
0.000000
0.000000
0.000000
0.000000
0.000000
0.000000
0.000000
0.000000
0.000000
0.000000
0.000000
0.000000
0.000000
0.000000
0.000000
0.000000
0.000000
0.000000
0.000000
0.000000
0.000000
0.000000
0.000000
0.000000
0.000000
0.000000
0.000000
0.000000
0.000000
0.000000
0.000000
0.000000
0.000000
0.000000
0.000000
0.000000
0.000000
0.000000
0.000000
0.000000
0.000000
0.000000
0.000000
0.000000
0.000000
0.000000
0.000000
0.000000
0.000000
0.000000
0.000000
0.000000
0.000000
0.000000
0.000000
0.000000
0.000000
0.000000
0.000000
0.000000
0.000000
0.198162
0.000000
0.481760
0.260253
0.000000
0.000000
0.000000
0.020236
0.002719
0.380168
0.213291
0.000000
0.000000
0.000000
0.000000
0.000000
0.081711
0.000000
2.574912
0.015204
0.036289
0.000000
0.016023
0.000000
0.151987
0.000000
0.000000
0.162560
0.000000
0.053880
0.000000
0.000000
0.288538
0.317071
0.000000
0.133074
0.000000
0.063314
0.000000
0.000000
0.000000
0.010594
0.422309
0.000000
0.000000
0.000000
0.000000
0.000000
0.000000
0.208585
0.000000
1.063889
0.017314
0.000000
0.000000
0.000000
0.000000
0.001123
0.034362
0.048707
0.000000
0.000000
0.000000
0.000000
0.000000
0.000000
0.000000
0.000000
0.000000
0.000000
0.000000
0.000000
0.000000
0.000000
0.000000
0.000000
0.000000
0.000000
0.000000
0.000000
0.000000
0.000000
0.000000
0.000000
0.000000
0.000000
0.000000
0.000000
0.000000
0.000000
0.000000
0.000000
0.000000
0.000000
0.000000
0.000000
0.000000
0.000000
0.000000
0.000000
0.000000
0.000000
0.000000
0.000000
0.000000
0.000000
0.000000
0.000000
0.000000
0.000000
0.000000
0.000000
0.000000
0.000000
0.000000
0.000000
0.000000
0.000000
0.000000
0.000000
0.000000
0.000000
0.000000
0.000000
0.000000
0.000000
0.000000
0.000000
0.007971
0.000000
0.000000
0.023873
0.000000
0.000000
0.000000
0.000000
0.000000
0.000967
0.000000
0.000000
0.000000
0.000000
0.000000
0.000000
0.000000
0.000000
0.000000
0.000000
0.000000
0.000000
0.000000
0.000000
0.000000
0.000000
0.000000
0.000000
0.000000
0.000000
0.000000
0.000000
0.000000
0.000000
0.025461
0.000000
0.000000
0.000000
0.000000
0.000000
0.000000
0.000000
0.000274
0.000000
0.000000
0.000000
0.000000
0.000000
0.000000
0.000000
0.002075
0.000000
0.000000
0.000000
0.000000
0.000000
0.000000
0.000000
0.000000
0.000167
0.000000
0.000000
0.000000
0.000000
0.000000
0.000000
0.000000
0.000000
0.000000
0.000000
0.000000
0.000000
0.000000
0.000000
0.000000
0.000000
0.000000
0.000000
0.000000
0.000000
0.000000
0.000000
0.000000
0.000000
0.000000
0.000000
0.000000
0.000000
0.000000
0.000000
0.000000
0.000000
0.000000
0.000000
0.000000
0.000000
0.000000
0.000000
0.000000
0.000000
0.000000
0.000000
0.000000
0.000000
0.000000
0.000000
0.000000
0.000000
0.000000
0.000000
0.000000
0.000000
0.000000
0.000000
0.000000
0.000000
0.000000
0.000000
0.000000
0.000000
0.000000
0.000000
0.000000
0.000000
0.000000
0.000000
0.000000
0.000000
