0.000000
3.373036
2.536777
0.738274
7.920665
10.508324
4.960454
11.261737
0.148251
1.339984
3.448578
2.706543
3.316959
6.130972
5.783780
10.393743
1.652672
2.049587
4.309665
2.678329
12.236703
6.400514
9.511839
7.959828
1.840091
1.331083
0.155198
3.913920
7.255145
9.472393
3.249818
10.140691
4.337736
4.024285
2.040704
6.512999
11.886659
8.483165
9.126208
10.649567
1.070386
1.910386
4.447427
0.215030
12.727498
5.400897
14.021191
4.637650
3.382518
2.910614
3.064951
3.088091
9.408783
10.619724
9.795554
3.244991
0.167016
4.856942
2.308575
0.763208
5.637974
8.379784
9.067770
9.024325
20.039869
30.601825
25.720880
23.905900
54.566000
31.136852
48.193528
63.273600
22.206817
20.177702
24.912261
27.090534
31.045700
62.341317
59.760489
53.718209
19.385698
28.045500
19.456563
25.470531
56.610500
92.795700
71.334600
33.324600
19.556653
32.703900
15.251258
20.562378
48.596300
66.268400
37.100800
55.331744
27.013700
23.791697
16.343202
23.207323
57.109600
39.004978
37.649800
58.544906
26.528198
19.206383
23.544033
20.479506
54.252831
49.661900
42.989870
65.508933
24.195795
21.879748
14.623620
25.966494
58.630800
48.733197
59.769550
30.038300
17.066948
33.095047
21.319736
25.376539
76.854594
31.547361
37.743775
57.810900
0.078844
0.186555
0.860773
0.175099
5.550841
1.915142
4.362412
7.345920
0.123321
0.201495
0.132451
0.184280
1.198385
7.410714
2.904190
9.009330
1.069198
0.158111
0.921471
0.890559
6.777056
10.060401
2.137771
1.803700
0.141821
0.770846
0.136197
0.221345
1.786224
4.298634
6.180326
1.123698
0.294942
0.115390
0.644195
1.037138
9.608227
1.523871
8.694992
1.562150
0.259063
0.150799
1.066832
0.081830
1.966896
5.490161
1.900404
4.538211
0.193938
0.102590
0.475944
0.740776
10.534818
6.474870
1.464353
7.891470
0.118173
0.667657
0.266718
0.138703
2.114109
7.105259
1.913444
7.898762
16.723715
24.551780
24.091877
11.048139
30.213311
46.939658
43.958300
38.203084
7.096497
17.482084
15.442448
18.628355
42.153323
28.522561
51.162600
22.597584
19.548195
17.598206
14.276793
17.642439
30.516070
51.830453
45.342300
35.660400
19.658869
10.217063
23.467627
8.091310
48.751600
28.764267
25.393742
59.176500
19.208817
33.907113
25.531614
19.857138
44.785041
40.535600
41.123977
61.182600
14.588160
19.511659
13.748180
20.563509
31.490317
48.331000
32.021884
44.133800
22.516392
17.077786
23.193400
18.022672
39.046303
46.721200
41.372472
46.640628
25.307169
11.278012
15.760291
12.415846
32.544559
46.936000
32.669370
40.387911
6.045121
2.119082
0.716951
3.611970
11.843198
7.651126
11.757853
6.004979
0.690242
0.688387
2.034017
1.676711
6.813449
5.516016
10.199973
7.640176
1.577047
7.542521
1.278715
7.300148
10.203237
8.447018
5.369890
16.552953
4.338717
0.353246
1.673038
1.562893
8.341623
7.588784
7.425378
9.075141
1.584969
4.248371
1.266093
5.620269
6.895001
11.833986
7.183589
7.886676
0.245039
5.482217
0.163217
3.302320
12.778749
7.313390
5.514292
8.342663
2.671689
3.900669
2.094752
0.248134
6.297971
17.072843
9.407482
9.684506
3.009155
5.739276
0.296051
0.953941
12.294474
2.114212
12.828566
9.235487
19.360780
28.352581
24.593567
14.918424
53.644500
71.460100
38.599209
80.187200
22.748716
21.895092
26.137658
17.335602
36.522041
62.563500
69.684633
34.272266
13.668638
23.380408
26.746955
12.828180
85.174100
29.723300
43.765900
55.735000
16.028672
21.346186
23.840358
13.231483
28.308506
58.479453
49.675500
27.445597
21.344441
22.415667
18.836161
20.512402
44.238400
74.471300
34.841881
62.951000
20.713936
21.475577
27.206600
10.239756
45.811228
63.963100
49.586813
47.879800
21.085434
27.456431
22.635748
13.238420
28.167400
75.665900
56.345261
47.769600
13.815237
25.681980
22.642267
15.663123
25.834052
92.634275
38.600700
60.569300
0.110647
2.211074
0.107182
0.630277
10.277815
1.839354
3.769191
6.517505
0.069323
0.652411
0.180822
0.258353
1.206878
4.759658
3.481042
1.937287
0.219088
0.217153
0.354916
0.418161
6.160576
5.139753
3.124976
7.331430
0.239788
0.194268
0.128146
0.282325
5.108556
3.815637
1.301443
2.866734
0.147272
2.196171
0.103859
1.472906
4.788001
3.681225
6.815524
7.811345
0.144254
0.190437
0.074881
0.681323
2.320144
5.967678
5.989553
4.119862
0.830351
1.116032
0.159191
0.342992
11.722291
2.457883
7.786584
2.294069
0.305517
0.139091
0.319628
0.063692
3.130959
2.060262
4.367424
3.145056
18.017342
21.752509
13.030146
21.652927
34.566078
56.210000
36.431978
65.844991
17.532288
8.602562
14.010884
14.108645
35.834727
26.659436
31.822500
24.216027
5.971373
22.990656
22.832136
8.487312
66.570684
29.697964
24.616783
57.381838
12.819962
5.026895
10.097590
10.589560
37.273300
36.323319
19.375291
25.856838
14.166538
25.031977
18.669461
20.014331
40.700500
53.594545
26.512430
61.995211
20.000095
7.611798
12.492917
21.754377
42.707400
22.557886
42.110041
37.747700
15.951177
17.991785
17.425570
14.171268
28.969047
50.898900
22.054328
90.579367
23.733986
5.936767
7.942141
10.369999
26.645042
49.279858
20.729425
36.230967
3.299449
3.484365
0.791732
5.295192
5.057267
13.993290
11.157013
7.377619
1.154912
5.873114
0.210389
0.978700
8.536140
5.645652
7.897108
9.222341
1.601032
1.526888
5.679928
3.024974
7.183642
8.649420
11.753555
4.847176
0.132996
5.830620
0.999787
2.637112
7.505515
7.566230
2.964206
11.047186
3.018153
3.491949
5.016485
1.275536
8.007261
11.767245
11.727487
7.868407
2.867455
1.077263
1.090959
1.077567
10.427446
7.135507
1.792727
12.751237
6.525400
3.035402
4.236080
1.242684
10.664947
6.861354
9.516791
6.973009
0.145185
4.619095
0.217789
4.337109
3.784303
9.227050
6.831261
11.218934
22.604600
20.233147
22.123102
21.280819
85.917320
39.297533
60.075934
43.392700
26.236838
17.859691
22.765713
17.488897
51.420222
54.253583
53.610100
39.688100
25.245136
17.045613
15.240524
23.119100
32.593830
67.591900
49.273200
68.391309
29.841873
14.701781
23.328255
15.835023
30.759200
73.784100
58.015967
51.025395
19.185275
30.192344
19.768688
34.257086
35.687494
58.444028
57.709800
55.363800
16.254984
19.310730
18.660783
23.540784
96.212375
47.625900
45.664900
59.963000
24.355700
19.461073
22.727430
29.475077
69.189269
45.581800
32.668297
82.419316
25.174155
23.013075
18.505106
14.082058
44.380406
97.952416
44.856700
68.591300
0.085518
0.716348
0.235887
1.405093
2.129624
4.844097
1.637034
7.089168
0.188432
0.169609
0.133719
0.303322
6.703742
2.059467
1.055418
4.153248
0.184007
2.292121
0.062724
0.252830
11.023258
2.365844
7.786663
1.970560
0.092189
0.307491
0.067522
0.297579
5.630560
4.790303
2.158804
5.965192
1.313653
0.182200
0.875291
1.393832
6.656837
1.883954
4.234629
8.982457
0.093000
0.224188
0.908711
0.120869
10.041840
2.083412
1.885498
5.688614
1.039376
0.729539
0.156400
0.337655
7.474402
1.505184
8.879003
1.278167
0.107885
0.290697
0.080886
0.228878
9.187526
1.313050
1.379542
5.526875
21.519172
8.705000
23.516263
10.377993
53.728013
41.450600
44.423830
48.087884
10.971807
26.817139
7.978207
18.518383
79.115761
32.040194
35.350198
47.895600
11.053914
28.328317
18.511358
13.914273
61.539681
43.648500
34.503667
48.227170
13.202130
20.725233
9.422159
16.377723
33.774553
34.718700
34.931884
51.147200
20.287719
18.457302
14.727698
21.728100
36.576345
78.348947
49.042625
34.155356
11.202150
19.729361
23.638488
11.348043
26.045800
41.517700
26.964381
71.296930
26.466194
12.358441
14.256827
27.065172
41.867894
59.209492
46.343355
55.271620
21.093720
11.105820
14.120370
14.388515
40.946333
43.963600
41.638972
31.179453
2.654350
6.495057
0.708192
2.720529
13.685137
9.244476
9.514478
5.382295
2.396407
1.227835
0.168141
4.552177
6.203380
3.947682
11.465646
6.655231
2.259969
7.481875
0.634170
4.555443
4.920728
14.638122
6.392608
10.561553
0.108148
4.384660
4.244705
0.962613
8.630414
1.713001
6.129287
8.050935
1.758367
2.670250
5.714182
1.106148
15.685574
3.143496
14.463789
8.113426
0.968786
4.826650
0.712863
4.840514
7.250886
15.284024
3.955118
8.895156
5.579081
1.295622
8.158469
1.217766
6.531215
11.339886
6.528052
19.247235
4.994232
2.872171
0.736205
1.657790
8.518662
7.500389
6.423964
9.780532
15.522789
19.615245
15.745519
29.517464
54.014300
34.464200
36.920748
96.030572
16.529505
25.486383
16.326831
15.353130
53.583648
55.986900
58.933800
44.985300
13.199491
21.451839
16.650762
25.473813
61.205302
31.214500
62.613200
34.019156
23.734100
10.463972
25.027642
18.013120
54.920219
44.512520
71.220100
29.357900
24.989500
13.320233
23.165152
23.455398
51.153223
54.171400
33.772308
54.566600
24.005891
23.045392
10.732233
22.267658
35.840970
76.753941
54.252700
28.913200
15.195713
23.114720
13.110672
24.537459
45.343252
52.745200
44.362816
68.977800
11.624692
25.494634
19.325695
17.137772
63.397798
30.511300
43.226797
99.349648
0.159259
0.977351
1.610040
0.307345
3.205184
2.111226
3.386158
7.332259
0.869782
0.138671
0.295703
0.130091
1.994142
8.261823
3.461103
1.497940
0.103959
1.204082
1.082192
0.945485
4.897045
4.444201
6.967334
2.520106
0.143175
0.354654
0.734816
0.228160
2.704597
2.157694
3.090122
1.205268
0.244337
2.028169
0.078433
0.298479
1.653866
7.232324
1.633239
10.954387
0.862182
0.057392
0.110141
0.148695
2.296215
4.604463
3.657475
4.989147
0.180224
0.293270
1.842790
0.848781
7.700288
1.548343
8.838583
5.099727
0.135763
0.348839
0.404467
0.311165
1.981203
3.083166
1.618522
2.396792
19.140053
17.488892
20.212097
20.266875
33.980300
82.776300
34.546978
38.783800
20.276994
7.878366
20.135069
8.439467
26.428795
43.231000
26.861908
38.236916
18.165579
6.780855
15.005498
12.361610
42.731100
33.251278
67.960994
29.002530
9.751356
12.759894
7.403004
7.740211
29.615888
44.895300
26.496152
14.952073
13.563092
16.993948
13.724905
23.642870
34.184900
62.498000
30.730400
82.761878
21.821839
10.960858
14.279383
8.863762
42.033700
38.032667
33.452500
34.818761
12.063776
26.873659
14.256485
16.534931
51.477800
31.637653
35.110952
53.495513
10.225855
12.251772
9.783562
14.476172
47.873200
22.896700
52.475600
30.444900
0.103133
0.409090
0.540141
1.708964
0.054448
0.041623
0.141423
0.141191
0.823875
0.544596
0.021069
0.111294
0.167570
0.044289
0.046682
0.013203
0.575802
0.774810
0.103975
0.640466
0.043117
0.099134
0.151474
0.036017
0.039462
0.457813
1.110874
0.081564
0.058673
0.013027
0.074817
0.075242
0.288234
0.140556
0.834863
0.112587
0.099360
0.162125
0.019124
0.061973
0.117730
0.163536
0.108208
0.152467
0.033999
0.100017
0.020098
0.068987
0.436294
0.379564
0.206768
0.429504
0.042440
0.061604
0.041714
0.263469
0.765911
0.020337
0.124155
0.120226
0.012788
0.051330
0.097391
0.015113
0.038106
0.007020
0.009320
0.030232
0.000000
0.001828
0.000000
0.000000
0.008670
0.011693
0.011472
0.008797
0.007139
0.000000
0.000000
0.000000
0.040978
0.000590
0.038745
0.008628
0.005186
0.000000
0.000000
0.000000
0.011911
0.000721
0.010825
0.029016
0.000000
0.000000
0.000000
0.000000
0.010623
0.012568
0.070585
0.008078
0.000000
0.000052
0.000293
0.000000
0.008407
0.038777
0.014308
0.013804
0.000000
0.000000
0.000000
0.000000
0.010345
0.015628
0.038318
0.014935
0.000000
0.000000
0.000000
0.024090
0.069545
0.001724
0.029018
0.000685
0.000000
0.008495
0.000000
0.000000
0.069319
0.051861
0.019929
0.079711
0.043348
0.015924
0.015472
0.012196
0.052413
0.022770
0.045493
0.025299
0.017598
0.012165
0.015114
0.013632
0.070684
0.144352
0.050936
0.058940
0.014649
0.016235
0.014093
0.128625
0.049402
0.018326
0.035421
0.022285
0.045913
0.012345
0.011651
0.056939
0.020430
0.183454
0.044793
0.022830
0.018331
0.048939
0.041777
0.021352
0.021701
0.034386
0.018399
0.052442
0.040910
0.011842
0.037713
0.013051
0.070395
0.172278
0.035570
0.021403
0.016156
0.014925
0.015861
0.034298
0.080502
0.019082
0.019934
0.054275
0.014704
0.015850
0.016025
0.022644
0.009086
0.008018
0.005214
0.014257
0.000000
0.000000
0.000000
0.000000
0.016092
0.000763
0.000708
0.009091
0.000000
0.000000
0.000000
0.000000
0.009334
0.009630
0.014748
0.008696
0.000000
0.000000
0.000000
0.000000
0.007555
0.010017
0.000000
0.013187
0.000000
0.000000
0.000000
0.000000
0.009533
0.000003
0.000553
0.009253
0.000000
0.000000
0.000000
0.000000
0.010589
0.000000
0.008514
0.000439
0.000000
0.000000
0.000000
0.000000
0.003249
0.005184
0.007107
0.009642
0.000000
0.000000
0.000000
0.000000
0.000190
0.010809
0.000000
0.009797
0.000000
0.000000
0.000000
0.000000
0.136963
0.570066
1.308523
0.554398
0.043040
0.076002
0.070590
0.110358
0.141262
1.045464
0.061125
0.092483
0.220319
0.024607
0.012540
0.060644
0.713761
0.221748
1.062284
0.204203
0.071881
0.015866
0.229903
0.032309
0.072391
0.769701
0.038284
0.510310
0.066190
0.012674
0.086818
0.013958
1.054747
0.095793
0.695303
0.305443
0.072696
0.059280
0.144813
0.080250
0.498239
0.072007
1.064742
0.022584
0.033379
0.177471
0.018087
0.022598
0.812986
0.082128
0.671192
1.162265
0.105468
0.033563
0.122206
0.050918
0.023369
0.276284
0.827792
0.088043
0.036584
0.035915
0.011575
0.037965
0.031989
0.000659
0.034079
0.035954
0.005430
0.000000
0.000000
0.004317
0.007786
0.014306
0.002299
0.009753
0.000000
0.000000
0.000000
0.000000
0.043381
0.000254
0.000112
0.011703
0.000852
0.000000
0.000271
0.000000
0.009830
0.009045
0.000668
0.010241
0.001144
0.000000
0.000000
0.007408
0.016738
0.009084
0.010095
0.025779
0.015248
0.000217
0.000000
0.000000
0.008470
0.009028
0.000616
0.011354
0.000000
0.000000
0.000000
0.000000
0.017094
0.000000
0.009108
0.038874
0.000000
0.000001
0.000000
0.006149
0.010016
0.000095
0.008032
0.009018
0.007355
0.000000
0.000000
0.000000
0.058336
0.028348
0.280230
0.084211
0.011837
0.015646
0.042573
0.050695
0.165984
0.070518
0.022508
0.026551
0.047184
0.027266
0.013241
0.016349
0.056926
0.315834
0.022989
0.202082
0.049143
0.035042
0.015796
0.012235
0.022358
0.042996
0.171967
0.062378
0.040093
0.013578
0.053326
0.013533
0.128666
0.021545
0.180080
0.068918
0.012561
0.056408
0.012827
0.040116
0.108771
0.029365
0.146240
0.019105
0.047856
0.011543
0.012269
0.043845
0.073133
0.047768
0.307291
0.028602
0.016111
0.017603
0.037192
0.016239
0.021026
0.144574
0.026465
0.176135
0.012897
0.042837
0.012967
0.041304
0.009311
0.000321
0.010038
0.000000
0.000084
0.000000
0.000000
0.000000
0.000000
0.000488
0.009469
0.009037
0.000000
0.000000
0.000000
0.000306
0.012234
0.000000
0.008157
0.010635
0.000000
0.000000
0.000000
0.000000
0.008863
0.008139
0.010102
0.000000
0.000000
0.000000
0.000000
0.000000
0.014757
0.000645
0.008758
0.007052
0.000000
0.000000
0.000000
0.000000
0.000000
0.009108
0.009725
0.000613
0.000000
0.000000
0.000000
0.000000
0.008945
0.002158
0.008891
0.008184
0.000000
0.000000
0.000000
0.000000
0.007010
0.000005
0.010964
0.000000
0.000000
0.000000
0.000000
0.000000
0.140392
0.373226
1.678044
0.151527
0.130138
0.127367
0.074612
0.017529
0.103347
0.020375
0.848591
0.093771
0.036900
0.179350
0.056019
0.014737
1.035934
0.608035
0.093304
0.414863
0.193745
0.068069
0.012990
0.173103
0.801380
0.018846
0.701097
0.080307
0.058763
0.014430
0.184581
0.011926
0.135060
0.364745
0.160699
0.783427
0.042357
0.155396
0.102797
0.063122
0.168611
0.083655
0.473357
0.068194
0.150918
0.049182
0.137910
0.032274
0.223091
0.145200
0.322567
0.728331
0.073780
0.087447
0.031646
0.297654
0.689943
0.022202
1.779823
0.068491
0.108333
0.050551
0.016514
0.036960
0.024090
0.045061
0.008575
0.040609
0.000000
0.000002
0.000000
0.007989
0.029175
0.014185
0.015013
0.018496
0.000000
0.000000
0.000000
0.009214
0.010810
0.010782
0.042077
0.034815
0.000380
0.000000
0.002564
0.000000
0.005981
0.023233
0.008269
0.035389
0.008908
0.000000
0.000000
0.000000
0.038148
0.029090
0.026834
0.007515
0.005028
0.000000
0.000000
0.000003
0.018280
0.033316
0.012255
0.006963
0.000000
0.000000
0.000000
0.000000
0.007269
0.013352
0.018558
0.000652
0.000000
0.008886
0.000000
0.000000
0.002579
0.009315
0.033312
0.011255
0.000000
0.000000
0.000000
0.000000
0.109847
0.055569
0.075114
0.018483
0.043925
0.051348
0.015154
0.013554
0.022776
0.033205
0.055523
0.022388
0.025239
0.034642
0.018642
0.012959
0.035342
0.020900
0.637366
0.027340
0.011807
0.055100
0.040186
0.016066
0.061566
0.059795
0.077411
0.021518
0.012161
0.044374
0.014906
0.032715
0.023137
0.052922
0.043577
0.021922
0.042803
0.049045
0.014759
0.039517
0.052739
0.021693
0.018365
0.056959
0.019695
0.015435
0.016361
0.012297
0.019585
0.108663
0.143909
0.079985
0.013595
0.017269
0.019427
0.081536
0.076639
0.073309
0.108333
0.022887
0.018561
0.017161
0.055734
0.011872
0.008538
0.022923
0.006954
0.016457
0.000000
0.000000
0.000000
0.000000
0.009636
0.000079
0.014452
0.002165
0.000000
0.000000
0.000000
0.000000
0.011091
0.000000
0.008036
0.018033
0.000000
0.000000
0.000000
0.000000
0.009607
0.000086
0.010606
0.000000
0.000000
0.000000
0.000000
0.000000
0.009456
0.009621
0.012076
0.001499
0.000000
0.000000
0.000000
0.000004
0.015184
0.000280
0.000731
0.009111
0.000000
0.000000
0.000000
0.000000
0.000000
0.024442
0.012041
0.007858
0.000000
0.000000
0.000000
0.000000
0.000005
0.010269
0.008163
0.008569
0.000000
0.000000
0.000000
0.000000
0.511911
0.224117
1.497001
0.441755
0.044466
0.195804
0.057138
0.123828
0.044317
0.532212
0.987141
0.066779
0.053332
0.176388
0.038468
0.016585
0.149642
0.199913
2.541027
0.544607
0.273993
0.048856
0.073194
0.071547
0.918352
0.021157
0.258529
0.209037
0.051139
0.124469
0.062854
0.014729
0.718266
0.511554
0.194666
1.010521
0.012349
0.353362
0.055871
0.169848
0.168666
0.279785
0.517359
0.019787
0.223035
0.019806
0.038215
0.014249
0.031183
1.022274
0.314091
1.096807
0.092295
0.101554
0.029910
0.033313
0.071494
0.033981
0.800837
0.098171
0.046388
0.065260
0.082998
0.014391
0.010729
0.007343
0.026574
0.001666
0.000000
0.006901
0.000000
0.000000
0.010445
0.000029
0.009119
0.038560
0.000000
0.005091
0.000000
0.000000
0.021565
0.000820
0.035180
0.008578
0.000000
0.000650
0.012767
0.000000
0.000081
0.011056
0.006335
0.015287
0.000000
0.000000
0.000000
0.007148
0.003633
0.048759
0.022255
0.000685
0.000321
0.005369
0.000000
0.000000
0.000085
0.008274
0.045521
0.009111
0.000074
0.000000
0.000000
0.000271
0.023064
0.000457
0.023062
0.000003
0.023266
0.000000
0.000000
0.000000
0.011127
0.000004
0.006383
0.009521
0.000000
0.006918
0.000000
0.000000
0.047934
0.122600
0.071783
0.049199
0.056299
0.014220
0.017952
0.024787
0.059861
0.037295
0.020642
0.162185
0.014579
0.015159
0.034040
0.016728
0.265465
0.019193
0.110383
0.022479
0.038650
0.016629
0.027816
0.015118
0.032856
0.076938
0.019482
0.120533
0.015734
0.012215
0.013403
0.048519
0.028892
0.060865
0.205424
0.028987
0.015651
0.034889
0.059274
0.012540
0.019359
0.211194
0.099525
0.032021
0.015190
0.026523
0.048025
0.012205
0.251715
0.086144
0.039631
0.018896
0.014453
0.017380
0.018017
0.061864
0.115251
0.085503
0.019403
0.023540
0.015662
0.014778
0.048520
0.028194
0.008794
0.010449
0.008113
0.010667
0.000003
0.000000
0.000000
0.000000
0.000000
0.000368
0.008671
0.010136
0.000000
0.000000
0.000000
0.000000
0.000000
0.019752
0.009195
0.010471
0.000000
0.000000
0.000000
0.000569
0.010001
0.000000
0.000000
0.010784
0.000529
0.000000
0.000000
0.000000
0.010679
0.002266
0.010305
0.004671
0.000000
0.000000
0.000000
0.000000
0.008376
0.009638
0.000000
0.009046
0.000000
0.000000
0.000000
0.000000
0.000825
0.008299
0.011723
0.007686
0.000000
0.000000
0.000000
0.000000
0.010345
0.000000
0.002695
0.008247
0.000000
0.000000
0.000000
0.000000
