0.000000
16.928459
16.226252
10.505017
29.153275
41.664492
23.570863
40.610859
5.000756
13.076566
17.026069
13.553827
17.529334
25.937256
22.385306
45.249198
13.321447
15.169177
17.915291
15.622417
41.137463
27.608334
34.430080
30.386150
10.254181
10.686448
5.160683
16.223567
21.271763
40.075742
18.740359
35.489739
19.658294
17.198063
14.324405
20.908180
43.994278
32.655691
31.001725
45.446913
10.355392
12.755027
16.196264
7.406119
51.565313
19.221105
70.113477
22.854269
17.393173
14.305041
16.221066
18.856592
42.658769
35.046556
39.286794
15.965142
5.785785
18.420080
11.395706
8.914198
24.561509
25.153194
26.289191
36.132941
71.007975
242.879922
153.065781
170.758906
861.604906
208.109000
750.926781
956.268859
72.023650
109.164822
139.550875
116.706741
189.428578
824.307344
856.862125
279.367875
68.330742
228.206672
118.577956
178.589359
803.583266
1092.231719
1071.553750
643.901484
69.414694
183.941125
86.843058
76.944363
772.130766
575.018406
328.760094
419.123266
208.905859
124.849117
60.594158
196.977953
885.172266
463.430328
358.745250
907.912969
133.722891
76.114305
85.142825
108.328513
786.492500
308.303500
308.057141
898.613750
239.572234
107.413214
55.255461
145.108984
942.589719
689.483953
920.621312
232.111313
66.753119
225.505469
74.222752
149.863750
967.003094
166.228125
171.774469
923.274297
3.304335
6.239157
10.908341
5.672095
19.803520
15.988348
21.844447
26.802225
3.712733
7.720468
5.017624
6.312095
12.408873
28.551169
17.119025
29.926284
10.186002
5.287005
8.480969
11.385918
25.216438
35.364692
17.584797
11.794459
5.066181
9.549760
4.779725
7.709991
14.261316
25.060266
25.521055
10.366127
8.321027
3.229152
7.387529
11.049628
35.966055
15.168580
27.221463
11.193488
7.848576
4.851299
12.427791
3.771750
14.698211
25.128142
14.126317
20.211738
6.822760
3.680975
7.526667
9.281118
34.141419
24.997348
13.027997
22.900933
3.103917
8.991890
8.302089
4.515297
17.515767
28.459642
15.002972
22.733847
48.338063
103.881752
83.703413
41.353455
167.874734
228.719625
244.993125
203.944266
26.529147
53.883800
49.172188
60.830747
244.657047
102.131363
368.716313
76.474913
65.437492
52.798025
50.452819
54.577300
122.946250
313.331734
239.328000
228.435141
62.741925
30.497688
107.658605
31.233066
255.552781
138.736828
103.984859
400.807359
48.558225
161.371016
86.927138
86.947445
265.849203
233.475625
172.389875
395.251125
42.594350
77.450739
41.483100
78.475620
177.150234
307.259359
119.652969
284.817938
77.033238
62.294119
71.154850
67.866984
221.593484
318.602125
187.958297
263.136750
79.261522
38.421545
65.848127
47.129566
140.739953
285.646250
193.873281
201.641531
18.421173
15.784797
10.394915
14.303927
37.060730
31.789503
37.470016
26.355695
8.792824
7.504124
12.810147
12.126066
19.089117
24.975063
47.860986
21.464091
14.894102
21.337095
14.823394
19.039781
33.900597
34.183036
25.503994
54.894773
17.008247
8.867521
10.256142
9.463439
20.811111
33.055342
19.843459
38.309939
13.070369
19.368427
10.786235
18.243189
28.624055
38.300048
21.951859
33.642267
6.556753
18.828466
5.908255
14.456938
44.082611
19.609317
19.825741
41.845653
11.020699
18.537222
17.085506
5.997609
31.663941
54.518702
24.269444
39.052558
15.128169
15.864170
6.723780
10.129615
40.403239
17.399902
71.002588
24.706897
76.479775
412.685359
227.096063
48.129367
841.766094
1103.006875
668.772063
1094.006406
95.717363
101.980652
134.403438
96.075258
233.531297
419.040250
884.112188
617.436172
63.673958
189.816266
194.888781
71.872714
1072.378281
234.446203
770.224563
951.246375
61.752391
145.174156
109.894442
54.912889
311.241406
885.145188
533.043641
127.965375
93.833839
158.327813
119.280566
90.433391
527.458016
1046.691094
520.516469
1030.154375
109.658239
84.553256
270.517016
38.322144
791.756234
515.796250
471.098250
496.649406
91.715384
380.845781
148.738328
64.633808
218.362375
1003.884062
877.512406
777.960156
50.550705
147.231391
161.949953
73.476048
166.424547
1036.650000
475.077359
710.550484
3.871660
11.767841
3.272332
8.359848
45.378466
14.305581
16.169795
20.973783
3.299956
8.875454
6.053831
7.208606
10.806082
22.190366
22.652864
15.749844
3.880246
6.423670
8.737250
6.292519
20.730320
23.790439
17.333270
29.875839
6.672444
5.487916
3.805559
9.347682
17.432220
24.590219
10.798765
20.792286
5.614726
12.543078
3.528012
11.582966
24.280158
12.858328
31.299833
22.831519
5.615699
6.325758
3.370556
9.224252
13.591878
25.949628
29.032405
15.925717
9.920672
9.125529
5.033478
8.069552
39.445042
15.524078
22.597592
15.879667
7.615567
4.149573
8.043831
3.113636
22.377383
15.750325
25.563572
14.439866
73.014831
73.281138
42.473663
101.041831
200.332438
341.549578
158.559141
738.775484
76.688386
39.717586
42.486888
57.474773
237.093891
114.510234
168.959984
104.803208
25.356338
145.351563
113.505853
27.999338
960.265828
158.046750
102.858300
412.017297
52.067297
26.931809
33.502548
73.962209
174.128500
170.905813
141.851547
188.189125
50.727623
144.266734
55.946263
77.709913
216.412500
245.127828
95.385613
992.630375
104.141581
27.534525
43.028381
72.299975
206.660000
110.611250
239.577797
321.962969
54.382525
77.412089
88.279295
42.992463
137.980250
305.006813
157.013781
1027.868906
102.585103
42.888386
32.280673
70.049703
130.043625
351.546938
122.552266
179.332500
18.246195
17.130356
10.852559
18.723870
22.934670
48.201205
39.908402
24.553942
8.269036
19.794855
6.405737
10.774210
34.811791
21.667086
26.721602
32.350895
14.576980
11.911531
19.886356
16.683823
24.064441
42.080908
47.864477
19.915819
4.191701
20.261567
10.530228
13.615220
23.511680
27.344381
15.309058
35.582173
17.655611
18.596831
18.978338
11.347421
27.127702
43.815491
39.622069
33.367644
13.056791
11.211246
10.127054
9.455792
40.721569
23.404822
14.039300
59.954452
22.645556
18.963108
18.723091
10.754949
35.772517
30.038719
41.661250
26.426241
5.455888
16.804895
6.204696
18.902425
20.735792
23.414350
23.129681
35.667478
138.836641
79.648441
190.969797
99.476456
1080.059375
377.615109
941.562844
319.020141
109.362838
86.032605
132.197359
66.251108
660.145828
869.590172
342.210500
271.517828
175.955797
91.292145
52.648709
147.666156
253.332469
1018.958125
831.403859
899.334813
134.405313
52.665820
166.990563
52.805445
203.961750
537.816250
490.708656
842.223422
101.169805
177.342219
123.012817
195.704734
258.443125
961.686141
976.632516
804.173813
60.486623
97.807509
101.483531
85.628388
1036.653125
828.200422
252.732500
974.551156
249.297063
92.801853
91.419619
223.678953
853.624188
805.889828
589.706766
1037.047969
87.489150
139.979391
98.571505
61.895475
314.320250
1066.774844
225.533875
997.385531
3.625894
8.793190
5.560602
14.365455
14.551014
21.949367
14.563858
27.394011
6.314348
5.442755
4.258097
8.281510
26.581325
15.889770
10.497218
22.412202
6.887323
12.778406
3.181270
7.017216
44.814377
13.919561
20.817028
15.729908
3.428201
8.841047
3.224669
8.367254
24.836406
15.726209
17.713117
21.456478
10.540768
6.582172
9.087017
11.939942
23.012808
15.457144
23.146731
27.004525
3.790246
7.319746
10.892506
3.249625
27.754378
19.120064
13.645128
22.946297
11.164841
8.934394
4.646640
7.276335
29.945347
14.122234
31.269114
12.364214
2.940709
7.535853
2.852232
6.316052
27.037063
12.852316
13.714533
28.270870
96.679638
28.748608
70.952088
38.825103
278.489391
234.268375
194.395000
352.193531
41.381388
72.688250
30.216163
57.400639
461.200734
164.724750
158.609812
366.496516
41.332439
186.121688
55.602600
37.969750
337.357969
321.053047
206.788438
284.551375
35.833450
106.966634
27.817438
64.080305
141.814250
178.612641
216.664750
313.719500
64.814184
54.430163
56.969711
77.985650
173.506500
908.765797
430.671781
136.815625
27.583400
83.710555
73.851939
37.565413
128.716063
307.843328
84.548513
354.884141
150.688406
32.429825
44.537475
100.663545
251.275875
711.765953
238.590375
249.630063
67.984253
27.579875
55.064589
40.892588
189.524578
274.299688
239.101375
205.491375
18.548355
19.635722
8.416964
16.560486
39.938336
26.690520
38.313534
24.268727
12.844800
14.231658
6.114031
17.736220
28.353136
14.426444
37.884097
23.091284
14.970561
21.034113
10.493551
14.750950
23.859838
35.777692
25.560839
29.977206
4.128662
19.767214
14.620866
10.286151
22.843677
17.013095
20.058619
35.973241
13.136383
18.299905
19.553077
8.458845
61.663802
17.574213
40.651908
26.243998
9.818054
15.221439
8.978419
18.760798
24.363573
50.471220
20.574244
38.897564
22.711489
9.498861
21.663652
12.571253
27.809503
31.550133
28.894452
64.402775
18.109072
13.666233
6.886259
15.289878
45.896553
21.047473
18.871439
35.280056
95.323469
108.374269
67.964136
158.264516
970.382094
482.082844
537.805406
1054.986719
80.613084
175.122781
61.623063
46.681527
763.124953
337.625375
563.318875
770.500703
61.928444
197.347844
53.850353
181.019156
1004.348672
455.167578
907.840391
263.021344
155.525234
38.131452
246.975000
68.045514
693.518766
372.496250
1071.693281
201.262000
337.231344
56.917686
89.066180
196.787953
801.475250
930.680578
489.803016
893.082828
88.204363
138.601297
48.378880
106.732964
203.668766
930.617125
315.838750
403.620109
64.359050
193.550094
81.512656
173.494156
621.187734
986.217063
760.185234
993.866000
67.489575
150.607063
105.671397
59.202800
815.350063
241.342750
791.829328
1021.369063
4.722368
9.134558
12.856322
6.879649
13.411908
16.664966
16.527548
26.549666
11.141166
5.327521
7.844905
3.799232
17.043889
27.275419
17.784522
12.092658
3.242401
11.127541
9.840068
8.841646
21.893798
19.781970
19.355644
16.896325
4.789783
7.350873
9.769218
4.965408
18.287894
23.320459
19.867820
10.990484
7.051189
13.204906
3.354718
7.296459
12.966625
25.431691
11.618631
40.554913
11.322995
3.089118
2.875563
5.715792
17.003233
18.381848
16.140152
29.535550
5.408487
7.785979
10.480047
9.993971
28.452880
12.698053
28.116813
16.218813
4.296515
8.119094
9.061309
6.383100
16.134205
19.226002
13.010025
19.191509
74.116234
49.349163
65.527750
67.209614
159.509984
634.890875
238.891063
288.142875
75.648438
45.834945
66.108441
37.666034
147.321125
206.189250
106.455900
244.192359
86.898483
25.450942
57.039550
46.999648
416.643188
203.003906
547.321609
120.995250
34.905827
74.047675
48.754439
39.606650
112.855641
261.294813
184.097625
113.169364
42.639050
52.783825
40.278275
152.909656
167.436625
912.280672
140.133750
824.917469
66.932061
33.924875
70.211381
30.802213
285.902141
151.447750
180.799750
183.343063
52.271992
136.098719
38.740725
74.867763
448.162938
165.748375
176.880406
323.943625
28.897883
78.353595
39.150375
86.463952
339.802250
153.959375
234.146250
242.972391
3.419109
7.614064
10.139974
13.476780
2.958198
0.756431
5.382903
2.550440
6.972707
7.333512
1.418617
3.704806
4.881815
1.201676
0.719381
0.414406
9.637010
9.951593
3.537381
10.441031
0.877835
4.152722
2.838137
2.258084
2.288313
6.961995
8.469369
1.695042
1.248675
0.283516
1.604433
1.584569
6.939240
5.134040
12.183216
2.546536
2.498085
3.053550
1.365486
2.838155
2.490367
5.033707
3.424353
3.398923
0.510555
1.362937
0.281147
1.351182
7.041271
6.755990
7.154480
8.051053
2.453727
1.623393
2.540016
5.620152
7.381337
1.374565
3.918379
2.819946
0.671362
1.083914
1.463273
0.738048
0.969769
0.233911
0.185312
0.649459
0.115263
0.277912
0.098295
0.098698
0.155457
0.173321
0.375249
0.187622
0.304450
0.046356
0.066016
0.152816
0.976875
0.235212
0.894313
0.130809
0.237471
0.039335
0.087654
0.152404
0.254964
0.329540
0.215754
0.321037
0.057378
0.085763
0.097708
0.167312
0.326330
0.283561
1.584580
0.136261
0.070687
0.186757
0.204425
0.074108
0.142538
0.744693
0.353143
0.288496
0.069899
0.072253
0.094600
0.117011
0.190491
0.505872
1.451188
0.443006
0.070843
0.181231
0.065187
0.379269
1.028386
0.070221
0.623094
0.177990
0.058016
0.137797
0.176440
0.038141
3.517137
2.734621
1.001633
3.103543
0.654617
0.513953
0.470380
0.532468
2.398090
1.262832
2.108586
1.571042
0.762903
0.211796
0.654892
0.207920
1.381988
3.991747
2.247103
1.027578
0.421223
0.334254
0.516574
1.903929
1.887473
0.828467
1.937230
1.206908
0.616462
0.200436
0.226997
1.101941
1.374752
5.568293
2.021810
1.299794
0.202220
0.706342
0.606412
1.181729
1.252142
1.740579
0.905604
2.221292
0.484766
0.202859
0.546280
0.458748
1.837092
5.066575
2.005723
1.117820
0.263570
0.364464
0.853653
0.590267
3.297852
0.895599
0.971148
2.115148
0.412462
0.284250
0.699267
0.383178
0.214331
0.093774
0.150529
0.227407
0.072718
0.089752
0.089068
0.062717
0.202072
0.092307
0.131587
0.111588
0.041597
0.067861
0.031756
0.112509
0.103336
0.311981
0.246614
0.137805
0.171950
0.041352
0.044694
0.044057
0.088475
0.141534
0.107128
0.308160
0.038449
0.081809
0.096486
0.026079
0.203507
0.065738
0.187960
0.155922
0.047276
0.087822
0.056909
0.060529
0.185403
0.104194
0.159160
0.078849
0.054236
0.042704
0.071077
0.039560
0.205058
0.203118
0.085353
0.104406
0.052480
0.077594
0.061228
0.042165
0.067592
0.264609
0.116678
0.122422
0.048881
0.029525
0.081011
0.066425
3.038535
6.325903
9.382347
9.007746
0.889794
3.070868
1.850060
3.972810
3.306055
11.150142
3.206450
2.116594
3.206167
1.130758
0.260861
1.438323
6.889929
4.780668
8.155289
4.099203
2.234379
0.982135
4.289073
0.885336
1.820303
6.172378
2.055531
7.235473
1.684914
0.755794
1.908752
0.329324
12.408737
2.759700
9.823830
5.582670
3.222121
1.764938
3.656265
2.894492
5.032169
1.919961
10.448665
1.449755
0.620536
2.816524
0.805927
0.825130
11.178052
2.800147
7.475626
13.904558
3.334220
1.073220
2.746520
2.111914
1.642899
4.911817
9.485800
2.681260
1.023727
1.689112
0.164270
0.896608
0.829882
0.067351
0.501489
1.070295
0.176744
0.093440
0.219150
0.145268
0.124538
0.468980
0.391224
0.114991
0.258091
0.040341
0.029158
0.183841
1.493477
0.413115
0.295164
0.868074
0.107125
0.319833
0.057706
0.109390
0.405391
0.076141
0.406374
0.429251
0.050943
0.070339
0.143715
0.097807
0.576345
0.301258
0.748504
0.766002
0.300302
0.094170
0.210307
0.119335
0.462350
0.338822
0.061654
0.473504
0.108110
0.019353
0.043444
0.162745
0.661772
0.231625
0.589899
0.943098
0.307390
0.050669
0.099019
0.255069
0.361687
0.294618
0.067096
0.636898
0.252934
0.019934
0.115157
0.120784
3.161035
1.509322
5.590392
1.724462
0.171141
0.690540
0.782774
1.031704
2.811559
1.470786
1.377993
1.393595
0.795108
0.603270
0.240841
0.659307
3.322021
4.757625
1.236080
3.859551
1.069046
1.092159
0.354061
0.515220
1.317799
1.906204
3.342717
1.235783
0.806130
0.199672
1.081310
0.244600
2.491615
1.295275
5.358601
1.355597
0.351186
1.060478
0.227299
0.662027
2.057825
1.367156
2.784306
0.966368
0.846709
0.197706
0.200715
0.684265
1.412760
2.062272
4.583398
1.604851
0.437962
0.498191
0.795981
0.637413
1.177627
2.674509
1.082761
3.434372
0.228671
0.907324
0.194230
0.907202
0.081746
0.295477
0.171616
0.154196
0.049945
0.026659
0.141119
0.043453
0.149153
0.243886
0.142799
0.093499
0.069778
0.048373
0.082854
0.056126
0.536230
0.120193
0.058200
0.167167
0.045297
0.043865
0.192053
0.019348
0.081835
0.410498
0.134798
0.172835
0.030574
0.039806
0.090915
0.061453
0.365496
0.050298
0.320672
0.077652
0.037524
0.031162
0.187820
0.046952
0.104682
0.325828
0.114901
0.065213
0.032524
0.099985
0.037820
0.045315
0.115769
0.349566
0.071864
0.477376
0.164758
0.028640
0.094228
0.018438
0.056717
0.239231
0.148726
0.144533
0.101615
0.024063
0.096532
0.031332
5.502190
8.449156
12.197880
5.265540
5.322425
2.009388
1.886743
1.298437
3.313823
1.504898
8.870550
2.621894
0.519045
2.581529
0.871812
0.671168
11.623677
10.214952
3.254345
7.440490
3.176512
2.987603
0.667291
6.171290
6.576844
1.229022
7.683754
1.774425
1.365470
0.375830
5.063539
0.599734
4.636413
7.742583
5.942072
9.345610
2.136106
2.518884
2.495262
2.743123
4.989303
2.209635
7.102322
2.951391
1.830012
0.865268
2.736478
0.365046
4.186431
4.429642
7.241534
7.666106
2.026653
2.761797
2.045705
4.823619
7.898710
1.760483
9.293133
1.338037
2.567170
1.031336
0.678564
0.709120
0.567624
0.952254
0.215581
0.576438
0.071529
0.197305
0.089863
0.296993
0.598094
0.191472
0.425567
0.281925
0.090848
0.053516
0.075632
0.315514
0.347762
0.226308
1.396829
0.578378
0.260795
0.086405
0.201982
0.092516
0.185802
0.873094
0.111432
0.855815
0.225453
0.065926
0.044748
0.083876
0.819661
0.569125
0.520057
0.210242
0.242106
0.071591
0.110461
0.105066
0.215255
0.605995
0.247013
0.228331
0.040840
0.065479
0.088352
0.111305
0.114717
1.170128
0.352823
0.290729
0.057279
0.274165
0.146234
0.084858
0.221352
0.280739
0.514117
0.215884
0.154245
0.044521
0.055807
0.031573
4.178547
2.117345
2.941556
0.768198
0.642729
0.771712
0.789161
0.347935
1.378220
1.890808
2.255290
1.275785
0.246509
0.405035
1.098878
0.245924
1.826755
1.148673
6.771744
1.692026
0.219434
0.993378
0.578073
0.776961
3.077166
1.161244
2.745965
1.148843
0.222582
0.765482
0.354565
0.440615
1.469189
2.194199
2.065889
1.345470
0.527639
0.681071
0.409853
0.682911
2.308731
1.216986
0.834429
2.519367
0.219472
0.503818
0.486872
0.255252
0.867676
2.245688
4.313625
1.701640
0.336555
0.979176
0.332590
1.475691
3.306625
1.170337
3.487457
1.304248
0.342776
0.637683
0.900296
0.186994
0.137584
0.309760
0.144452
0.163101
0.066881
0.075421
0.072694
0.041408
0.144387
0.085540
0.218872
0.154852
0.034547
0.067839
0.065846
0.034840
0.149232
0.112984
0.122821
0.412200
0.070465
0.074163
0.041839
0.038529
0.142912
0.063878
0.262176
0.138213
0.085202
0.036088
0.072615
0.028608
0.117303
0.212248
0.183805
0.116359
0.098573
0.051478
0.023105
0.065994
0.191646
0.078274
0.136541
0.190399
0.065656
0.043690
0.091521
0.027733
0.073294
0.433862
0.196898
0.063697
0.095137
0.019809
0.049780
0.078575
0.128087
0.163776
0.101814
0.268608
0.046896
0.035212
0.056094
0.086367
6.821995
3.895484
11.735069
7.329713
1.078852
3.833785
1.959845
4.227692
2.351689
4.959309
10.526044
1.421713
1.145800
2.569194
0.754099
0.653020
4.602692
4.452616
9.914195
8.357841
4.123978
1.300240
2.549634
2.160283
8.459007
1.624847
4.103052
3.609192
1.346306
2.615636
1.650197
0.375414
8.418279
5.467375
4.512623
12.372555
0.925041
4.576277
1.350892
4.039370
2.976743
5.345382
5.540442
1.162439
3.280817
0.485635
1.372316
0.497931
1.721935
11.805149
5.234602
7.001730
2.614779
2.286707
1.659444
1.006156
2.261334
1.962636
9.372968
2.277778
1.078934
1.804244
2.229898
0.500276
0.639693
0.480012
1.764254
0.332737
0.125331
0.327188
0.202409
0.026615
0.159548
0.231447
0.306110
1.032107
0.120467
0.091195
0.070656
0.040984
0.940011
0.431534
1.002390
0.322635
0.119627
0.053941
0.183379
0.291202
0.390708
0.365098
0.064978
0.536855
0.038689
0.118616
0.045629
0.224885
0.083720
1.825796
0.473010
0.364612
0.076238
0.189334
0.202515
0.140877
0.262363
0.308373
1.251286
0.093855
0.318058
0.063854
0.033622
0.053302
1.714152
0.325628
1.610117
0.373744
0.281041
0.134494
0.158335
0.043619
0.143471
0.291050
0.503258
0.325813
0.093031
0.262742
0.088843
0.020549
2.730754
2.169342
1.314903
2.019689
1.033020
0.485388
0.660670
0.527195
1.105092
1.639606
0.936194
2.950874
0.328232
0.381080
0.525041
0.600675
3.810317
1.408195
2.954081
1.151960
0.778071
0.416276
0.649320
0.741472
1.658544
2.016663
0.767147
3.051695
0.348763
0.444368
0.379620
0.958974
1.564656
1.325656
5.595826
1.589991
0.824281
0.694092
1.034299
0.238776
0.848915
3.086280
3.450827
1.477477
0.551105
0.456667
0.770339
0.170598
3.618172
2.542998
1.895999
1.014672
0.303660
0.805580
0.459728
1.856956
2.322093
2.031297
1.130189
1.409497
0.402618
0.250912
0.828302
0.723300
0.086487
0.450996
0.104204
0.349261
0.048472
0.014375
0.059634
0.105996
0.157013
0.223903
0.086379
0.120039
0.085715
0.027291
0.143572
0.033720
0.186367
0.677858
0.128916
0.127454
0.031598
0.096038
0.031867
0.045790
0.117283
0.189125
0.197540
0.120660
0.055466
0.030952
0.072157
0.106808
0.262406
0.333625
0.178729
0.057736
0.168880
0.023127
0.056602
0.024505
0.079796
0.122755
0.138965
0.305899
0.032662
0.036595
0.072974
0.078668
0.257598
0.068418
0.463750
0.076708
0.021285
0.152466
0.087313
0.022138
0.139683
0.145610
0.384330
0.072285
0.021588
0.081912
0.029525
0.086375
