0.000000
0.019222
0.019752
0.007999
0.063586
0.065089
0.027472
0.092174
0.017801
0.019982
0.022065
0.017572
0.025216
0.036446
0.029047
0.149588
0.019315
0.017950
0.023819
0.017152
0.082343
0.056246
0.106898
0.082635
0.016717
0.022050
0.004780
0.020790
0.026676
0.206528
0.028337
1.135131
0.024392
0.021926
0.017428
0.025300
0.066440
0.063740
0.051315
0.513587
0.016664
0.014791
0.022140
0.020921
0.065134
0.028833
0.939742
0.031931
0.020407
0.021734
0.017558
0.020438
0.385505
0.083785
0.116780
0.017235
0.018324
0.025843
0.016673
0.020482
0.036421
0.028780
0.031423
0.410951
4.480069
13.619187
4.924805
8.636239
31.403400
14.453937
30.399075
37.428112
7.535382
1.970388
9.668875
5.960781
14.155375
42.725225
48.928600
28.544500
3.655108
12.696800
3.009594
4.090144
28.306800
75.123112
64.987037
26.822487
4.447493
15.680950
1.440510
2.616596
34.925412
40.733700
25.006712
34.619662
10.389542
4.788602
0.665455
7.266762
41.748812
20.165500
20.256475
46.669175
5.743427
2.496590
8.245647
4.606425
32.786850
28.601500
21.066312
47.410925
10.482449
6.955100
0.611876
7.960651
49.461187
24.863600
46.627637
14.412561
1.896813
10.928040
5.923929
10.107025
57.199737
12.359489
18.100925
42.703800
0.006973
0.020572
0.010252
0.016086
0.029442
0.026345
0.029845
0.039978
0.017417
0.021961
0.017727
0.021293
0.025362
0.037515
0.027414
0.664657
0.024863
0.000009
0.016379
0.024346
0.037188
1.735732
0.029604
0.026432
0.000000
0.016788
0.000000
0.004150
0.022944
0.037150
0.045650
0.000000
0.023983
0.000294
0.000474
0.019850
0.050105
0.027327
0.037625
0.025790
0.023685
0.019142
0.024134
0.017106
0.028649
0.036312
0.023963
0.033315
0.018623
0.015404
0.019400
0.009177
0.702473
0.052806
0.026050
0.860811
0.000000
0.012528
0.014581
0.000000
0.028207
1.478896
0.026086
0.818393
3.558556
5.527943
9.265296
1.409011
17.220637
29.295737
27.244500
24.639400
0.238102
5.689603
6.559719
3.451271
36.188812
13.256012
40.696375
11.631625
2.356522
7.560654
1.778245
1.487171
17.318650
34.595533
26.168900
20.481512
5.672613
0.051241
14.299275
3.363147
31.061100
20.887600
14.953837
47.110737
3.114610
15.070625
11.854012
5.097328
28.965862
26.468300
23.539475
43.367100
2.116428
9.249407
3.418120
8.239284
25.139000
38.460008
14.863050
28.803400
9.739723
6.901823
6.687405
1.318907
21.336525
33.824889
28.176350
32.121100
8.824345
4.936117
8.538762
0.341027
16.108075
31.060800
27.381537
31.691437
0.022737
0.016022
0.016122
0.018061
0.163945
0.139178
1.260019
0.058360
0.019633
0.018274
0.015688
0.014091
0.000330
0.038936
0.506871
0.025974
0.014986
0.102411
0.015780
0.000223
2.078880
0.283464
0.043106
4.251667
0.000250
0.016674
0.016332
0.000000
0.028511
0.210307
0.695319
0.653832
0.015212
0.024633
0.015322
0.021869
0.125933
2.413072
0.024235
0.068636
0.000016
0.000279
0.017538
0.021279
0.731498
0.031614
0.029200
0.475058
0.015378
0.032883
0.018160
0.000000
0.071543
5.406988
0.028453
0.322361
0.018320
0.000196
0.000000
0.019805
4.831077
0.025368
1.539362
1.912442
4.122003
12.267401
7.050248
4.370867
29.098987
66.431200
25.596137
54.442200
6.918208
5.837446
13.871275
2.227487
22.042000
33.812875
44.414837
26.726962
1.477039
15.969937
11.162400
1.748297
53.667800
23.531350
26.939762
53.119200
5.975922
4.093773
13.479712
1.520717
14.957828
46.684025
47.666962
7.222155
7.028434
3.660937
3.890920
5.011673
25.650050
47.117300
24.290600
55.732237
8.700142
6.434235
12.966065
0.224815
40.193450
41.848900
25.329025
41.205887
6.795414
20.378912
3.443551
1.864126
22.092100
42.959000
45.350337
28.986900
0.971889
12.504750
9.210340
9.546855
11.435775
56.766200
29.726987
56.018712
0.017706
0.018913
0.000000
0.000000
0.371122
0.026121
0.048402
0.029149
0.000000
0.000000
0.000024
0.004215
0.000000
2.796184
0.034647
0.025263
0.017205
0.000000
0.018110
0.000000
0.051407
3.932568
0.029729
0.082141
0.003858
0.000013
0.000000
0.000000
0.426545
0.034064
0.038266
0.033452
0.000000
0.019643
0.014720
0.000000
0.036321
0.056568
0.066684
0.277774
0.000000
0.000286
0.000000
0.018457
0.000000
0.042028
0.037339
0.429841
0.000000
0.016457
0.000000
0.020341
5.096907
0.026450
2.567247
0.025628
0.009884
0.000000
0.019158
0.000000
0.035395
2.875374
0.035382
0.269310
1.823344
11.496766
0.705893
12.752862
16.851512
36.525200
19.817562
47.552475
11.099675
6.240113
0.321294
1.158141
30.225162
12.666879
28.880656
9.676250
4.841781
19.092925
4.388081
0.124573
57.040697
12.728785
18.267500
41.934200
0.808819
5.922218
0.078381
13.380962
20.613000
17.046875
22.729812
31.173712
4.905001
11.004379
7.500527
3.136837
19.600650
28.591225
17.384825
59.815350
16.081800
5.418453
0.144972
4.052242
26.460400
21.286650
29.059337
41.730187
1.341230
7.998170
3.416851
9.001846
24.145312
28.610787
21.233550
54.853062
5.615393
6.644547
0.084134
15.013712
21.821900
37.690987
21.567925
23.894700
0.018835
0.023455
0.003247
0.025451
0.026997
0.898211
0.052161
0.158300
0.015016
0.025311
0.016961
0.002210
0.121613
0.028054
0.038473
0.043081
0.015476
0.018855
0.065039
0.017196
0.031605
0.472245
0.163094
0.023174
0.000000
0.028152
0.017909
0.019829
0.026974
0.157014
0.023355
0.061845
0.017978
0.021445
0.026704
0.018268
0.030333
0.281023
0.038840
0.400600
0.017771
0.012405
0.019414
0.015833
0.220905
0.041398
0.023685
0.092142
0.048063
0.018146
0.021281
0.018438
0.032065
0.036072
0.709128
0.030335
0.018133
0.040177
0.005418
0.022360
0.028958
0.137006
0.030590
0.086977
9.000322
2.734147
7.854381
1.521730
67.732837
24.469400
38.974000
24.067600
7.944952
1.696686
9.645909
2.163804
26.443012
44.526112
44.875400
18.189155
7.939389
1.273342
1.865385
9.261835
17.231987
50.046100
35.709362
43.852925
8.193175
0.310379
6.205980
4.372328
14.566025
61.118512
26.188437
40.212575
4.451744
10.801391
4.043249
8.072635
16.923550
55.003087
48.478000
33.371225
0.799174
7.560898
2.686893
9.866581
62.629167
33.004700
32.083662
57.909375
9.796167
1.589032
3.757507
14.570050
34.343750
24.853900
23.304375
56.528581
9.826517
6.913943
5.261669
0.227658
28.181100
64.310372
29.017762
53.384675
0.017383
0.022734
0.002714
0.022494
0.031627
0.026266
0.029269
0.043631
0.020850
0.019723
0.005509
0.024499
0.033692
0.029966
0.025717
0.035243
0.012741
0.022114
0.000057
0.000013
0.094382
0.024606
0.164082
0.027006
0.017166
0.000000
0.000000
0.000270
0.035816
0.031434
0.029886
0.060326
0.022754
0.018192
0.006519
0.024673
0.031847
0.027036
0.031654
0.039629
0.018652
0.021755
0.024670
0.003284
0.055272
0.026731
0.028049
0.037129
0.021607
0.019081
0.018134
0.023093
0.035797
0.023700
0.619516
0.000000
0.000000
0.022886
0.014969
0.013911
2.501309
0.011050
0.025515
0.041661
5.388224
0.101463
8.756509
0.043473
24.966750
25.154900
31.411925
35.079687
1.984794
9.621739
1.230402
6.556622
54.847650
28.193587
18.146125
41.944400
0.079804
18.461325
3.198482
5.110271
31.503700
30.408087
18.878437
39.494725
0.144558
9.893619
4.141484
10.517995
25.808787
20.443450
28.292125
44.771562
3.837990
6.464135
1.804047
6.759886
19.196300
49.647800
40.205412
15.986112
0.136154
7.955819
8.200506
3.828250
16.133762
33.149100
10.874612
49.058925
17.369525
4.653855
1.919862
6.553599
27.816112
50.599375
36.072325
28.059300
8.942215
0.043721
1.669551
6.164377
24.778950
26.476200
42.302275
27.746912
0.017688
0.022787
0.017529
0.022999
1.108844
0.074786
0.089163
0.061878
0.018465
0.019410
0.017791
0.000209
0.054443
0.000000
0.152375
0.032493
0.016712
0.026175
0.013474
0.000230
0.042750
1.623405
0.041476
2.276957
0.000000
0.025680
0.007172
0.019407
1.992600
0.022541
0.004130
0.760813
0.015437
0.021047
0.020439
0.018013
0.577356
0.025968
0.768499
0.164807
0.000000
0.019327
0.017653
0.022341
0.066171
4.839923
0.028699
0.772530
0.029403
0.013770
0.023990
0.017527
0.036251
1.603081
0.514124
6.133611
0.000166
0.020353
0.000000
0.022122
0.858046
0.509248
0.516994
0.123950
2.177478
11.671487
1.062639
9.780689
57.758087
18.156531
23.815600
57.761411
1.199841
11.251312
2.839646
5.200681
34.190900
31.661100
50.249812
24.750512
1.866856
12.926812
5.520850
4.269153
55.553937
14.785487
34.868175
21.334300
15.271175
0.272137
11.704576
5.622781
23.799000
48.072487
69.411025
14.242095
10.492904
0.660477
5.561819
14.017575
32.706837
31.060700
21.475962
40.011150
13.750125
7.443563
1.009330
2.624233
17.311175
48.320900
39.454737
16.148244
1.238715
11.828025
2.954940
19.472012
24.314637
47.928187
31.179950
42.361800
1.808790
14.154712
11.446862
1.174739
66.532937
16.708283
37.791450
54.131267
0.011727
0.000000
0.020775
0.002205
0.000000
0.028559
0.026493
2.256675
0.000000
0.005616
0.000018
0.000000
0.028105
3.676463
0.381801
0.024487
0.000000
0.021417
0.000000
0.018801
2.745872
0.026758
0.998804
0.030784
0.006100
0.000000
0.013067
0.000000
0.029800
5.133142
0.031441
0.711851
0.017358
0.000000
0.000000
0.000017
0.026923
3.965315
0.014722
0.098731
0.008657
0.000000
0.000000
0.001169
0.026648
0.900235
0.000000
0.045647
0.000000
0.000000
0.018395
0.021621
0.047675
0.024264
2.160008
0.979776
0.000000
0.000000
0.021349
0.000012
0.026065
0.031889
0.000000
3.220433
2.844439
7.031754
1.898437
6.002400
15.091425
45.177225
30.512137
40.067775
11.825367
6.613845
2.379460
0.268324
23.211412
29.615000
16.595000
22.241700
9.171999
5.324971
2.649449
0.378255
28.732100
25.825670
59.079812
9.164736
0.072131
13.891950
7.915882
0.377007
9.190405
28.119300
31.310025
19.017700
5.458581
8.064845
0.095874
10.573282
26.746487
60.375850
13.463225
43.332939
3.511458
0.553693
8.465165
6.303627
26.239800
20.828925
22.323662
30.790837
5.768779
4.810615
6.968598
4.931504
35.009400
24.028522
29.171812
42.979012
0.049974
15.267000
6.809958
3.855400
29.503200
30.486312
28.724737
28.036412
0.012686
0.000524
0.004595
0.014165
0.000000
0.000000
0.000005
0.000000
0.013264
0.009617
0.000000
0.012179
0.000006
0.000000
0.000000
0.000000
0.011431
0.012093
0.008066
0.012703
0.000000
0.000003
0.000000
0.000036
0.000069
0.010537
0.014289
0.000000
0.000000
0.000000
0.002837
0.000000
0.000008
0.000005
0.012991
0.000000
0.000000
0.000000
0.000000
0.000000
0.010369
0.016066
0.007554
0.000007
0.000000
0.000000
0.000000
0.000000
0.000008
0.001795
0.002413
0.000396
0.000000
0.000000
0.000163
0.000355
0.012798
0.000000
0.015171
0.011760
0.000000
0.000000
0.000000
0.000000
0.000000
0.000000
0.000000
0.000000
0.000000
0.000000
0.000000
0.000000
0.000000
0.000000
0.000000
0.000000
0.000000
0.000000
0.000000
0.000000
0.000000
0.000000
0.000000
0.000000
0.000000
0.000000
0.000000
0.000000
0.000000
0.000000
0.000000
0.000000
0.000000
0.000000
0.000000
0.000000
0.000000
0.000000
0.000000
0.000000
0.000000
0.000000
0.000000
0.000000
0.000000
0.000000
0.000000
0.000000
0.000000
0.000000
0.000000
0.000000
0.000000
0.000000
0.000000
0.000000
0.000000
0.000000
0.000000
0.000000
0.000000
0.000000
0.000000
0.000000
0.000000
0.000000
0.000000
0.000000
0.000000
0.001364
0.000000
0.010815
0.000000
0.000000
0.000000
0.000000
0.000978
0.000000
0.000473
0.000000
0.000000
0.000000
0.000000
0.000000
0.000000
0.014028
0.000000
0.000000
0.000000
0.000000
0.000000
0.000000
0.000000
0.000000
0.000080
0.000000
0.000000
0.000000
0.000000
0.000000
0.000000
0.000286
0.001020
0.000000
0.000000
0.000000
0.000000
0.000000
0.000000
0.000415
0.000000
0.000071
0.000000
0.000000
0.000000
0.000000
0.000000
0.015954
0.000000
0.000000
0.000000
0.000000
0.000000
0.000000
0.000000
0.000000
0.000000
0.002275
0.000000
0.000000
0.000000
0.000000
0.000000
0.000000
0.000000
0.000000
0.000000
0.000000
0.000000
0.000000
0.000000
0.000000
0.000000
0.000000
0.000000
0.000000
0.000000
0.000000
0.000000
0.000000
0.000000
0.000000
0.000000
0.000000
0.000000
0.000000
0.000000
0.000000
0.000000
0.000000
0.000000
0.000000
0.000000
0.000000
0.000000
0.000000
0.000000
0.000000
0.000000
0.000000
0.000000
0.000000
0.000000
0.000000
0.000000
0.000000
0.000000
0.000000
0.000000
0.000000
0.000000
0.000000
0.000000
0.000000
0.000000
0.000000
0.000000
0.000000
0.000000
0.000000
0.000000
0.000000
0.000000
0.000000
0.000000
0.000000
0.000000
0.014739
0.013684
0.010001
0.000000
0.002792
0.000000
0.009745
0.012095
0.012865
0.000000
0.000000
0.003173
0.000000
0.000000
0.000000
0.015623
0.000006
0.013635
0.006786
0.000000
0.000000
0.009847
0.000000
0.000000
0.013834
0.000000
0.007544
0.000000
0.000000
0.000000
0.000000
0.014219
0.000000
0.011764
0.000006
0.000000
0.000000
0.000000
0.002285
0.013699
0.000000
0.013466
0.000000
0.000000
0.002582
0.000000
0.000000
0.014018
0.000000
0.008014
0.014184
0.008719
0.000000
0.000000
0.000000
0.000000
0.006183
0.012565
0.000000
0.000000
0.000000
0.000000
0.000000
0.000000
0.000000
0.000000
0.000000
0.000000
0.000000
0.000000
0.000000
0.000000
0.000000
0.000000
0.000000
0.000000
0.000000
0.000000
0.000000
0.000000
0.000000
0.000000
0.000000
0.000000
0.000000
0.000000
0.000000
0.000000
0.000000
0.000000
0.000000
0.000000
0.000000
0.000000
0.000000
0.000000
0.000000
0.000000
0.000000
0.000000
0.000000
0.000000
0.000000
0.000000
0.000000
0.000000
0.000000
0.000000
0.000000
0.000000
0.000000
0.000000
0.000000
0.000000
0.000000
0.000000
0.000000
0.000000
0.000000
0.000000
0.000000
0.000000
0.000000
0.000000
0.000000
0.000000
0.000000
0.000000
0.000000
0.006479
0.000000
0.000000
0.000000
0.000000
0.000000
0.005198
0.000000
0.000000
0.000000
0.000000
0.000000
0.000000
0.000000
0.000000
0.000016
0.000000
0.006116
0.000000
0.000000
0.000000
0.000000
0.000000
0.000000
0.000000
0.000000
0.000000
0.000000
0.000000
0.000000
0.000000
0.000000
0.012301
0.000000
0.000000
0.000000
0.000000
0.000000
0.000000
0.000000
0.000000
0.000000
0.000000
0.000000
0.000000
0.000000
0.000000
0.000000
0.002394
0.000000
0.000000
0.000000
0.000000
0.000000
0.000000
0.000000
0.000000
0.011322
0.000000
0.000000
0.000000
0.000000
0.000000
0.000000
0.000000
0.000000
0.000000
0.000000
0.000000
0.000000
0.000000
0.000000
0.000000
0.000000
0.000000
0.000000
0.000000
0.000000
0.000000
0.000000
0.000000
0.000000
0.000000
0.000000
0.000000
0.000000
0.000000
0.000000
0.000000
0.000000
0.000000
0.000000
0.000000
0.000000
0.000000
0.000000
0.000000
0.000000
0.000000
0.000000
0.000000
0.000000
0.000000
0.000000
0.000000
0.000000
0.000000
0.000000
0.000000
0.000000
0.000000
0.000000
0.000000
0.000000
0.000000
0.000000
0.000000
0.000000
0.000000
0.000000
0.000000
0.000000
0.000000
0.000000
0.000000
0.000000
0.003830
0.000006
0.014388
0.008598
0.000005
0.000000
0.000000
0.000000
0.001494
0.000000
0.013112
0.011212
0.000000
0.005098
0.000000
0.000000
0.013928
0.011536
0.000000
0.012570
0.000000
0.000000
0.000000
0.000199
0.013660
0.000000
0.011912
0.000000
0.000000
0.000000
0.000004
0.000000
0.006059
0.009037
0.004298
0.012142
0.000000
0.000000
0.000000
0.000000
0.012514
0.010801
0.000006
0.012706
0.000000
0.000000
0.000005
0.000000
0.000000
0.013115
0.008572
0.003516
0.000000
0.000002
0.000000
0.000003
0.013156
0.000000
0.015054
0.000000
0.009151
0.000000
0.000000
0.000000
0.000000
0.000000
0.000000
0.000000
0.000000
0.000000
0.000000
0.000000
0.000000
0.000000
0.000000
0.000000
0.000000
0.000000
0.000000
0.000000
0.000000
0.000000
0.000000
0.000000
0.000000
0.000000
0.000000
0.000000
0.000000
0.000000
0.000000
0.000000
0.000000
0.000000
0.000000
0.000000
0.000000
0.000000
0.000000
0.000000
0.000000
0.000000
0.000000
0.000000
0.000000
0.000000
0.000000
0.000000
0.000000
0.000000
0.000000
0.000000
0.000000
0.000000
0.000000
0.000000
0.000000
0.000000
0.000000
0.000000
0.000000
0.000000
0.000000
0.000000
0.000000
0.000000
0.000000
0.000000
0.008786
0.000000
0.000000
0.000000
0.000000
0.000000
0.000000
0.000000
0.000000
0.000360
0.004986
0.000000
0.000000
0.000000
0.000000
0.000000
0.000549
0.000000
0.003865
0.000018
0.000000
0.000000
0.000000
0.000000
0.000000
0.000000
0.000000
0.000000
0.000000
0.000000
0.000000
0.000000
0.000000
0.000000
0.001787
0.000000
0.000000
0.000000
0.000000
0.000000
0.000149
0.000000
0.000000
0.000000
0.000000
0.000000
0.000000
0.000000
0.000000
0.002777
0.014668
0.000000
0.000000
0.000000
0.000000
0.000000
0.012753
0.000000
0.000000
0.000000
0.000000
0.000000
0.000000
0.000000
0.000000
0.000000
0.000000
0.000000
0.000000
0.000000
0.000000
0.000000
0.000000
0.000000
0.000000
0.000000
0.000000
0.000000
0.000000
0.000000
0.000000
0.000000
0.000000
0.000000
0.000000
0.000000
0.000000
0.000000
0.000000
0.000000
0.000000
0.000000
0.000000
0.000000
0.000000
0.000000
0.000000
0.000000
0.000000
0.000000
0.000000
0.000000
0.000000
0.000000
0.000000
0.000000
0.000000
0.000000
0.000000
0.000000
0.000000
0.000000
0.000000
0.000000
0.000000
0.000000
0.000000
0.000000
0.000000
0.000000
0.000000
0.000000
0.000000
0.000000
0.000000
0.000000
0.000000
0.000000
0.006710
0.000004
0.013455
0.011634
0.000000
0.000000
0.000000
0.010371
0.000000
0.010936
0.013253
0.000000
0.000000
0.000000
0.000000
0.000000
0.000000
0.003399
0.014126
0.002937
0.009831
0.000000
0.000000
0.000000
0.013778
0.000000
0.000005
0.000000
0.000000
0.010534
0.000000
0.000000
0.016046
0.010156
0.003462
0.012971
0.000000
0.009870
0.000000
0.003419
0.000007
0.000006
0.013248
0.000000
0.000000
0.000000
0.000000
0.000000
0.000000
0.014157
0.003239
0.013234
0.008500
0.000000
0.000000
0.000000
0.000000
0.000000
0.012311
0.005668
0.000000
0.000000
0.000000
0.000000
0.000000
0.000000
0.000000
0.000000
0.000000
0.000000
0.000000
0.000000
0.000000
0.000000
0.000000
0.000000
0.000000
0.000000
0.000000
0.000000
0.000000
0.000000
0.000000
0.000000
0.000000
0.000000
0.000000
0.000000
0.000000
0.000000
0.000000
0.000000
0.000000
0.000000
0.000000
0.000000
0.000000
0.000000
0.000000
0.000000
0.000000
0.000000
0.000000
0.000000
0.000000
0.000000
0.000000
0.000000
0.000000
0.000000
0.000000
0.000000
0.000000
0.000000
0.000000
0.000000
0.000000
0.000000
0.000000
0.000000
0.000000
0.000000
0.000000
0.000000
0.000000
0.000000
0.000000
0.000000
0.000000
0.000000
0.000000
0.000000
0.000000
0.000000
0.000000
0.000000
0.000000
0.000000
0.000000
0.000000
0.000000
0.000000
0.000000
0.000000
0.008640
0.000000
0.000561
0.000000
0.000000
0.000000
0.000000
0.000000
0.000000
0.000000
0.000000
0.001957
0.000000
0.000000
0.000000
0.000000
0.000000
0.000000
0.000008
0.000209
0.000000
0.000000
0.000000
0.000000
0.000000
0.000000
0.014945
0.000000
0.000000
0.000000
0.000000
0.000000
0.000004
0.000000
0.000000
0.000000
0.000000
0.000000
0.000000
0.000000
0.002331
0.000000
0.000000
0.000000
0.000000
0.000000
0.000000
0.000000
0.000000
0.000000
0.000000
0.000000
0.000000
0.000000
0.000000
0.000000
0.000000
0.000000
0.000000
0.000000
0.000000
0.000000
0.000000
0.000000
0.000000
0.000000
0.000000
0.000000
0.000000
0.000000
0.000000
0.000000
0.000000
0.000000
0.000000
0.000000
0.000000
0.000000
0.000000
0.000000
0.000000
0.000000
0.000000
0.000000
0.000000
0.000000
0.000000
0.000000
0.000000
0.000000
0.000000
0.000000
0.000000
0.000000
0.000000
0.000000
0.000000
0.000000
0.000000
0.000000
0.000000
0.000000
0.000000
0.000000
0.000000
0.000000
0.000000
0.000000
0.000000
0.000000
0.000000
0.000000
