0.000000
0.386618
0.287532
0.037101
1.409236
2.085925
0.677307
2.100078
0.011059
0.063437
0.424947
0.240471
0.435103
0.901413
0.930118
1.905731
0.356309
0.050369
0.360033
0.292132
2.240074
0.895279
1.518294
1.330374
0.044283
0.214164
0.010310
0.545939
1.176708
1.705260
0.428540
1.695964
0.537739
0.427254
0.276364
0.879924
2.137072
1.762478
1.581042
2.297838
0.075333
0.043490
0.541618
0.025009
2.264790
0.759198
2.934832
0.686206
0.325080
0.391928
0.316178
0.240878
1.961467
1.937825
1.523019
0.457056
0.015808
0.396482
0.267439
0.030989
0.834200
1.288766
1.289297
1.775809
3.806179
9.875871
6.465793
7.648846
26.175769
12.123613
20.038631
30.174597
4.211687
3.861925
8.455594
4.628857
11.330355
30.497463
39.766061
24.461563
3.411836
9.038393
5.876748
7.210003
22.507883
52.776783
58.260431
18.607991
2.960043
11.798867
3.232881
4.338061
21.236884
32.088550
18.806567
38.539047
8.869160
4.629793
3.131415
7.736125
37.311341
13.762366
17.125778
30.575953
6.126427
4.112060
4.931111
4.277213
23.047050
23.591836
13.314155
45.198539
8.583291
5.447201
2.866405
6.410841
44.090431
21.154383
30.956202
12.258195
3.393766
9.391990
4.121154
7.556942
53.572084
10.944816
15.645413
29.503758
0.008225
0.016142
0.054526
0.012540
0.695185
0.394598
0.691292
1.090025
0.010962
0.024415
0.010894
0.020654
0.269402
0.832561
0.418957
0.963057
0.211966
0.011640
0.028325
0.264001
1.001294
1.470972
0.385952
0.304815
0.014138
0.038054
0.012400
0.016047
0.416094
0.766581
0.898818
0.130445
0.041678
0.010195
0.019914
0.224560
1.707940
0.375555
1.080067
0.309040
0.041584
0.011774
0.246530
0.002874
0.391397
0.841642
0.297095
0.586580
0.025250
0.000000
0.047284
0.025643
1.483309
0.976694
0.121966
1.013236
0.010447
0.028495
0.029692
0.011535
0.399281
0.973900
0.327258
0.613034
2.748063
4.550077
5.426936
1.721860
10.406298
22.917988
20.102153
17.243991
0.908342
3.024565
3.010463
3.256275
29.112547
7.814374
40.182069
5.444185
3.339503
3.377352
2.223652
3.335474
10.403070
36.837400
17.893686
12.972961
3.713528
1.314069
7.371020
1.204373
20.817719
15.329142
7.917036
39.215341
3.528687
9.799070
5.989841
3.634214
18.370173
20.982992
13.410848
40.217986
2.338450
4.553400
2.782373
4.490388
14.692717
34.880661
8.582244
21.930852
4.970624
3.082006
5.670732
3.274967
13.008027
36.590958
21.185556
22.012313
4.334626
1.732848
3.745773
2.239656
9.844596
21.142847
19.728153
26.705677
0.868615
0.039252
0.015988
0.537365
1.945672
1.087991
1.833027
0.661800
0.023978
0.048675
0.039629
0.288034
0.691316
0.711909
2.303609
1.182548
0.026587
1.127266
0.026076
1.080693
1.716893
1.276821
0.556882
2.855360
0.593193
0.012994
0.028640
0.190119
1.202113
1.056899
0.785902
1.735847
0.029209
0.273333
0.236386
0.929503
1.020881
2.093103
1.160446
0.930768
0.011641
0.790970
0.021728
0.189912
2.144658
0.687812
0.522851
1.756951
0.245864
0.180872
0.037647
0.030863
0.827197
2.951268
1.624498
1.528700
0.063862
0.899309
0.025533
0.023755
2.790154
0.078805
2.726143
0.939539
3.532834
9.691206
8.503162
2.954996
22.387234
62.231950
21.260769
37.065588
7.318478
3.869363
9.203962
4.051695
16.211995
24.687903
26.171342
21.454942
2.744251
12.580772
10.149384
3.030984
35.725839
19.097717
18.422067
54.865325
2.733645
6.686947
7.285910
2.770643
10.176741
55.094284
53.457264
8.626805
4.198968
6.921252
6.740795
3.994126
19.357111
34.656139
16.496013
55.011827
6.077639
3.536339
9.409066
1.782313
40.444144
31.480820
17.724253
51.441120
4.485790
20.917700
6.940234
3.175451
13.231041
30.934052
52.027817
20.387544
2.755681
9.713916
7.840806
4.480519
8.936744
34.801777
35.167208
63.813261
0.000000
0.052706
0.010224
0.049739
1.937899
0.132748
0.499503
0.844629
0.010606
0.068617
0.012785
0.012371
0.263461
0.899590
0.494538
0.129193
0.000000
0.027347
0.016129
0.033292
0.674709
0.973690
0.163090
0.895349
0.012935
0.000000
0.014706
0.170945
0.653242
0.397079
0.223202
0.210501
0.019501
0.049078
0.000000
0.361501
0.641826
0.489746
1.157621
0.731735
0.017341
0.011454
0.010761
0.024560
0.404656
0.967476
0.844802
0.498668
0.211965
0.018749
0.016785
0.016239
1.847917
0.113536
1.016922
0.115728
0.014697
0.014981
0.014331
0.010278
0.344222
0.476071
0.486030
0.484684
3.325622
5.938188
2.480606
7.899708
10.374397
23.784931
16.355444
56.549128
4.776792
2.063378
2.050381
2.782522
35.685416
8.777190
27.683842
6.951285
1.595043
19.482434
7.134828
1.229973
62.526159
9.957751
10.797818
25.971280
2.482666
1.669579
1.284421
11.182720
12.879331
10.274000
23.932288
41.811520
2.328548
8.383123
3.992069
3.945868
15.114283
18.312063
8.724428
57.029097
10.560541
1.516870
1.814249
4.567775
17.879483
13.767078
16.427606
50.586350
3.191005
3.633080
4.515008
3.868903
16.046773
20.361547
22.277623
36.575342
6.954538
2.509118
1.176182
9.112260
19.109906
22.431255
23.269533
11.644432
0.306342
0.476195
0.031246
0.778907
0.686207
2.601411
1.923807
1.361233
0.040696
0.799140
0.019190
0.038308
1.661933
0.696817
1.138530
1.462007
0.031551
0.373226
0.791069
0.307142
1.474328
1.905098
1.909568
0.645590
0.010640
0.545768
0.049155
0.406523
1.045187
1.318537
0.420389
1.624263
0.241266
0.375018
0.767428
0.083172
1.062602
2.267718
1.745270
1.765561
0.312887
0.055913
0.255731
0.040655
2.054437
1.477536
0.239138
1.942508
1.367289
0.172106
0.405360
0.049761
1.794240
0.822740
2.342361
1.156598
0.015965
0.501624
0.010856
0.439787
0.671987
0.897042
0.697965
1.874406
7.968198
3.908838
7.725745
3.771292
64.654961
20.013286
30.222217
14.642604
5.616638
3.705322
8.123914
2.345301
18.796484
36.672288
36.075817
16.234491
7.567514
3.222869
2.230871
7.816128
15.383464
36.016141
23.746552
46.204697
6.420854
2.582625
7.416076
3.273479
12.696795
61.712314
19.544664
38.477795
5.272747
8.476440
6.117756
8.200920
11.591005
41.607369
33.836969
23.314909
2.130149
6.724467
4.019961
4.627854
65.295998
23.734967
21.974858
48.175623
8.088286
3.922834
3.582827
11.427179
26.338705
19.394859
15.763348
68.157867
4.884095
6.682979
6.682543
2.203926
26.791947
75.432969
15.453305
36.537627
0.010662
0.043024
0.015650
0.166172
0.545460
0.614730
0.358083
1.400023
0.016247
0.012299
0.010837
0.078851
0.816767
0.680953
0.069204
0.604462
0.018664
0.201606
0.010031
0.017088
1.912389
0.421972
0.757479
0.396541
0.000229
0.048010
0.010484
0.018021
0.662364
0.674567
0.504131
0.461687
0.198148
0.021434
0.034744
0.216287
0.707670
0.416203
0.848865
1.405386
0.011444
0.022426
0.055564
0.000000
0.823433
0.379437
0.470944
0.861716
0.090196
0.108840
0.001910
0.083507
0.987662
0.143276
1.456415
0.222161
0.010019
0.058822
0.000000
0.012529
1.381176
0.059713
0.283735
0.938005
4.369057
1.281036
4.605269
1.653849
19.375478
21.592775
17.202872
23.595323
1.860587
4.511587
1.106070
2.627484
53.407944
19.894217
11.051038
40.534066
1.784543
10.309447
4.112504
2.168638
32.888733
40.296477
11.937423
22.674527
1.597797
6.499014
1.770056
3.491151
14.968373
13.098032
23.164566
32.327786
2.998243
2.657811
2.761843
6.100338
12.672850
49.629353
31.919175
10.196425
1.117936
4.303523
3.902623
2.247215
9.071105
32.327055
4.889938
44.384403
9.424455
1.879097
3.142893
6.652885
25.582284
32.768828
22.268303
28.063067
3.669140
1.113262
2.429412
2.660201
13.658649
19.469255
38.903069
23.426194
0.061530
1.114937
0.110830
0.276542
2.223800
1.485018
1.636170
0.643833
0.084015
0.037421
0.028847
0.534090
0.921690
0.457759
1.917574
0.604194
0.051733
1.166890
0.011000
0.650331
0.571500
2.498411
0.549515
1.489006
0.012085
0.171681
0.731675
0.023953
1.265627
0.059661
0.751327
1.769791
0.037366
0.117371
0.719386
0.247666
2.477202
0.316243
2.744468
1.051032
0.051875
0.811330
0.021537
0.281927
1.181882
2.231919
0.417214
2.141337
0.395582
0.140007
1.272194
0.024549
0.639122
1.975509
1.292869
2.992119
0.619441
0.097364
0.099983
0.039860
2.231452
1.214744
0.646653
1.064760
4.126329
6.624050
2.955566
7.310525
58.519463
15.049150
16.598422
46.179233
3.077548
8.167653
4.175122
2.650738
37.077305
23.195988
47.764573
18.776502
3.231119
10.891472
2.935411
7.558095
67.806942
12.262219
25.406834
17.931055
9.824488
1.704601
8.196734
2.921169
17.638238
58.490173
55.672075
10.690178
8.548398
2.344522
3.539389
8.608259
21.941088
25.948519
15.429723
47.978286
5.647386
6.106645
2.587055
4.682111
15.160667
66.741547
23.451627
12.370664
2.596707
9.401475
4.411100
16.390623
19.282272
49.027463
40.857898
29.153389
2.862966
12.213750
7.222016
3.044736
77.599216
13.296505
38.201981
35.944573
0.001527
0.054364
0.566948
0.011083
0.491717
0.176682
0.402816
0.825378
0.058904
0.000380
0.017252
0.015197
0.368579
1.089083
0.503133
0.111682
0.012864
0.028044
0.161069
0.021837
0.730945
0.331722
0.812508
0.199600
0.000417
0.050844
0.023822
0.016926
0.315890
0.778011
0.245784
0.441337
0.013435
0.327779
0.011732
0.014678
0.160252
0.894916
0.372945
1.768995
0.030620
0.010409
0.010113
0.012428
0.101456
0.813757
0.381217
0.945575
0.025698
0.031126
0.049691
0.022669
0.715835
0.101554
1.336955
0.368384
0.014067
0.109918
0.025970
0.001382
0.093411
0.329335
0.228027
0.922886
3.993196
3.630639
3.628924
2.708403
11.169101
30.805728
24.331044
49.597598
4.554331
2.375260
3.508078
1.612685
22.938578
13.657584
9.763615
14.899497
5.349482
1.403251
3.730951
2.068009
18.875503
36.435038
77.551027
8.740622
1.280130
11.254475
3.068576
1.718756
8.304106
17.423581
40.383280
19.591545
1.931305
4.269656
1.970231
7.716906
17.804833
51.921534
9.298712
28.075669
3.446470
2.205692
4.023755
1.770653
17.628091
10.890069
21.630430
42.391677
2.634564
7.725028
2.540379
4.977789
23.319602
27.746270
36.653836
23.175814
0.987413
12.603466
2.945343
4.255977
19.556491
42.674630
20.148384
33.934892
0.000182
0.008943
0.011705
0.038771
0.000000
0.000000
0.000304
0.000000
0.022826
0.011954
0.000000
0.009027
0.000550
0.000000
0.000000
0.000000
0.009289
0.037100
0.007892
0.011229
0.000000
0.000370
0.000000
0.000000
0.000000
0.004360
0.128988
0.000000
0.000000
0.000000
0.000000
0.000000
0.006856
0.008301
0.022258
0.000000
0.000000
0.000000
0.000000
0.000000
0.000000
0.012692
0.000000
0.000028
0.000000
0.000000
0.000000
0.000000
0.011486
0.000483
0.008744
0.011366
0.000000
0.000000
0.000000
0.000000
0.016464
0.000000
0.000000
0.007204
0.000000
0.000000
0.000000
0.000000
0.000000
0.000000
0.000000
0.000000
0.000000
0.000000
0.000000
0.000000
0.000000
0.000000
0.000000
0.000000
0.000000
0.000000
0.000000
0.000000
0.000000
0.000000
0.000000
0.000000
0.000000
0.000000
0.000000
0.000000
0.000000
0.000000
0.000000
0.000000
0.000000
0.000000
0.000000
0.000000
0.000000
0.000000
0.000000
0.000000
0.000000
0.000000
0.000000
0.000000
0.000000
0.000000
0.000000
0.000000
0.000000
0.000000
0.000000
0.000000
0.000000
0.000000
0.000000
0.000000
0.000000
0.000000
0.000000
0.000000
0.000000
0.000000
0.000000
0.000000
0.000000
0.000000
0.000000
0.000000
0.000000
0.000000
0.000000
0.000615
0.000000
0.000000
0.000000
0.000000
0.000000
0.000000
0.000000
0.000000
0.000000
0.000000
0.000000
0.000000
0.000000
0.009457
0.000005
0.000000
0.000000
0.000000
0.000000
0.000000
0.000000
0.000000
0.000000
0.000000
0.000000
0.000000
0.000000
0.000000
0.000000
0.009892
0.000000
0.000000
0.000000
0.000000
0.000000
0.000000
0.000000
0.000000
0.000000
0.000000
0.000000
0.000000
0.000000
0.000000
0.000000
0.015437
0.000000
0.000000
0.000000
0.000000
0.000000
0.000000
0.000000
0.000000
0.000000
0.000000
0.000000
0.000000
0.000000
0.000000
0.000000
0.000000
0.000000
0.000000
0.000000
0.000000
0.000000
0.000000
0.000000
0.000000
0.000000
0.000000
0.000000
0.000000
0.000000
0.000000
0.000000
0.000000
0.000000
0.000000
0.000000
0.000000
0.000000
0.000000
0.000000
0.000000
0.000000
0.000000
0.000000
0.000000
0.000000
0.000000
0.000000
0.000000
0.000000
0.000000
0.000000
0.000000
0.000000
0.000000
0.000000
0.000000
0.000000
0.000000
0.000000
0.000000
0.000000
0.000000
0.000000
0.000000
0.000000
0.000000
0.000000
0.000000
0.000000
0.000000
0.000000
0.000000
0.000000
0.000000
0.000000
0.000000
0.000000
0.000000
0.000000
0.080798
0.175467
0.000370
0.000000
0.000000
0.000000
0.006002
0.007768
0.017093
0.009303
0.000000
0.000000
0.000000
0.000000
0.000000
0.154029
0.000000
0.224258
0.000000
0.000000
0.000000
0.006745
0.000000
0.000000
0.123011
0.003427
0.000000
0.000000
0.000000
0.000000
0.000000
0.133343
0.007582
0.009779
0.000000
0.000000
0.000000
0.000000
0.000000
0.021649
0.000000
0.019289
0.000000
0.000000
0.000000
0.000000
0.000000
0.012854
0.007808
0.116060
0.017185
0.005349
0.000000
0.000000
0.000000
0.000000
0.000000
0.009554
0.007338
0.000000
0.000066
0.000000
0.000000
0.000000
0.000000
0.000000
0.000000
0.000000
0.000000
0.000000
0.000000
0.000000
0.000000
0.000000
0.000000
0.000000
0.000000
0.000000
0.000000
0.000000
0.000000
0.000000
0.000000
0.000000
0.000000
0.000000
0.000000
0.000000
0.000000
0.000000
0.000000
0.000000
0.000000
0.000000
0.000000
0.000000
0.000000
0.000000
0.000000
0.000000
0.000000
0.000000
0.000000
0.000000
0.000000
0.000000
0.000000
0.000000
0.000000
0.000000
0.000000
0.000000
0.000000
0.000000
0.000000
0.000000
0.000000
0.000000
0.000000
0.000000
0.000000
0.000000
0.000000
0.000000
0.000000
0.000000
0.000000
0.009247
0.000000
0.009915
0.000000
0.000000
0.000000
0.000000
0.000000
0.000000
0.000000
0.000000
0.000000
0.000000
0.000000
0.000000
0.000000
0.009549
0.000000
0.000000
0.000000
0.000000
0.000000
0.000000
0.000000
0.000000
0.009174
0.000000
0.000000
0.000000
0.000000
0.000000
0.000000
0.000000
0.000000
0.017394
0.000000
0.000000
0.000000
0.000000
0.000000
0.000000
0.000000
0.000000
0.000000
0.000000
0.000000
0.000000
0.000000
0.000000
0.008833
0.000000
0.000000
0.000000
0.000000
0.000000
0.000000
0.000000
0.000000
0.000000
0.000000
0.000000
0.000000
0.000000
0.000000
0.000000
0.000000
0.000000
0.000000
0.000000
0.000000
0.000000
0.000000
0.000000
0.000000
0.000000
0.000000
0.000000
0.000000
0.000000
0.000000
0.000000
0.000000
0.000000
0.000000
0.000000
0.000000
0.000000
0.000000
0.000000
0.000000
0.000000
0.000000
0.000000
0.000000
0.000000
0.000000
0.000000
0.000000
0.000000
0.000000
0.000000
0.000000
0.000000
0.000000
0.000000
0.000000
0.000000
0.000000
0.000000
0.000000
0.000000
0.000000
0.000000
0.000000
0.000000
0.000000
0.000000
0.000000
0.000000
0.000000
0.000000
0.000000
0.000000
0.000000
0.000000
0.000000
0.000000
0.000000
0.008220
0.007637
0.133857
0.000000
0.000246
0.000000
0.000000
0.000000
0.001008
0.000000
0.021794
0.000052
0.000000
0.000000
0.000000
0.000000
0.184097
0.008624
0.000000
0.008773
0.000000
0.000000
0.000000
0.000000
0.016937
0.000000
0.019653
0.000000
0.000000
0.000000
0.000000
0.000000
0.008380
0.007132
0.001616
0.020801
0.000000
0.000000
0.000000
0.000000
0.009395
0.000000
0.008380
0.000000
0.000000
0.000000
0.000000
0.000000
0.000000
0.009789
0.003473
0.026368
0.000000
0.000000
0.000000
0.000000
0.012955
0.000000
0.261062
0.000000
0.000000
0.000000
0.000000
0.000000
0.000000
0.000000
0.000000
0.000000
0.000000
0.000000
0.000000
0.000000
0.000000
0.000000
0.000000
0.000000
0.000000
0.000000
0.000000
0.000000
0.000000
0.000000
0.000000
0.000000
0.000000
0.000000
0.000000
0.000000
0.000000
0.000000
0.000000
0.000000
0.000000
0.000000
0.000000
0.000000
0.000000
0.000000
0.000000
0.000000
0.000000
0.000000
0.000000
0.000000
0.000000
0.000000
0.000000
0.000000
0.000000
0.000000
0.000000
0.000000
0.000000
0.000000
0.000000
0.000000
0.000000
0.000000
0.000000
0.000000
0.000000
0.000000
0.000000
0.000000
0.000000
0.000000
0.000000
0.000000
0.000933
0.000000
0.000000
0.000000
0.000000
0.000000
0.000000
0.000000
0.000000
0.000000
0.000000
0.000000
0.000000
0.000000
0.000000
0.000000
0.000000
0.000000
0.013441
0.000000
0.000000
0.000000
0.000000
0.000000
0.000792
0.000000
0.000000
0.000000
0.000000
0.000000
0.000000
0.000000
0.000000
0.000000
0.000000
0.000000
0.000000
0.000000
0.000000
0.000000
0.000000
0.000000
0.000000
0.002925
0.000000
0.000000
0.000000
0.000000
0.000000
0.000000
0.011682
0.000000
0.000000
0.000000
0.000000
0.000000
0.000000
0.000000
0.009998
0.000000
0.000000
0.000000
0.000000
0.000000
0.000000
0.000000
0.000000
0.000000
0.000000
0.000000
0.000000
0.000000
0.000000
0.000000
0.000000
0.000000
0.000000
0.000000
0.000000
0.000000
0.000000
0.000000
0.000000
0.000000
0.000000
0.000000
0.000000
0.000000
0.000000
0.000000
0.000000
0.000000
0.000000
0.000000
0.000000
0.000000
0.000000
0.000000
0.000000
0.000000
0.000000
0.000000
0.000000
0.000000
0.000000
0.000000
0.000000
0.000000
0.000000
0.000000
0.000000
0.000000
0.000000
0.000000
0.000000
0.000000
0.000000
0.000000
0.000000
0.000000
0.000000
0.000000
0.000000
0.000000
0.000000
0.000000
0.000000
0.000000
0.026074
0.000000
0.029102
0.012246
0.000000
0.000000
0.000000
0.006396
0.000144
0.027207
0.016372
0.000000
0.000000
0.000000
0.000000
0.000000
0.014503
0.000000
0.350397
0.000000
0.006698
0.000000
0.003201
0.000000
0.013510
0.000000
0.000000
0.011266
0.000000
0.008785
0.000000
0.000000
0.114112
0.024045
0.000000
0.012052
0.000000
0.007577
0.000000
0.000000
0.000000
0.000000
0.016341
0.000000
0.000000
0.000000
0.000000
0.000000
0.000000
0.015680
0.000000
0.107470
0.005204
0.000000
0.000000
0.000000
0.000000
0.000569
0.004242
0.008593
0.000000
0.000000
0.000000
0.000000
0.000000
0.000000
0.000000
0.000000
0.000000
0.000000
0.000000
0.000000
0.000000
0.000000
0.000000
0.000000
0.000000
0.000000
0.000000
0.000000
0.000000
0.000000
0.000000
0.000000
0.000000
0.000000
0.000000
0.000000
0.000000
0.000000
0.000000
0.000000
0.000000
0.000000
0.000000
0.000000
0.000000
0.000000
0.000000
0.000000
0.000000
0.000000
0.000000
0.000000
0.000000
0.000000
0.000000
0.000000
0.000000
0.000000
0.000000
0.000000
0.000000
0.000000
0.000000
0.000000
0.000000
0.000000
0.000000
0.000000
0.000000
0.000000
0.000000
0.000000
0.000000
0.000000
0.000000
0.000000
0.000712
0.000000
0.000000
0.009090
0.000000
0.000000
0.000000
0.000000
0.000000
0.000248
0.000000
0.000000
0.000000
0.000000
0.000000
0.000000
0.000000
0.000000
0.000000
0.000000
0.000000
0.000000
0.000000
0.000000
0.000009
0.000000
0.000000
0.000000
0.000000
0.000000
0.000000
0.000000
0.000000
0.000000
0.000599
0.000000
0.000000
0.000000
0.000000
0.000000
0.000000
0.000000
0.000000
0.000000
0.000000
0.000000
0.000000
0.000000
0.000000
0.000000
0.000351
0.000000
0.000000
0.000000
0.000000
0.000000
0.000000
0.000000
0.000000
0.000419
0.000000
0.000000
0.000000
0.000000
0.000000
0.000000
0.000000
0.000000
0.000000
0.000000
0.000000
0.000000
0.000000
0.000000
0.000000
0.000000
0.000000
0.000000
0.000000
0.000000
0.000000
0.000000
0.000000
0.000000
0.000000
0.000000
0.000000
0.000000
0.000000
0.000000
0.000000
0.000000
0.000000
0.000000
0.000000
0.000000
0.000000
0.000000
0.000000
0.000000
0.000000
0.000000
0.000000
0.000000
0.000000
0.000000
0.000000
0.000000
0.000000
0.000000
0.000000
0.000000
0.000000
0.000000
0.000000
0.000000
0.000000
0.000000
0.000000
0.000000
0.000000
0.000000
0.000000
0.000000
0.000000
0.000000
0.000000
0.000000
