0.000000
0.009230
0.008607
0.003325
0.069755
0.305650
0.059974
0.282813
0.003959
0.010108
0.034414
0.005577
0.073443
0.056982
0.358996
0.362212
0.045516
0.001788
0.007211
0.034814
0.220376
0.012497
0.194271
0.016861
0.009541
0.086061
0.001080
0.106597
0.154461
0.455298
0.021129
0.341971
0.010695
0.006578
0.004225
0.082505
0.343259
0.138602
0.106736
0.135504
0.013861
0.002842
0.012354
0.022173
0.384887
0.181233
0.510875
0.064093
0.004343
0.092151
0.017243
0.004536
0.204760
0.265522
0.102054
0.086307
0.005432
0.012184
0.013000
0.007680
0.312930
0.345143
0.219480
0.269292
0.298149
0.651170
0.441068
0.472369
1.299175
0.642665
1.554145
0.982905
0.484218
0.524475
0.554000
0.563375
0.728855
2.284225
2.475453
0.432800
0.398301
0.558040
0.271916
0.575670
0.831660
3.321060
1.370235
0.879095
0.452552
0.573519
0.600955
0.392591
1.904920
1.167320
1.490000
0.233898
0.732640
0.440510
0.335159
0.853555
2.093905
0.271390
0.696975
1.321740
0.689165
0.122535
0.447587
0.550450
2.284825
0.935895
1.199992
0.831860
0.951875
0.111694
0.250945
0.297059
1.878116
0.467892
1.380295
1.054110
0.210063
0.552540
0.356536
0.462333
2.564815
0.657095
0.583965
3.072300
0.004845
0.006626
0.198763
0.013603
0.134971
0.273904
0.420347
0.383296
0.003048
0.077587
0.010326
0.034528
0.199386
0.452150
0.074052
0.755366
0.109012
0.002032
0.012976
0.325410
0.348396
0.704395
0.070462
0.110176
0.026533
0.014068
0.013163
0.034881
0.249643
0.306700
0.350712
0.148825
0.013467
0.003215
0.014200
0.190801
0.666620
0.379980
0.405878
0.097673
0.055440
0.004423
0.235833
0.006589
0.204326
0.771745
0.268008
0.256028
0.057881
0.001031
0.062245
0.033555
0.560696
0.197543
0.015175
0.395749
0.005849
0.008215
0.067666
0.019710
0.318223
0.856480
0.048720
0.519470
0.709775
0.530160
0.748345
0.632680
1.425809
1.505185
1.117020
1.884265
1.181195
0.955505
0.973065
0.748275
2.584006
1.381840
4.570865
1.024695
0.812095
0.332679
0.572475
0.894140
0.768582
2.350740
1.930340
1.517815
1.207790
2.089610
1.370429
0.833495
1.513850
1.419990
1.194000
4.389499
0.510470
1.235910
0.677592
0.741570
2.399296
1.417820
0.492827
0.983880
0.804540
1.017089
0.780226
1.409640
2.072830
2.363125
0.945548
2.354426
0.487248
0.770035
0.724200
0.548185
2.091870
1.402385
1.561704
1.108935
0.923985
0.640107
1.264823
0.921900
0.643180
0.226830
1.955950
1.708771
0.094699
0.002538
0.000839
0.050198
0.278467
0.013889
0.252511
0.014183
0.004333
0.033282
0.004721
0.140240
0.117088
0.026785
0.438597
0.229848
0.002284
0.106242
0.001231
0.097725
0.215852
0.021713
0.011584
0.319640
0.202182
0.002538
0.006085
0.081946
0.272363
0.046637
0.163092
0.142606
0.001316
0.008519
0.047594
0.060775
0.021377
0.228557
0.119229
0.020142
0.002087
0.229505
0.005056
0.018030
0.324626
0.151105
0.032089
0.106835
0.027519
0.011935
0.002887
0.015063
0.019502
0.352667
0.102153
0.019762
0.009659
0.072405
0.040859
0.004171
0.456431
0.007514
0.468409
0.280222
0.382047
0.828960
0.734890
0.375259
1.545645
0.748210
0.703742
1.836845
0.615040
0.405770
0.329655
0.491746
0.408562
1.562530
0.751895
0.892386
0.377922
0.138361
0.257432
0.245931
2.532720
0.069642
1.423670
1.274622
0.515400
0.331705
0.131153
0.297449
1.311295
2.408593
0.317672
0.133606
0.207213
0.369835
0.337736
0.451656
1.132795
2.680040
0.655695
0.634955
0.234736
0.556188
1.445360
0.369629
1.734990
2.134075
0.426619
0.059735
0.396057
0.534160
0.115241
0.389974
0.283401
3.162910
0.779692
0.910315
0.322694
0.263082
1.050725
0.045443
0.388413
2.359255
1.316168
0.490017
0.001284
0.029557
0.004882
0.198104
0.492800
0.013433
0.339508
0.314786
0.004807
0.109468
0.006104
0.031015
0.298516
0.542765
0.210009
0.014658
0.001374
0.073725
0.016955
0.107724
0.318442
0.352590
0.173246
0.049764
0.004864
0.006356
0.041804
0.268157
0.496767
0.095202
0.156855
0.127226
0.067084
0.023764
0.000887
0.261503
0.081979
0.175950
0.485509
0.479971
0.064592
0.026071
0.006717
0.004939
0.422486
0.183745
0.666449
0.414287
0.257665
0.013131
0.048703
0.004461
0.327439
0.102472
0.369799
0.012179
0.005540
0.071696
0.032178
0.085018
0.113314
0.285355
0.150825
0.405903
0.641745
0.409814
0.527110
0.773795
1.577395
1.645265
0.858610
2.770820
0.976380
0.934888
0.808590
1.142020
2.172115
1.372495
1.467917
1.091040
0.591220
1.015962
0.709480
0.248188
3.500297
1.013885
0.322178
2.373855
1.189015
0.760300
0.335604
0.681441
1.043120
0.976860
1.297368
1.133348
0.444337
1.496885
0.206950
0.716970
1.304500
1.865855
0.538430
3.819018
1.296931
0.864906
0.893975
1.209330
1.297230
0.977020
2.413585
2.097280
0.814050
0.265950
0.890990
0.284464
0.407303
0.444742
1.321255
2.403955
0.536790
1.100640
0.144546
0.670509
0.991789
1.262105
1.091195
0.851665
0.005799
0.011778
0.002326
0.046146
0.030930
0.369376
0.301584
0.045338
0.007024
0.120894
0.005881
0.006831
0.397991
0.130651
0.230148
0.283072
0.000977
0.042471
0.013568
0.045900
0.107869
0.096784
0.349386
0.082438
0.003475
0.012287
0.005251
0.135782
0.148918
0.314437
0.091057
0.288899
0.004644
0.059161
0.033607
0.004863
0.085058
0.260391
0.341408
0.126165
0.005770
0.007976
0.014683
0.006158
0.320107
0.280065
0.029821
0.566065
0.118794
0.003078
0.078778
0.002412
0.170211
0.019822
0.233167
0.109109
0.006145
0.017008
0.001115
0.313410
0.035814
0.188662
0.089308
0.305098
0.539470
0.428738
0.691015
0.269135
2.106185
0.849560
1.598740
0.595770
0.328831
0.558815
0.652155
0.325333
1.303355
2.899618
0.818815
0.719570
0.485105
0.527585
0.301843
0.868250
0.667230
2.740295
0.909360
0.932206
0.559443
0.315575
0.984660
0.276021
0.888450
0.918720
0.347841
2.208664
0.276863
0.091419
0.661252
0.245950
0.343770
2.902167
1.122530
0.133948
0.432135
0.576505
0.803806
0.358976
1.658470
2.545355
0.207535
1.013455
1.001410
0.271844
0.452719
0.648720
0.712795
1.159210
1.181540
0.867930
0.359618
0.455064
0.631620
0.375843
0.466450
2.141818
0.261912
4.046260
0.004374
0.042301
0.021113
0.063812
0.122932
0.288460
0.017920
0.511910
0.037166
0.003432
0.005325
0.083097
0.617940
0.343531
0.090632
0.218217
0.025646
0.069743
0.003841
0.004866
0.514660
0.328992
0.300162
0.041243
0.001260
0.105260
0.011718
0.019270
0.115208
0.281694
0.212498
0.555570
0.014707
0.049219
0.017723
0.078431
0.343185
0.377734
0.539000
0.390350
0.007431
0.056848
0.097213
0.001994
0.565337
0.227129
0.156374
0.344547
0.110584
0.049386
0.001242
0.094399
0.462331
0.026051
0.546730
0.109701
0.003320
0.141100
0.001275
0.006323
0.590610
0.024924
0.285625
0.501530
0.965070
0.472894
0.376111
0.570305
0.248938
1.300875
0.835060
2.915335
0.952920
0.682535
0.596960
1.080265
4.349178
1.027762
1.538780
4.912095
0.530970
1.358975
0.718835
0.385059
1.502605
1.669380
2.009706
0.834720
0.783100
1.739995
0.676864
0.711930
0.554918
1.920610
2.256335
2.379650
0.520310
0.352460
0.919855
0.727300
1.320195
1.392685
3.649165
0.429127
0.738130
1.409240
0.564605
0.767805
1.530130
3.447440
0.747170
2.394390
0.561674
0.281024
0.343021
0.425783
0.623137
4.411800
0.416784
1.139330
0.641759
0.708905
1.123519
0.842645
1.181370
2.671740
1.114235
1.959800
0.003023
0.086796
0.003824
0.005711
0.254762
0.105791
0.134289
0.013359
0.008864
0.003645
0.015365
0.215695
0.050864
0.127608
0.245487
0.048558
0.004958
0.114916
0.001341
0.062862
0.019079
0.291364
0.009169
0.205706
0.013107
0.007894
0.060811
0.004497
0.167316
0.007607
0.235504
0.134714
0.001808
0.003140
0.085228
0.030371
0.243369
0.007894
0.314745
0.134565
0.090907
0.055640
0.002891
0.013300
0.139300
0.397973
0.013715
0.178964
0.006650
0.023278
0.080325
0.002253
0.020490
0.158025
0.039127
0.269129
0.161254
0.009911
0.051219
0.006566
0.155101
0.248113
0.151968
0.041433
0.321613
0.147464
0.465194
0.188032
0.430568
1.342695
1.130360
2.245825
0.555045
0.659875
0.188425
0.260669
0.897321
0.833055
1.002920
2.333985
0.379464
0.255040
0.357417
0.308449
0.733653
0.888585
1.153055
0.305432
0.378781
0.091448
0.701575
0.193223
0.742495
0.291709
4.621510
0.981790
0.649930
0.203016
0.325742
0.320759
0.908355
1.707975
0.569268
0.261709
0.291999
0.459542
0.334570
0.088800
0.530240
1.558386
0.680215
1.578775
0.161054
0.386612
0.203528
0.113295
0.377105
0.561661
0.319933
3.316315
0.478961
0.174867
0.156516
0.330327
1.060731
1.008575
2.102354
0.261620
0.003846
0.108796
0.258184
0.011350
0.180109
0.045918
0.126333
0.626600
0.273433
0.014512
0.012989
0.037602
0.064003
0.617995
0.491784
0.043203
0.004047
0.003210
0.135350
0.045170
0.404367
0.142022
0.514017
0.020292
0.004318
0.277922
0.019948
0.066828
0.169410
0.754154
0.044460
0.279950
0.040800
0.259070
0.005232
0.003111
0.035255
0.471176
0.359698
0.573387
0.049737
0.022225
0.003999
0.005583
0.031907
0.449947
0.450015
0.316873
0.068460
0.190283
0.023849
0.003858
0.095840
0.009589
0.439193
0.161989
0.061339
0.279901
0.006938
0.007825
0.029780
0.187497
0.369152
0.461212
1.186635
0.180475
0.677690
0.246093
1.200140
2.182460
1.875242
1.016815
0.741140
1.166730
1.081970
0.801380
1.264733
0.545005
0.917305
2.789360
0.602708
0.617458
0.481082
0.587185
2.688955
1.044105
3.131075
0.437914
0.811045
0.700809
0.818738
0.732630
0.685900
2.852600
1.260303
0.921847
0.617498
0.391487
0.406831
1.549105
0.620385
4.520508
1.494160
0.385815
0.808325
0.685525
1.141480
0.845260
3.422500
0.584745
1.776537
1.209631
0.572290
0.124711
0.387768
0.775335
3.530565
0.506471
0.864471
0.302229
0.165293
0.723409
0.763220
0.819495
3.827700
1.124051
1.463955
2.372765
0.000716
0.000804
0.000666
0.001712
0.000054
0.000037
0.000115
0.000015
0.002164
0.000765
0.000506
0.001163
0.000109
0.000056
0.000060
0.000028
0.000488
0.001215
0.000992
0.000458
0.000041
0.000526
0.000020
0.000309
0.001189
0.000478
0.007768
0.000134
0.000047
0.000104
0.000353
0.000019
0.000497
0.000828
0.000946
0.000077
0.000015
0.000032
0.000046
0.000021
0.000562
0.002663
0.000942
0.003854
0.000025
0.000083
0.000023
0.000111
0.000949
0.000136
0.000512
0.000857
0.000018
0.000037
0.000022
0.000072
0.002418
0.000937
0.000874
0.001453
0.000086
0.000029
0.000020
0.000273
0.000013
0.000000
0.000006
0.000006
0.000000
0.000000
0.000000
0.000000
0.000004
0.000013
0.000003
0.000006
0.000002
0.000000
0.000000
0.000000
0.000017
0.000000
0.000006
0.000008
0.000000
0.000000
0.000000
0.000000
0.000011
0.000000
0.000019
0.000009
0.000000
0.000000
0.000000
0.000000
0.000000
0.000009
0.000010
0.000004
0.000000
0.000000
0.000000
0.000000
0.000006
0.000008
0.000007
0.000013
0.000000
0.000000
0.000000
0.000000
0.000004
0.000005
0.000018
0.000005
0.000000
0.000000
0.000000
0.000578
0.000014
0.001127
0.000005
0.000004
0.000000
0.000000
0.000000
0.000000
0.006724
0.004117
0.000596
0.001294
0.000153
0.000142
0.000074
0.000068
0.004298
0.000511
0.001369
0.000841
0.000120
0.000028
0.000271
0.000014
0.000818
0.006327
0.001165
0.000112
0.000082
0.000016
0.000329
0.000322
0.001127
0.000670
0.001258
0.001003
0.000075
0.000021
0.000065
0.000648
0.001205
0.016255
0.001037
0.000406
0.000027
0.000128
0.000099
0.000837
0.000751
0.001822
0.000212
0.001760
0.000051
0.000025
0.000229
0.000294
0.002299
0.013025
0.000504
0.001152
0.000017
0.000219
0.000858
0.000070
0.005287
0.001272
0.000989
0.000740
0.000134
0.000015
0.000604
0.000055
0.000029
0.000011
0.000004
0.000014
0.000000
0.000000
0.000000
0.000000
0.000022
0.000005
0.000007
0.000011
0.000000
0.000004
0.000000
0.000002
0.000012
0.000004
0.000023
0.000034
0.000000
0.000000
0.000002
0.000324
0.000008
0.000011
0.000003
0.000018
0.000000
0.000000
0.000000
0.000000
0.000029
0.000000
0.000002
0.000008
0.000000
0.000000
0.000000
0.000000
0.000045
0.000004
0.000018
0.000000
0.000000
0.000000
0.000002
0.000000
0.000003
0.000007
0.000008
0.000018
0.000000
0.000000
0.000000
0.000002
0.000003
0.000010
0.000003
0.000010
0.000000
0.000002
0.000000
0.000000
0.000108
0.001499
0.006991
0.000227
0.000024
0.000469
0.000016
0.000733
0.002123
0.001080
0.002427
0.000154
0.000060
0.000474
0.000080
0.000068
0.001586
0.000079
0.009254
0.000152
0.000059
0.000644
0.000776
0.000029
0.000073
0.029080
0.002080
0.000457
0.000050
0.000524
0.000049
0.000487
0.001950
0.001036
0.000548
0.000203
0.000510
0.000019
0.000099
0.000274
0.008900
0.000096
0.001572
0.001103
0.000039
0.000059
0.000697
0.000355
0.000667
0.001304
0.001834
0.001191
0.000555
0.000021
0.000077
0.000469
0.001458
0.000266
0.001688
0.005764
0.000014
0.001379
0.000337
0.000043
0.000010
0.000003
0.000010
0.000013
0.000000
0.000000
0.000000
0.000000
0.000004
0.000009
0.000000
0.000011
0.000000
0.000000
0.000000
0.000000
0.000203
0.000000
0.000000
0.000395
0.000000
0.000000
0.000000
0.000000
0.000009
0.000012
0.000000
0.000269
0.000130
0.000000
0.000000
0.000118
0.000005
0.000010
0.000012
0.000009
0.000059
0.000000
0.000000
0.000000
0.000004
0.000009
0.001643
0.000251
0.000000
0.000000
0.000000
0.000000
0.000007
0.000000
0.000006
0.000263
0.000000
0.000000
0.000000
0.000000
0.000097
0.000000
0.000006
0.000005
0.000000
0.000000
0.000000
0.000000
0.014944
0.001318
0.005242
0.000391
0.000187
0.000874
0.000225
0.000137
0.001228
0.000935
0.003148
0.001761
0.000140
0.000042
0.000389
0.002849
0.036774
0.001833
0.001277
0.000891
0.000088
0.000038
0.000716
0.000478
0.004769
0.001334
0.002781
0.000153
0.000065
0.000603
0.000346
0.000587
0.005753
0.001161
0.015677
0.000133
0.000354
0.000329
0.000155
0.000063
0.000395
0.002201
0.002836
0.005905
0.000070
0.000198
0.000020
0.000108
0.000216
0.001703
0.002124
0.007510
0.000013
0.000995
0.000037
0.006355
0.008789
0.000811
0.001282
0.001010
0.000483
0.000050
0.000533
0.000080
0.000012
0.000003
0.000030
0.000000
0.000023
0.000001
0.000000
0.000000
0.000004
0.000012
0.000053
0.000008
0.000000
0.000072
0.000000
0.000000
0.000014
0.000000
0.000014
0.000440
0.000000
0.000004
0.000000
0.000000
0.000010
0.000007
0.000150
0.000000
0.000003
0.000000
0.000000
0.000000
0.000013
0.000005
0.000005
0.000015
0.000003
0.000000
0.000000
0.000000
0.000000
0.000011
0.000013
0.000004
0.000001
0.000000
0.000000
0.000000
0.000080
0.000009
0.000020
0.000004
0.000000
0.000002
0.000000
0.000000
0.000989
0.000006
0.000268
0.000000
0.000000
0.000000
0.000000
0.000003
0.000809
0.000662
0.001377
0.000378
0.000238
0.000012
0.000052
0.000065
0.001683
0.000106
0.001228
0.001022
0.000024
0.000063
0.000059
0.000062
0.002365
0.000241
0.000698
0.000311
0.000164
0.000035
0.000019
0.000071
0.005446
0.000817
0.001036
0.000171
0.000129
0.000180
0.000125
0.000069
0.001168
0.000216
0.000525
0.000984
0.000066
0.000019
0.000017
0.000039
0.001076
0.001207
0.000815
0.001000
0.000013
0.000051
0.000471
0.000024
0.000193
0.001090
0.000192
0.001201
0.000025
0.000215
0.000067
0.000044
0.001105
0.000985
0.006109
0.000072
0.000470
0.000064
0.000467
0.000037
0.000005
0.000008
0.000004
0.000013
0.000000
0.000000
0.000000
0.000000
0.000010
0.000016
0.000007
0.000014
0.000000
0.000000
0.000000
0.000000
0.000004
0.000017
0.000019
0.000010
0.000000
0.000000
0.000000
0.000000
0.000005
0.000017
0.000009
0.000007
0.000000
0.000000
0.000000
0.000000
0.000014
0.000009
0.000014
0.000004
0.000000
0.000000
0.000000
0.000000
0.000020
0.000011
0.000015
0.000003
0.000000
0.000000
0.000000
0.000000
0.000004
0.000008
0.000013
0.000000
0.000000
0.000000
0.000000
0.000000
0.000003
0.000006
0.000007
0.000029
0.000000
0.000000
0.000002
0.000000
0.005616
0.002190
0.001177
0.000556
0.000363
0.000083
0.000550
0.000049
0.001069
0.007029
0.001069
0.001309
0.000037
0.000125
0.000670
0.000029
0.000536
0.000940
0.006265
0.006681
0.000024
0.000093
0.000276
0.000679
0.009387
0.000255
0.001386
0.001252
0.000032
0.000360
0.000349
0.000045
0.001514
0.000902
0.001303
0.002945
0.000381
0.000060
0.000052
0.000104
0.002472
0.000973
0.000325
0.005886
0.000028
0.000309
0.000099
0.000062
0.000771
0.000309
0.013076
0.000999
0.000055
0.001622
0.000022
0.000480
0.007087
0.000226
0.006929
0.003272
0.000040
0.000617
0.000061
0.000049
0.000007
0.000194
0.000003
0.000029
0.000000
0.000000
0.000000
0.000000
0.000011
0.000005
0.000037
0.000006
0.000000
0.000000
0.000000
0.000000
0.000018
0.000000
0.000030
0.000010
0.000000
0.000000
0.000000
0.000001
0.000017
0.000224
0.000014
0.000004
0.000000
0.000003
0.000000
0.000000
0.000015
0.000005
0.000018
0.000013
0.000000
0.000000
0.000000
0.000002
0.000019
0.000003
0.000009
0.000020
0.000004
0.000000
0.000003
0.000000
0.000000
0.000017
0.000051
0.000008
0.000000
0.000000
0.000000
0.000000
0.000003
0.000016
0.000008
0.000011
0.000000
0.000000
0.000000
0.000000
0.001481
0.000167
0.001515
0.001149
0.000022
0.000057
0.000069
0.000761
0.001193
0.001894
0.001172
0.000181
0.000419
0.000197
0.000045
0.000631
0.001418
0.000126
0.024490
0.000115
0.000865
0.000027
0.000692
0.000021
0.003177
0.001185
0.000307
0.003219
0.000036
0.001050
0.000052
0.000637
0.001660
0.001044
0.000164
0.000544
0.000042
0.000753
0.000029
0.000047
0.000651
0.000350
0.001162
0.000969
0.000026
0.000012
0.000506
0.000397
0.000847
0.000953
0.000150
0.007079
0.000622
0.000063
0.000672
0.000016
0.000082
0.001446
0.000663
0.001960
0.000420
0.000147
0.000097
0.000551
0.000017
0.000003
0.000025
0.000005
0.000000
0.000000
0.000000
0.000000
0.000014
0.000000
0.000006
0.000010
0.000000
0.000000
0.000000
0.000000
0.000191
0.000000
0.000017
0.000005
0.000000
0.001457
0.000000
0.000000
0.000000
0.000348
0.000006
0.000011
0.000000
0.000000
0.000000
0.000000
0.000003
0.000220
0.000010
0.000000
0.000000
0.000000
0.000000
0.000000
0.000003
0.000006
0.000019
0.000016
0.000000
0.000000
0.000000
0.000928
0.000277
0.000000
0.000162
0.000000
0.000742
0.000000
0.000000
0.000000
0.000268
0.000000
0.000000
0.000089
0.000000
0.000351
0.000000
0.000000
0.010772
0.001069
0.000146
0.002636
0.000231
0.000687
0.000887
0.000043
0.000066
0.002384
0.002562
0.002084
0.000496
0.000015
0.000087
0.000865
0.004652
0.009989
0.000176
0.001443
0.000097
0.000853
0.000069
0.001665
0.003972
0.000210
0.002067
0.001742
0.000788
0.000015
0.000557
0.000106
0.001256
0.000104
0.007334
0.013147
0.000783
0.000038
0.000155
0.000258
0.000957
0.001091
0.007250
0.004239
0.000862
0.000052
0.000057
0.000439
0.001809
0.000283
0.001506
0.009991
0.000446
0.003500
0.000048
0.000114
0.001587
0.000434
0.005492
0.001230
0.001053
0.000821
0.000147
0.000062
0.000018
0.000005
0.000033
0.000010
0.000002
0.000000
0.000000
0.000000
0.000003
0.000006
0.000008
0.000130
0.000000
0.000002
0.000000
0.000000
0.000006
0.000017
0.000018
0.000263
0.000000
0.000000
0.000000
0.000009
0.000215
0.000005
0.000005
0.000058
0.000000
0.000000
0.000000
0.000000
0.000011
0.000004
0.000052
0.000005
0.000000
0.000000
0.000004
0.000000
0.000010
0.000022
0.000004
0.000008
0.000000
0.000002
0.000000
0.000000
0.000008
0.000014
0.000007
0.000012
0.000000
0.000000
0.000000
0.000002
0.000282
0.000000
0.000005
0.000004
0.000001
0.000000
0.000000
0.000000
