0.000000
0.000000
0.000000
0.000000
0.000000
0.000000
0.000000
0.000000
0.000000
0.000000
0.000000
0.000000
0.000000
0.000000
0.000000
0.000000
0.000000
0.000000
0.000000
0.000000
0.000000
0.000000
0.000000
0.000000
0.000000
0.000000
0.000000
0.000000
0.000000
0.000000
0.000000
0.109169
0.000000
0.000000
0.000000
0.000000
0.000000
0.000000
0.000000
0.000000
0.000000
0.000000
0.000000
0.000000
0.000000
0.000000
0.000000
0.000000
0.000000
0.000000
0.000000
0.000000
0.000000
0.000000
0.000000
0.000000
0.000000
0.000000
0.000000
0.000000
0.000000
0.000000
0.000000
0.000000
0.586434
6.895908
0.906901
2.190634
17.795600
10.322005
11.567056
24.645500
2.296237
0.413385
6.490050
2.723928
11.971698
13.177036
12.839648
14.910512
0.429847
7.154167
0.379369
0.717211
17.872000
34.930200
33.011700
9.831678
0.245662
9.643130
0.000000
0.511604
13.419381
27.219900
9.633815
21.286850
4.928750
0.784344
0.152149
2.018930
17.531100
10.057874
10.148728
18.869713
2.238683
0.451690
4.696591
0.846199
10.975142
18.622400
11.637299
26.810200
3.147667
3.331509
0.000000
4.117499
22.879300
12.041100
22.422525
6.104741
0.165117
3.863237
1.980876
4.958842
21.522113
11.572124
9.613868
19.116100
0.000000
0.000000
0.000000
0.000000
0.000000
0.000000
0.000000
0.000000
0.000000
0.000000
0.000000
0.000000
0.000000
0.000000
0.000000
0.000000
0.000000
0.000000
0.000000
0.000000
0.000000
0.148955
0.000000
0.000000
0.000000
0.000000
0.000000
0.000000
0.000000
0.000000
0.000000
0.000000
0.000000
0.000000
0.000000
0.000000
0.000000
0.000000
0.000000
0.000000
0.000000
0.000000
0.000000
0.000000
0.000000
0.000000
0.000000
0.000000
0.000000
0.000000
0.000000
0.000000
0.000000
0.000000
0.000000
0.000000
0.000000
0.000000
0.000000
0.000000
0.000000
0.096065
0.000000
0.054429
1.092210
0.961859
5.930152
0.000000
8.629871
15.196500
14.298188
10.982232
0.000000
0.986787
2.609210
0.177126
12.769147
8.168569
18.948000
7.285840
0.043656
3.958851
0.128980
0.189862
10.497491
11.620770
12.056022
10.818197
0.592869
0.000000
7.128657
0.286072
13.913138
11.224353
10.320708
19.522400
0.794301
7.135625
10.363874
0.374123
11.054030
13.647300
10.842051
25.980300
0.376789
5.102237
0.572229
1.008478
10.719256
17.312300
8.315558
15.505075
6.931906
1.249368
1.011961
0.000000
12.449477
18.641900
13.208379
15.744613
2.528447
0.372921
4.004300
0.000000
8.725437
13.365525
9.858747
12.894503
0.000000
0.000000
0.000000
0.000000
0.000000
0.000000
0.103017
0.000000
0.000000
0.000000
0.000000
0.000000
0.000000
0.000000
0.000000
0.000000
0.000000
0.000000
0.000000
0.000000
0.151026
0.000000
0.000000
0.681914
0.000000
0.000000
0.000000
0.000000
0.000000
0.000000
0.059806
0.000000
0.000000
0.000000
0.000000
0.000000
0.000000
0.144952
0.000000
0.000000
0.000000
0.000000
0.000000
0.000000
0.079720
0.000000
0.000000
0.000000
0.000000
0.000000
0.000000
0.000000
0.000000
2.206755
0.000000
0.000000
0.000000
0.000000
0.000000
0.000000
0.579397
0.000000
0.000000
0.013839
0.974900
4.644572
2.457802
1.561741
14.675131
38.113700
10.939228
38.483800
2.708050
2.974562
8.655734
0.000000
9.986453
22.774300
14.217331
9.314445
0.000000
8.498484
7.594684
0.085786
39.574575
9.466213
13.962291
22.876600
1.279480
0.566953
7.744492
0.000000
4.616771
15.646138
23.862100
2.545605
3.883104
0.402258
0.494796
2.268970
12.119325
37.360200
10.391322
29.356500
6.837698
3.590950
4.180458
0.000000
12.958458
30.809000
14.558314
23.097400
3.987026
8.367567
0.397527
0.000000
9.657155
33.569100
16.948613
14.682089
0.000000
7.983865
0.707213
5.439891
4.123407
27.733600
10.340654
28.988800
0.000000
0.000000
0.000000
0.000000
0.000000
0.000000
0.000000
0.000000
0.000000
0.000000
0.000000
0.000000
0.000000
0.245738
0.000000
0.000000
0.000000
0.000000
0.000000
0.000000
0.000000
0.331948
0.000000
0.000000
0.000000
0.000000
0.000000
0.000000
0.000000
0.000000
0.000000
0.000000
0.000000
0.000000
0.000000
0.000000
0.000000
0.000000
0.000000
0.000000
0.000000
0.000000
0.000000
0.000000
0.000000
0.000000
0.000000
0.000000
0.000000
0.000000
0.000000
0.000000
0.311504
0.000000
0.268656
0.000000
0.000000
0.000000
0.000000
0.000000
0.000000
0.142578
0.000000
0.000000
0.000000
8.374235
0.000000
8.139182
6.282195
21.196600
10.979655
16.843313
5.609038
0.958137
0.000000
0.000000
11.920309
5.644667
11.935158
1.552636
0.816319
7.945235
0.379468
0.000000
21.278238
12.347169
9.721547
15.207230
0.000000
0.859015
0.000000
6.643137
13.311775
8.214243
9.283831
12.761900
0.553314
2.419935
4.754068
1.170182
13.081697
14.927759
10.780796
20.784550
8.553610
0.553382
0.000000
0.666696
11.341123
9.924088
11.563062
16.084200
0.000000
2.267624
0.182275
5.000026
11.022307
15.347172
8.413323
22.762236
0.616697
1.363278
0.000000
7.880392
9.654275
13.076258
10.207242
14.885408
0.000000
0.000000
0.000000
0.000000
0.000000
0.118072
0.000000
0.000000
0.000000
0.000000
0.000000
0.000000
0.000000
0.000000
0.000000
0.000000
0.000000
0.000000
0.000000
0.000000
0.000000
0.000000
0.000000
0.000000
0.000000
0.000000
0.000000
0.000000
0.000000
0.000000
0.000000
0.000000
0.000000
0.000000
0.000000
0.000000
0.000000
0.000000
0.000000
0.000000
0.000000
0.000000
0.000000
0.000000
0.000000
0.000000
0.000000
0.000000
0.000000
0.000000
0.000000
0.000000
0.000000
0.000000
0.000000
0.000000
0.000000
0.000000
0.000000
0.000000
0.000000
0.000000
0.000000
0.000000
4.508363
0.660499
2.636016
0.250975
35.640887
10.182984
25.411700
12.731052
4.728392
0.126019
4.327891
0.030037
15.199305
15.990000
19.634113
9.563328
4.340740
0.000000
0.476126
2.268445
9.699384
33.111500
15.479538
16.697287
3.941917
0.000000
1.054501
0.504392
10.393436
30.376062
16.088297
15.555500
0.542879
4.808836
0.309234
6.193563
10.426959
26.175700
27.833400
15.148598
0.000000
2.216261
0.214445
6.318474
26.082937
15.057825
15.503622
29.921800
2.966099
0.003453
0.694979
8.313979
16.065262
11.112425
9.028730
31.396612
7.614045
3.359989
1.557852
0.000000
11.908147
31.150612
16.090505
27.725100
0.000000
0.000000
0.000000
0.000000
0.000000
0.000000
0.000000
0.000000
0.000000
0.000000
0.000000
0.000000
0.000000
0.000000
0.000000
0.000000
0.000000
0.000000
0.000000
0.000000
0.000000
0.000000
0.000000
0.000000
0.000000
0.000000
0.000000
0.000000
0.000000
0.000000
0.000000
0.000000
0.000000
0.000000
0.000000
0.000000
0.000000
0.000000
0.000000
0.000000
0.000000
0.000000
0.000000
0.000000
0.000000
0.000000
0.000000
0.000000
0.000000
0.000000
0.000000
0.000000
0.000000
0.000000
0.067968
0.000000
0.000000
0.000000
0.000000
0.000000
0.119900
0.000000
0.000000
0.000000
0.442503
0.000000
3.020143
0.000000
16.738725
14.272500
14.985355
9.396897
0.006006
5.314636
0.000000
2.765708
18.390825
12.510336
12.692644
17.397000
0.000000
9.358086
0.496415
1.271502
14.996172
19.892400
9.841600
15.414936
0.000000
2.200769
0.187454
6.245112
11.597516
12.374839
9.441672
15.207078
0.241946
2.136839
0.113957
3.765137
9.693558
16.746675
16.374500
13.322002
0.000000
1.277359
2.614143
0.241731
10.114156
13.242000
6.744354
16.866359
8.385791
0.640377
0.128781
0.831898
13.721000
18.281100
16.090028
13.860681
5.600959
0.000000
0.158914
1.720963
15.177111
13.895925
16.521600
9.282909
0.000000
0.000000
0.000000
0.000000
0.000000
0.000000
0.000000
0.000000
0.000000
0.000000
0.000000
0.000000
0.000000
0.000000
0.000000
0.000000
0.000000
0.000000
0.000000
0.000000
0.000000
0.224469
0.000000
0.264081
0.000000
0.000000
0.000000
0.000000
0.290108
0.000000
0.000000
0.000000
0.000000
0.000000
0.000000
0.000000
0.000000
0.000000
0.064741
0.000000
0.000000
0.000000
0.000000
0.000000
0.000000
0.521512
0.000000
0.000000
0.000000
0.000000
0.000000
0.000000
0.000000
0.085527
0.000000
2.186071
0.000000
0.000000
0.000000
0.000000
0.000000
0.000000
0.099233
0.000000
0.000000
8.011011
0.000000
7.404760
25.137288
7.597013
9.990954
28.405800
0.000000
6.940233
0.274477
1.737788
12.974259
16.642000
29.353900
11.229995
0.000000
7.604126
2.454776
0.506510
23.985375
4.909106
17.173691
8.330748
7.963767
0.000000
2.318139
1.188569
14.627134
23.219600
31.048400
4.705371
3.485006
0.000000
1.829109
7.928537
15.921420
23.997900
8.599002
18.008250
8.870737
4.537507
0.000000
0.146543
9.883334
19.000975
16.972925
4.628524
0.000000
7.566652
0.122568
10.187462
16.842142
23.601900
13.091023
33.839100
0.000000
7.355803
7.367729
0.000000
34.435425
5.692223
14.481300
25.334550
0.000000
0.000000
0.000000
0.000000
0.000000
0.000000
0.000000
0.226780
0.000000
0.000000
0.000000
0.000000
0.000000
0.345197
0.000000
0.000000
0.000000
0.000000
0.000000
0.000000
0.243874
0.000000
0.023792
0.000000
0.000000
0.000000
0.000000
0.000000
0.000000
0.453384
0.000000
0.000000
0.000000
0.000000
0.000000
0.000000
0.000000
0.366320
0.000000
0.000000
0.000000
0.000000
0.000000
0.000000
0.000000
0.000000
0.000000
0.000000
0.000000
0.000000
0.000000
0.000000
0.000000
0.000000
0.322516
0.047420
0.000000
0.000000
0.000000
0.000000
0.000000
0.000000
0.000000
0.067829
0.000000
3.081836
0.218838
1.089867
10.723201
15.968114
9.888444
21.366700
7.821158
1.151144
0.302800
0.000000
10.773043
13.230970
9.060665
11.799991
5.726952
0.637643
0.137843
0.000000
12.555817
11.864500
21.319438
4.747545
0.000000
6.392551
2.382668
0.000000
2.547941
11.680375
12.233480
7.008870
0.356055
4.915431
0.000000
1.877214
12.782161
22.947150
7.679614
14.928175
0.614491
0.000000
5.035690
1.065653
11.007273
14.471773
9.134850
14.342203
0.758992
0.528778
3.703058
0.328419
14.013725
8.901778
12.586051
18.957944
0.000000
6.918970
3.190884
0.292065
18.299050
9.519835
17.383734
9.122777
0.000000
0.000000
0.000000
0.000000
0.000000
0.000000
0.000000
0.000000
0.000000
0.000000
0.000000
0.000000
0.000000
0.000000
0.000000
0.000000
0.000000
0.000000
0.000000
0.000000
0.000000
0.000000
0.000000
0.000000
0.000000
0.000000
0.000000
0.000000
0.000000
0.000000
0.000000
0.000000
0.000000
0.000000
0.000000
0.000000
0.000000
0.000000
0.000000
0.000000
0.000000
0.000000
0.000000
0.000000
0.000000
0.000000
0.000000
0.000000
0.000000
0.000000
0.000000
0.000000
0.000000
0.000000
0.000000
0.000000
0.000000
0.000000
0.000000
0.000000
0.000000
0.000000
0.000000
0.000000
0.000000
0.000000
0.000000
0.000000
0.000000
0.000000
0.000000
0.000000
0.000000
0.000000
0.000000
0.000000
0.000000
0.000000
0.000000
0.000000
0.000000
0.000000
0.000000
0.000000
0.000000
0.000000
0.000000
0.000000
0.000000
0.000000
0.000000
0.000000
0.000000
0.000000
0.000000
0.000000
0.000000
0.000000
0.000000
0.000000
0.000000
0.000000
0.000000
0.000000
0.000000
0.000000
0.000000
0.000000
0.000000
0.000000
0.000000
0.000000
0.000000
0.000000
0.000000
0.000000
0.000000
0.000000
0.000000
0.000000
0.000000
0.000000
0.000000
0.000000
0.000000
0.000000
0.000000
0.000000
0.000000
0.000000
0.000000
0.000000
0.000000
0.000000
0.000000
0.000000
0.000000
0.000000
0.000000
0.000000
0.000000
0.000000
0.000000
0.000000
0.000000
0.000000
0.000000
0.000000
0.000000
0.000000
0.000000
0.000000
0.000000
0.000000
0.000000
0.000000
0.000000
0.000000
0.000000
0.000000
0.000000
0.000000
0.000000
0.000000
0.000000
0.000000
0.000000
0.000000
0.000000
0.000000
0.000000
0.000000
0.000000
0.000000
0.000000
0.000000
0.000000
0.000000
0.000000
0.000000
0.000000
0.000000
0.000000
0.000000
0.000000
0.000000
0.000000
0.000000
0.000000
0.000000
0.000000
0.000000
0.000000
0.000000
0.000000
0.000000
0.000000
0.000000
0.000000
0.000000
0.000000
0.000000
0.000000
0.000000
0.000000
0.000000
0.000000
0.000000
0.000000
0.000000
0.000000
0.000000
0.000000
0.000000
0.000000
0.000000
0.000000
0.000000
0.000000
0.000000
0.000000
0.000000
0.000000
0.000000
0.000000
0.000000
0.000000
0.000000
0.000000
0.000000
0.000000
0.000000
0.000000
0.000000
0.000000
0.000000
0.000000
0.000000
0.000000
0.000000
0.000000
0.000000
0.000000
0.000000
0.000000
0.000000
0.000000
0.000000
0.000000
0.000000
0.000000
0.000000
0.000000
0.000000
0.000000
0.000000
0.000000
0.000000
0.000000
0.000000
0.000000
0.000000
0.000000
0.000000
0.000000
0.000000
0.000000
0.000000
0.000000
0.000000
0.000000
0.000000
0.000000
0.000000
0.000000
0.000000
0.000000
0.000000
0.000000
0.000000
0.000000
0.000000
0.000000
0.000000
0.000000
0.000000
0.000000
0.000000
0.000000
0.000000
0.000000
0.000000
0.000000
0.000000
0.000000
0.000000
0.000000
0.000000
0.000000
0.000000
0.000000
0.000000
0.000000
0.000000
0.000000
0.000000
0.000000
0.000000
0.000000
0.000000
0.000000
0.000000
0.000000
0.000000
0.000000
0.000000
0.000000
0.000000
0.000000
0.000000
0.000000
0.000000
0.000000
0.000000
0.000000
0.000000
0.000000
0.000000
0.000000
0.000000
0.000000
0.000000
0.000000
0.000000
0.000000
0.000000
0.000000
0.000000
0.000000
0.000000
0.000000
0.000000
0.000000
0.000000
0.000000
0.000000
0.000000
0.000000
0.000000
0.000000
0.000000
0.000000
0.000000
0.000000
0.000000
0.000000
0.000000
0.000000
0.000000
0.000000
0.000000
0.000000
0.000000
0.000000
0.000000
0.000000
0.000000
0.000000
0.000000
0.000000
0.000000
0.000000
0.000000
0.000000
0.000000
0.000000
0.000000
0.000000
0.000000
0.000000
0.000000
0.000000
0.000000
0.000000
0.000000
0.000000
0.000000
0.000000
0.000000
0.000000
0.000000
0.000000
0.000000
0.000000
0.000000
0.000000
0.000000
0.000000
0.000000
0.000000
0.000000
0.000000
0.000000
0.000000
0.000000
0.000000
0.000000
0.000000
0.000000
0.000000
0.000000
0.000000
0.000000
0.000000
0.000000
0.000000
0.000000
0.000000
0.000000
0.000000
0.000000
0.000000
0.000000
0.000000
0.000000
0.000000
0.000000
0.000000
0.000000
0.000000
0.000000
0.000000
0.000000
0.000000
0.000000
0.000000
0.000000
0.000000
0.000000
0.000000
0.000000
0.000000
0.000000
0.000000
0.000000
0.000000
0.000000
0.000000
0.000000
0.000000
0.000000
0.000000
0.000000
0.000000
0.000000
0.000000
0.000000
0.000000
0.000000
0.000000
0.000000
0.000000
0.000000
0.000000
0.000000
0.000000
0.000000
0.000000
0.000000
0.000000
0.000000
0.000000
0.000000
0.000000
0.000000
0.000000
0.000000
0.000000
0.000000
0.000000
0.000000
0.000000
0.000000
0.000000
0.000000
0.000000
0.000000
0.000000
0.000000
0.000000
0.000000
0.000000
0.000000
0.000000
0.000000
0.000000
0.000000
0.000000
0.000000
0.000000
0.000000
0.000000
0.000000
0.000000
0.000000
0.000000
0.000000
0.000000
0.000000
0.000000
0.000000
0.000000
0.000000
0.000000
0.000000
0.000000
0.000000
0.000000
0.000000
0.000000
0.000000
0.000000
0.000000
0.000000
0.000000
0.000000
0.000000
0.000000
0.000000
0.000000
0.000000
0.000000
0.000000
0.000000
0.000000
0.000000
0.000000
0.000000
0.000000
0.000000
0.000000
0.000000
0.000000
0.000000
0.000000
0.000000
0.000000
0.000000
0.000000
0.000000
0.000000
0.000000
0.000000
0.000000
0.000000
0.000000
0.000000
0.000000
0.000000
0.000000
0.000000
0.000000
0.000000
0.000000
0.000000
0.000000
0.000000
0.000000
0.000000
0.000000
0.000000
0.000000
0.000000
0.000000
0.000000
0.000000
0.000000
0.000000
0.000000
0.000000
0.000000
0.000000
0.000000
0.000000
0.000000
0.000000
0.000000
0.000000
0.000000
0.000000
0.000000
0.000000
0.000000
0.000000
0.000000
0.000000
0.000000
0.000000
0.000000
0.000000
0.000000
0.000000
0.000000
0.000000
0.000000
0.000000
0.000000
0.000000
0.000000
0.000000
0.000000
0.000000
0.000000
0.000000
0.000000
0.000000
0.000000
0.000000
0.000000
0.000000
0.000000
0.000000
0.000000
0.000000
0.000000
0.000000
0.000000
0.000000
0.000000
0.000000
0.000000
0.000000
0.000000
0.000000
0.000000
0.000000
0.000000
0.000000
0.000000
0.000000
0.000000
0.000000
0.000000
0.000000
0.000000
0.000000
0.000000
0.000000
0.000000
0.000000
0.000000
0.000000
0.000000
0.000000
0.000000
0.000000
0.000000
0.000000
0.000000
0.000000
0.000000
0.000000
0.000000
0.000000
0.000000
0.000000
0.000000
0.000000
0.000000
0.000000
0.000000
0.000000
0.000000
0.000000
0.000000
0.000000
0.000000
0.000000
0.000000
0.000000
0.000000
0.000000
0.000000
0.000000
0.000000
0.000000
0.000000
0.000000
0.000000
0.000000
0.000000
0.000000
0.000000
0.000000
0.000000
0.000000
0.000000
0.000000
0.000000
0.000000
0.000000
0.000000
0.000000
0.000000
0.000000
0.000000
0.000000
0.000000
0.000000
0.000000
0.000000
0.000000
0.000000
0.000000
0.000000
0.000000
0.000000
0.000000
0.000000
0.000000
0.000000
0.000000
0.000000
0.000000
0.000000
0.000000
0.000000
0.000000
0.000000
0.000000
0.000000
0.000000
0.000000
0.000000
0.000000
0.000000
0.000000
0.000000
0.000000
0.000000
0.000000
0.000000
0.000000
0.000000
0.000000
0.000000
0.000000
0.000000
0.000000
0.000000
0.000000
0.000000
0.000000
0.000000
0.000000
0.000000
0.000000
0.000000
0.000000
0.000000
0.000000
0.000000
0.000000
0.000000
0.000000
0.000000
0.000000
0.000000
0.000000
0.000000
0.000000
0.000000
0.000000
0.000000
0.000000
0.000000
0.000000
0.000000
0.000000
0.000000
0.000000
0.000000
0.000000
0.000000
0.000000
0.000000
0.000000
0.000000
0.000000
0.000000
0.000000
0.000000
0.000000
0.000000
0.000000
0.000000
0.000000
0.000000
0.000000
0.000000
0.000000
0.000000
0.000000
0.000000
0.000000
0.000000
0.000000
0.000000
0.000000
0.000000
0.000000
0.000000
0.000000
0.000000
0.000000
0.000000
0.000000
0.000000
0.000000
0.000000
0.000000
0.000000
0.000000
0.000000
0.000000
0.000000
0.000000
0.000000
0.000000
0.000000
0.000000
0.000000
0.000000
0.000000
0.000000
0.000000
0.000000
0.000000
0.000000
0.000000
0.000000
0.000000
0.000000
0.000000
0.000000
0.000000
0.000000
0.000000
0.000000
0.000000
0.000000
0.000000
0.000000
0.000000
0.000000
0.000000
0.000000
0.000000
0.000000
0.000000
0.000000
0.000000
0.000000
0.000000
0.000000
0.000000
0.000000
0.000000
0.000000
0.000000
0.000000
0.000000
0.000000
0.000000
0.000000
0.000000
0.000000
0.000000
0.000000
0.000000
0.000000
0.000000
0.000000
0.000000
0.000000
0.000000
0.000000
0.000000
0.000000
0.000000
0.000000
0.000000
0.000000
0.000000
0.000000
0.000000
0.000000
0.000000
0.000000
0.000000
0.000000
0.000000
0.000000
0.000000
0.000000
0.000000
0.000000
0.000000
0.000000
0.000000
0.000000
0.000000
0.000000
0.000000
0.000000
0.000000
0.000000
0.000000
0.000000
0.000000
0.000000
0.000000
0.000000
0.000000
0.000000
0.000000
0.000000
0.000000
0.000000
0.000000
0.000000
0.000000
0.000000
0.000000
0.000000
0.000000
0.000000
0.000000
0.000000
0.000000
0.000000
0.000000
0.000000
0.000000
0.000000
0.000000
0.000000
0.000000
0.000000
0.000000
0.000000
0.000000
0.000000
0.000000
0.000000
0.000000
0.000000
0.000000
0.000000
0.000000
0.000000
0.000000
0.000000
0.000000
0.000000
0.000000
0.000000
0.000000
0.000000
0.000000
0.000000
0.000000
0.000000
0.000000
0.000000
0.000000
0.000000
0.000000
0.000000
0.000000
0.000000
0.000000
0.000000
0.000000
0.000000
0.000000
0.000000
0.000000
0.000000
0.000000
0.000000
0.000000
0.000000
0.000000
0.000000
0.000000
0.000000
0.000000
0.000000
0.000000
0.000000
0.000000
0.000000
0.000000
0.000000
0.000000
0.000000
0.000000
0.000000
0.000000
0.000000
0.000000
0.000000
0.000000
0.000000
0.000000
0.000000
0.000000
0.000000
0.000000
0.000000
0.000000
0.000000
0.000000
