0.000000
7.851182
6.732119
2.293060
11.662889
14.144588
8.801883
12.426659
1.142440
5.336692
7.106729
6.667161
6.458934
9.387312
8.379675
14.033919
4.876303
5.826077
8.256849
6.606276
13.139681
10.573766
9.054698
12.297877
5.109593
2.530367
1.267587
6.050919
10.049369
12.742039
7.461076
8.043791
8.945226
7.801289
5.929491
9.906750
13.621855
11.679875
13.033552
14.060803
1.998525
5.652408
7.941160
1.449752
14.508911
5.368098
15.821519
8.257120
7.515275
4.506936
7.485700
7.515333
14.120250
12.378303
14.044495
4.964460
1.263141
8.590655
5.621096
1.879167
8.848658
10.102260
7.321812
13.342361
16.631186
24.094305
24.488484
25.432491
59.172769
25.246127
43.719831
79.451458
16.826603
20.298994
21.741017
17.331969
30.738091
69.212491
66.987923
39.838645
15.983625
19.624437
23.899758
28.028577
50.151808
137.806750
96.883120
32.656092
11.167425
22.511475
18.994689
21.907561
56.430359
71.295302
32.998691
47.386091
24.352991
20.195908
17.200853
26.490520
68.627384
30.554414
35.091839
78.198156
21.285569
17.176469
17.629981
16.453267
50.514031
44.586042
35.108302
69.588869
28.834245
14.465911
17.748880
18.229102
84.698237
39.037494
87.576433
38.370219
17.714222
31.015261
14.091336
16.923212
93.134914
36.636650
24.422331
78.530228
0.933923
1.299693
2.124244
1.052828
4.090527
4.624480
5.993511
8.904758
0.991348
1.542606
1.008548
1.290131
2.551573
6.236930
3.189027
5.727481
2.054710
1.304646
1.855292
2.179430
9.577729
6.856656
5.144803
2.463883
1.038251
1.693002
0.975666
1.640656
3.127440
6.371748
6.256996
1.985991
1.605955
0.891817
1.474889
2.172459
9.778635
3.283666
8.912623
2.090518
1.380243
1.103482
2.513830
1.051691
2.823071
6.131021
3.081917
4.630373
1.284609
1.547166
1.370995
2.003504
7.108830
9.406886
2.472340
4.344254
0.869328
1.913120
1.566485
1.029685
3.843874
5.152930
3.827439
4.333479
11.533702
16.984292
17.185630
8.498432
24.513052
38.017014
36.176187
29.171223
4.382948
11.465317
10.292795
12.755813
43.253370
17.906523
57.599105
14.570222
13.956231
10.592464
9.395605
14.638567
18.528375
52.999880
37.909098
34.812225
13.135030
8.423182
16.614977
6.092620
42.112573
24.210955
16.956750
63.294736
13.735056
26.909516
16.259767
13.011233
36.040539
36.424844
31.219491
66.753612
10.022966
14.446081
9.242034
13.262911
26.475255
50.020058
21.326156
45.135481
14.091713
10.487360
18.336156
16.827442
31.444986
46.631372
32.885641
47.467616
15.221770
7.944580
10.742939
9.930937
25.912770
45.887083
30.262308
34.217195
8.346380
5.611477
3.898101
5.202719
10.642336
12.396845
8.537293
10.336111
2.107708
1.778390
5.321493
2.596361
4.532437
9.797976
14.244077
8.080380
5.114318
5.484325
5.310870
7.132670
6.515523
13.236533
9.338707
9.015164
3.932567
2.330386
4.870271
2.376695
7.163080
11.801125
4.016808
13.765033
4.805251
8.015197
2.173463
7.542743
11.302283
7.921600
8.938905
12.330964
1.637946
6.208179
1.285914
6.499038
8.585244
3.932852
8.948983
12.528359
4.440607
7.025815
6.112933
1.313535
10.114344
8.424903
7.920136
14.875217
6.717871
5.505100
1.482327
3.973357
7.882783
5.960487
19.579431
4.651963
12.488811
36.976655
35.754791
9.338596
54.049402
98.937484
35.940978
108.946137
26.598359
11.983675
15.856409
22.153373
23.789859
58.810927
74.296698
30.531625
18.714967
16.762130
18.359928
21.248430
112.984938
21.173691
55.900075
80.337109
9.299026
30.906427
13.192602
17.174438
42.036795
73.437047
62.324400
36.023409
12.054608
29.735016
23.336786
12.012578
48.546522
105.662031
29.096273
73.048061
12.938206
11.599551
33.959680
13.742425
53.637277
84.736575
44.639856
54.625836
11.101583
23.661509
30.001230
18.672911
19.510870
99.689297
75.305216
54.771203
17.221133
17.923544
33.849945
9.121405
39.568169
114.961156
36.888467
76.257091
1.649445
5.561319
0.826086
1.529384
13.591317
4.676934
2.512980
4.744945
0.823284
1.766549
1.313245
1.723376
2.423433
4.151545
5.873934
4.847566
1.522104
1.410907
2.051993
1.198546
4.248918
4.846454
6.257367
11.427253
1.742140
1.779135
0.889688
2.009605
3.788220
7.371555
2.380715
5.953355
1.103390
5.664866
1.404731
2.477877
7.798181
2.206721
9.123922
4.512205
1.272125
1.528899
0.865560
2.119833
3.012441
7.326202
8.328805
3.052645
1.904005
4.348078
0.988109
1.858168
7.031659
5.442374
3.877651
5.411865
1.801493
0.964125
1.893858
0.756082
6.645569
3.245151
7.948938
3.245684
16.875947
12.234623
13.402886
15.771522
30.468091
57.173692
24.147417
77.586602
12.730914
7.281514
11.828306
13.124106
38.243698
21.350947
31.817125
21.938881
5.450964
19.863316
27.972134
11.007977
92.572906
34.947964
16.376030
66.319312
12.797347
6.093055
10.042630
12.432798
35.264455
32.080648
22.796661
34.221795
8.629181
28.609808
10.798052
19.295253
41.144533
48.366083
16.912575
93.766867
16.353103
6.330325
11.034980
16.835859
37.784466
19.504878
39.597758
51.394095
17.848894
11.560088
19.245297
8.372059
21.768852
49.542208
21.311312
106.871250
24.821897
7.332056
8.902352
12.314059
21.549620
56.665508
23.126312
40.610202
7.970906
7.593505
2.790415
8.562164
9.529452
12.280684
14.513100
11.237859
4.155403
9.835797
1.511653
2.426009
11.174091
6.604369
7.320808
12.939689
5.419959
3.843592
9.268314
7.224889
9.826950
13.204172
15.691453
6.980488
0.934749
9.199267
4.105106
4.192871
10.496623
10.664322
4.711407
12.294234
7.678355
7.818014
8.439060
4.579081
11.907173
11.905825
12.874627
12.370558
6.482044
2.148585
3.146788
2.024200
10.776219
9.611357
3.142248
15.443994
9.228603
7.665082
7.599317
4.284698
12.351008
11.182784
15.107950
6.755272
1.071459
7.647984
1.545970
5.992894
7.672663
4.830997
10.387198
9.693132
22.354048
17.983442
21.423741
22.014366
135.316656
34.210784
68.637077
38.585848
21.288523
18.572356
20.459870
12.431992
45.918722
67.505887
61.250300
38.724894
19.839048
20.798827
12.910720
29.035647
27.186711
97.674936
58.117775
79.044387
19.061503
16.895311
23.922866
10.233978
34.842556
85.388487
52.615762
59.723422
17.744770
29.692541
20.841797
26.027759
31.278147
90.287264
66.116828
57.652825
13.750320
19.493125
16.542122
15.967845
113.436641
57.278287
43.809364
77.008505
27.636566
23.061188
16.288084
20.637628
71.779472
49.985661
29.385153
108.714223
15.670639
16.312630
21.737931
16.498931
35.802161
123.453062
42.138364
99.715352
0.963346
1.983151
1.070523
3.212556
2.487606
6.693880
2.594200
9.316604
1.266731
1.190212
1.057249
1.523403
6.458717
2.547617
2.112230
5.085564
1.360049
5.148112
0.817875
1.519407
13.283080
2.919408
3.683005
4.056462
1.472672
1.665691
0.836278
1.911837
6.123239
2.988512
4.134899
4.833082
2.159084
1.400129
1.802477
3.139189
6.320323
3.446983
5.921309
7.131109
1.047850
1.667353
2.455886
1.287388
6.042471
4.245214
2.879325
5.170056
2.485956
1.734087
1.168983
1.431410
10.235125
2.630743
6.207231
2.878069
0.815192
1.655435
0.943982
1.638414
5.280626
2.327145
3.119328
5.775563
15.848370
7.594556
16.262595
9.958915
41.211927
37.346389
36.876700
49.353889
7.723653
15.218609
5.199261
11.502415
86.951814
33.368850
24.659817
55.646856
11.866722
20.555147
14.947791
8.406190
52.389387
46.935002
27.537253
51.352152
9.568839
17.171650
6.412274
11.903683
28.135098
31.537884
30.606283
68.329684
13.085609
12.430302
10.550766
16.468908
24.379377
83.842228
62.634997
25.235797
7.682128
12.217961
15.297537
7.763924
21.241461
42.225287
19.141934
74.144081
18.014916
7.212018
13.482123
23.514898
35.131162
78.404936
48.097786
43.256353
12.659256
8.093069
8.839168
8.056586
37.967000
43.650627
49.849205
27.974131
6.954748
8.004071
1.716699
6.396821
10.701480
7.404379
13.799738
9.370952
5.451572
5.490554
1.391802
3.773947
9.579266
3.401151
9.313973
10.791139
5.487279
6.633532
2.393578
4.144898
8.744109
9.177690
10.841291
5.594133
0.933834
8.464319
4.924289
4.098145
4.477250
5.752227
5.258787
12.739181
5.014221
6.811085
8.097806
1.868757
19.114756
6.705803
11.484263
6.848285
2.343157
6.421472
3.437373
8.598472
5.603469
8.122659
8.548895
13.777548
9.781196
2.372538
6.672574
4.753610
11.176888
7.240098
11.302523
9.499707
5.193734
5.703186
1.659462
5.732091
12.917273
4.702842
4.138543
13.973234
22.263588
11.583105
20.043916
19.462778
75.823248
43.573195
28.497722
135.975109
20.414373
17.508873
17.702752
9.443530
51.622981
54.985191
86.000948
51.896767
17.294936
13.326855
9.008484
33.271170
102.061958
41.504328
74.972234
21.269348
14.755641
14.188806
36.045323
9.902868
53.740931
64.565055
127.120594
42.545778
34.557262
18.163922
13.000373
15.478022
58.939822
61.572045
23.611880
66.688666
15.066692
14.350144
13.965736
26.158959
21.727670
91.272794
57.709002
37.253644
20.276055
14.362284
22.315525
19.139133
49.539834
63.916670
49.139267
86.470986
17.649756
20.061333
12.249037
19.198788
97.891523
44.020975
52.076112
127.904406
1.478890
2.125305
2.761754
1.831240
2.281959
5.742123
6.204356
5.656531
2.306887
1.747608
1.686477
0.937894
3.158544
5.274028
3.016917
2.229573
0.824061
4.959769
2.117516
3.416880
4.172860
8.172103
3.949425
5.578295
1.688682
1.571585
2.245419
1.014658
5.593691
4.257062
7.088226
2.344532
1.664482
3.017530
0.890300
1.926456
4.568807
5.031696
2.447802
13.860198
2.385152
0.808655
0.786817
1.444353
3.538947
3.151908
3.608329
6.655172
1.073974
1.532064
4.503200
2.542732
11.198869
4.043391
5.164975
3.547541
0.945176
1.836468
2.048490
2.126125
5.737622
5.786102
3.186361
3.516961
16.233027
8.695702
17.334002
11.435758
29.039281
82.626167
32.034448
48.412962
13.882753
7.657271
16.150647
9.097747
26.067934
40.820477
16.898173
35.402247
13.394609
5.772020
18.766705
15.201433
51.063345
33.012255
89.086155
30.460292
10.345500
14.765697
7.852666
10.145964
25.485559
40.534006
35.646009
16.422364
8.693983
9.917218
13.637372
29.276345
28.887805
93.709192
25.487834
85.876667
16.387600
10.200682
11.055113
7.596009
39.845870
35.553392
28.336594
39.296967
8.327926
31.478103
8.433468
21.530147
61.890883
21.743072
37.004798
56.605944
10.680013
14.951344
7.730574
17.583461
50.302637
31.547125
49.991428
32.930159
1.070337
1.723468
3.179340
4.991513
0.652535
0.254505
1.229712
0.592176
3.227224
1.953101
0.419443
0.835299
1.222947
0.447323
0.306718
0.202862
3.143145
3.929281
0.870182
3.455803
0.261004
0.856418
0.670508
0.506892
0.498375
1.642553
4.270871
0.539910
0.408145
0.154020
0.522341
0.446327
1.443203
1.174378
4.053588
0.659531
0.625685
0.680546
0.449755
0.762988
0.703909
1.136113
1.240765
0.783398
0.204192
0.416531
0.148562
0.496957
1.404666
1.649912
1.645958
1.661091
0.596479
0.416425
0.556685
1.249951
3.305429
0.300033
1.638857
0.741036
0.230213
0.346698
0.433434
0.211783
0.312222
0.071458
0.079329
0.210498
0.031817
0.068897
0.032073
0.028118
0.074998
0.096821
0.110931
0.067721
0.089972
0.015773
0.018494
0.032028
0.283715
0.056851
0.326083
0.073827
0.071749
0.014455
0.017323
0.032136
0.095398
0.072127
0.121435
0.168463
0.023748
0.029769
0.028153
0.031321
0.104488
0.097739
0.447688
0.065445
0.020255
0.046469
0.059964
0.025178
0.062453
0.279436
0.112820
0.112747
0.025416
0.024729
0.031866
0.024850
0.095056
0.130883
0.442777
0.113877
0.015901
0.036110
0.022072
0.184716
0.372534
0.039848
0.183038
0.056509
0.011110
0.079145
0.045423
0.015751
1.044775
0.727773
0.359416
1.225575
0.227947
0.265951
0.244205
0.198437
0.638213
0.461872
0.535902
0.514845
0.337284
0.138892
0.299208
0.097916
0.444538
0.780892
0.537493
0.368747
0.226538
0.112528
0.223518
0.545016
0.614169
0.282342
0.588784
0.381731
0.265797
0.126941
0.142677
0.386223
0.394300
1.126446
0.607607
0.484046
0.127228
0.304576
0.217317
0.424292
0.472273
0.432773
0.381476
0.579281
0.259363
0.127497
0.275845
0.241229
0.547811
0.930491
0.636554
0.326560
0.105308
0.183254
0.240724
0.206484
1.300230
0.259302
0.325002
0.604734
0.225390
0.114545
0.294694
0.135335
0.080399
0.051646
0.058178
0.098152
0.028652
0.022177
0.028836
0.018821
0.110896
0.045685
0.049528
0.062470
0.011702
0.026355
0.009088
0.036748
0.065950
0.095430
0.101051
0.080634
0.042315
0.009567
0.018029
0.024484
0.051604
0.092048
0.030380
0.102990
0.014184
0.017557
0.028287
0.009658
0.088712
0.028586
0.056047
0.071154
0.017225
0.023329
0.017735
0.019341
0.086665
0.032908
0.069445
0.041393
0.016918
0.010035
0.024994
0.013750
0.061730
0.062916
0.049757
0.065151
0.023032
0.016515
0.013997
0.017771
0.035322
0.082625
0.039862
0.079859
0.022027
0.012299
0.020132
0.013465
0.707977
1.343317
4.686225
1.847055
0.247715
0.667259
0.480376
0.892191
0.786292
4.194746
0.753233
0.670343
0.879884
0.357144
0.136736
0.440503
1.468707
1.004720
3.320988
0.939736
0.490255
0.213207
1.037514
0.206831
0.485947
1.390097
0.362821
1.634950
0.422630
0.199461
0.478412
0.098211
4.481519
0.616550
3.532646
1.330463
0.638000
0.434698
0.837313
0.719060
1.013802
0.537339
4.331054
0.273043
0.205482
0.784490
0.237382
0.365062
3.928568
0.595741
2.486027
4.736090
0.890949
0.201330
0.672501
0.483525
0.236217
1.114800
3.670973
0.517608
0.255051
0.318605
0.062835
0.211918
0.202913
0.036870
0.231714
0.241707
0.070433
0.013358
0.042027
0.064285
0.078645
0.116592
0.080188
0.067436
0.049056
0.025976
0.013369
0.036695
0.410940
0.069560
0.056374
0.271568
0.049699
0.048340
0.031454
0.016543
0.091084
0.031039
0.076392
0.194501
0.023945
0.010365
0.020526
0.071732
0.138124
0.149571
0.294312
0.189155
0.131402
0.044248
0.042203
0.019180
0.105981
0.076029
0.035737
0.141344
0.022114
0.010280
0.023430
0.025681
0.132908
0.041231
0.242960
0.385376
0.054256
0.030420
0.016127
0.147549
0.098958
0.055377
0.031527
0.119735
0.156580
0.010079
0.023280
0.015266
0.682215
0.307106
1.725759
0.577814
0.099767
0.196725
0.241305
0.306051
0.862173
0.479933
0.318975
0.336601
0.281670
0.171962
0.133414
0.211533
0.699244
1.242538
0.303557
0.929352
0.308579
0.220482
0.154348
0.113203
0.269106
0.335552
0.861547
0.374803
0.225584
0.090777
0.333730
0.109079
0.714368
0.313984
0.969164
0.411423
0.152474
0.324237
0.114143
0.206875
0.678584
0.313660
0.949121
0.265755
0.288707
0.110596
0.125153
0.226954
0.426427
0.422527
1.280583
0.225546
0.115400
0.145273
0.232552
0.173035
0.276222
0.789986
0.294838
0.862097
0.093863
0.254024
0.085153
0.253303
0.047908
0.064040
0.073748
0.036179
0.028352
0.013100
0.028502
0.007753
0.035485
0.061032
0.086899
0.048603
0.013440
0.027025
0.015850
0.031456
0.117535
0.024371
0.027646
0.062909
0.007239
0.022669
0.037921
0.009317
0.038201
0.088628
0.073376
0.031868
0.016931
0.019473
0.016851
0.010384
0.107106
0.030870
0.091853
0.044639
0.021073
0.015994
0.036086
0.008024
0.024875
0.082323
0.075482
0.038057
0.015580
0.023026
0.018796
0.007503
0.058723
0.073704
0.034848
0.099094
0.029558
0.015985
0.020579
0.008428
0.027073
0.055445
0.075973
0.026824
0.019136
0.011647
0.015646
0.016182
1.341727
2.013547
5.040396
1.200585
1.191547
0.508509
0.507407
0.397933
0.873575
0.458280
4.126398
0.763648
0.255038
0.677443
0.302108
0.271693
4.978364
2.181498
0.752657
1.745365
0.738542
0.685225
0.283066
1.261174
3.024138
0.267925
2.064471
0.591664
0.453979
0.190271
1.286443
0.215656
1.232082
1.646254
1.431384
4.327658
0.598908
0.591953
0.699407
0.640009
1.133313
0.626976
1.865218
1.176939
0.527843
0.343700
0.778215
0.184749
0.898301
0.933927
1.462728
1.841785
0.560239
0.709008
0.533631
1.101555
2.203833
0.348537
4.752334
0.443046
0.774916
0.355101
0.243019
0.247748
0.183236
0.303748
0.086195
0.241684
0.015332
0.051040
0.028665
0.089686
0.194838
0.112370
0.136957
0.114467
0.031080
0.013764
0.018287
0.103832
0.106601
0.118442
0.388413
0.261605
0.065178
0.032093
0.063398
0.017822
0.059011
0.350455
0.065700
0.244692
0.095064
0.012061
0.019370
0.020959
0.264621
0.193161
0.206834
0.063730
0.066093
0.018011
0.033418
0.034690
0.113250
0.230542
0.110867
0.069114
0.008135
0.028368
0.025842
0.025343
0.060541
0.350654
0.118385
0.076019
0.019393
0.103877
0.043696
0.013946
0.060292
0.091965
0.241422
0.128417
0.039842
0.006950
0.022995
0.014668
0.939778
0.509825
1.106488
0.296543
0.287487
0.322223
0.266250
0.204127
0.439449
0.417702
0.652257
0.478570
0.143754
0.220025
0.407729
0.154178
0.562326
0.344802
1.723903
0.352998
0.134556
0.348501
0.194974
0.263842
0.747536
0.419343
1.120563
0.326984
0.138406
0.278739
0.216338
0.173864
0.401123
0.747743
0.591925
0.383828
0.204917
0.299469
0.223076
0.241666
0.678389
0.431029
0.349697
0.581422
0.122471
0.267995
0.270923
0.160437
0.302475
0.684477
0.843360
0.554854
0.187337
0.282624
0.145726
0.442068
1.332157
0.442381
0.858016
0.324409
0.147391
0.221801
0.362051
0.128238
0.064232
0.164091
0.058259
0.104827
0.021625
0.020765
0.022356
0.016688
0.081081
0.035324
0.116052
0.054174
0.008282
0.015409
0.025172
0.007811
0.099285
0.032372
0.066655
0.126432
0.014443
0.015365
0.022343
0.018292
0.090204
0.036033
0.099045
0.033317
0.017064
0.017865
0.018949
0.010486
0.065884
0.082148
0.102440
0.052984
0.034248
0.010377
0.009064
0.028805
0.106675
0.041823
0.048286
0.082145
0.029114
0.011081
0.031088
0.007372
0.025852
0.143148
0.102813
0.039784
0.025733
0.007878
0.017758
0.015313
0.039355
0.102349
0.062209
0.092034
0.015998
0.015143
0.011046
0.021094
1.323258
0.859389
4.296790
1.528215
0.301593
0.770154
0.472536
0.994980
0.494293
1.358195
4.232015
0.460506
0.450962
0.706361
0.245309
0.182577
1.016494
0.986677
4.151878
1.669825
1.119606
0.311543
0.606817
0.505520
3.727121
0.230281
0.888446
0.673533
0.340249
0.643070
0.419359
0.093032
1.673217
2.386440
1.037687
4.382445
0.312795
1.241372
0.347832
0.879933
0.919203
1.523068
1.332039
0.223867
0.783160
0.124770
0.418733
0.134887
0.332329
4.379116
1.026199
1.909020
0.767605
0.520619
0.390362
0.192754
0.569811
0.353542
2.089662
0.477577
0.459016
0.378099
0.527589
0.083314
0.271659
0.101237
0.410290
0.061645
0.017888
0.178883
0.050229
0.012274
0.094611
0.053003
0.134993
0.218266
0.022896
0.056051
0.015396
0.022837
0.372411
0.080809
0.212375
0.158898
0.014997
0.022763
0.112382
0.048954
0.074707
0.094496
0.028667
0.115367
0.020593
0.014553
0.008435
0.146602
0.046553
0.433777
0.131797
0.081653
0.039817
0.083949
0.049133
0.020438
0.052762
0.083054
0.465035
0.059040
0.069755
0.009220
0.017551
0.030012
0.348861
0.073207
0.425001
0.053882
0.161742
0.019968
0.024043
0.027821
0.072045
0.049456
0.103440
0.099294
0.011536
0.159589
0.017471
0.009570
0.528635
0.622840
0.435686
0.393906
0.293821
0.159536
0.215202
0.141186
0.408497
0.310760
0.297137
0.849245
0.144956
0.123557
0.181270
0.213381
0.935238
0.180887
0.714354
0.249772
0.213937
0.145829
0.187479
0.127244
0.287444
0.457960
0.250615
0.776037
0.146801
0.098980
0.139180
0.280041
0.367227
0.429996
1.537524
0.261438
0.194518
0.192569
0.351915
0.105836
0.262486
0.929227
1.241073
0.320233
0.203891
0.174212
0.266942
0.088622
0.794064
0.647428
0.369978
0.184906
0.125729
0.233980
0.149161
0.464866
0.718784
0.465489
0.273999
0.241112
0.147307
0.103690
0.277355
0.211507
0.053767
0.118175
0.057211
0.085024
0.028892
0.005354
0.016087
0.016968
0.035184
0.062566
0.051429
0.069140
0.016523
0.014401
0.034078
0.017888
0.048115
0.143409
0.050480
0.054022
0.017611
0.016978
0.004831
0.016589
0.067595
0.034192
0.049412
0.050936
0.029709
0.013978
0.011237
0.021932
0.078448
0.084312
0.083335
0.034124
0.029610
0.004850
0.031844
0.012419
0.045576
0.075024
0.045028
0.077507
0.015213
0.020109
0.016209
0.012358
0.069827
0.031426
0.105395
0.034870
0.010721
0.028766
0.013635
0.009821
0.066407
0.025711
0.090492
0.031699
0.011043
0.011357
0.014336
0.015082
