0.000000
8.023887
7.753601
5.119567
10.706147
10.920566
7.401464
9.671755
1.919825
6.009208
6.197783
7.788000
5.907936
7.567856
7.461376
11.970011
4.292970
5.524468
9.354739
6.136240
11.147200
9.797891
8.727891
11.861044
5.599735
3.252401
3.361085
6.550166
7.974274
11.138120
6.731295
9.243036
8.418320
9.366889
6.447657
8.260783
11.007914
9.332413
10.796528
12.195998
3.608806
6.780425
8.007922
2.972658
12.155600
6.253143
15.585922
7.668757
8.587193
3.879055
7.098079
7.908191
12.588767
10.592189
12.598742
4.573598
2.164483
8.882930
4.999731
4.680100
7.831106
8.297714
7.690525
12.416644
16.725838
32.590500
26.923267
26.156163
79.633400
36.677500
67.945988
101.012338
19.960362
21.728739
27.149287
24.971313
35.352212
106.802875
105.022375
54.798925
14.786538
32.654775
19.467138
23.945813
68.767463
217.482172
138.870750
51.796938
18.315700
33.562775
16.689633
20.783263
76.527113
101.447125
56.921637
68.580588
30.094387
24.799477
13.911338
27.915275
109.206875
43.619013
52.940237
105.754750
29.001903
17.869225
21.560038
19.569527
84.364313
61.314675
52.852138
113.614500
32.929350
20.849775
14.098541
23.097338
123.615375
56.938700
113.684000
38.834112
16.291375
42.081637
17.835825
29.551988
147.989625
37.403887
41.884487
129.608500
1.607783
2.647304
3.699949
2.236312
6.435166
5.465949
6.775778
9.100160
1.742367
2.925034
1.874387
2.881965
4.234468
9.100494
6.103275
9.480936
3.945390
2.447607
4.133747
4.187943
7.877518
11.227963
6.125794
4.372983
2.174989
3.625433
1.952916
2.742359
5.062813
8.189114
9.850672
4.004193
3.587084
1.573006
2.574748
3.680086
12.285737
5.311176
9.144266
4.280839
3.386085
2.245409
4.339513
1.677288
5.073415
8.721840
5.344506
6.523538
3.090683
2.659614
2.984129
3.561272
11.609238
8.148308
4.751064
8.255941
1.539921
3.542314
3.199296
2.132053
5.994125
9.239698
5.332024
7.835246
15.030250
26.483150
24.084587
13.325700
44.038287
60.485800
60.355512
56.676975
9.583766
20.939600
17.669088
19.277562
70.852837
31.773700
96.351588
26.185325
19.012275
17.590775
14.796788
17.576988
32.857725
82.622297
66.240412
52.824087
21.613050
11.346650
31.683300
10.451950
71.652775
40.615438
30.383150
103.257500
16.058312
43.231438
26.949413
22.132650
69.204675
61.761275
50.475963
87.744550
14.567813
24.526675
15.412537
25.384750
51.696062
82.952400
35.191588
78.029150
22.782613
18.987875
24.119262
19.896688
56.394512
79.516462
55.665975
63.925925
25.018263
12.957525
19.729188
14.266150
40.566187
80.056800
54.945925
53.428763
7.300546
6.123137
3.438289
4.739508
10.161138
10.734445
9.998143
9.719158
5.067016
2.574983
5.995510
4.880714
5.579761
7.650776
12.692142
7.844049
5.127665
7.201400
4.688620
7.759864
8.637693
13.222539
8.898420
13.665475
6.793933
3.358776
4.559269
3.170466
8.159995
10.949970
6.579316
13.499483
4.834513
8.899298
2.934413
6.627284
10.653548
10.052194
6.897491
10.780838
4.091861
7.083080
2.118010
7.109115
11.694738
6.072890
7.956350
10.691642
4.120945
8.061772
5.655386
2.121831
8.446411
13.438450
8.814230
13.716489
6.954618
6.963251
2.369619
3.858868
11.314163
5.690821
16.575030
9.120298
15.074888
41.833650
30.625600
13.202288
73.352813
138.129500
56.108450
139.189625
25.682300
19.744588
28.524013
19.884013
40.700225
91.280637
119.303078
57.590675
16.691520
28.550100
28.460925
18.957053
154.362375
36.747963
67.184119
126.792875
17.860950
25.461289
25.637412
14.820750
49.652912
118.854750
87.482850
29.287500
19.253300
24.745588
22.766287
17.329625
56.187863
154.218000
44.271663
132.351000
22.724187
20.113163
46.236112
10.883598
86.612738
126.179250
67.531850
76.675750
17.043250
42.049762
25.425302
14.959920
35.561950
151.310875
102.680125
64.992050
14.657175
29.791288
34.067750
17.600012
33.474912
184.065094
69.474225
104.211641
3.034556
5.728962
1.573610
3.240866
12.552525
5.815174
5.648229
7.359586
1.592341
3.625834
3.039292
4.010502
3.996078
7.691483
7.351650
6.187488
3.205846
2.560489
4.117378
2.584400
7.502680
8.366931
5.753492
10.396209
3.883846
3.078339
1.857570
3.331729
6.418754
7.666784
4.239166
6.777260
2.591325
6.110270
2.644406
4.380215
7.287606
4.809076
9.466423
8.145128
2.310696
3.302110
1.657831
5.190674
5.165521
9.023406
9.974326
5.620495
3.582291
4.005441
2.289181
3.935773
12.912675
5.293471
7.598170
5.521393
4.678868
1.901582
3.864528
1.523883
6.671888
5.897965
8.162871
5.609380
19.359863
21.731963
12.859325
28.469025
50.868837
91.934575
43.808287
118.672391
23.563262
13.201663
13.594475
16.741350
63.328600
36.367237
49.927425
32.239462
10.120463
37.453275
29.365050
9.798600
150.776938
40.705787
31.362225
105.238875
15.703225
10.463900
11.478363
23.643300
54.091050
48.310175
41.929087
56.901500
15.514788
37.526225
17.179112
23.046550
52.615987
71.210234
29.902500
146.785875
31.452575
10.691763
13.405300
25.625738
62.007537
34.534075
66.465987
82.352287
16.399213
20.977675
23.762325
15.097638
39.246525
79.802312
42.093000
155.515578
29.514425
14.114387
9.837440
22.326750
38.916475
103.609012
38.158538
53.442688
8.954562
7.942195
5.831548
8.205692
7.770969
11.522925
10.908873
10.380790
4.207112
8.349002
2.269209
3.461274
11.196361
6.113714
8.242116
10.077460
5.563284
3.177848
9.914294
7.143217
7.985072
11.925973
14.005433
5.719140
1.864771
9.568959
4.514205
5.253656
8.229582
9.225310
4.016584
10.329307
9.438019
7.779490
8.320950
4.878707
9.850082
10.456950
10.452038
10.918637
7.484715
4.006359
3.492240
3.780365
10.476877
8.209823
4.409749
14.487411
7.704873
8.278899
6.827350
4.866335
9.931439
10.889452
12.509345
6.803335
2.077722
8.736031
3.745411
7.580142
5.895839
7.503930
9.294442
10.062568
28.366562
16.738950
26.519487
20.885667
177.229469
57.800712
106.897625
47.748084
23.255138
18.887848
29.749475
15.730163
70.752150
115.164875
72.982825
47.037812
25.455975
18.800217
12.000113
29.785725
40.587300
147.886375
75.034592
111.349391
29.221750
12.847750
31.807300
14.391750
41.617037
107.154750
74.805450
108.557750
18.195300
27.213038
20.731763
33.682800
35.842338
151.582500
116.215000
79.232895
16.076225
24.088162
18.657678
23.737025
169.074391
98.762825
52.296988
127.692000
35.540237
19.834178
20.741905
36.777012
97.512938
74.082525
55.774237
142.521891
23.614888
25.112775
23.627087
16.667800
69.905387
184.713719
53.626163
169.363250
1.627484
3.302181
2.089542
4.540320
5.267116
7.574210
5.138664
9.042991
2.813863
2.360076
1.874113
3.496598
9.424530
5.418485
4.087670
6.894836
2.451014
5.208673
1.483324
2.971454
13.150388
4.962336
7.466371
5.138784
2.118120
3.561871
1.535455
3.542393
8.142914
5.432970
5.952493
7.415210
3.970030
2.522766
3.451748
4.372685
7.795318
5.722411
7.384381
8.085851
1.721418
2.807093
3.771291
1.790729
9.503878
6.557898
4.784483
8.214886
3.742765
3.438234
2.360330
3.332454
9.498825
4.848905
9.681888
4.559910
1.493624
3.183704
2.156340
3.067637
10.031819
4.739833
4.703175
9.049185
23.230325
10.147037
21.303388
13.183263
63.424188
66.091250
53.720438
88.603462
13.148075
24.579863
10.370575
18.520500
126.560891
52.283100
48.131100
99.314275
13.855863
42.475237
20.235050
13.110000
78.864511
82.449287
50.319175
67.212488
13.117013
29.936175
11.845687
20.374238
42.399313
55.863750
61.005150
94.439588
19.796538
16.179025
14.753187
24.165875
46.989725
123.679047
105.561625
33.773513
10.556425
25.717512
24.755150
15.217013
41.178225
82.447025
28.121675
109.254734
39.740837
11.302688
15.834362
28.401163
63.555512
134.844625
64.889425
67.399563
21.231300
10.833213
16.612900
15.254587
52.815800
73.692900
72.025100
58.492475
7.086193
7.641366
2.925687
6.110908
10.844150
7.460675
12.544608
9.020536
6.567924
4.609163
2.357843
7.422504
7.548862
4.951503
10.605163
9.184821
6.418750
7.914281
3.196042
5.013802
8.379564
11.201513
10.367525
8.493194
1.743179
8.548401
6.543283
3.502735
7.061490
5.568463
8.215877
12.749220
5.583036
6.340264
7.167373
2.529526
16.517731
6.356450
11.663488
7.200575
3.528824
6.282311
3.634624
8.222026
6.597363
14.597163
6.899242
12.642087
9.497319
3.625598
7.662979
4.373304
8.937270
8.803770
10.998000
15.787750
7.618200
6.505310
2.379285
4.629780
10.759431
7.610791
5.976960
12.923184
17.490745
24.272087
17.068167
29.985789
106.290359
51.261300
51.688812
182.151844
19.223664
31.104238
19.227287
12.704450
75.350516
65.883513
118.458250
78.575800
15.121125
27.471525
13.062175
28.693222
134.178125
48.279362
91.920448
44.156162
28.329837
11.692838
40.914587
16.247075
72.949067
78.977172
205.129375
38.758312
39.919225
14.079719
17.611900
29.768987
82.945342
102.181250
46.139525
93.270177
24.078000
26.017075
12.099200
28.233673
38.176325
130.548297
74.635228
55.811625
17.591355
28.128175
17.577831
28.236450
64.484825
117.468000
73.390730
151.874000
15.508747
30.814294
23.486712
16.774213
126.778891
44.796625
94.855913
163.999313
2.979479
3.691171
4.518585
4.169083
4.835506
6.244435
5.725583
9.430006
3.841201
3.224947
3.964848
1.816243
6.319934
9.526578
6.538285
4.441672
1.656332
4.271638
3.986650
3.661501
7.392411
5.903853
6.769691
5.497526
3.369648
2.894119
4.819728
2.344386
5.928346
8.581066
7.186517
4.308105
3.336719
4.618833
1.646220
4.471336
4.713915
8.458275
4.376851
11.252175
4.626652
1.524745
1.488980
3.109874
6.078081
6.145196
5.883633
8.746171
2.543874
2.948516
5.131380
4.199245
9.203860
4.541388
9.373106
5.800445
2.025411
3.063654
3.903637
3.853570
6.026576
6.075209
4.527109
7.004376
21.718925
15.043438
18.678825
19.481050
42.169425
125.191344
54.383463
69.445775
23.275863
14.365688
21.388313
11.974387
42.484613
63.192037
31.522813
65.853100
23.329575
9.567688
17.573925
15.815788
89.917262
56.011500
142.897078
31.243100
11.135500
24.388588
15.915550
12.082788
35.246425
73.562750
53.710500
34.335537
15.229925
19.569588
12.139750
38.580912
43.265463
163.048625
41.602950
119.139813
21.570338
13.737275
20.317700
12.330788
75.618925
45.407538
56.861012
57.460150
16.821887
33.991781
13.712713
23.570738
107.093875
43.476800
56.476900
71.722363
11.169563
25.049938
15.161212
22.529462
99.043800
47.786250
67.276900
59.903850
2.646395
4.204845
4.818321
6.264085
2.405204
0.853602
3.428627
1.713013
3.945310
4.521688
1.308897
1.470200
3.170943
2.022769
1.139369
0.673662
3.871559
4.725066
1.606615
3.517237
0.813574
3.338352
1.455523
2.135925
1.109731
3.269009
3.928725
2.053821
1.468476
0.338000
1.714849
0.742065
3.939218
3.646337
5.875215
2.114335
1.678470
1.902707
1.662243
2.632800
2.060753
1.925746
2.773471
2.775900
0.707319
1.873087
0.466581
2.055455
4.253225
3.510992
3.731895
4.186480
2.497184
1.354537
2.337266
2.445257
4.394322
0.331873
2.901384
1.213779
0.704998
1.185003
1.480826
0.466262
0.854328
0.119316
0.278625
0.674182
0.047339
0.099632
0.049406
0.040560
0.320083
0.327345
0.187280
0.204940
0.152071
0.027780
0.029604
0.046341
0.627385
0.087916
1.176082
0.214358
0.167562
0.028549
0.024298
0.047758
0.231058
0.101264
0.408353
0.766860
0.073849
0.106299
0.044165
0.040582
0.230558
0.257296
1.429238
0.232979
0.032396
0.069263
0.088814
0.050494
0.241610
1.097662
0.232417
0.329470
0.043488
0.037776
0.054705
0.032041
0.299387
0.200003
1.868946
0.173098
0.025956
0.052944
0.039029
0.710668
1.725643
0.127453
0.335145
0.095394
0.018040
0.320218
0.069934
0.041845
1.430632
1.134135
1.035615
1.599848
0.890251
0.786683
0.833913
0.731596
1.195663
1.585185
0.974593
2.007176
1.099127
0.399930
0.912551
0.373169
1.698308
1.593381
1.257976
1.329528
0.586658
0.263517
0.551642
1.995149
2.003124
0.612846
1.940389
0.499691
0.944569
0.291112
0.397755
1.286523
1.009017
2.623869
1.119579
1.779710
0.416444
1.115830
0.839906
1.493961
1.609896
0.792309
1.332397
1.232765
0.952582
0.405257
0.882013
0.752126
1.755401
2.051266
2.328585
0.516722
0.350117
0.382994
0.519682
0.606835
2.300125
0.380055
0.687985
2.319705
0.618591
0.336922
0.754310
0.385948
0.277334
0.186569
0.189864
0.355242
0.061370
0.029824
0.043437
0.035019
0.391277
0.173371
0.171310
0.178081
0.021277
0.067542
0.016462
0.062596
0.192878
0.159646
0.334551
0.228279
0.061305
0.018688
0.039754
0.092911
0.163930
0.224505
0.047417
0.189209
0.028343
0.032130
0.046653
0.020180
0.323007
0.107849
0.092519
0.271248
0.031912
0.031874
0.031845
0.028041
0.309682
0.056083
0.269327
0.151913
0.030267
0.017477
0.045853
0.024007
0.102885
0.112008
0.198501
0.164176
0.088154
0.025352
0.029729
0.051937
0.119310
0.160770
0.064517
0.208496
0.086538
0.048908
0.032133
0.019521
2.110094
2.359283
4.320509
3.045913
0.631622
2.535529
0.718187
2.962384
1.272746
4.447505
1.374002
2.131399
1.851529
0.595754
0.276068
1.265451
2.539147
1.707834
2.962160
1.846153
0.758860
0.236635
2.961364
0.324312
1.510578
2.967977
1.026966
2.297465
1.044227
0.288523
0.789718
0.109495
4.697463
1.162129
3.790280
2.555989
2.736641
0.685566
1.864938
2.498032
2.033012
1.567590
4.837115
0.431895
0.491496
1.315486
0.317401
0.913069
3.484695
1.199578
2.353654
4.502239
2.695120
0.325019
1.547124
0.825853
0.636651
2.108597
3.663695
1.234723
0.440215
0.826435
0.068956
0.329206
0.314485
0.103441
0.760587
0.372602
0.215476
0.022979
0.054337
0.238185
0.294757
0.177269
0.118804
0.150269
0.068568
0.118247
0.052077
0.048199
1.872434
0.110742
0.086489
0.444947
0.163865
0.082075
0.083269
0.029444
0.146308
0.053339
0.115465
0.354718
0.056934
0.017924
0.037349
0.152601
0.194219
0.346797
1.314572
0.286592
0.440049
0.147216
0.062643
0.029641
0.151539
0.118554
0.107576
0.247898
0.031711
0.046577
0.084487
0.038613
0.206936
0.062441
0.746537
0.848868
0.081480
0.091419
0.028485
0.449384
0.163982
0.082188
0.054261
0.183652
0.399956
0.037404
0.036208
0.029356
1.329037
0.390409
3.757440
1.925835
0.197729
0.268404
0.510325
0.779459
2.831953
1.434345
0.407758
0.382133
0.995399
0.287049
0.256979
0.199819
1.370739
2.080702
0.366948
2.791574
0.713245
0.358967
0.154792
0.163093
0.409218
0.843911
2.542698
0.830546
0.418508
0.062292
0.833249
0.081193
2.490652
0.363143
2.244617
1.457264
0.359617
0.760067
0.210538
0.460817
2.411610
0.386895
2.888278
0.278381
0.972410
0.234187
0.265865
0.498437
1.464301
1.082028
2.413248
0.673150
0.191341
0.141479
0.397512
0.178637
0.343413
2.197860
0.373547
2.456538
0.078250
0.426051
0.072226
0.453275
0.104275
0.102195
0.164655
0.060517
0.090059
0.048102
0.039133
0.011891
0.057381
0.098336
0.232750
0.097900
0.020519
0.085113
0.024338
0.084155
0.193205
0.040727
0.047018
0.075502
0.011621
0.063250
0.069184
0.033797
0.066566
0.152090
0.154507
0.054138
0.059110
0.055973
0.029984
0.023332
0.179195
0.086145
0.152669
0.112165
0.074680
0.056402
0.056212
0.012848
0.041558
0.138765
0.175569
0.105632
0.062689
0.036996
0.070323
0.010827
0.135511
0.109430
0.056588
0.157766
0.054905
0.053403
0.035819
0.031929
0.057658
0.095172
0.148325
0.046507
0.032174
0.037531
0.028850
0.047394
3.654812
4.804136
6.065862
3.724826
3.343009
1.397248
1.577982
1.168673
1.495662
1.685919
5.757610
1.273870
0.981081
1.844902
1.512274
0.811127
4.738840
3.747210
2.433222
3.368718
2.219838
2.870670
0.789415
2.511341
3.914973
0.412225
5.012990
2.362333
1.543010
0.430202
3.287172
0.625652
3.226935
3.305081
4.541512
5.853248
1.876104
1.731371
1.691648
2.495595
3.076341
1.311278
4.385649
1.622698
1.927975
1.286322
2.418280
0.586112
2.396599
2.436556
2.749419
4.219846
1.378645
2.436961
2.146600
2.373556
4.357187
0.487359
4.828944
1.533991
2.613359
0.990335
0.568226
0.856509
0.633587
0.671081
0.218449
0.680709
0.022334
0.072444
0.042350
0.181993
0.580985
0.371795
0.324910
0.383773
0.058044
0.025915
0.028232
0.315276
0.188835
0.286823
0.740832
1.123566
0.094002
0.073265
0.121854
0.028549
0.109312
1.597998
0.229480
0.503138
0.405517
0.015464
0.079286
0.030459
0.772160
0.603508
0.685126
0.119357
0.094422
0.026637
0.045893
0.089474
0.371804
0.953942
0.418526
0.104134
0.013307
0.061956
0.040475
0.032398
0.210938
1.262679
0.290865
0.108922
0.043011
0.367897
0.062377
0.021362
0.095050
0.163321
1.099868
0.344602
0.054350
0.010804
0.092234
0.042253
1.546099
2.123215
1.533695
0.861444
0.999829
1.136642
0.783889
0.668139
0.975839
0.881216
1.320148
1.945405
0.450346
0.782052
1.371810
0.415573
2.070457
0.435173
4.234576
0.666967
0.390698
1.296032
0.706162
0.558477
1.403895
1.393161
1.936617
0.338577
0.347156
0.994515
0.522304
0.583733
0.979545
1.722155
1.072653
1.158107
0.674647
1.064509
0.760688
1.040134
1.596819
0.976274
1.091626
1.312237
0.392200
0.768679
0.918337
0.502643
0.565535
2.574196
1.751207
2.358847
0.448863
0.552894
0.538515
1.516205
1.866189
1.625515
1.538656
0.347961
0.506524
0.495957
1.159847
0.298156
0.253277
0.508586
0.168211
0.351896
0.035457
0.029169
0.033741
0.033819
0.294918
0.136329
0.419242
0.124215
0.013749
0.025365
0.042889
0.012015
0.288759
0.050261
0.220968
0.195524
0.026629
0.021934
0.088868
0.074218
0.245087
0.116719
0.238924
0.053401
0.029573
0.072166
0.031345
0.027440
0.215253
0.189609
0.396152
0.221051
0.053393
0.016856
0.019011
0.126324
0.331205
0.152714
0.140679
0.293568
0.063244
0.018901
0.051381
0.014115
0.047097
0.263581
0.339648
0.097718
0.041795
0.032190
0.031893
0.027362
0.062888
0.284449
0.190772
0.169155
0.041327
0.045155
0.017980
0.033366
2.879317
2.269940
5.348619
3.880690
0.626749
1.778581
2.168942
2.698524
1.168902
2.563873
4.297611
1.318042
1.255787
1.458791
0.626398
0.204389
1.852421
1.700984
4.309602
2.694857
2.783403
0.515202
0.832419
0.759868
3.700489
0.438448
2.271644
1.614643
0.608040
1.193914
0.945011
0.105490
2.609708
3.135459
2.099952
4.111753
1.071432
3.234891
0.772900
1.377237
2.333659
2.782911
2.287581
0.305032
1.720123
0.195606
0.736056
0.164852
0.438589
3.791729
2.166076
3.146212
2.050566
0.881932
0.498079
0.289619
1.521579
0.954938
3.176892
1.090366
0.848240
0.730735
0.823832
0.115686
0.814289
0.152292
1.844183
0.099650
0.028417
0.544331
0.070158
0.044402
0.231039
0.080359
0.479559
0.339280
0.034822
0.226646
0.022971
0.078975
1.057826
0.119209
0.308683
0.349283
0.027266
0.052404
0.322110
0.079126
0.107517
0.143667
0.065655
0.180545
0.059920
0.031793
0.012041
0.339054
0.132366
2.007889
0.205553
0.123391
0.116204
0.283586
0.068304
0.031201
0.089205
0.126806
1.913866
0.133200
0.098853
0.015240
0.071403
0.086141
1.449061
0.103676
1.603871
0.093957
0.518293
0.035312
0.040871
0.086538
0.116993
0.078550
0.149240
0.192880
0.022923
0.403219
0.027273
0.039590
1.218904
1.625761
1.669927
1.046429
0.999472
0.236173
0.230804
0.229003
1.316098
0.607127
0.289867
2.552549
0.276666
0.204717
0.496237
0.190111
2.679122
0.491951
1.936733
0.366825
0.332922
0.138379
0.320950
0.193538
0.582906
1.161773
0.260486
2.031305
0.120058
0.168054
0.153131
0.505860
0.408517
1.214931
3.751302
0.602620
0.239654
0.288843
1.341458
0.202340
0.389659
3.313577
2.505335
0.459467
0.448400
0.408747
0.775321
0.133006
2.337261
1.703037
1.012340
0.286370
0.139815
0.238668
0.253318
0.723853
2.209161
1.313305
0.297438
0.397118
0.151967
0.081263
0.568972
0.358780
0.124004
0.180215
0.148670
0.134873
0.106240
0.022432
0.028473
0.027282
0.058427
0.099242
0.115401
0.139118
0.026180
0.054564
0.047976
0.062159
0.073353
0.236385
0.091973
0.079537
0.058238
0.033173
0.007648
0.038499
0.135629
0.058194
0.077824
0.040755
0.074835
0.049495
0.025114
0.036618
0.149437
0.125660
0.197763
0.086509
0.047325
0.007553
0.116706
0.046504
0.108285
0.174043
0.073796
0.125896
0.061302
0.067075
0.024956
0.019930
0.111524
0.054345
0.158825
0.064792
0.038195
0.057664
0.024223
0.034546
0.138520
0.047131
0.136888
0.045254
0.043806
0.020197
0.047456
0.026770
