0.000000
0.001418
0.000000
0.000000
0.034417
0.273063
0.031793
1.161003
0.000000
0.000000
0.016926
0.000000
0.032968
0.060109
0.040162
0.071909
0.024092
0.000000
0.000000
0.018411
0.968390
0.000000
0.971075
0.004170
0.000000
0.051323
0.000000
0.030610
0.034877
0.043680
0.026191
2.238257
0.010793
0.000000
0.000000
0.031417
0.735426
0.098957
0.035745
0.303006
0.010692
0.000000
0.000000
0.018124
0.427826
0.196042
1.169615
0.047058
0.000000
0.054154
0.004380
0.000000
0.084668
0.302264
0.039961
0.089763
0.003279
0.000000
0.001667
0.000000
0.088601
0.121149
1.080469
0.023775
5.734991
13.958600
7.625515
9.048916
31.194800
16.178800
23.658300
42.978100
9.449660
4.644704
13.180100
9.365280
15.493500
31.982100
29.593500
26.558500
4.744340
12.256800
4.649325
6.722789
30.958600
71.815700
56.388600
16.572700
3.606835
14.328500
0.808295
5.894026
25.011200
47.912000
16.584500
33.162500
12.351100
6.882891
3.417252
8.917898
31.540800
20.394200
20.499000
43.925800
9.682461
4.747033
11.633400
5.640635
23.730900
31.605600
19.241100
46.912600
11.505100
8.722190
1.371245
12.366100
38.424900
23.715400
47.094000
14.559100
3.257151
13.514600
8.908778
10.041000
47.380900
19.542600
16.282900
37.630100
0.000000
0.000000
0.000576
0.000000
0.293776
0.027361
0.063096
0.166820
0.000000
0.011024
0.000000
0.020059
0.030101
0.303817
0.065950
1.480967
0.064604
0.000000
0.000000
0.031331
0.017711
2.369790
0.037938
0.093948
0.012321
0.000000
0.007355
0.000000
0.122028
0.044424
0.379431
0.080126
0.008218
0.000000
0.000000
0.011319
0.189693
0.037637
0.557773
0.058455
0.024264
0.000000
0.023759
0.000000
0.064425
0.137765
0.074900
0.100339
0.023424
0.000000
0.000000
0.000000
1.827918
0.003295
0.012073
0.837239
0.000000
0.000000
0.000000
0.002785
0.033931
1.914166
0.034022
1.745469
6.543562
6.874542
12.920600
1.765042
15.117000
25.473300
25.126100
15.228500
1.025570
6.659930
8.707920
3.269753
22.859800
14.029600
29.757200
11.667400
2.360506
8.803380
2.347303
3.813391
15.247800
21.925500
27.301300
18.714900
5.462858
0.688779
10.819100
2.681706
26.664300
12.734600
12.553300
32.830200
5.870118
15.723300
13.319100
4.150094
19.572700
23.017700
17.225100
46.748000
4.622134
10.399100
4.946377
6.764675
16.092800
26.182800
14.613300
25.697500
11.461500
5.873052
6.781104
1.522961
17.147700
26.970900
16.960500
35.713500
10.297698
3.528971
9.478660
1.090627
16.223100
26.394500
15.175600
18.998400
0.038429
0.000000
0.000000
0.053814
0.772524
0.000000
2.320029
0.000000
0.000000
0.024351
0.000000
0.048875
0.411629
0.007140
0.038576
0.147034
0.000000
1.244195
0.000000
0.267458
2.328778
0.000000
0.000000
4.051783
0.163199
0.000000
0.000000
0.195347
0.240506
0.038338
1.877716
0.000000
0.000000
0.000000
0.025631
0.069601
0.000000
2.420391
0.117673
0.005266
0.000000
0.086558
0.021100
0.000000
1.995709
0.868555
0.000000
0.094062
0.024528
0.000000
0.000000
0.035499
0.000000
7.549570
0.805399
0.000000
0.000000
0.093428
0.044212
0.000000
4.119881
0.000000
0.394565
0.996571
6.394164
14.546600
10.229725
7.319124
32.719000
63.244300
19.242300
66.987400
11.273900
8.815950
12.156400
0.967241
17.343800
39.223200
34.966400
14.926900
0.355947
9.769220
11.413900
1.059052
70.882100
12.066600
27.165900
36.739400
4.140470
2.949333
9.308320
0.435897
13.899100
27.756000
34.857800
10.928042
10.076200
4.569365
4.865108
6.910940
29.637600
66.447200
16.591000
47.773100
10.217500
8.707350
13.293100
0.127554
22.769300
53.408600
24.164800
34.567400
9.425540
10.511400
2.614341
0.537500
11.509200
57.413000
34.244700
32.955300
0.264611
9.605590
5.628141
8.365740
12.437500
56.502300
15.457400
42.051700
0.000000
0.000000
0.000000
0.026496
0.089251
0.000000
0.481153
0.429073
0.004044
0.077650
0.000000
0.000000
0.158805
2.146545
0.034698
0.000000
0.000000
0.058070
0.000000
0.000000
0.473300
2.055727
0.000000
0.017415
0.000000
0.000000
0.018366
0.136070
0.374356
0.000000
0.180405
0.000000
0.024487
0.000000
0.000000
0.061155
0.042557
0.479639
0.054964
0.822483
0.023233
0.000000
0.002429
0.000000
0.082598
0.123690
0.070579
0.986113
0.038990
0.000000
0.024373
0.000000
2.659504
0.000000
2.523201
0.000000
0.000000
0.027277
0.000000
0.009355
0.005308
1.613285
0.006914
0.216704
1.930200
9.088180
0.912241
8.736120
15.921100
38.200700
15.458300
31.757400
8.353710
3.403822
1.849285
1.378768
16.972100
13.937000
17.002700
8.689575
3.117334
8.473170
3.956961
0.058711
35.989500
19.482400
10.369527
34.670600
0.763498
2.454062
0.345579
6.716430
24.951800
17.783600
9.631740
16.603800
4.469019
10.121356
8.847430
8.578398
23.063800
24.269500
11.588800
34.692500
9.794710
2.943358
0.657609
6.319327
26.253200
11.001600
20.939200
21.836900
0.845423
7.215827
2.906166
6.701450
11.387900
34.287400
9.765910
52.711400
5.891499
3.291191
0.200539
7.351640
11.522800
28.461100
9.593510
24.381000
0.000000
0.003305
0.000000
0.021071
0.027274
2.520354
0.252635
0.025678
0.000000
0.027214
0.001771
0.003862
0.159954
0.303258
0.567340
0.044486
0.000000
0.025610
0.000000
0.010531
0.073216
0.087279
0.148826
0.088297
0.000000
0.000000
0.000000
0.033829
0.047297
0.007393
0.062635
0.272227
0.000000
0.024279
0.019749
0.000000
0.035307
1.458815
0.660490
0.036399
0.000000
0.007767
0.019798
0.000000
0.928636
0.041478
0.032690
0.541121
0.069591
0.000000
0.032463
0.000000
0.406773
0.036880
0.056689
0.587101
0.006940
0.000000
0.000000
0.065630
0.031789
0.983320
0.003929
1.225057
11.375100
6.331904
9.252270
4.570578
73.826700
21.972000
40.284200
25.213000
13.578800
2.939489
10.616600
2.226574
22.333400
28.881500
40.895400
16.846500
9.967220
0.982457
5.405209
8.965374
15.112800
57.134800
34.937200
42.132700
12.540700
0.875244
6.905197
4.735944
15.637300
59.705900
24.047200
25.454000
4.997928
15.660500
3.989558
14.410700
21.330700
40.695300
44.751700
33.326000
2.073647
8.897811
3.160235
13.920400
59.937800
28.306900
31.089200
51.069800
10.209300
2.730036
6.731922
12.085000
37.212300
30.442600
15.418600
69.581300
13.739100
8.384050
7.992480
0.498904
20.794800
61.997100
29.862600
48.924400
0.000000
0.027049
0.000000
0.011812
0.086793
0.061072
0.039006
0.048635
0.000000
0.000000
0.000000
0.030332
0.500778
0.101497
0.030737
0.092369
0.009945
0.000000
0.000000
0.000000
0.267281
0.075380
0.650462
0.022658
0.000000
0.049096
0.000000
0.000000
0.176466
0.509612
0.036395
0.471269
0.027890
0.000000
0.000000
0.039983
0.370978
0.048028
0.122898
0.911763
0.000000
0.000000
0.030018
0.000000
1.211982
0.035601
0.077603
0.178821
0.000000
0.009124
0.000000
0.044374
0.039762
0.022361
1.643439
0.098940
0.000000
0.043573
0.000000
0.000000
1.921330
0.006408
0.060477
0.136252
4.523637
0.705985
11.372300
0.341099
22.960800
23.229100
26.221300
24.178400
1.753032
12.409300
1.441360
8.604510
43.662400
20.269700
19.615700
27.434100
0.306278
11.855600
5.223878
6.363985
27.058700
27.136700
14.996800
37.892800
1.618580
9.900728
2.123299
10.183700
16.981500
24.267600
14.743400
34.889000
3.873090
9.356005
2.430891
11.482300
17.319300
41.839300
26.837800
19.854900
1.535372
6.860850
9.662260
2.687389
12.712300
22.228100
14.130500
38.736100
10.981800
5.783217
2.899517
7.321629
22.264900
37.426100
33.930900
21.609700
10.768400
0.749846
3.186105
5.741634
25.976700
24.134400
25.199600
13.719700
0.000000
0.093521
0.016008
0.000000
1.658301
0.666296
0.087013
0.000000
0.000000
0.000000
0.024287
0.087810
0.039117
0.451234
0.543699
0.000000
0.000000
0.629191
0.000000
0.387112
0.000000
2.426724
0.000000
2.837751
0.018435
0.000000
0.069408
0.000000
2.536030
0.000000
0.292838
0.000000
0.000000
0.000000
0.093109
0.036940
0.250860
0.000000
1.931674
1.141465
0.061100
0.032756
0.000000
0.000000
0.989058
4.936040
0.005332
0.004618
0.000000
0.030035
0.731309
0.000000
0.000000
1.834988
0.000000
8.215400
0.103936
0.000000
0.080794
0.000000
0.111616
0.527339
2.226387
0.000000
0.738494
9.832880
0.417954
12.737100
44.933600
19.759200
15.463100
71.896900
0.625420
10.378900
4.157268
8.057405
25.697200
39.894000
44.233800
27.081300
0.455527
9.039240
8.605870
5.631107
49.729200
13.316800
44.293500
12.222400
9.815490
0.114085
9.087991
5.898681
25.691800
32.997900
51.994700
12.738300
11.618200
0.241066
8.736398
10.190400
31.507000
42.204900
13.770200
40.594100
13.403500
8.189870
0.231269
2.652455
13.202100
39.876000
40.212800
13.232900
0.162570
9.219130
1.272432
13.554800
31.276900
35.866800
24.532800
54.074600
0.296307
11.272500
8.874060
0.727875
59.382900
14.646800
20.979600
68.941000
0.000000
0.100845
0.063655
0.000000
0.405521
0.000000
0.000000
2.363001
0.035942
0.000000
0.000000
0.022738
0.008599
2.618412
0.540408
0.000000
0.015375
0.000000
0.032528
0.000000
1.872959
0.000000
1.079461
0.000000
0.000000
0.056315
0.000000
0.032243
0.000000
2.363309
0.000608
0.217624
0.000000
0.124834
0.002924
0.000000
0.000000
2.941708
0.053327
0.050423
0.000000
0.002724
0.000000
0.000000
0.021379
0.726832
0.185869
0.050388
0.030539
0.026734
0.000000
0.000000
0.000000
0.000000
2.588704
1.343000
0.020738
0.063643
0.000000
0.000000
0.000000
0.000000
0.307368
1.154095
1.821896
6.771590
4.247955
5.737856
16.421900
44.622400
13.415800
28.961800
10.187800
3.563691
4.589515
0.232044
15.071400
27.581900
10.219000
20.253400
7.244381
2.803043
2.205988
0.129352
23.035600
16.122700
38.769100
16.177700
0.280916
6.276480
4.434440
0.061415
11.407803
25.722000
16.438200
8.084270
3.269453
7.289890
0.800948
7.984925
19.260700
36.202900
13.448200
40.764700
6.091165
0.546173
8.063560
3.737069
24.105300
23.356200
16.880100
19.506000
3.438603
6.073579
7.955980
3.045704
31.153700
12.257300
16.718800
42.358200
0.253031
7.090380
5.233222
2.832968
33.156400
13.301600
28.910000
13.195500
0.000000
0.000000
0.000000
0.000000
0.000000
0.000000
0.000000
0.000000
0.000000
0.000000
0.000000
0.000000
0.000000
0.000000
0.000000
0.000000
0.000000
0.000000
0.000000
0.000000
0.000000
0.000000
0.000000
0.000000
0.000000
0.000000
0.000000
0.000000
0.000000
0.000000
0.000000
0.000000
0.000000
0.000000
0.000000
0.000000
0.000000
0.000000
0.000000
0.000000
0.000000
0.000000
0.000000
0.000000
0.000000
0.000000
0.000000
0.000000
0.000000
0.000000
0.000000
0.000000
0.000000
0.000000
0.000000
0.000000
0.000000
0.000000
0.000000
0.000000
0.000000
0.000000
0.000000
0.000000
0.000000
0.000000
0.000000
0.000000
0.000000
0.000000
0.000000
0.000000
0.000000
0.000000
0.000000
0.000000
0.000000
0.000000
0.000000
0.000000
0.000000
0.000000
0.000000
0.000000
0.000000
0.000000
0.000000
0.000000
0.000000
0.000000
0.000000
0.000000
0.000000
0.000000
0.000000
0.000000
0.000000
0.000000
0.000000
0.000000
0.000000
0.000000
0.000000
0.000000
0.000000
0.000000
0.000000
0.000000
0.000000
0.000000
0.000000
0.000000
0.000000
0.000000
0.000000
0.000000
0.000000
0.000000
0.000000
0.000000
0.000000
0.000000
0.000000
0.000000
0.000000
0.000000
0.000000
0.000000
0.000000
0.000000
0.000000
0.000000
0.000000
0.000000
0.000000
0.000000
0.000000
0.000000
0.000000
0.000000
0.000000
0.000000
0.000000
0.000000
0.000000
0.000000
0.000000
0.000000
0.000000
0.000000
0.000000
0.000000
0.000000
0.000000
0.000000
0.000000
0.000000
0.000000
0.000000
0.000000
0.000000
0.000000
0.000000
0.000000
0.000000
0.000000
0.000000
0.000000
0.000000
0.000000
0.000000
0.000000
0.000000
0.000000
0.000000
0.000000
0.000000
0.000000
0.000000
0.000000
0.000000
0.000000
0.000000
0.000000
0.000000
0.000000
0.000000
0.000000
0.000000
0.000000
0.000000
0.000000
0.000000
0.000000
0.000000
0.000000
0.000000
0.000000
0.000000
0.000000
0.000000
0.000000
0.000000
0.000000
0.000000
0.000000
0.000000
0.000000
0.000000
0.000000
0.000000
0.000000
0.000000
0.000000
0.000000
0.000000
0.000000
0.000000
0.000000
0.000000
0.000000
0.000000
0.000000
0.000000
0.000000
0.000000
0.000000
0.000000
0.000000
0.000000
0.000000
0.000000
0.000000
0.000000
0.000000
0.000000
0.000000
0.000000
0.000000
0.000000
0.000000
0.000000
0.000000
0.000000
0.000000
0.000000
0.000000
0.000000
0.000000
0.000000
0.000000
0.000000
0.000000
0.000000
0.000000
0.000000
0.000000
0.013469
0.010055
0.000000
0.000000
0.000000
0.000000
0.000000
0.000000
0.000000
0.000000
0.000000
0.000000
0.000000
0.000000
0.000000
0.019422
0.000000
0.017704
0.000000
0.000000
0.000000
0.000000
0.000000
0.000000
0.014448
0.000000
0.000000
0.000000
0.000000
0.000000
0.000000
0.003344
0.000000
0.000000
0.000000
0.000000
0.000000
0.000000
0.000000
0.000000
0.000000
0.000000
0.000000
0.000000
0.000000
0.000000
0.000000
0.000000
0.006614
0.007603
0.000000
0.000000
0.000000
0.000000
0.000000
0.000000
0.000000
0.000000
0.000000
0.000000
0.000000
0.000000
0.000000
0.000000
0.000000
0.000000
0.000000
0.000000
0.000000
0.000000
0.000000
0.000000
0.000000
0.000000
0.000000
0.000000
0.000000
0.000000
0.000000
0.000000
0.000000
0.000000
0.000000
0.000000
0.000000
0.000000
0.000000
0.000000
0.000000
0.000000
0.000000
0.000000
0.000000
0.000000
0.000000
0.000000
0.000000
0.000000
0.000000
0.000000
0.000000
0.000000
0.000000
0.000000
0.000000
0.000000
0.000000
0.000000
0.000000
0.000000
0.000000
0.000000
0.000000
0.000000
0.000000
0.000000
0.000000
0.000000
0.000000
0.000000
0.000000
0.000000
0.000000
0.000000
0.000000
0.000000
0.000000
0.000000
0.000000
0.000000
0.000000
0.000000
0.000000
0.000000
0.000000
0.000000
0.000000
0.000000
0.000000
0.000000
0.000000
0.000000
0.000000
0.000000
0.000000
0.000000
0.000000
0.000000
0.000000
0.000000
0.000000
0.000000
0.000155
0.000000
0.000000
0.000000
0.000000
0.000000
0.000000
0.000000
0.000000
0.000000
0.000000
0.000000
0.000000
0.000000
0.000000
0.000000
0.000000
0.000000
0.000000
0.000000
0.000000
0.000000
0.000000
0.000000
0.000074
0.000000
0.000000
0.000000
0.000000
0.000000
0.000000
0.000000
0.000000
0.000000
0.000000
0.000000
0.000000
0.000000
0.000000
0.000000
0.000000
0.000000
0.000000
0.000000
0.000000
0.000000
0.000000
0.000000
0.000000
0.000000
0.000000
0.000000
0.000000
0.000000
0.000000
0.000000
0.000000
0.000000
0.000000
0.000000
0.000000
0.000000
0.000000
0.000000
0.000000
0.000000
0.000000
0.000000
0.000000
0.000000
0.000000
0.000000
0.000000
0.000000
0.000000
0.000000
0.000000
0.000000
0.000000
0.000000
0.000000
0.000000
0.000000
0.000000
0.000000
0.000000
0.000000
0.000000
0.000000
0.000000
0.000000
0.000000
0.000000
0.000000
0.000000
0.000000
0.000000
0.000000
0.000000
0.000000
0.000000
0.000000
0.000000
0.000000
0.000000
0.000000
0.000000
0.000000
0.000000
0.000000
0.000000
0.000000
0.000000
0.000000
0.000000
0.000000
0.000000
0.000000
0.000000
0.000000
0.000000
0.000000
0.000000
0.000000
0.000000
0.000000
0.000000
0.000000
0.000000
0.000000
0.000000
0.000000
0.000000
0.000000
0.000000
0.000000
0.000000
0.000000
0.000000
0.000000
0.000000
0.000000
0.000000
0.000000
0.000000
0.000000
0.000000
0.000000
0.000000
0.000000
0.000000
0.000000
0.000000
0.000000
0.000000
0.000000
0.000000
0.000000
0.000000
0.000000
0.000000
0.000000
0.000000
0.000000
0.000000
0.000000
0.000000
0.000000
0.000000
0.000000
0.000000
0.000000
0.000000
0.000000
0.000000
0.000000
0.000000
0.000000
0.000000
0.000000
0.000000
0.000000
0.000000
0.000000
0.000000
0.000000
0.000000
0.000000
0.000000
0.000000
0.000000
0.000000
0.000000
0.000000
0.000000
0.000000
0.000000
0.000000
0.000000
0.000000
0.000000
0.000000
0.000000
0.000000
0.000000
0.000000
0.000000
0.000000
0.000000
0.000000
0.000000
0.000000
0.000000
0.000000
0.000000
0.000000
0.000000
0.000000
0.000000
0.000000
0.000000
0.000000
0.000000
0.000000
0.000000
0.000000
0.000000
0.000000
0.000000
0.000000
0.000000
0.000000
0.000000
0.000000
0.000000
0.000000
0.000000
0.000000
0.000000
0.000000
0.000000
0.000000
0.000000
0.000000
0.000000
0.000000
0.000000
0.000000
0.000000
0.000000
0.000000
0.000000
0.000000
0.000000
0.000000
0.000000
0.000000
0.000000
0.000000
0.000000
0.000000
0.000000
0.000000
0.000000
0.000000
0.000000
0.000000
0.000000
0.000000
0.000000
0.000000
0.000000
0.000000
0.000000
0.000000
0.000000
0.000000
0.000000
0.000000
0.000000
0.000000
0.000000
0.000000
0.000000
0.000000
0.000000
0.000000
0.000000
0.000000
0.000000
0.000000
0.000000
0.000000
0.000000
0.000000
0.000000
0.000000
0.000000
0.000000
0.000000
0.000000
0.000000
0.000000
0.000000
0.000000
0.000000
0.000000
0.000000
0.000000
0.000000
0.000000
0.000000
0.000000
0.000000
0.000000
0.000000
0.000000
0.000000
0.000000
0.000000
0.000000
0.000000
0.000000
0.000000
0.000000
0.000000
0.000000
0.000000
0.000000
0.000000
0.000000
0.000000
0.000000
0.000000
0.000000
0.000000
0.000000
0.000000
0.000000
0.000000
0.000000
0.000000
0.000000
0.000000
0.000000
0.000000
0.000000
0.000000
0.000000
0.000000
0.000000
0.000000
0.000000
0.000000
0.000000
0.000000
0.000000
0.000000
0.000000
0.000000
0.000000
0.000000
0.000000
0.000000
0.000000
0.000000
0.000000
0.000000
0.000000
0.000000
0.000000
0.000000
0.000000
0.000000
0.000000
0.012994
0.000000
0.020709
0.000000
0.000000
0.000000
0.000000
0.000000
0.000000
0.000000
0.000000
0.000000
0.000000
0.000000
0.000000
0.000000
0.014264
0.000000
0.000000
0.000000
0.000000
0.000000
0.000000
0.000000
0.000000
0.000000
0.000000
0.000000
0.000000
0.000000
0.000000
0.000000
0.000000
0.000000
0.000000
0.018639
0.000000
0.000000
0.000000
0.000000
0.000000
0.000000
0.000000
0.000000
0.000000
0.000000
0.000000
0.000000
0.000000
0.000000
0.000000
0.000000
0.000000
0.000000
0.000000
0.000000
0.000000
0.000000
0.000000
0.000000
0.000000
0.000000
0.000000
0.000000
0.000000
0.000000
0.000000
0.000000
0.000000
0.000000
0.000000
0.000000
0.000000
0.000000
0.000000
0.000000
0.000000
0.000000
0.000000
0.000000
0.000000
0.000000
0.000000
0.000000
0.000000
0.000000
0.000000
0.000000
0.000000
0.000000
0.000000
0.000000
0.000000
0.000000
0.000000
0.000000
0.000000
0.000000
0.000000
0.000000
0.000000
0.000000
0.000000
0.000000
0.000000
0.000000
0.000000
0.000000
0.000000
0.000000
0.000000
0.000000
0.000000
0.000000
0.000000
0.000000
0.000000
0.000000
0.000000
0.000000
0.000000
0.000000
0.000000
0.000000
0.000000
0.000000
0.000000
0.000000
0.000000
0.000000
0.000000
0.000000
0.000000
0.000000
0.000000
0.000000
0.000000
0.000000
0.000000
0.000000
0.000000
0.000000
0.000000
0.000000
0.000000
0.000000
0.000000
0.000000
0.000000
0.000000
0.000000
0.000000
0.000000
0.000000
0.000000
0.000000
0.000000
0.000000
0.000000
0.000000
0.000000
0.000000
0.000000
0.000000
0.000000
0.000000
0.000000
0.000000
0.000000
0.000000
0.000000
0.000000
0.000000
0.000000
0.000000
0.000000
0.000000
0.000000
0.000000
0.000000
0.000000
0.000000
0.000000
0.000000
0.000000
0.000000
0.000000
0.000000
0.000000
0.000000
0.000000
0.000000
0.000000
0.000000
0.000000
0.000000
0.000000
0.000000
0.000000
0.000000
0.000000
0.000000
0.000000
0.000000
0.000000
0.000000
0.000000
0.000000
0.000000
0.000000
0.000000
0.000000
0.000000
0.000000
0.000000
0.000000
0.000000
0.000000
0.000000
0.000000
0.000000
0.000000
0.000000
0.000000
0.000000
0.000000
0.000000
0.000000
0.000000
0.000000
0.000000
0.000000
0.000000
0.000000
0.000000
0.000000
0.000000
0.000000
0.000000
0.000000
