0.000000
1.106981
0.662387
0.021368
3.319084
4.478921
2.034533
4.278530
0.000000
0.255951
1.220423
0.274952
1.422441
2.269460
2.274633
4.085982
1.173364
0.053178
0.631489
1.154025
4.691516
1.680699
3.927328
2.796872
0.047223
1.067541
0.000000
1.810979
2.992031
3.420806
1.038535
3.964006
1.600145
0.816928
0.496812
2.619642
4.724009
3.858091
3.935621
3.875285
0.272873
0.030940
1.381756
0.039741
4.954957
2.187967
4.947376
2.106802
0.465363
1.532794
1.212548
0.370702
3.736801
4.165411
3.775844
2.179128
0.000000
0.791219
0.760002
0.000348
2.275450
3.590259
3.058692
3.155950
6.377378
10.522538
7.496934
7.725368
20.008600
11.898913
14.786125
21.806400
6.587568
5.752006
8.582568
7.258873
11.070838
19.777500
22.750600
19.900000
6.181005
10.063063
6.229414
7.589656
16.088213
28.350100
43.573600
16.373100
5.470704
12.305944
5.085648
6.217404
14.800725
21.812700
15.661800
24.164500
8.965873
7.232089
6.184924
7.404898
21.388200
13.745925
13.194225
21.535500
7.380088
5.752829
7.573384
6.041585
17.374600
17.137838
13.172088
27.694100
8.180928
7.127225
5.556118
8.321097
32.384500
18.187300
21.678500
9.604624
5.158434
9.153414
7.070594
7.658164
39.277900
10.209850
12.968542
19.381600
0.000000
0.000000
0.159339
0.000000
2.217111
0.941101
2.018853
2.488918
0.000000
0.030414
0.000000
0.012486
0.582063
2.254880
1.249529
2.749213
0.783748
0.000000
0.000000
1.016648
2.302088
3.883074
0.891654
1.291969
0.000000
0.040877
0.000000
0.000000
1.842495
1.734881
2.166593
0.923626
0.101726
0.000000
0.000000
0.577167
3.603915
1.446593
2.845951
0.837426
0.153547
0.000000
0.656474
0.000000
1.334891
2.546431
1.074346
1.556481
0.060510
0.000000
0.161674
0.000000
3.937217
1.860605
0.432164
2.702562
0.000000
0.000000
0.015777
0.000000
1.083409
2.682444
0.709473
2.685826
4.986920
6.484731
7.546638
4.254794
10.315863
17.425772
15.038338
13.608902
2.609898
5.254333
5.465934
5.747780
17.024288
8.219354
21.657100
7.503268
5.482139
5.835838
5.022082
5.520689
10.662463
25.312800
12.833222
10.752863
5.870875
2.918643
8.346419
3.673646
14.994700
12.446238
8.742876
19.423788
5.513418
9.866285
8.562113
5.713166
13.661380
16.164581
13.181525
23.768900
4.865589
7.294164
4.637075
5.908011
12.393125
22.674700
9.286054
15.275338
7.759660
5.255640
6.064166
5.795313
10.727050
23.074100
16.139488
15.527688
6.776666
4.514054
5.633381
4.089540
9.599838
14.206463
13.848119
17.658588
2.519032
0.000802
0.000000
1.979901
4.563412
2.027843
4.437639
1.171086
0.000000
0.420265
0.007383
1.451685
2.372333
1.287469
3.729432
3.503160
0.000000
3.374235
0.000000
3.345881
4.202723
1.857640
0.815486
5.508432
2.276317
0.000000
0.000000
1.327140
3.537085
1.826231
2.847287
2.708542
0.000000
0.208972
1.104046
2.515675
1.915601
4.346730
3.340065
2.169367
0.000000
2.667067
0.039696
0.150244
4.403227
2.769247
1.049098
2.929974
1.482585
0.071258
0.000000
0.306947
1.459075
6.101296
3.871814
2.491878
0.038758
2.602331
0.289912
0.000000
5.000260
0.104075
3.928300
3.415707
6.221015
9.018361
8.111444
5.391642
15.104238
50.912000
18.443300
24.319100
7.457803
6.956016
10.000564
5.253063
17.290200
16.186888
17.647150
16.474300
4.333095
11.256825
10.553475
4.112765
23.231000
15.992000
12.352350
41.462150
5.484161
6.294660
9.433564
4.138768
8.766341
41.884337
39.570500
8.223884
7.527811
7.117949
6.445723
6.295378
13.270225
22.158400
16.499100
44.969700
7.709594
6.890439
8.485081
3.823136
26.659400
18.951850
12.642125
35.298400
7.430948
14.927400
7.037955
4.096339
15.019300
19.779500
40.669800
13.390100
4.809731
10.229625
7.077543
6.879361
8.216025
22.037700
20.715000
51.483512
0.000000
0.030944
0.000000
0.523298
3.710750
0.312868
2.310861
2.587282
0.000000
0.886835
0.000000
0.000000
1.137227
3.000956
1.088753
0.290798
0.000000
0.378289
0.000000
0.253554
2.599176
3.271173
0.432429
1.606588
0.000000
0.000000
0.007431
1.416355
2.703165
0.739861
1.499504
0.539274
0.038059
0.037449
0.000000
1.600825
1.373154
2.132596
2.137675
2.919773
0.021328
0.000000
0.000000
0.000000
1.743434
1.837422
2.355928
2.426487
1.046847
0.000000
0.037560
0.000000
4.678336
0.120009
2.929147
0.195693
0.000000
0.038515
0.000000
0.000000
0.754824
2.793616
1.006488
2.124093
5.338829
8.217616
4.232921
8.268243
9.425114
15.697400
17.106400
43.024750
7.443995
4.757982
4.328120
4.480081
21.621000
8.059949
18.942800
6.905060
4.127734
13.380387
6.896920
1.990808
49.546275
9.165499
11.777775
15.301013
4.087055
4.282614
2.483225
8.558766
10.083600
9.362996
16.588525
29.130073
5.327179
7.942999
6.228321
6.123624
10.742675
12.957325
10.093717
44.801748
8.616748
4.104722
3.921640
5.688368
12.527363
11.605288
11.369213
37.562962
5.285766
7.246955
5.091841
6.511719
14.535963
12.993263
13.986384
20.347250
6.938079
4.931080
2.114898
8.593474
13.456889
13.615538
16.847887
10.437775
0.730507
0.954627
0.006682
1.785313
2.037709
4.471281
5.023400
2.695366
0.053531
2.436549
0.000000
0.049775
3.315674
2.545700
2.400193
3.747536
0.004309
1.147273
1.522530
1.427777
3.175197
3.311034
4.546879
2.515237
0.000000
1.291850
0.044633
1.332649
3.020782
2.311922
1.335872
3.751813
0.587432
1.646854
1.651275
0.132516
3.023579
3.953806
4.575536
3.107968
0.559419
0.145024
0.446298
0.103990
3.576591
3.016600
1.019538
5.228844
2.915665
0.152518
2.244534
0.035489
4.908137
2.376596
3.528751
2.707779
0.000000
0.838192
0.000000
2.430367
1.179117
3.309502
2.052270
3.528290
7.688980
7.041626
7.397794
6.906418
48.263700
16.113200
20.044700
13.615038
8.074351
5.060823
8.037705
5.848670
14.702013
24.755738
23.904100
11.683053
8.217695
5.822545
5.573000
7.465134
12.398933
22.171900
16.749625
33.642900
8.303241
5.124543
7.061853
5.127295
10.281988
49.959462
14.581425
27.190500
5.768809
9.372226
5.983431
9.919279
12.433550
32.599500
20.772100
16.923175
5.519257
6.477344
5.228383
8.690790
47.556312
16.651900
16.851038
34.802700
7.399905
6.582895
7.386423
10.830184
20.175100
12.741388
12.678670
53.462387
8.621339
6.732283
6.200619
5.667098
17.826800
57.601300
14.350913
20.592700
0.000000
0.188196
0.000000
0.523660
1.443518
2.371101
0.999071
2.729091
0.000000
0.000000
0.000000
0.386915
2.808659
1.709232
0.415584
1.483289
0.000376
0.242750
0.000000
0.000000
4.635406
1.509237
2.843626
0.665917
0.000000
0.479146
0.000000
0.000000
2.065026
1.920288
1.060868
2.431771
0.433211
0.003592
0.011700
0.900778
2.488540
1.988754
1.776758
2.746767
0.000000
0.000000
0.300354
0.000000
2.987303
1.355529
1.234767
1.665911
0.151664
0.308307
0.000000
0.545416
2.869799
0.422337
3.224989
1.556823
0.000000
0.493366
0.000000
0.000000
2.997307
0.146761
1.839307
1.659582
5.848494
2.677638
7.817461
3.909304
15.417600
16.161994
15.356598
14.715556
3.659435
7.474754
2.591601
5.967187
38.733000
14.247975
10.323569
28.908500
4.416833
10.681538
5.172745
5.372151
21.305900
25.471100
9.545294
16.367625
3.805066
6.204173
3.936384
6.802534
13.997738
10.202063
14.336825
19.034438
6.393070
6.188567
4.246285
6.012400
11.213264
36.008200
19.886300
10.751263
3.371464
5.380939
7.556313
3.765175
8.618533
19.135400
8.689864
28.656500
9.740733
5.121759
4.370218
7.699361
18.095700
18.817700
16.347063
21.076800
7.149591
2.959269
3.756796
4.439727
13.189175
13.277850
23.750000
14.175000
0.040767
2.787894
0.296142
0.245200
5.617009
3.392966
3.605719
1.006351
0.046375
0.000000
0.155001
2.507549
1.770602
2.312878
3.931646
1.434079
0.006870
3.741755
0.000000
2.107534
0.719698
4.714844
0.979112
4.610779
0.000000
0.065558
2.012171
0.000000
3.179911
0.031055
2.969884
2.383102
0.003216
0.137205
2.761432
0.921337
5.484003
0.425222
4.570255
3.684129
0.621249
1.942576
0.000000
0.366125
2.912445
5.807610
0.955043
2.950427
0.607091
1.341545
2.894582
0.000000
1.538131
3.919817
1.485019
7.211055
2.756539
0.020870
0.731597
0.000000
3.051166
3.022064
3.271915
2.110232
4.842614
7.885912
5.524906
10.139875
43.556900
9.724485
14.640500
25.681300
5.669394
8.903961
5.032043
6.296842
26.921300
15.571000
39.180800
11.703538
4.269170
10.125300
6.455255
7.663021
50.757212
8.257313
16.494838
16.559600
11.172930
3.008892
7.311275
6.779327
12.510113
43.634800
49.224900
8.026870
7.586828
5.025378
7.456033
9.746400
15.281200
15.502163
13.698600
37.221900
9.188594
6.904841
3.718635
6.983924
13.787300
49.896412
16.621925
8.348909
5.131445
9.055051
4.336683
13.867888
13.614213
40.752462
30.223462
17.726900
3.808931
12.025625
8.231359
5.765409
61.248000
8.597073
29.155262
24.068900
0.000000
0.813319
1.647463
0.000000
1.899158
0.357817
0.582558
3.374663
0.651772
0.000000
0.000000
0.019603
0.675298
2.908145
2.515671
0.190374
0.000000
0.000000
0.994583
0.000000
3.278161
0.409566
2.473579
0.323018
0.000000
0.986587
0.000000
0.089391
0.488448
3.495841
0.560352
2.003010
0.000000
2.068748
0.000000
0.000000
0.310026
3.595888
1.312798
3.973376
0.000000
0.000000
0.000000
0.000000
0.534022
2.317825
2.241945
1.412646
0.294715
0.434830
0.007138
0.000000
1.700357
0.091965
3.173532
2.803141
0.000000
1.221509
0.000000
0.000000
0.268167
0.519696
1.823237
2.473073
4.992518
5.791008
6.297176
6.542091
8.890970
19.992063
15.536900
37.192900
8.093954
4.537923
6.251414
2.458959
15.160138
12.134500
9.665319
10.118063
6.962702
4.197292
4.510363
4.363477
11.543725
21.446700
58.144728
8.686931
2.849980
9.071639
5.344011
2.263816
8.580786
10.879538
28.714962
12.529037
5.250705
6.262255
4.731696
6.888929
18.526300
41.499237
8.322305
19.133125
6.583431
3.427855
5.613509
5.057014
11.911750
10.751950
14.190872
28.190375
4.830271
7.811823
6.624960
5.058333
14.041663
16.831000
25.053637
15.447900
2.372898
9.726921
5.015107
4.677898
11.993113
28.901594
14.221413
22.091875
0.000000
0.000000
0.000000
0.028296
0.000000
0.000000
0.000000
0.000000
0.000000
0.000000
0.000000
0.000000
0.000000
0.000000
0.000000
0.000000
0.000000
0.072026
0.000000
0.000000
0.000000
0.000000
0.000000
0.000000
0.000000
0.000000
0.202906
0.000000
0.000000
0.000000
0.000000
0.000000
0.000000
0.000000
0.000000
0.000000
0.000000
0.000000
0.000000
0.000000
0.000000
0.000000
0.000000
0.000000
0.000000
0.000000
0.000000
0.000000
0.000000
0.000000
0.000000
0.000000
0.000000
0.000000
0.000000
0.000000
0.000000
0.000000
0.000000
0.000000
0.000000
0.000000
0.000000
0.000000
0.000000
0.000000
0.000000
0.000000
0.000000
0.000000
0.000000
0.000000
0.000000
0.000000
0.000000
0.000000
0.000000
0.000000
0.000000
0.000000
0.000000
0.000000
0.000000
0.000000
0.000000
0.000000
0.000000
0.000000
0.000000
0.000000
0.000000
0.000000
0.000000
0.000000
0.000000
0.000000
0.000000
0.000000
0.000000
0.000000
0.000000
0.000000
0.000000
0.000000
0.000000
0.000000
0.000000
0.000000
0.000000
0.000000
0.000000
0.000000
0.000000
0.000000
0.000000
0.000000
0.000000
0.000000
0.000000
0.000000
0.000000
0.000000
0.000000
0.000000
0.000000
0.000000
0.000000
0.000000
0.000000
0.000000
0.000000
0.000000
0.000000
0.000000
0.000000
0.000000
0.000000
0.000000
0.000000
0.000000
0.000000
0.000000
0.000000
0.000000
0.000000
0.000000
0.000000
0.000000
0.000000
0.000000
0.000000
0.000000
0.000000
0.000000
0.000000
0.000000
0.000000
0.000000
0.000000
0.000000
0.000000
0.000000
0.000000
0.000000
0.000000
0.000000
0.000000
0.000000
0.000000
0.000000
0.000000
0.000000
0.000000
0.000000
0.000000
0.000000
0.000000
0.000000
0.000000
0.000000
0.000000
0.000000
0.000000
0.000000
0.000000
0.000000
0.000000
0.000000
0.000000
0.000000
0.000000
0.000000
0.000000
0.000000
0.000000
0.000000
0.000000
0.000000
0.000000
0.000000
0.000000
0.000000
0.000000
0.000000
0.000000
0.000000
0.000000
0.000000
0.000000
0.000000
0.000000
0.000000
0.000000
0.000000
0.000000
0.000000
0.000000
0.000000
0.000000
0.000000
0.000000
0.000000
0.000000
0.000000
0.000000
0.000000
0.000000
0.000000
0.000000
0.000000
0.000000
0.000000
0.000000
0.000000
0.000000
0.000000
0.000000
0.000000
0.000000
0.000000
0.000000
0.000000
0.000000
0.000000
0.000000
0.000000
0.000000
0.000000
0.000000
0.000000
0.000000
0.000000
0.000000
0.000000
0.000000
0.000000
0.000000
0.175036
0.745075
0.000000
0.000000
0.000000
0.000000
0.000000
0.000000
0.000000
0.000000
0.000000
0.000000
0.000000
0.000000
0.000000
0.645055
0.000000
0.971395
0.000000
0.000000
0.000000
0.000000
0.000000
0.000000
0.576189
0.000000
0.000000
0.000000
0.000000
0.000000
0.000000
0.417794
0.000000
0.000000
0.000000
0.000000
0.000000
0.000000
0.000000
0.008484
0.000000
0.000000
0.000000
0.000000
0.000000
0.000000
0.000000
0.000000
0.000000
0.249812
0.000000
0.000000
0.000000
0.000000
0.000000
0.000000
0.000000
0.000000
0.000000
0.000000
0.000000
0.000000
0.000000
0.000000
0.000000
0.000000
0.000000
0.000000
0.000000
0.000000
0.000000
0.000000
0.000000
0.000000
0.000000
0.000000
0.000000
0.000000
0.000000
0.000000
0.000000
0.000000
0.000000
0.000000
0.000000
0.000000
0.000000
0.000000
0.000000
0.000000
0.000000
0.000000
0.000000
0.000000
0.000000
0.000000
0.000000
0.000000
0.000000
0.000000
0.000000
0.000000
0.000000
0.000000
0.000000
0.000000
0.000000
0.000000
0.000000
0.000000
0.000000
0.000000
0.000000
0.000000
0.000000
0.000000
0.000000
0.000000
0.000000
0.000000
0.000000
0.000000
0.000000
0.000000
0.000000
0.000000
0.000000
0.000000
0.000000
0.000000
0.000000
0.000000
0.000000
0.000000
0.000000
0.000000
0.000000
0.000000
0.000000
0.000000
0.000000
0.000000
0.000000
0.000000
0.000000
0.000000
0.000000
0.000000
0.000000
0.000000
0.000000
0.000000
0.000000
0.000000
0.000000
0.000000
0.000000
0.000000
0.000000
0.000000
0.000000
0.000013
0.000000
0.000000
0.000000
0.000000
0.000000
0.000000
0.000000
0.000000
0.000000
0.000000
0.000000
0.000000
0.000000
0.000000
0.000000
0.000000
0.000000
0.000000
0.000000
0.000000
0.000000
0.000000
0.000000
0.000000
0.000000
0.000000
0.000000
0.000000
0.000000
0.000000
0.000000
0.000000
0.000000
0.000000
0.000000
0.000000
0.000000
0.000000
0.000000
0.000000
0.000000
0.000000
0.000000
0.000000
0.000000
0.000000
0.000000
0.000000
0.000000
0.000000
0.000000
0.000000
0.000000
0.000000
0.000000
0.000000
0.000000
0.000000
0.000000
0.000000
0.000000
0.000000
0.000000
0.000000
0.000000
0.000000
0.000000
0.000000
0.000000
0.000000
0.000000
0.000000
0.000000
0.000000
0.000000
0.000000
0.000000
0.000000
0.000000
0.000000
0.000000
0.000000
0.000000
0.000000
0.000000
0.000000
0.000000
0.000000
0.000000
0.000000
0.000000
0.000000
0.000000
0.000000
0.000000
0.125373
0.000000
0.000000
0.000000
0.000000
0.000000
0.000000
0.000000
0.000000
0.000000
0.000000
0.000000
0.000000
0.000000
0.278163
0.000000
0.000000
0.000000
0.000000
0.000000
0.000000
0.000000
0.000000
0.000000
0.000000
0.000000
0.000000
0.000000
0.000000
0.000000
0.000000
0.000000
0.000000
0.000933
0.000000
0.000000
0.000000
0.000000
0.000000
0.000000
0.000000
0.000000
0.000000
0.000000
0.000000
0.000000
0.000000
0.000000
0.000000
0.020879
0.000000
0.000000
0.000000
0.000000
0.000000
0.000000
0.485130
0.000000
0.000000
0.000000
0.000000
0.000000
0.000000
0.000000
0.000000
0.000000
0.000000
0.000000
0.000000
0.000000
0.000000
0.000000
0.000000
0.000000
0.000000
0.000000
0.000000
0.000000
0.000000
0.000000
0.000000
0.000000
0.000000
0.000000
0.000000
0.000000
0.000000
0.000000
0.000000
0.000000
0.000000
0.000000
0.000000
0.000000
0.000000
0.000000
0.000000
0.000000
0.000000
0.000000
0.000000
0.000000
0.000000
0.000000
0.000000
0.000000
0.000000
0.000000
0.000000
0.000000
0.000000
0.000000
0.000000
0.000000
0.000000
0.000000
0.000000
0.000000
0.000000
0.000000
0.000000
0.000000
0.000000
0.000000
0.000000
0.000000
0.000000
0.000000
0.000000
0.000000
0.000000
0.000000
0.000000
0.000000
0.000000
0.000000
0.000000
0.000000
0.000000
0.000000
0.000000
0.000000
0.000000
0.000000
0.000000
0.000000
0.000000
0.000000
0.000000
0.000000
0.000000
0.000000
0.000000
0.000000
0.000000
0.000000
0.000000
0.000000
0.000000
0.000000
0.000000
0.000000
0.000000
0.000000
0.000000
0.000000
0.000000
0.000000
0.000000
0.000000
0.000000
0.000000
0.000000
0.000000
0.000000
0.000000
0.000000
0.000000
0.000000
0.000000
0.000000
0.000000
0.000000
0.000000
0.000000
0.000000
0.000000
0.000000
0.000000
0.000000
0.000000
0.000000
0.000000
0.000000
0.000000
0.000000
0.000000
0.000000
0.000000
0.000000
0.000000
0.000000
0.000000
0.000000
0.000000
0.000000
0.000000
0.000000
0.000000
0.000000
0.000000
0.000000
0.000000
0.000000
0.000000
0.000000
0.000000
0.000000
0.000000
0.000000
0.000000
0.000000
0.000000
0.000000
0.000000
0.000000
0.000000
0.000000
0.000000
0.000000
0.000000
0.000000
0.000000
0.000000
0.000000
0.000000
0.000000
0.000000
0.000000
0.000000
0.000000
0.000000
0.000000
0.000000
0.000000
0.000000
0.000000
0.000000
0.000000
0.000000
0.000000
0.000000
0.000000
0.000000
0.020084
0.000000
0.000000
0.000000
0.000000
0.000000
0.000000
0.000000
0.000000
0.039687
0.000000
0.000000
0.000000
0.000000
0.000000
0.000000
0.002941
0.000000
1.314240
0.000000
0.000000
0.000000
0.000000
0.000000
0.000000
0.000000
0.000000
0.000000
0.000000
0.000000
0.000000
0.000000
0.348062
0.022087
0.000000
0.000000
0.000000
0.000000
0.000000
0.000000
0.000000
0.000000
0.000000
0.000000
0.000000
0.000000
0.000000
0.000000
0.000000
0.000000
0.000000
0.885911
0.000000
0.000000
0.000000
0.000000
0.000000
0.000000
0.000000
0.000000
0.000000
0.000000
0.000000
0.000000
0.000000
0.000000
0.000000
0.000000
0.000000
0.000000
0.000000
0.000000
0.000000
0.000000
0.000000
0.000000
0.000000
0.000000
0.000000
0.000000
0.000000
0.000000
0.000000
0.000000
0.000000
0.000000
0.000000
0.000000
0.000000
0.000000
0.000000
0.000000
0.000000
0.000000
0.000000
0.000000
0.000000
0.000000
0.000000
0.000000
0.000000
0.000000
0.000000
0.000000
0.000000
0.000000
0.000000
0.000000
0.000000
0.000000
0.000000
0.000000
0.000000
0.000000
0.000000
0.000000
0.000000
0.000000
0.000000
0.000000
0.000000
0.000000
0.000000
0.000000
0.000000
0.000000
0.000000
0.000000
0.000000
0.000000
0.000000
0.000000
0.000000
0.000000
0.000000
0.000000
0.000000
0.000000
0.000000
0.000000
0.000000
0.000000
0.000000
0.000000
0.000000
0.000000
0.000000
0.000000
0.000000
0.000000
0.000000
0.000000
0.000000
0.000000
0.000000
0.000000
0.000000
0.000000
0.000000
0.000000
0.000000
0.000000
0.000000
0.000000
0.000000
0.000000
0.000000
0.000000
0.000000
0.000000
0.000000
0.000000
0.000000
0.000000
0.000000
0.000000
0.000000
0.000000
0.000000
0.000000
0.000000
0.000000
0.000000
0.000000
0.000000
0.000000
0.000000
0.000000
0.000000
0.000000
0.000000
0.000000
0.000000
0.000000
0.000000
0.000000
0.000000
0.000000
0.000000
0.000000
0.000000
0.000000
0.000000
0.000000
0.000000
0.000000
0.000000
0.000000
0.000000
0.000000
0.000000
0.000000
0.000000
0.000000
0.000000
0.000000
0.000000
0.000000
0.000000
0.000000
0.000000
0.000000
0.000000
0.000000
0.000000
0.000000
0.000000
0.000000
0.000000
0.000000
0.000000
0.000000
0.000000
0.000000
0.000000
0.000000
0.000000
0.000000
0.000000
0.000000
0.000000
0.000000
0.000000
0.000000
0.000000
0.000000
0.000000
0.000000
0.000000
0.000000
0.000000
0.000000
0.000000
0.000000
0.000000
0.000000
