0.000000
1.872975
1.449541
0.185492
3.911654
5.748051
2.549325
5.352211
0.038034
0.558174
1.983806
1.392661
1.791542
2.856396
2.606811
6.068652
0.745759
0.689921
2.011919
1.596610
6.742317
3.039379
3.900738
4.187462
0.579687
0.607709
0.019108
2.033976
3.125410
5.523259
1.950039
4.176266
2.325417
1.811077
0.737553
2.934937
5.663719
4.400625
4.459615
5.842831
0.252866
0.644336
2.006994
0.104304
6.144420
2.109725
6.971065
2.320680
1.674098
1.586564
1.944983
1.661703
5.744757
5.760401
5.734778
2.027049
0.058666
2.303219
1.316859
0.184640
2.682553
3.628630
2.892593
5.062115
9.329272
15.961923
13.753209
14.108236
34.059100
18.169773
24.907200
36.062500
10.347464
10.725866
14.166348
11.335756
18.344787
33.268300
36.527158
30.289800
9.025749
15.633348
11.862364
13.462333
29.137100
50.532300
52.190900
22.402800
7.914636
18.187853
9.319062
11.865803
26.369100
39.535900
21.960400
39.151600
14.403005
12.032789
8.475726
12.861367
41.440644
21.544450
22.868600
37.193900
13.611297
9.547472
11.717395
9.303831
27.224100
29.625900
20.223366
46.328073
14.306634
11.412578
7.833627
13.491286
43.684200
27.573300
41.846300
18.094900
9.363339
15.709666
10.379284
11.814745
52.186358
18.449500
20.132400
37.179700
0.017659
0.075367
0.228754
0.051096
2.070485
0.875266
2.162613
2.983543
0.019268
0.110071
0.020503
0.082009
0.307707
2.300769
0.849027
2.602021
0.237369
0.021250
0.195541
0.470461
3.140436
3.565181
0.837660
0.616743
0.041647
0.199729
0.033902
0.082073
0.420097
2.371518
2.363355
0.355990
0.158244
0.017745
0.138238
0.493799
3.960187
0.862797
3.074246
0.293866
0.139844
0.024414
0.308428
0.016364
0.715989
2.417977
0.688642
2.018809
0.103235
0.000000
0.160700
0.155654
3.539220
2.991937
0.361752
2.599267
0.022849
0.159460
0.138535
0.030349
0.922896
2.485623
0.778111
2.371448
7.116569
10.252262
12.271558
4.204370
16.222698
29.171300
25.974900
20.086314
2.461624
7.436693
6.185149
7.699026
28.198500
12.858372
36.319034
11.527912
7.729393
8.459448
5.596884
7.798449
17.488727
32.955572
22.888700
19.376800
8.466525
3.332077
11.971759
3.055315
27.472500
17.248681
13.296877
40.811161
8.085688
16.304470
13.602975
8.534419
21.473100
27.112300
20.045128
44.196700
5.539126
9.983430
5.461706
9.102872
17.820022
35.430428
15.666869
27.007900
11.843991
7.457769
11.860484
8.225597
18.268200
33.574530
23.520273
28.624200
9.973738
4.102444
8.053417
4.885509
16.109003
24.372900
21.603500
26.854700
2.668383
0.602774
0.101401
2.094848
5.761181
4.401219
5.117652
3.586573
0.147222
0.223154
0.601855
1.458356
2.302717
2.614919
5.765118
3.401366
0.284339
3.255760
0.291430
3.637849
4.145461
4.759372
2.502492
7.402360
2.204216
0.064874
0.314606
0.594702
3.426215
4.655990
2.408953
5.164903
0.450777
2.052248
0.652424
2.484033
4.124141
4.700356
3.165088
4.766894
0.030598
2.797517
0.090954
1.567341
4.939395
2.598363
2.515576
5.273437
1.693452
1.727273
0.563731
0.242693
3.740625
8.013073
4.113583
5.595836
1.381451
2.550859
0.217196
0.202033
5.606103
0.814531
7.633703
3.240116
8.856912
16.646089
14.704148
6.863148
28.502500
54.264220
26.091800
45.244500
13.494617
9.818882
14.660100
10.076818
23.683600
30.378600
33.071500
23.857300
8.828163
15.252048
15.992831
8.070504
43.493600
22.057700
25.481300
44.611356
6.990668
11.462948
13.055817
8.228364
16.713800
46.838003
46.035858
14.145547
10.562785
12.672948
11.326139
9.217335
26.194000
41.362200
21.759748
47.868377
11.759009
9.344839
15.344422
5.200410
35.096533
37.017300
22.918500
42.278048
10.597827
21.538900
13.243644
8.015524
20.137500
37.833200
44.754784
27.241400
7.439294
14.007161
12.227470
8.593175
15.409197
44.583709
27.845053
50.157580
0.000000
0.732016
0.025722
0.317583
5.947087
0.519326
0.835048
2.745734
0.020587
0.178468
0.032291
0.045959
0.437722
2.206141
1.971667
0.513637
0.000000
0.072105
0.088046
0.251061
2.597428
2.555107
1.896858
3.658762
0.031772
0.000000
0.039320
0.135013
0.915879
2.288973
0.458726
1.144158
0.067830
0.702353
0.000000
0.635345
2.381721
0.703253
3.219032
2.795930
0.057895
0.022137
0.029413
0.144480
0.702344
2.615667
2.851288
0.933570
0.359159
0.151996
0.044375
0.094441
4.201253
0.959688
2.510843
0.623252
0.072291
0.031728
0.079822
0.017413
1.798256
0.910727
2.423577
1.220471
8.933096
11.284625
6.322561
11.311092
16.849967
32.095400
23.001900
48.750380
9.271178
3.935102
6.154634
6.491034
29.641900
13.737820
28.418000
13.203148
3.109455
16.751200
12.181816
3.862591
53.870255
16.598100
16.802934
28.781200
6.325221
3.100475
3.493043
9.411114
19.089727
16.498600
19.032800
30.323000
5.725495
12.601731
8.945106
10.624755
20.943600
25.197000
14.387727
49.537902
12.470822
3.262499
4.441312
10.376109
22.428758
16.920000
21.174700
36.801442
7.750584
8.668736
9.327399
8.000481
20.272567
24.978700
19.134800
46.128305
12.549517
3.753800
3.233826
9.726518
22.778400
25.709400
16.864700
19.646441
1.922420
1.738982
0.195933
2.263543
2.706484
6.591359
5.402172
4.443790
0.423192
2.819081
0.096948
0.199736
4.876810
2.388379
2.892796
4.430462
0.534193
0.684622
3.293302
1.919246
3.622933
5.268597
6.671974
2.606895
0.021196
2.707363
0.255934
1.497613
3.289449
4.527759
1.698315
4.263930
1.851897
2.051623
2.179085
0.362013
3.507160
5.883005
5.174393
4.815373
1.477070
0.248894
0.283758
0.487417
4.630418
3.546365
0.767030
6.908770
3.408539
1.660804
2.451247
0.348392
5.207036
3.287521
5.324418
2.875436
0.070569
2.145402
0.029249
2.402802
1.914967
2.988686
3.118003
5.128987
12.973145
9.648034
12.428700
10.905391
59.786016
24.582200
36.654275
24.269139
14.800892
8.750854
12.735484
8.054005
23.788556
36.858525
39.380186
21.376400
13.559684
9.750315
7.974491
13.154130
19.061534
40.824900
30.555269
44.552305
13.155098
7.411752
11.811812
7.160023
18.986000
55.238017
25.537500
36.412416
10.017228
17.780731
10.355255
17.611956
20.674911
40.801094
39.129931
29.099409
7.749770
10.885533
8.219347
13.403161
58.769459
32.348275
27.975900
43.314812
13.018880
10.980102
9.977620
15.238495
33.225159
23.931000
19.591900
56.171567
13.227986
10.709764
10.586950
7.664637
27.003300
65.353205
26.152695
38.228000
0.020137
0.166251
0.088452
0.681808
0.456896
2.514563
0.404408
3.230071
0.083057
0.041886
0.019161
0.197331
2.579372
0.460161
0.236942
2.049548
0.064641
0.868583
0.017399
0.084645
5.401932
1.565261
2.477247
0.578614
0.011279
0.161720
0.018505
0.085197
2.389978
0.890158
0.929608
2.196902
0.269619
0.097179
0.212773
0.273527
2.215232
1.019904
2.095180
3.023966
0.034629
0.107176
0.232972
0.000401
2.471982
0.921548
0.419375
2.223912
0.305199
0.231724
0.017108
0.162944
3.497951
0.429560
2.872305
0.443940
0.017041
0.152746
0.000000
0.023948
2.959052
0.267788
0.392928
2.401862
9.172975
3.192302
11.557278
4.200400
23.794878
28.632287
24.466319
25.273400
3.850299
10.685452
2.547617
8.408618
48.834644
21.130791
17.317627
35.115706
5.198831
15.275730
8.335286
5.983969
33.260700
35.139036
16.925300
29.848480
4.305771
11.511437
3.913493
9.110172
20.129073
18.422100
22.417100
33.263300
8.623331
9.140255
6.344889
11.109781
18.307200
47.540723
32.699334
19.232970
2.977462
8.496096
10.334509
4.509132
14.025411
29.298512
12.046947
41.433444
14.016362
4.691769
6.602753
13.783330
27.686580
33.377600
27.344100
29.034700
10.143923
3.001124
5.595297
6.316089
22.047947
23.282200
35.822600
21.254416
0.923074
3.272958
0.219606
1.048126
5.995179
3.914443
5.048939
3.143609
0.838281
0.302941
0.112124
2.519661
2.951852
0.917787
4.933872
3.557856
0.677240
3.458953
0.040220
2.292684
2.295624
6.630669
3.756899
4.071194
0.027639
1.997290
2.145277
0.219849
2.722014
0.477218
2.936001
4.614610
0.544451
0.986357
2.885317
0.473700
7.925295
1.675428
6.706529
3.475393
0.408707
2.041916
0.171305
2.286575
2.911784
5.970442
2.214315
4.870865
2.699485
1.350273
3.418610
0.298885
3.038230
4.513541
3.982193
9.642864
2.722912
0.956942
0.137140
0.351777
5.424456
3.006509
2.611309
5.515434
9.269740
11.580037
8.260559
14.675630
49.717900
19.881800
21.477200
49.006100
9.425548
13.421444
9.058816
6.551254
34.688200
30.233400
43.823950
22.473100
8.081502
13.822730
7.195626
14.338641
56.019048
16.406570
33.222400
23.549700
15.328294
5.878972
13.390748
6.667062
24.014662
44.488578
53.019159
16.169637
14.301983
7.544486
10.182916
13.482305
30.306675
29.025600
20.105800
44.737378
12.937575
10.473633
5.845038
12.713183
18.574712
53.121609
32.175527
16.387700
7.857477
12.702297
8.151194
18.015128
27.188641
44.088031
33.109300
34.618700
7.084696
14.493100
11.814305
8.767492
55.426466
17.675900
33.363197
46.257539
0.018847
0.381277
0.793612
0.029016
0.725294
0.593397
1.732956
3.021285
0.399825
0.016979
0.075916
0.045410
0.544791
2.549340
1.009420
0.411047
0.034715
0.217717
0.659571
0.208357
2.312755
2.172050
1.994789
1.097910
0.016260
0.093469
0.150675
0.041172
1.132305
2.273865
1.167324
0.187652
0.070181
0.868865
0.038487
0.062877
0.494623
3.019041
0.486912
5.365720
0.207222
0.019015
0.017157
0.025653
0.837057
0.879824
0.958143
2.489870
0.079957
0.316497
0.631321
0.145198
4.362550
0.460412
2.808592
1.797461
0.035337
0.121448
0.199880
0.018995
0.838187
1.341429
0.747635
1.774958
8.838725
7.862633
9.222783
8.861386
16.571427
36.307400
23.173500
39.876600
10.636466
4.432410
8.873317
3.576067
18.037900
22.597166
14.609000
18.821611
9.194574
3.432032
8.287764
6.834027
22.330800
29.323616
58.876422
15.747937
3.683580
10.004495
4.973357
4.205003
15.140697
20.923400
31.574100
14.939600
4.987315
8.658725
5.855534
11.964500
23.583700
46.448306
14.335025
36.710000
9.270242
4.612438
7.256172
4.203393
20.693200
19.062748
23.182320
30.039700
6.010240
14.125536
5.944683
9.046769
26.076500
25.832334
27.429800
31.835900
3.290726
11.031444
4.899055
7.772298
22.811200
28.493009
26.062500
26.040848
0.006306
0.028923
0.074965
0.542740
0.000000
0.000000
0.008835
0.000000
0.186657
0.114901
0.000000
0.015420
0.009148
0.000000
0.000000
0.000000
0.055929
0.347668
0.013419
0.071631
0.000000
0.006297
0.000000
0.000000
0.000000
0.012392
0.552495
0.000000
0.000000
0.000000
0.000000
0.000000
0.012600
0.014475
0.232881
0.000000
0.000000
0.000000
0.000000
0.000000
0.000000
0.058950
0.000000
0.003361
0.000000
0.000000
0.000000
0.000000
0.070230
0.009958
0.020730
0.077309
0.000000
0.000000
0.000000
0.000000
0.148186
0.000000
0.000000
0.012084
0.000000
0.000000
0.000000
0.000000
0.000000
0.000000
0.000000
0.000000
0.000000
0.000000
0.000000
0.000000
0.000000
0.000000
0.000000
0.000000
0.000000
0.000000
0.000000
0.000000
0.000000
0.000000
0.000000
0.000000
0.000000
0.000000
0.000000
0.000000
0.000000
0.000000
0.000000
0.000000
0.000000
0.000000
0.000000
0.000000
0.000000
0.000000
0.000000
0.000000
0.000000
0.000000
0.000000
0.000000
0.000000
0.000000
0.000000
0.000000
0.000000
0.000000
0.000000
0.000000
0.000000
0.000000
0.000000
0.000000
0.000000
0.000000
0.000000
0.000000
0.000000
0.000000
0.000000
0.000000
0.000000
0.000000
0.000000
0.000000
0.000000
0.000000
0.000000
0.007900
0.000000
0.000000
0.000000
0.000000
0.000000
0.000000
0.000000
0.000000
0.000000
0.000000
0.000000
0.000000
0.000000
0.031661
0.000000
0.000000
0.000000
0.000000
0.000000
0.000000
0.000000
0.000000
0.000000
0.000000
0.000000
0.000000
0.000000
0.000000
0.000000
0.033900
0.000000
0.000000
0.000000
0.000000
0.000000
0.000000
0.000000
0.000000
0.000000
0.000000
0.000000
0.000000
0.000000
0.000000
0.000000
0.059292
0.000000
0.000000
0.000000
0.000000
0.000000
0.000000
0.000000
0.000000
0.000000
0.000000
0.000000
0.000000
0.000000
0.000000
0.000000
0.000000
0.000000
0.000000
0.000000
0.000000
0.000000
0.000000
0.000000
0.000000
0.000000
0.000000
0.000000
0.000000
0.000000
0.000000
0.000000
0.000000
0.000000
0.000000
0.000000
0.000000
0.000000
0.000000
0.000000
0.000000
0.000000
0.000000
0.000000
0.000000
0.000000
0.000000
0.000000
0.000000
0.000000
0.000000
0.000000
0.000000
0.000000
0.000000
0.000000
0.000000
0.000000
0.000000
0.000000
0.000000
0.000000
0.000000
0.000000
0.000000
0.000000
0.000000
0.000000
0.000000
0.000000
0.000000
0.000000
0.000000
0.000000
0.000000
0.000000
0.000000
0.000000
0.000000
0.000000
0.175005
1.165315
0.012079
0.000000
0.000000
0.000000
0.010475
0.022850
0.170714
0.015956
0.000000
0.000000
0.000000
0.000000
0.000000
0.259747
0.000000
0.571334
0.000000
0.000000
0.000000
0.019538
0.000000
0.000000
0.458101
0.003147
0.000000
0.000000
0.000000
0.000000
0.000000
0.545373
0.013398
0.069477
0.000000
0.000000
0.000000
0.000000
0.000000
0.124899
0.000000
0.251212
0.000000
0.000000
0.000000
0.000000
0.000000
0.090068
0.013197
0.350333
0.154658
0.008981
0.000000
0.000000
0.000000
0.000000
0.000000
0.070434
0.012472
0.000000
0.000000
0.000000
0.000000
0.000000
0.000000
0.000000
0.000000
0.000000
0.000000
0.000000
0.000000
0.000000
0.000000
0.000000
0.000000
0.000000
0.000000
0.000000
0.000000
0.000000
0.000000
0.000000
0.000000
0.000000
0.000000
0.000000
0.000000
0.000000
0.000000
0.000000
0.000000
0.000000
0.000000
0.000000
0.000000
0.000000
0.000000
0.000000
0.000000
0.000000
0.000000
0.000000
0.000000
0.000000
0.000000
0.000000
0.000000
0.000000
0.000000
0.000000
0.000000
0.000000
0.000000
0.000000
0.000000
0.000000
0.000000
0.000000
0.000000
0.000000
0.000000
0.000000
0.000000
0.000000
0.000000
0.000000
0.000000
0.015510
0.000000
0.019391
0.000000
0.000000
0.000000
0.000000
0.000000
0.000000
0.000000
0.000000
0.000000
0.000000
0.000000
0.000000
0.000000
0.016350
0.000000
0.000000
0.000000
0.000000
0.000000
0.000000
0.000000
0.000000
0.015067
0.000000
0.000000
0.000000
0.000000
0.000000
0.000000
0.000000
0.000000
0.060831
0.000000
0.000000
0.000000
0.000000
0.000000
0.000000
0.000000
0.000000
0.000000
0.000000
0.000000
0.000000
0.000000
0.000000
0.014933
0.000000
0.000000
0.000000
0.000000
0.000000
0.000000
0.000000
0.000000
0.000000
0.000000
0.000000
0.000000
0.000000
0.000000
0.000000
0.000000
0.000000
0.000000
0.000000
0.000000
0.000000
0.000000
0.000000
0.000000
0.000000
0.000000
0.000000
0.000000
0.000000
0.000000
0.000000
0.000000
0.000000
0.000000
0.000000
0.000000
0.000000
0.000000
0.000000
0.000000
0.000000
0.000000
0.000000
0.000000
0.000000
0.000000
0.000000
0.000000
0.000000
0.000000
0.000000
0.000000
0.000000
0.000000
0.000000
0.000000
0.000000
0.000000
0.000000
0.000000
0.000000
0.000000
0.000000
0.000000
0.000000
0.000000
0.000000
0.000000
0.000000
0.000000
0.000000
0.000000
0.000000
0.000000
0.000000
0.000000
0.000000
0.000000
0.017355
0.021686
0.567709
0.000000
0.009322
0.000000
0.000000
0.000000
0.006549
0.000000
0.258952
0.002441
0.000000
0.000000
0.000000
0.000000
0.476651
0.035180
0.000000
0.037883
0.000000
0.000000
0.000000
0.000000
0.152303
0.000000
0.251706
0.000000
0.000000
0.000000
0.000000
0.000000
0.018671
0.020687
0.011540
0.288197
0.000000
0.000000
0.000000
0.000000
0.019691
0.000000
0.025568
0.001619
0.000000
0.000000
0.000000
0.000000
0.000000
0.042480
0.012165
0.306677
0.000000
0.000216
0.000000
0.000000
0.085215
0.000000
0.622856
0.000000
0.000000
0.000000
0.000000
0.000000
0.000000
0.000000
0.000000
0.000000
0.000000
0.000000
0.000000
0.000000
0.000000
0.000000
0.000000
0.000000
0.000000
0.000000
0.000000
0.000000
0.000000
0.000000
0.000000
0.000000
0.000000
0.000000
0.000000
0.000000
0.000000
0.000000
0.000000
0.000000
0.000000
0.000000
0.000000
0.000000
0.000000
0.000000
0.000000
0.000000
0.000000
0.000000
0.000000
0.000000
0.000000
0.000000
0.000000
0.000000
0.000000
0.000000
0.000000
0.000000
0.000000
0.000000
0.000000
0.000000
0.000000
0.000000
0.000000
0.000000
0.000000
0.000000
0.000000
0.000000
0.000000
0.000000
0.000000
0.000000
0.007968
0.000000
0.000000
0.000000
0.000000
0.000000
0.000000
0.000000
0.000000
0.000000
0.000000
0.000000
0.000000
0.000000
0.000000
0.000000
0.000000
0.000000
0.080877
0.000000
0.000000
0.000000
0.000000
0.000000
0.004320
0.000000
0.000000
0.000000
0.000000
0.000000
0.000000
0.000000
0.000000
0.000000
0.000000
0.000000
0.000000
0.000000
0.000000
0.000000
0.000000
0.000000
0.000000
0.014330
0.000000
0.000000
0.000000
0.000000
0.000000
0.000000
0.054293
0.000000
0.000000
0.000000
0.000000
0.000000
0.000000
0.000000
0.016916
0.000000
0.000000
0.000000
0.000000
0.000000
0.000000
0.000000
0.000000
0.000000
0.000000
0.000000
0.000000
0.000000
0.000000
0.000000
0.000000
0.000000
0.000000
0.000000
0.000000
0.000000
0.000000
0.000000
0.000000
0.000000
0.000000
0.000000
0.000000
0.000000
0.000000
0.000000
0.000000
0.000000
0.000000
0.000000
0.000000
0.000000
0.000000
0.000000
0.000000
0.000000
0.000000
0.000000
0.000000
0.000000
0.000000
0.000000
0.000000
0.000000
0.000000
0.000000
0.000000
0.000000
0.000000
0.000000
0.000000
0.000000
0.000000
0.000000
0.000000
0.000000
0.000000
0.000000
0.000000
0.000000
0.000000
0.000000
0.000000
0.000000
0.130399
0.000000
0.383802
0.191755
0.000000
0.000000
0.000000
0.011144
0.000000
0.247670
0.127332
0.000000
0.000000
0.000000
0.000000
0.000000
0.051187
0.000000
1.550804
0.000000
0.018360
0.000000
0.010060
0.000000
0.116809
0.000000
0.000000
0.122522
0.000000
0.031332
0.000000
0.000000
0.228579
0.200964
0.000000
0.085569
0.000000
0.039178
0.000000
0.000000
0.000000
0.000000
0.318382
0.000000
0.000000
0.000000
0.000000
0.000000
0.000000
0.169996
0.000000
0.717950
0.009047
0.000000
0.000000
0.000000
0.000000
0.000000
0.015529
0.028678
0.000000
0.000000
0.000000
0.000000
0.000000
0.000000
0.000000
0.000000
0.000000
0.000000
0.000000
0.000000
0.000000
0.000000
0.000000
0.000000
0.000000
0.000000
0.000000
0.000000
0.000000
0.000000
0.000000
0.000000
0.000000
0.000000
0.000000
0.000000
0.000000
0.000000
0.000000
0.000000
0.000000
0.000000
0.000000
0.000000
0.000000
0.000000
0.000000
0.000000
0.000000
0.000000
0.000000
0.000000
0.000000
0.000000
0.000000
0.000000
0.000000
0.000000
0.000000
0.000000
0.000000
0.000000
0.000000
0.000000
0.000000
0.000000
0.000000
0.000000
0.000000
0.000000
0.000000
0.000000
0.000000
0.000000
0.000000
0.000000
0.000214
0.000000
0.000000
0.015117
0.000000
0.000000
0.000000
0.000000
0.000000
0.000000
0.000000
0.000000
0.000000
0.000000
0.000000
0.000000
0.000000
0.000000
0.000000
0.000000
0.000000
0.000000
0.000000
0.000000
0.000000
0.000000
0.000000
0.000000
0.000000
0.000000
0.000000
0.000000
0.000000
0.000000
0.013900
0.000000
0.000000
0.000000
0.000000
0.000000
0.000000
0.000000
0.000000
0.000000
0.000000
0.000000
0.000000
0.000000
0.000000
0.000000
0.000000
0.000000
0.000000
0.000000
0.000000
0.000000
0.000000
0.000000
0.000000
0.000000
0.000000
0.000000
0.000000
0.000000
0.000000
0.000000
0.000000
0.000000
0.000000
0.000000
0.000000
0.000000
0.000000
0.000000
0.000000
0.000000
0.000000
0.000000
0.000000
0.000000
0.000000
0.000000
0.000000
0.000000
0.000000
0.000000
0.000000
0.000000
0.000000
0.000000
0.000000
0.000000
0.000000
0.000000
0.000000
0.000000
0.000000
0.000000
0.000000
0.000000
0.000000
0.000000
0.000000
0.000000
0.000000
0.000000
0.000000
0.000000
0.000000
0.000000
0.000000
0.000000
0.000000
0.000000
0.000000
0.000000
0.000000
0.000000
0.000000
0.000000
0.000000
0.000000
0.000000
0.000000
0.000000
0.000000
0.000000
0.000000
