0.000000
0.218038
0.137785
0.056268
0.918809
2.849524
0.750412
5.276256
0.056043
0.107501
0.421663
0.027004
1.049297
1.592995
1.188721
2.153504
0.693836
0.025562
0.030085
0.472745
3.115707
0.171319
3.887794
0.248450
0.026790
1.477876
0.017783
1.025641
1.168856
1.508661
0.540390
5.425949
0.375529
0.050424
0.094384
1.303039
6.345275
1.903215
1.094063
4.255477
0.357601
0.018514
0.164572
0.392342
4.364595
2.171375
6.192304
1.696601
0.029580
1.472274
0.263975
0.034115
2.138827
2.444561
1.492989
1.815792
0.217299
0.033916
0.195245
0.049012
1.958387
2.094002
4.365623
0.512692
7.597624
13.590400
11.837550
12.732675
30.478700
15.595900
27.690600
43.241500
11.083700
7.743285
13.294500
10.143892
15.843900
36.026100
32.124000
24.501500
6.905264
11.092975
9.630484
12.436860
31.791400
76.643800
49.190600
17.088900
5.766004
10.878075
7.398434
10.290159
30.287000
49.271400
16.522563
29.575300
13.342500
9.687534
6.899075
13.086425
30.368300
20.499100
22.990000
46.372100
10.890537
7.415040
10.828813
7.553061
27.177500
32.033300
21.874537
40.836200
14.252800
8.828915
7.427661
12.452100
40.874800
20.500200
48.314300
17.486300
7.713971
17.482200
10.094184
9.929244
49.478462
24.007400
16.171338
39.934300
0.026808
0.056077
0.196746
0.045482
2.583804
0.564376
1.560619
2.691907
0.034873
0.344772
0.032942
0.421095
0.691390
3.741108
1.763544
4.729580
1.409669
0.019510
0.019936
0.447166
0.496270
4.935141
1.043098
1.446798
0.257914
0.185500
0.229292
0.031892
1.865637
1.058760
2.987924
1.197349
0.354155
0.028371
0.028666
0.364971
2.527626
0.989068
3.181553
1.527735
0.483519
0.040846
0.511167
0.026362
1.593426
2.325081
1.873871
1.909252
0.454095
0.000000
0.096321
0.031557
3.780508
0.283408
0.433866
2.790484
0.077824
0.084222
0.179567
0.164910
0.829041
3.888694
0.813040
3.692930
7.299434
9.028676
12.423113
5.769282
15.031000
23.001600
24.614900
15.206050
2.975135
8.373757
8.778035
6.961030
21.377400
14.139437
26.967600
9.417131
6.914934
7.159063
5.126178
8.334006
13.219525
20.897500
27.124475
20.799500
7.994664
5.675561
9.503480
4.771359
25.944700
10.417425
9.824861
32.236275
7.449412
15.938200
10.880825
6.985710
20.499600
21.857800
17.632062
42.866800
6.952389
8.502364
5.812433
8.952516
16.137750
23.803600
13.591463
26.365100
7.881163
6.230949
8.662332
7.960310
18.225562
24.814100
14.583863
36.326100
12.386162
5.504288
8.433831
7.146721
16.917862
26.721100
13.386400
16.140900
1.034587
0.025574
0.000000
1.352588
2.983635
0.125722
4.318211
0.065955
0.032168
0.701654
0.024877
0.991063
2.210439
0.285482
0.830668
1.953054
0.023880
2.445652
0.025103
2.095871
4.477340
0.073014
0.056783
5.754012
1.347016
0.000000
0.025950
1.393921
2.092718
1.071695
3.380367
0.136650
0.024056
0.031662
0.746939
1.510279
0.153955
4.807385
2.130683
0.262541
0.016937
1.308286
0.506550
0.030924
4.263096
2.901545
0.058392
2.515486
0.929052
0.035720
0.028820
0.646694
0.127685
6.277825
2.531359
0.135623
0.029233
1.223985
0.800368
0.011895
6.696667
0.041465
3.928076
2.814762
5.691734
18.821700
15.196075
5.428091
35.979000
57.560400
17.746500
66.227100
14.189600
6.810676
9.463509
8.726757
13.535000
42.030800
42.716400
13.677075
4.109686
8.206831
10.321875
7.951935
72.279512
9.816426
35.558912
34.670437
5.455392
12.825869
8.682250
5.167012
19.204100
29.015300
30.599900
16.087375
8.578445
12.904773
11.003714
5.729771
33.667100
67.149400
14.633288
41.660600
7.284409
7.315750
17.123100
3.453845
21.490038
54.282000
29.895475
28.477300
7.229681
9.794138
12.573681
4.987999
10.033200
59.432100
33.931169
38.968000
3.900684
8.704433
12.039742
7.047797
16.817500
69.965000
14.374700
39.024900
0.000000
0.029573
0.085575
0.359359
2.584840
0.161363
1.927371
2.030406
0.115883
0.987784
0.027367
0.005746
1.227080
2.587136
0.621976
0.140970
0.000000
0.558055
0.005368
0.098695
1.864990
2.723250
0.062607
0.384270
0.005471
0.000000
0.209921
0.760282
1.401114
0.157980
1.067475
0.157146
0.356681
0.030895
0.000000
0.736233
1.058112
1.883868
1.589402
3.063003
0.304471
0.006742
0.120244
0.035500
0.967458
2.550966
2.099151
2.974164
0.447563
0.005479
0.259873
0.004104
3.257481
0.037902
3.289395
0.063337
0.007562
0.230904
0.004085
0.130404
0.276583
2.325064
0.289669
0.870987
7.686340
7.914409
7.364857
8.039784
19.645600
39.979300
13.386400
32.499100
7.679871
4.508877
7.635036
7.927992
14.777100
15.211400
14.790100
11.474762
2.876713
7.727090
12.396780
1.961151
38.245612
25.837000
8.676503
42.233200
6.358582
3.223326
5.155255
5.524091
33.748500
21.546825
9.145720
15.137400
4.814254
14.840812
7.001825
12.054825
28.970200
31.334400
10.073574
35.822187
7.806370
3.994818
5.840480
9.417191
27.347100
9.499840
22.371600
20.330000
7.611189
6.146815
9.285457
5.752371
10.201700
37.584900
9.141750
65.595400
12.748290
4.232020
3.279506
6.307980
10.695600
33.294500
8.891520
29.957700
0.091918
0.227563
0.039960
0.530716
0.741287
5.945846
4.436021
0.655883
0.024501
0.690697
0.203250
0.219298
2.171559
2.756157
4.210875
1.634025
0.017417
0.730225
0.140391
0.347758
1.575543
2.268093
3.872551
2.070286
0.076351
0.050323
0.050349
0.993192
1.546163
0.323775
1.497387
4.236136
0.065131
0.668032
0.491338
0.035873
1.437464
5.122343
6.357263
0.938582
0.036485
0.339391
0.452710
0.097701
5.730110
1.201366
1.109758
7.054727
1.453979
0.022891
1.382321
0.025547
3.526188
0.668972
1.441866
2.806541
0.249677
0.039280
0.023115
1.810421
0.681662
4.706412
0.228766
3.028579
11.966800
7.599036
11.353637
8.606892
75.701000
21.928400
39.140300
31.299400
13.773600
7.122468
11.613200
6.175556
27.041662
31.505500
39.292400
21.390700
11.600650
8.521325
5.957841
13.425350
14.950500
57.074500
39.995800
42.286138
12.257575
7.469125
11.416602
6.551808
19.874400
52.671100
33.674700
23.490000
7.700920
18.910400
9.175659
14.731350
22.236300
40.030300
41.061200
39.240975
6.917784
10.396300
7.033425
12.830388
65.655037
29.166587
34.132300
44.179800
13.687550
9.546552
7.976206
12.032612
47.746187
33.045100
15.133800
65.181112
10.353875
9.587982
10.872126
7.545745
19.819300
67.581325
36.007900
50.280700
0.027168
0.665883
0.022261
0.395582
1.795124
1.871849
1.457851
1.326729
0.122448
0.041685
0.055005
0.699899
3.363782
1.955698
0.752155
1.706869
0.307665
0.039972
0.032809
0.045123
4.827450
1.292630
2.214384
0.496786
0.005299
0.892702
0.069491
0.033165
2.925311
1.971658
0.909139
2.844982
0.721142
0.132840
0.040309
1.508102
4.602402
1.424534
1.843056
4.128608
0.070693
0.126072
0.942250
0.006047
5.370747
1.129949
1.652715
2.432103
0.077734
0.266548
0.018287
0.693688
1.217979
0.474880
4.140959
1.712993
0.034815
0.725174
0.000000
0.027353
4.129105
0.300605
1.402074
2.262977
7.439831
3.818356
12.055762
4.380834
27.269475
24.098500
28.069662
26.578600
5.650537
12.135313
3.555494
6.958149
48.938025
16.640325
22.325500
24.260500
4.678571
9.657280
7.944960
7.742705
25.669125
22.893800
16.575000
40.589800
7.519203
12.046850
4.042310
8.108532
13.281000
30.117000
14.086900
37.036000
6.716656
9.119485
6.357884
13.019900
17.711200
47.428375
29.893500
21.482800
6.032175
8.473661
9.289064
5.481443
13.564500
20.290800
12.616400
39.514488
9.625010
7.363504
6.831259
11.639612
20.665800
41.194800
37.642325
18.643100
9.666671
6.548872
7.858957
6.518121
29.078025
25.044500
22.094300
11.249563
0.028061
1.601679
0.365113
0.014222
4.590539
2.210170
3.143186
0.064241
0.027027
0.009293
0.615946
1.381636
1.223862
2.158995
2.231824
0.083894
0.026254
3.889954
0.000000
1.928261
0.067707
4.329876
0.047363
5.438561
0.267378
0.032111
1.159941
0.026179
3.453170
0.035704
2.217887
0.143874
0.023631
0.036519
2.090622
0.961399
4.162119
0.046298
4.250517
4.575685
1.330362
1.044866
0.020174
0.011495
2.860792
5.222464
0.251017
0.218311
0.036412
1.035874
2.355248
0.027312
0.163444
3.746343
0.082096
5.286776
1.432213
0.031505
1.096657
0.028939
2.640853
1.806821
4.222396
0.084876
7.602025
8.215727
5.136935
10.572163
40.507400
26.527600
16.204050
80.103625
7.805071
9.170521
8.272450
6.098344
24.509863
42.427700
38.241200
30.989600
4.603220
8.592132
7.467406
14.092165
51.013812
18.432600
48.836000
10.863100
8.200618
2.931448
14.963750
6.143562
36.369425
29.709537
54.129012
16.494987
15.936762
3.807802
8.580266
8.074340
40.622787
46.430125
13.514000
36.998350
9.727971
6.843253
3.867550
10.976296
11.571950
41.595359
48.695100
17.868600
3.168000
8.772504
8.658887
9.028359
39.300900
32.696400
22.552787
54.032600
4.052480
9.180342
7.552477
6.739798
56.569725
18.761300
20.148500
79.251800
0.000705
1.086624
0.969632
0.000000
1.880567
0.184686
0.103190
3.448223
0.626948
0.000326
0.033440
0.281713
0.370245
3.527560
2.232812
0.110952
0.163509
0.009613
0.522381
0.014850
2.809625
0.046740
2.422850
0.087760
0.000000
0.422322
0.030688
0.284898
0.086910
2.566042
0.202344
0.777080
0.018995
1.427720
0.120182
0.021370
0.216019
5.141590
0.622123
2.238655
0.049953
0.111128
0.087172
0.006514
0.372852
1.969918
1.734291
1.164034
0.299245
0.284991
0.027812
0.006688
0.117681
0.059991
3.085259
3.473873
0.243929
0.462475
0.031158
0.000000
0.095759
0.068098
1.435590
1.818568
7.626052
6.495791
9.689059
5.333015
22.297200
56.416212
11.817775
25.690300
9.055071
4.806994
8.315612
3.746655
11.529038
31.461075
8.812610
24.727300
6.727123
3.291034
8.881500
3.537455
30.497200
14.614200
40.324850
21.169200
4.787137
5.603920
4.568370
1.864852
15.092200
33.315100
15.072900
7.447470
5.201193
6.214725
7.697427
12.147462
14.055800
36.284637
17.109400
55.339512
8.372280
5.003155
7.379862
4.947903
25.041600
26.793800
14.197900
16.353200
3.942060
13.723212
7.134316
9.895475
33.682375
11.168900
14.040375
51.424600
5.104281
6.331630
4.178403
9.227816
33.840700
12.447100
39.081925
13.039975
0.012138
0.000000
0.000000
0.006613
0.000000
0.000000
0.000000
0.000000
0.015311
0.000000
0.000000
0.035936
0.000000
0.000000
0.000000
0.000000
0.000000
0.049958
0.019283
0.000000
0.000000
0.000000
0.000000
0.000000
0.000000
0.000000
0.071189
0.000000
0.000000
0.000000
0.000000
0.000000
0.000000
0.000000
0.007426
0.000000
0.000000
0.000000
0.000000
0.000000
0.000000
0.061933
0.000070
0.000000
0.000000
0.000000
0.000000
0.000000
0.020037
0.000000
0.000000
0.018734
0.000000
0.000000
0.000000
0.000000
0.000000
0.000000
0.000000
0.000000
0.000000
0.000000
0.000000
0.000000
0.000000
0.000000
0.000000
0.000000
0.000000
0.000000
0.000000
0.000000
0.000000
0.000000
0.000000
0.000000
0.000000
0.000000
0.000000
0.000000
0.000000
0.000000
0.000000
0.000000
0.000000
0.000000
0.000000
0.000000
0.000000
0.000000
0.000000
0.000000
0.000000
0.000000
0.000000
0.000000
0.000000
0.000000
0.000000
0.000000
0.000000
0.000000
0.000000
0.000000
0.000000
0.000000
0.000000
0.000000
0.000000
0.000000
0.000000
0.000000
0.000000
0.000000
0.000000
0.000000
0.000000
0.000000
0.000000
0.000000
0.000000
0.000000
0.000000
0.000000
0.000000
0.000000
0.000000
0.000000
0.003670
0.000000
0.000000
0.009753
0.000000
0.000000
0.000000
0.000000
0.000000
0.000000
0.000292
0.000000
0.000000
0.000000
0.000000
0.000000
0.000000
0.020542
0.008876
0.000000
0.000000
0.000000
0.000000
0.000000
0.000000
0.000000
0.000000
0.000000
0.000000
0.000000
0.000000
0.000000
0.000000
0.007214
0.000000
0.000000
0.000000
0.000000
0.000000
0.000000
0.000000
0.005679
0.000000
0.000094
0.000000
0.000000
0.000000
0.000000
0.000000
0.031236
0.000000
0.000000
0.000000
0.000000
0.000000
0.000000
0.000000
0.000000
0.000000
0.000000
0.000000
0.000000
0.000000
0.000000
0.000000
0.000000
0.000000
0.000000
0.000000
0.000000
0.000000
0.000000
0.000000
0.000000
0.000000
0.000000
0.000000
0.000000
0.000000
0.000000
0.000000
0.000000
0.000000
0.000000
0.000000
0.000000
0.000000
0.000000
0.000000
0.000000
0.000000
0.000000
0.000000
0.000000
0.000000
0.000000
0.000000
0.000000
0.000000
0.000000
0.000000
0.000000
0.000000
0.000000
0.000000
0.000000
0.000000
0.000000
0.000000
0.000000
0.000000
0.000000
0.000000
0.000000
0.000000
0.000000
0.000000
0.000000
0.000000
0.000000
0.000000
0.000000
0.000000
0.000000
0.000000
0.000000
0.000000
0.000000
0.000000
0.293380
0.280234
0.000000
0.000000
0.000000
0.000000
0.000000
0.000000
0.020473
0.079129
0.000000
0.000000
0.000000
0.000000
0.000000
0.401865
0.000000
0.397287
0.000000
0.000000
0.000000
0.011530
0.000000
0.000000
0.276116
0.022301
0.000000
0.000000
0.000000
0.000000
0.000000
0.213163
0.066915
0.012885
0.000000
0.000000
0.000000
0.000000
0.000000
0.032912
0.000000
0.006756
0.000000
0.000000
0.000000
0.000000
0.000000
0.000251
0.114851
0.239164
0.022551
0.000000
0.000000
0.000000
0.000000
0.010518
0.000000
0.020049
0.007577
0.000000
0.000000
0.000000
0.000000
0.000000
0.000000
0.000000
0.000000
0.000000
0.000000
0.000000
0.000000
0.000000
0.000000
0.000000
0.000000
0.000000
0.000000
0.000000
0.000000
0.000000
0.000000
0.000000
0.000000
0.000000
0.000000
0.000000
0.000000
0.000000
0.000000
0.000000
0.000000
0.000000
0.000000
0.000000
0.000000
0.000000
0.000000
0.000000
0.000000
0.000000
0.000000
0.000000
0.000000
0.000000
0.000000
0.000000
0.000000
0.000000
0.000000
0.000000
0.000000
0.000000
0.000000
0.000000
0.000000
0.000000
0.000000
0.000000
0.000000
0.000000
0.000000
0.000000
0.000000
0.000000
0.000000
0.000000
0.000000
0.034853
0.008266
0.000000
0.000000
0.000000
0.000000
0.000000
0.000000
0.000000
0.000000
0.000000
0.009909
0.000000
0.000000
0.000000
0.000000
0.066037
0.000000
0.015188
0.000000
0.000000
0.000000
0.000000
0.000000
0.012194
0.045144
0.000000
0.000000
0.000000
0.000000
0.000000
0.000000
0.000000
0.002816
0.043962
0.000000
0.000000
0.000000
0.000000
0.000000
0.000000
0.012446
0.000000
0.000000
0.000000
0.000000
0.000000
0.000000
0.000000
0.044933
0.000000
0.000000
0.000000
0.000000
0.000000
0.000000
0.016154
0.000000
0.000000
0.000000
0.000000
0.000000
0.000000
0.000000
0.000000
0.000000
0.000000
0.000000
0.000000
0.000000
0.000000
0.000000
0.000000
0.000000
0.000000
0.000000
0.000000
0.000000
0.000000
0.000000
0.000000
0.000000
0.000000
0.000000
0.000000
0.000000
0.000000
0.000000
0.000000
0.000000
0.000000
0.000000
0.000000
0.000000
0.000000
0.000000
0.000000
0.000000
0.000000
0.000000
0.000000
0.000000
0.000000
0.000000
0.000000
0.000000
0.000000
0.000000
0.000000
0.000000
0.000000
0.000000
0.000000
0.000000
0.000000
0.000000
0.000000
0.000000
0.000000
0.000000
0.000000
0.000000
0.000000
0.000000
0.000000
0.000000
0.000000
0.000000
0.000000
0.000000
0.022472
0.000000
0.000000
0.000000
0.000000
0.000000
0.023327
0.000000
0.016111
0.000000
0.000000
0.000000
0.000000
0.000000
0.069294
0.000000
0.003738
0.000000
0.000000
0.000000
0.000000
0.000000
0.000000
0.000000
0.023053
0.000000
0.000000
0.000000
0.000000
0.000000
0.000000
0.000000
0.000000
0.020709
0.000000
0.000000
0.000000
0.000000
0.024345
0.000000
0.000000
0.000000
0.000000
0.000000
0.000000
0.000000
0.000000
0.021693
0.000000
0.043566
0.000000
0.000000
0.000000
0.000000
0.000000
0.000000
0.070904
0.000000
0.000000
0.000000
0.000000
0.000000
0.000000
0.000000
0.000000
0.000000
0.000000
0.000000
0.000000
0.000000
0.000000
0.000000
0.000000
0.000000
0.000000
0.000000
0.000000
0.000000
0.000000
0.000000
0.000000
0.000000
0.000000
0.000000
0.000000
0.000000
0.000000
0.000000
0.000000
0.000000
0.000000
0.000000
0.000000
0.000000
0.000000
0.000000
0.000000
0.000000
0.000000
0.000000
0.000000
0.000000
0.000000
0.000000
0.000000
0.000000
0.000000
0.000000
0.000000
0.000000
0.000000
0.000000
0.000000
0.000000
0.000000
0.000000
0.000000
0.000000
0.000000
0.000000
0.000000
0.000000
0.000000
0.000000
0.000000
0.000000
0.014972
0.000000
0.006124
0.000000
0.000000
0.000000
0.000000
0.000000
0.000000
0.000000
0.000000
0.000000
0.000000
0.000000
0.000000
0.000000
0.000000
0.000000
0.000000
0.000000
0.000000
0.000000
0.000000
0.000000
0.027325
0.000000
0.000000
0.000000
0.000000
0.000000
0.000000
0.000000
0.000000
0.000000
0.000000
0.000000
0.000000
0.000000
0.000000
0.000000
0.000000
0.000000
0.000000
0.024296
0.000000
0.000000
0.000000
0.000000
0.000000
0.000000
0.032076
0.000000
0.000000
0.000000
0.000000
0.000000
0.002126
0.000000
0.054000
0.013156
0.000000
0.000000
0.000000
0.000000
0.000000
0.000000
0.000000
0.000000
0.000000
0.000000
0.000000
0.000000
0.000000
0.000000
0.000000
0.000000
0.000000
0.000000
0.000000
0.000000
0.000000
0.000000
0.000000
0.000000
0.000000
0.000000
0.000000
0.000000
0.000000
0.000000
0.000000
0.000000
0.000000
0.000000
0.000000
0.000000
0.000000
0.000000
0.000000
0.000000
0.000000
0.000000
0.000000
0.000000
0.000000
0.000000
0.000000
0.000000
0.000000
0.000000
0.000000
0.000000
0.000000
0.000000
0.000000
0.000000
0.000000
0.000000
0.000000
0.000000
0.000000
0.000000
0.000000
0.000000
0.000000
0.000000
0.000000
0.000000
0.077553
0.000000
0.021373
0.029291
0.000000
0.000000
0.000000
0.000067
0.025124
0.051962
0.000000
0.000000
0.000000
0.000000
0.000000
0.000000
0.255944
0.000000
0.759306
0.000000
0.005196
0.000000
0.010530
0.000000
0.021982
0.035460
0.000000
0.020659
0.000000
0.002652
0.000000
0.000000
0.329586
0.047985
0.000000
0.000000
0.000000
0.011048
0.000000
0.000000
0.000000
0.000000
0.060945
0.000000
0.000000
0.000000
0.000000
0.000000
0.016889
0.022584
0.000000
0.830880
0.000000
0.000000
0.009120
0.000000
0.000000
0.022366
0.000000
0.007389
0.000000
0.000000
0.000000
0.000000
0.000000
0.000000
0.000000
0.000000
0.000000
0.000000
0.000000
0.000000
0.000000
0.000000
0.000000
0.000000
0.000000
0.000000
0.000000
0.000000
0.000000
0.000000
0.000000
0.000000
0.000000
0.000000
0.000000
0.000000
0.000000
0.000000
0.000000
0.000000
0.000000
0.000000
0.000000
0.000000
0.000000
0.000000
0.000000
0.000000
0.000000
0.000000
0.000000
0.000000
0.000000
0.000000
0.000000
0.000000
0.000000
0.000000
0.000000
0.000000
0.000000
0.000000
0.000000
0.000000
0.000000
0.000000
0.000000
0.000000
0.000000
0.000000
0.000000
0.000000
0.000000
0.000000
0.000000
0.000000
0.020821
0.000000
0.000000
0.029342
0.000000
0.000000
0.000000
0.000000
0.000000
0.021308
0.000000
0.000000
0.000000
0.000000
0.000000
0.000000
0.000000
0.000000
0.000000
0.001441
0.000000
0.000000
0.000000
0.000000
0.021610
0.000000
0.000000
0.000000
0.000000
0.000000
0.000000
0.000000
0.010870
0.000000
0.000000
0.002772
0.000000
0.000000
0.000000
0.000000
0.000000
0.000000
0.000000
0.013353
0.000000
0.000000
0.000000
0.000000
0.000000
0.000000
0.021190
0.000000
0.000000
0.000000
0.000000
0.000000
0.000000
0.000000
0.000000
0.034719
0.000000
0.000000
0.000000
0.000000
0.000000
0.000000
0.000000
0.000000
0.000000
0.000000
0.000000
0.000000
0.000000
0.000000
0.000000
0.000000
0.000000
0.000000
0.000000
0.000000
0.000000
0.000000
0.000000
0.000000
0.000000
0.000000
0.000000
0.000000
0.000000
0.000000
0.000000
0.000000
0.000000
0.000000
0.000000
0.000000
0.000000
0.000000
0.000000
0.000000
0.000000
0.000000
0.000000
0.000000
0.000000
0.000000
0.000000
0.000000
0.000000
0.000000
0.000000
0.000000
0.000000
0.000000
0.000000
0.000000
0.000000
0.000000
0.000000
0.000000
0.000000
0.000000
0.000000
0.000000
0.000000
0.000000
0.000000
0.000000
