0.000000
0.049941
0.010115
0.000000
1.965239
2.469241
0.802852
2.368135
0.000000
0.000000
0.044178
0.020573
0.040108
1.152684
1.060236
2.359773
0.021607
0.000000
0.214076
0.000000
2.403947
1.279078
1.582810
2.078736
0.000000
0.000000
0.000000
0.436678
1.406319
2.266909
0.073044
1.625506
0.323065
0.187767
0.034157
1.108424
2.676577
2.070546
2.130707
2.067841
0.000000
0.000000
0.735287
0.000003
3.317300
0.116584
3.556673
0.299460
0.139772
0.025788
0.000000
0.012607
2.341512
2.101330
2.257627
0.000000
0.000291
0.206244
0.000000
0.000000
0.963930
1.323079
1.169026
2.623891
4.314799
9.925710
4.046674
8.170789
25.825697
11.532670
19.989450
32.029408
4.971461
4.409351
8.738761
6.397397
12.153962
28.028780
27.983044
22.000919
3.661681
8.912210
5.522464
8.459985
22.956572
44.973670
39.006984
14.907766
2.260172
11.398590
3.793054
4.873307
21.924389
34.037672
15.078136
25.684102
9.380083
6.161414
3.956945
7.779582
28.489362
13.799022
16.125608
30.764722
5.461306
4.991397
5.494768
4.771572
22.951837
23.130033
14.023672
34.145420
9.576409
6.072624
3.874688
7.419644
30.608464
16.920559
31.763658
12.870959
4.009213
10.522156
3.582098
7.143051
35.844469
12.086948
12.945727
29.821695
0.000000
0.000459
0.000014
0.000033
0.075288
0.033732
0.667379
1.420017
0.000000
0.000078
0.000000
0.000438
0.000010
0.760518
0.032274
0.751139
0.000000
0.000000
0.000000
0.000024
1.448734
1.267039
0.044045
0.000000
0.000000
0.000012
0.000000
0.000000
0.026957
0.344285
0.835828
0.000000
0.000003
0.000000
0.000000
0.000000
1.880330
0.000000
1.215174
0.000019
0.000004
0.000000
0.000000
0.000000
0.029988
0.153606
0.000000
0.199298
0.000041
0.000000
0.000031
0.000000
1.357127
1.379677
0.000000
0.784519
0.000000
0.000000
0.000002
0.000000
0.032250
0.458549
0.065319
0.020769
2.414708
5.198925
6.215940
1.747287
11.253629
20.125547
18.996634
14.150722
0.155331
2.725139
2.539595
3.549045
20.925245
8.057125
27.458658
6.616830
3.973440
2.295941
2.522732
4.255576
10.078216
23.733998
17.857717
14.081781
3.703048
1.812958
6.214789
0.807296
21.537427
11.299927
6.832085
31.428220
3.365066
11.015377
7.505407
3.439761
17.572175
18.551444
14.356877
32.292430
2.408493
4.077727
2.387723
5.042885
13.304066
24.233108
9.471510
21.395977
4.809894
1.909421
5.496183
4.046378
13.937084
23.790441
16.175736
23.254073
4.273734
1.328039
3.218607
2.247435
10.503048
21.985558
14.397786
16.959991
1.003325
0.000000
0.000000
0.210301
2.098166
1.906071
1.690801
0.652788
0.000000
0.000000
0.000000
0.000000
0.381936
0.425959
3.141056
1.140416
0.000000
0.803207
0.000000
0.867757
1.153145
2.053664
0.430546
1.391926
0.023248
0.000000
0.000000
0.000000
0.976893
1.620744
0.326150
2.134637
0.000000
0.128124
0.000000
1.040898
1.411091
1.595972
0.936421
1.514966
0.000000
0.572911
0.000037
0.120072
1.790634
0.236232
0.279564
1.983812
0.000075
0.178593
0.000000
0.000000
1.293599
1.417110
1.861263
2.371434
0.038718
0.552632
0.000000
0.000000
1.441004
0.000000
2.103242
0.228418
2.966797
11.616202
9.416099
1.567070
24.091730
40.437697
16.490852
43.352489
8.436452
3.259640
8.364559
3.140876
14.726787
27.454867
29.059781
14.388455
2.320393
8.267700
7.655210
2.483848
41.020875
10.981254
18.851325
29.568500
1.472059
7.482548
6.462769
2.572469
12.536525
27.192108
31.084914
9.874424
3.476870
8.084140
7.384190
3.145883
18.665767
38.880212
13.528000
33.573459
6.283911
1.804736
11.439117
2.686402
22.508506
32.727266
16.961773
27.544545
3.385288
10.371217
7.959761
2.515718
10.543907
34.893720
26.511562
20.286795
3.104082
6.791795
9.045361
2.644006
11.336588
39.873872
16.172028
34.022119
0.000000
0.000000
0.000000
0.000000
2.491523
0.057578
0.000000
0.588269
0.000000
0.000000
0.000000
0.000000
0.000000
0.064837
0.192225
0.070964
0.000000
0.000000
0.000000
0.000000
0.261805
0.311168
0.128508
1.533846
0.000000
0.000000
0.000000
0.000000
0.029631
0.234846
0.000000
0.200955
0.000000
0.000000
0.000000
0.000000
0.292456
0.006969
1.550654
0.217648
0.000000
0.000000
0.000000
0.000000
0.000000
0.665989
1.017399
0.000000
0.000000
0.000000
0.000000
0.000000
1.108852
0.101713
0.472242
0.055734
0.000008
0.000000
0.000000
0.000000
0.236593
0.000000
0.252648
0.000000
4.015810
4.199229
2.447474
6.647364
12.555811
25.677069
13.973414
31.393744
4.000598
1.319225
2.280785
2.601547
18.605125
9.404758
16.202406
6.570412
0.573989
9.157076
8.294039
1.828733
36.204464
11.712386
8.196689
28.149748
2.623895
0.531116
1.865476
5.858001
14.583708
13.146148
10.193060
19.050083
1.649732
9.806907
3.214286
3.830925
15.374703
19.607164
7.929259
33.856305
6.707420
0.585421
2.205098
5.370423
18.191348
9.160886
17.459687
26.141722
3.423878
2.495737
3.716497
1.593428
11.593270
21.719944
9.838257
38.855241
8.654147
1.212783
1.621412
4.201646
9.664296
24.283175
10.960704
15.364531
0.000000
0.208541
0.000000
1.063856
0.853647
2.424778
2.532601
1.849327
0.000000
1.095447
0.000002
0.000000
1.722132
0.412197
1.438552
2.086483
0.000000
0.032192
1.083624
0.000000
1.690521
2.323913
2.581713
0.427889
0.000000
0.613718
0.000000
0.037497
1.265461
1.535427
0.044438
1.958445
0.000000
0.000000
1.091499
0.049290
1.409553
2.362275
1.865217
1.718369
0.135837
0.000000
0.035845
0.000000
1.971552
1.883486
0.000000
2.672082
1.619077
0.000000
0.008225
0.000000
2.244203
1.251333
2.833667
1.266284
0.000049
0.751947
0.000000
0.023434
0.365939
0.560680
0.972408
1.679834
8.299862
4.342487
7.764432
5.316419
46.724286
17.756403
28.576706
15.893206
7.212875
4.465619
8.572302
2.788187
17.718045
26.932353
29.013203
15.618386
7.819142
4.682559
2.244306
8.953962
13.041405
36.153695
24.110842
31.345064
7.802686
3.790245
7.838248
2.765673
13.755047
36.761923
19.168939
24.674906
4.729515
9.698935
6.504275
9.043653
12.473302
30.772491
30.635884
23.069906
2.805318
7.128042
4.553756
5.208075
47.552933
24.942828
19.009075
39.246898
9.153890
5.396622
4.223919
10.641732
27.529380
20.591139
13.379603
42.154722
4.533656
6.489652
7.130303
3.667352
21.069812
47.927852
18.087231
33.409806
0.000000
0.000000
0.000000
0.000000
0.169356
0.393848
0.000000
1.559385
0.000000
0.000000
0.000000
0.000000
0.648092
0.149124
0.000000
0.268340
0.000002
0.101469
0.000000
0.000003
2.547972
0.026217
0.086723
0.209171
0.000000
0.000000
0.000000
0.000000
0.152070
0.084850
0.238064
0.000000
0.000000
0.000000
0.000000
0.000000
0.053061
0.000000
1.048870
1.357660
0.000000
0.000044
0.000036
0.000000
0.140411
0.000000
0.156256
0.429305
0.000000
0.000000
0.000000
0.000105
1.438088
0.091677
1.281353
0.000000
0.000000
0.000015
0.000000
0.000000
1.256422
0.000000
0.000000
0.558239
4.994432
1.593539
5.049727
1.942666
17.838566
19.219487
17.762709
21.796845
1.834166
5.256046
1.148285
2.216492
41.435436
14.815155
12.788569
26.945280
2.112787
9.784281
4.872798
1.816975
23.650114
24.481683
12.671908
24.877703
2.117602
7.007279
1.615605
1.997146
13.093280
14.661167
15.375545
28.676222
3.368615
2.528274
2.676103
6.384190
13.678934
36.519975
25.210244
10.986417
1.162898
3.988355
4.659984
2.041142
10.205000
20.547609
5.951561
37.104947
9.965063
1.532358
3.210932
6.244027
19.883020
30.270116
22.577880
19.884411
2.466403
1.310726
2.257679
1.891146
16.202803
20.215256
25.058098
13.403348
0.000000
1.180846
0.000000
0.196312
2.291227
1.783392
2.407822
0.764547
0.069385
0.000000
0.000000
0.024016
1.341061
0.000000
1.703502
0.847375
0.050373
0.610996
0.000000
0.425405
0.446307
1.993697
0.338759
0.720601
0.000000
0.091237
0.675001
0.000000
0.615529
0.000000
0.268055
2.674205
0.016492
0.000000
0.430348
0.000000
3.866298
0.199423
2.348079
0.514431
0.000000
0.820984
0.000000
0.107417
0.975844
1.254129
0.093457
2.763290
0.240159
0.000000
1.584500
0.018080
0.714444
1.807659
1.745946
1.310932
0.185415
0.147632
0.000000
0.000000
2.233700
0.927482
0.000000
2.133478
3.170092
6.050490
4.366479
7.368987
34.468989
13.916484
13.587675
43.820216
4.514060
7.335506
4.599399
1.721922
20.905902
24.393928
32.979712
19.639675
2.542739
6.690063
1.455795
8.794093
33.698294
12.089294
27.135075
12.306042
8.040289
2.626322
10.082854
1.402037
17.976237
26.997162
38.446286
11.485852
10.238308
3.905176
4.053547
8.325740
22.330723
25.892083
11.965855
28.851714
4.672756
5.195890
2.571583
3.641581
12.499816
36.708370
25.059258
11.926677
4.118871
6.556785
3.225002
9.491099
18.750687
28.956011
19.686052
33.433105
2.352670
7.720725
5.946474
4.677077
44.993961
12.808683
20.569891
42.390252
0.000000
0.000000
0.060504
0.000000
0.030254
0.067289
0.252008
0.174593
0.000000
0.000000
0.000003
0.000000
0.074267
0.536944
0.000000
0.053753
0.000000
0.000000
0.000000
0.000000
0.000000
0.141852
0.052379
0.216029
0.000000
0.000000
0.000000
0.000000
0.248069
0.000000
0.108633
0.000000
0.000000
0.000000
0.000000
0.000000
0.121967
0.230662
0.025707
2.510967
0.000000
0.000000
0.000000
0.000000
0.000000
0.045197
0.000000
0.679167
0.000000
0.000000
0.030907
0.000000
1.217847
0.081716
0.711388
0.000000
0.000000
0.000000
0.000000
0.000000
0.000000
0.366171
0.000000
0.215879
4.202526
2.700733
4.669937
1.655478
12.634583
35.285647
14.732772
22.852270
3.687520
1.472925
4.601213
1.901259
12.793525
17.036739
8.166383
15.153045
3.405234
0.441997
2.915243
2.874234
19.415156
15.494180
47.827428
9.824812
1.895437
6.392000
1.448920
1.947804
9.405691
18.757684
18.070087
9.014940
1.343826
3.233457
2.842511
9.631457
14.372181
33.345792
11.328649
33.156331
4.713014
2.246277
2.903082
0.950689
18.456531
12.912680
13.118659
19.659509
1.589980
8.770388
1.298712
3.750852
24.857836
12.315716
16.876711
25.890633
1.499817
6.987681
1.686850
4.486110
21.385794
17.349983
21.018070
16.660755
0.000000
0.000000
0.000000
0.000000
0.000000
0.000000
0.000000
0.000000
0.000000
0.000000
0.000000
0.000000
0.000000
0.000000
0.000000
0.000000
0.000000
0.000000
0.000000
0.000000
0.000000
0.000000
0.000000
0.000000
0.000000
0.000000
0.000000
0.000000
0.000000
0.000000
0.000000
0.000000
0.000000
0.000000
0.000000
0.000000
0.000000
0.000000
0.000000
0.000000
0.000000
0.000111
0.000000
0.000000
0.000000
0.000000
0.000000
0.000000
0.000011
0.000000
0.000000
0.000000
0.000000
0.000000
0.000000
0.000000
0.000000
0.000000
0.000000
0.000000
0.000000
0.000000
0.000000
0.000000
0.000000
0.000000
0.000000
0.000000
0.000000
0.000000
0.000000
0.000000
0.000000
0.000000
0.000000
0.000000
0.000000
0.000000
0.000000
0.000000
0.000000
0.000000
0.000000
0.000000
0.000000
0.000000
0.000000
0.000000
0.000000
0.000000
0.000000
0.000000
0.000000
0.000000
0.000000
0.000000
0.000000
0.000000
0.000000
0.000000
0.000000
0.000000
0.000000
0.000000
0.000000
0.000000
0.000000
0.000000
0.000000
0.000000
0.000000
0.000000
0.000000
0.000000
0.000000
0.000000
0.000000
0.000000
0.000000
0.000000
0.000000
0.000000
0.000000
0.000000
0.000000
0.000000
0.000000
0.000000
0.000000
0.000000
0.000000
0.000000
0.000000
0.000000
0.000000
0.000000
0.000000
0.000000
0.000000
0.000000
0.000000
0.000000
0.000000
0.000000
0.000000
0.000000
0.000000
0.000000
0.000000
0.000000
0.000000
0.000000
0.000000
0.000000
0.000000
0.000000
0.000000
0.000000
0.000000
0.000000
0.000000
0.000005
0.000000
0.000000
0.000000
0.000000
0.000000
0.000000
0.000000
0.000000
0.000000
0.000000
0.000000
0.000000
0.000000
0.000000
0.000000
0.000000
0.000000
0.000000
0.000000
0.000000
0.000000
0.000000
0.000000
0.000000
0.000000
0.000000
0.000000
0.000000
0.000000
0.000000
0.000000
0.000000
0.000000
0.000000
0.000000
0.000000
0.000000
0.000000
0.000000
0.000000
0.000000
0.000000
0.000000
0.000000
0.000000
0.000000
0.000000
0.000000
0.000000
0.000000
0.000000
0.000000
0.000000
0.000000
0.000000
0.000000
0.000000
0.000000
0.000000
0.000000
0.000000
0.000000
0.000000
0.000000
0.000000
0.000000
0.000000
0.000000
0.000000
0.000000
0.000000
0.000000
0.000000
0.000000
0.000000
0.000000
0.000000
0.000000
0.000000
0.000000
0.000000
0.000000
0.000000
0.000000
0.000000
0.000000
0.000000
0.000000
0.000000
0.000000
0.000000
0.000000
0.000000
0.000000
0.000000
0.000000
0.000000
0.000000
0.000000
0.000000
0.000000
0.000000
0.000000
0.000000
0.000000
0.000000
0.000000
0.000000
0.000000
0.000000
0.000000
0.000000
0.000000
0.000000
0.000000
0.000000
0.000000
0.000000
0.000000
0.000000
0.000000
0.000000
0.000000
0.000000
0.000000
0.000000
0.000000
0.000000
0.000000
0.000000
0.000000
0.000000
0.000000
0.000000
0.000000
0.000000
0.000000
0.000000
0.000000
0.000000
0.000000
0.000000
0.000000
0.000000
0.000000
0.000007
0.000000
0.000000
0.000000
0.000000
0.000000
0.000000
0.000000
0.000000
0.000000
0.000000
0.000000
0.000000
0.000000
0.000000
0.000000
0.000000
0.000000
0.000000
0.000000
0.000000
0.000000
0.000000
0.000000
0.000000
0.000000
0.000000
0.000000
0.000000
0.000000
0.000000
0.000000
0.000000
0.000000
0.000000
0.000000
0.000000
0.000000
0.000000
0.000000
0.000000
0.000000
0.000000
0.000000
0.000000
0.000000
0.000000
0.000000
0.000000
0.000000
0.000000
0.000000
0.000000
0.000000
0.000000
0.000000
0.000000
0.000000
0.000000
0.000000
0.000000
0.000000
0.000000
0.000000
0.000000
0.000000
0.000000
0.000000
0.000000
0.000000
0.000000
0.000000
0.000000
0.000000
0.000000
0.000000
0.000000
0.000000
0.000000
0.000000
0.000000
0.000000
0.000000
0.000000
0.000000
0.000000
0.000000
0.000000
0.000000
0.000000
0.000000
0.000000
0.000000
0.000000
0.000000
0.000000
0.000000
0.000000
0.000000
0.000000
0.000000
0.000000
0.000000
0.000000
0.000000
0.000000
0.000000
0.000000
0.000000
0.000000
0.000000
0.000000
0.000000
0.000000
0.000000
0.000000
0.000000
0.000000
0.000000
0.000000
0.000000
0.000000
0.000000
0.000000
0.000000
0.000000
0.000000
0.000000
0.000000
0.000000
0.000000
0.000000
0.000000
0.000000
0.000000
0.000000
0.000000
0.000000
0.000000
0.000000
0.000000
0.000000
0.000000
0.000000
0.000000
0.000000
0.000000
0.000000
0.000000
0.000000
0.000000
0.000000
0.000000
0.000000
0.000000
0.000000
0.000000
0.000000
0.000000
0.000000
0.000000
0.000000
0.000000
0.000000
0.000000
0.000000
0.000000
0.000000
0.000000
0.000000
0.000000
0.000000
0.000000
0.000000
0.000000
0.000000
0.000000
0.000000
0.000000
0.000000
0.000000
0.000000
0.000000
0.000000
0.000000
0.000000
0.000000
0.000000
0.000000
0.000000
0.000000
0.000000
0.000000
0.000000
0.000000
0.000000
0.000000
0.000000
0.000000
0.000000
0.000000
0.000000
0.000000
0.000000
0.000000
0.000000
0.000000
0.013952
0.000000
0.000000
0.000000
0.000000
0.000000
0.000000
0.000000
0.000000
0.000000
0.000000
0.000000
0.000000
0.000000
0.000000
0.000000
0.000000
0.000000
0.000000
0.000000
0.000000
0.000000
0.000000
0.000000
0.000000
0.000000
0.000000
0.000000
0.000000
0.000000
0.000000
0.000000
0.000000
0.000000
0.000000
0.000000
0.000000
0.000000
0.000000
0.000000
0.000000
0.000000
0.000000
0.000000
0.000000
0.000000
0.000000
0.000027
0.000000
0.000000
0.000000
0.000000
0.000000
0.000000
0.000000
0.000000
0.045513
0.000000
0.000000
0.000000
0.000000
0.000000
0.000000
0.000000
0.000000
0.000000
0.000000
0.000000
0.000000
0.000000
0.000000
0.000000
0.000000
0.000000
0.000000
0.000000
0.000000
0.000000
0.000000
0.000000
0.000000
0.000000
0.000000
0.000000
0.000000
0.000000
0.000000
0.000000
0.000000
0.000000
0.000000
0.000000
0.000000
0.000000
0.000000
0.000000
0.000000
0.000000
0.000000
0.000000
0.000000
0.000000
0.000000
0.000000
0.000000
0.000000
0.000000
0.000000
0.000000
0.000000
0.000000
0.000000
0.000000
0.000000
0.000000
0.000000
0.000000
0.000000
0.000000
0.000000
0.000000
0.000000
0.000000
0.000000
0.000000
0.000000
0.000000
0.000000
0.000000
0.000000
0.000000
0.000000
0.000000
0.000000
0.000000
0.000000
0.000000
0.000000
0.000000
0.000000
0.000000
0.000000
0.000000
0.000000
0.000000
0.000000
0.000000
0.000000
0.000000
0.000000
0.000000
0.000000
0.000000
0.000000
0.000000
0.000000
0.000000
0.000000
0.000000
0.000000
0.000000
0.000000
0.000000
0.000000
0.000000
0.000000
0.000000
0.000000
0.000000
0.000000
0.000000
0.000000
0.000000
0.000000
0.000000
0.000000
0.000001
0.000000
0.000000
0.000000
0.000000
0.000000
0.000000
0.000000
0.000000
0.000000
0.000000
0.000000
0.000000
0.000000
0.000000
0.000000
0.000000
0.000000
0.000000
0.000000
0.000000
0.000000
0.000000
0.000000
0.000000
0.000000
0.000000
0.000000
0.000000
0.000000
0.000000
0.000000
0.000000
0.000000
0.000000
0.000000
0.000000
0.000000
0.000000
0.000000
0.000000
0.000000
0.000000
0.000000
0.000000
0.000000
0.000000
0.000000
0.000000
0.000000
0.000000
0.000000
0.000000
0.000000
0.000000
0.000000
0.000000
0.000000
0.000000
0.000000
0.000000
0.000000
0.000000
0.000000
0.000000
0.000000
0.000000
0.000000
0.000000
0.000000
0.000000
0.000000
0.000000
0.000000
0.000000
0.000000
0.000000
0.000000
0.000000
0.000000
0.000000
0.000000
0.000000
0.000000
0.000000
0.000000
0.000000
0.000000
0.000000
0.000000
0.000000
0.000000
0.000000
0.000000
0.000000
0.000000
0.016791
0.000000
0.000000
0.000000
0.000000
0.000000
0.000000
0.000000
0.000000
0.000000
0.000000
0.000000
0.000000
0.000000
0.000000
0.000000
0.000000
0.000000
0.000000
0.000000
0.000000
0.000000
0.000000
0.000000
0.000000
0.000000
0.000000
0.000000
0.000000
0.000000
0.000000
0.003944
0.000000
0.000000
0.000000
0.000000
0.000000
0.000000
0.000000
0.000000
0.000000
0.000000
0.000000
0.000000
0.000000
0.000000
0.000000
0.000000
0.000000
0.000000
0.000000
0.000000
0.000000
0.000000
0.000000
0.000000
0.000000
0.000000
0.000000
0.000000
0.000000
0.000000
0.000000
0.000000
0.000000
0.000000
0.000000
0.000000
0.000000
0.000000
0.000000
0.000000
0.000000
0.000000
0.000000
0.000000
0.000000
0.000000
0.000000
0.000000
0.000000
0.000000
0.000000
0.000000
0.000000
0.000000
0.000000
0.000000
0.000000
0.000000
0.000000
0.000000
0.000000
0.000000
0.000000
0.000000
0.000000
0.000000
0.000000
0.000000
0.000000
0.000000
0.000000
0.000000
0.000000
0.000000
0.000000
0.000000
0.000000
0.000000
0.000000
0.000000
0.000000
0.000000
0.000000
0.000000
0.000000
0.000000
0.000000
0.000000
0.000000
0.000000
0.000000
0.000000
0.000000
0.000000
0.000000
0.000000
0.000000
0.000000
0.000000
0.000000
0.000000
0.000000
0.000000
0.000000
0.000000
0.000000
0.000000
0.000000
0.000000
0.000000
0.000000
0.000000
0.000000
0.000000
0.000000
0.000000
0.000000
0.000000
0.000000
0.000000
0.000000
0.000000
0.000000
0.000000
0.000000
0.000000
0.000000
0.000000
0.000000
0.000000
0.000000
0.000000
0.000000
0.000000
0.000000
0.000000
0.000000
0.000000
0.000000
0.000000
0.000000
0.000000
0.000000
0.000000
0.000000
0.000000
0.000000
0.000000
0.000000
0.000000
0.000000
0.000000
0.000000
0.000000
0.000000
0.000000
0.000000
0.000000
0.000000
0.000000
0.000000
0.000000
0.000000
0.000000
0.000000
0.000000
0.000000
0.000000
0.000000
0.000000
0.000000
0.000000
0.000000
0.000000
0.000000
0.000000
0.000000
0.000000
0.000000
0.000000
0.000000
0.000000
0.000000
0.000000
0.000000
0.000000
0.000000
0.000000
0.000000
0.000000
0.000000
0.000000
0.000000
0.000000
0.000000
0.000000
0.000000
0.000000
0.000000
0.000000
0.000000
0.000000
0.000000
0.000000
0.000000
0.000000
