0.000000
0.000000
0.000000
0.000000
0.003645
0.000000
0.000000
0.000000
0.000000
0.000000
0.000000
0.000756
0.000000
0.004868
0.000000
0.041903
0.000000
0.002348
0.003810
0.000000
0.000000
0.028150
0.000000
0.033190
0.000033
0.000381
0.000000
0.000000
0.000000
0.054375
0.000000
0.000034
0.000000
0.001366
0.000000
0.000000
0.000000
0.000000
0.004827
0.058062
0.000000
0.000000
0.000168
0.000000
0.000000
0.000000
0.065443
0.000000
0.003119
0.000000
0.000000
0.001105
0.055092
0.000000
0.038256
0.000000
0.000000
0.002253
0.000000
0.000000
0.003491
0.000000
0.000513
0.051845
0.056372
0.528278
0.100246
0.337271
23.505283
0.882141
17.369517
29.479516
0.087145
0.077009
0.104823
0.078412
1.499930
26.390086
24.465177
14.724122
0.000000
0.681347
0.166829
0.318739
21.738202
46.546664
34.205403
8.882926
0.000000
1.238155
0.071250
0.087743
20.570508
34.815477
10.374745
18.612841
0.468335
0.075080
0.064450
0.517756
26.159473
3.690688
13.606238
27.639844
0.094040
0.081742
0.014615
0.072613
21.025439
18.110531
4.150559
30.325472
1.459620
0.064012
0.068991
0.055279
27.167325
9.989108
29.482419
11.971088
0.074329
2.089992
0.020672
0.395858
34.006363
2.421850
4.029586
30.968484
0.000000
0.000000
0.000000
0.000000
0.000000
0.000000
0.000000
0.006475
0.000000
0.000000
0.000000
0.000000
0.000000
0.000000
0.000000
0.000550
0.000000
0.000000
0.000000
0.000000
0.007941
0.000250
0.000000
0.000000
0.000000
0.000000
0.000000
0.000000
0.000000
0.000882
0.003129
0.000000
0.000000
0.000000
0.000000
0.000000
0.008369
0.000000
0.000000
0.000000
0.000000
0.000000
0.000000
0.000000
0.000000
0.000000
0.000000
0.000000
0.000000
0.000000
0.000000
0.000000
0.001015
0.035366
0.000000
0.000000
0.000000
0.000000
0.000000
0.000000
0.000000
0.000069
0.000000
0.000000
0.000000
0.086297
0.095136
0.000000
1.747995
14.222467
15.034163
7.463851
0.001290
0.069182
0.000000
0.081375
17.102431
0.174844
25.118970
0.218088
0.079490
0.000000
0.000191
0.084384
1.301682
18.513434
14.303609
13.744219
0.088526
0.058519
1.458358
0.024797
17.383103
6.701561
1.098377
31.613767
0.075163
0.799545
0.144433
0.076846
15.380866
14.067341
4.992340
27.896564
0.000000
0.151972
0.000000
0.094843
7.306674
18.828563
0.687510
17.732858
0.099479
0.018177
0.174734
0.078476
12.909580
18.764950
11.456925
18.367919
0.098426
0.027032
0.060694
0.073636
0.800984
20.178531
10.129975
13.235100
0.000000
0.021819
0.000000
0.000000
0.000000
0.042970
0.000000
0.039276
0.000000
0.000000
0.002887
0.000000
0.000000
0.032754
0.061287
0.000000
0.019499
0.000000
0.019524
0.000000
0.000000
0.049462
0.035983
0.012655
0.000000
0.000245
0.014659
0.000000
0.000000
0.060954
0.000000
0.056275
0.006324
0.006669
0.000000
0.000000
0.033644
0.000000
0.000000
0.041674
0.000000
0.000000
0.000000
0.019938
0.000000
0.000000
0.004957
0.063349
0.000000
0.035219
0.003673
0.000000
0.050440
0.018325
0.000000
0.056840
0.014236
0.000000
0.000000
0.021594
0.018850
0.015045
0.076865
0.015890
0.004253
11.219760
2.177547
0.018869
24.030183
39.380436
9.337343
44.572819
0.365518
0.020155
1.226950
0.199206
7.276769
28.222814
28.927338
10.251191
0.072480
5.067526
2.057380
0.186523
43.136489
8.250754
19.939564
32.728556
0.046203
1.158936
2.209393
0.078348
12.448895
32.091053
28.063862
2.028861
0.044468
0.436412
0.412927
0.032011
17.649461
39.693897
6.981062
34.597425
0.175219
0.038501
11.381964
0.065779
21.863225
34.590375
16.085975
26.842037
0.054961
8.232175
0.444598
0.184589
6.428364
38.093550
26.387977
21.409702
0.076814
2.004814
8.070538
0.620783
8.486529
44.520892
16.107700
30.233559
0.000000
0.007751
0.000000
0.000000
0.063545
0.003623
0.000000
0.000000
0.000000
0.000000
0.000000
0.000000
0.000000
0.022843
0.004422
0.004922
0.000000
0.000000
0.000000
0.000000
0.000000
0.024384
0.015372
0.062484
0.000000
0.000000
0.000000
0.000000
0.000000
0.023186
0.000000
0.016253
0.000000
0.001829
0.000000
0.000000
0.006892
0.000000
0.056768
0.000000
0.000000
0.000000
0.000000
0.000000
0.000000
0.036355
0.007190
0.000000
0.000000
0.006990
0.000000
0.000000
0.028419
0.038798
0.022836
0.018948
0.000000
0.000000
0.000000
0.000000
0.021486
0.017710
0.011480
0.000000
0.081850
0.681685
0.075206
2.252108
12.008170
26.238573
9.648587
34.441483
1.168840
0.044365
0.076889
0.083509
18.246956
0.798591
14.109812
0.307019
0.032286
7.904131
0.704220
0.071667
42.775039
8.161376
5.772901
30.760716
0.084563
0.071154
0.071659
4.253267
11.427173
11.282652
11.598322
21.048987
0.012480
2.991222
0.064939
0.098755
13.563614
19.896548
3.414477
42.114170
3.444215
0.020721
0.071630
0.254144
14.783763
7.021405
15.689459
30.970533
0.084336
0.245693
0.309561
0.617188
9.813420
22.957819
9.671937
42.483136
0.611606
0.241094
0.067189
3.808685
9.726910
25.616877
10.417267
11.309974
0.000000
0.001172
0.000000
0.000342
0.000000
0.000000
0.000000
0.034558
0.000000
0.000000
0.000000
0.000000
0.005510
0.000000
0.002385
0.005468
0.000000
0.000000
0.024002
0.000000
0.000000
0.055568
0.045370
0.000000
0.000000
0.003260
0.000000
0.000000
0.000000
0.049833
0.000000
0.042877
0.000000
0.000000
0.001320
0.000918
0.000000
0.000000
0.000000
0.050129
0.001104
0.000000
0.000000
0.000000
0.042837
0.002509
0.000000
0.031712
0.000000
0.000000
0.000000
0.004208
0.000000
0.009085
0.056361
0.000000
0.000054
0.025645
0.000000
0.000000
0.002856
0.000000
0.003373
0.000000
0.441111
0.001755
0.331332
0.073513
50.555292
15.101941
28.172658
11.704591
0.089970
0.076560
0.370816
0.000000
15.664036
24.274319
19.858620
13.707913
0.097945
0.070854
0.000000
1.927043
3.173494
38.230103
20.891234
26.176778
0.025721
0.069095
0.691809
0.000000
11.736065
38.284645
17.977520
20.686967
0.097254
0.202082
0.260204
0.089014
0.720053
30.379750
31.222780
19.173144
0.000000
0.254174
0.074160
0.108169
47.668477
25.684244
8.291979
34.478450
7.552438
0.076092
0.000000
1.567065
25.360198
19.811370
11.530542
42.046384
0.098051
0.081576
0.399478
0.057119
18.456425
56.089197
14.349959
36.742534
0.000000
0.000000
0.000000
0.000000
0.000000
0.000000
0.000000
0.008580
0.000000
0.000000
0.000000
0.000000
0.000000
0.000000
0.000000
0.000000
0.000000
0.003218
0.000000
0.000000
0.034968
0.000000
0.000000
0.003349
0.000000
0.000000
0.000000
0.000000
0.000000
0.000000
0.000546
0.000000
0.000000
0.000000
0.000000
0.000000
0.000000
0.000303
0.000000
0.000000
0.000000
0.000000
0.000000
0.000000
0.000000
0.000000
0.000000
0.003310
0.000000
0.000000
0.000000
0.000000
0.001995
0.001296
0.000000
0.000000
0.000000
0.000000
0.000000
0.000000
0.000944
0.000000
0.000000
0.007383
0.081900
0.008863
0.069733
0.003791
14.907067
15.495761
11.220767
20.695925
0.007513
0.098747
0.000000
0.000124
41.406589
10.843156
3.428825
24.596612
0.035720
4.104753
0.092206
0.005699
18.309427
17.947137
11.672827
20.043788
0.047036
0.332564
0.007671
0.217447
8.786823
11.529229
12.383778
25.683025
0.001538
0.017460
0.049399
0.164108
7.595450
31.198834
24.822480
0.556718
0.000000
0.110265
0.077193
0.000000
1.371055
17.843650
0.162303
34.803406
2.942967
0.000302
0.078374
0.193102
14.488666
32.422227
17.816303
13.676823
0.093181
0.007247
0.082769
0.000000
5.074885
19.738803
24.500102
11.248409
0.001895
0.000000
0.000000
0.018762
0.000000
0.000003
0.051419
0.042517
0.020807
0.000000
0.000000
0.000000
0.049973
0.000000
0.000000
0.010074
0.029747
0.000000
0.000000
0.000000
0.043208
0.015285
0.019070
0.017564
0.000000
0.026812
0.000000
0.019463
0.022593
0.006984
0.000000
0.053915
0.021402
0.002352
0.000000
0.000000
0.064143
0.025958
0.000000
0.000000
0.000000
0.000000
0.003983
0.004694
0.001345
0.026594
0.001709
0.055450
0.010674
0.000000
0.000000
0.031596
0.011230
0.000000
0.046342
0.034967
0.000000
0.033120
0.000000
0.000158
0.064608
0.000000
0.000000
0.051544
0.211349
0.946213
0.068994
0.468746
33.824191
13.539195
6.099854
45.749820
0.073219
1.415042
0.179523
0.019051
15.718125
22.492817
32.787100
20.137759
0.159306
3.156489
0.019081
0.801604
44.766716
12.180763
27.536258
10.082910
3.060680
0.068687
9.885088
0.032274
17.786983
28.521948
42.942445
11.422981
10.361861
0.067136
0.014546
1.620841
21.146370
28.919316
5.608907
28.073622
1.294215
0.128233
0.067984
0.208496
4.561045
38.364863
21.113414
11.950022
0.066451
1.639763
0.284483
6.206125
17.750200
29.547800
18.115617
34.186850
0.083040
4.071520
1.314084
0.080343
54.040727
12.684336
23.042423
45.703328
0.000000
0.000000
0.000000
0.000000
0.000000
0.002196
0.017346
0.014945
0.000000
0.000000
0.000000
0.000000
0.000373
0.009731
0.000000
0.005075
0.000000
0.000000
0.000000
0.017798
0.017714
0.009077
0.000000
0.044421
0.000000
0.000000
0.000000
0.000000
0.024242
0.029265
0.006561
0.000000
0.000000
0.000000
0.000000
0.000000
0.003166
0.020301
0.000000
0.041451
0.000000
0.000000
0.000000
0.000000
0.000000
0.000000
0.000000
0.060583
0.000000
0.000000
0.031700
0.000000
0.023519
0.028448
0.001975
0.000000
0.000000
0.000000
0.004664
0.000000
0.004099
0.051479
0.000000
0.024839
0.165344
0.077663
0.091579
0.034392
10.923799
36.937834
12.111913
26.131778
0.469966
0.079460
0.085632
0.073635
10.367516
12.394066
5.162042
13.658428
1.027447
0.030812
0.202442
0.072155
21.682266
15.818288
49.270331
0.944088
0.070255
4.194983
0.479567
0.071707
0.746962
19.829103
20.113425
8.045272
0.029789
0.160154
0.060338
8.736952
11.888200
38.983075
7.551815
32.659369
0.088255
0.076486
0.118090
0.035818
17.676784
1.890334
9.728359
20.238180
0.125270
0.830201
0.047203
0.421331
27.966634
11.045550
17.054595
23.585478
0.056004
4.786138
0.199639
0.296665
22.111261
20.197920
18.938553
17.282702
0.000000
0.000000
0.000000
0.000378
0.000000
0.000000
0.000000
0.000000
0.000000
0.000000
0.000000
0.000000
0.000000
0.000000
0.000000
0.000000
0.000000
0.000000
0.000000
0.000000
0.000000
0.000000
0.000000
0.000000
0.000000
0.000000
0.000000
0.000000
0.000000
0.000000
0.000000
0.000000
0.000000
0.000000
0.000000
0.000000
0.000000
0.000000
0.000000
0.000000
0.000000
0.000000
0.000000
0.000000
0.000000
0.000000
0.000000
0.000000
0.000000
0.000000
0.000000
0.000000
0.000000
0.000000
0.000000
0.000000
0.000000
0.000000
0.000000
0.000000
0.000000
0.000000
0.000000
0.000000
0.000000
0.000000
0.000000
0.000000
0.000000
0.000000
0.000000
0.000000
0.000000
0.000000
0.000000
0.000000
0.000000
0.000000
0.000000
0.000000
0.000000
0.000000
0.000000
0.000000
0.000000
0.000000
0.000000
0.000000
0.000000
0.000000
0.000000
0.000000
0.000000
0.000000
0.000000
0.000000
0.000000
0.000000
0.000000
0.000000
0.000000
0.000000
0.000000
0.000000
0.000000
0.000000
0.000000
0.000000
0.000000
0.000000
0.000000
0.000000
0.000000
0.000000
0.000000
0.000000
0.000000
0.000000
0.000000
0.000000
0.000000
0.000000
0.000000
0.000000
0.000000
0.000000
0.000000
0.000000
0.000000
0.000000
0.000000
0.000000
0.000000
0.000000
0.000000
0.000000
0.000000
0.000000
0.000000
0.000000
0.000000
0.000000
0.000000
0.000000
0.000000
0.000000
0.000000
0.000000
0.000000
0.000000
0.000000
0.000000
0.000000
0.000000
0.000000
0.000000
0.000000
0.000000
0.000000
0.000000
0.000000
0.000000
0.000000
0.000000
0.000000
0.000000
0.000000
0.000000
0.000000
0.000000
0.000000
0.000000
0.000000
0.000000
0.000000
0.000000
0.000000
0.000000
0.000000
0.000000
0.000000
0.000000
0.000000
0.000000
0.000000
0.000000
0.000000
0.000000
0.000000
0.000000
0.000000
0.000000
0.000000
0.000000
0.000000
0.000000
0.000000
0.000000
0.000000
0.000000
0.000000
0.000000
0.000000
0.000000
0.000000
0.000000
0.000000
0.000000
0.000000
0.000000
0.000000
0.000000
0.000000
0.000000
0.000000
0.000000
0.000000
0.000000
0.000000
0.000000
0.000000
0.000000
0.000000
0.000000
0.000000
0.000000
0.000000
0.000000
0.000000
0.000000
0.000000
0.000000
0.000000
0.000000
0.000000
0.000000
0.000000
0.000000
0.000000
0.000000
0.000000
0.000000
0.000000
0.000000
0.000000
0.000000
0.000000
0.000000
0.000000
0.000000
0.000000
0.000000
0.000000
0.000000
0.000000
0.000000
0.000000
0.000000
0.000000
0.000000
0.000000
0.000000
0.000000
0.000000
0.000000
0.009209
0.000000
0.000000
0.000000
0.000000
0.000000
0.000000
0.000000
0.000000
0.000000
0.000000
0.000000
0.000000
0.000000
0.000000
0.000000
0.000000
0.000000
0.000000
0.000000
0.000000
0.000000
0.000000
0.000000
0.000000
0.001502
0.000000
0.000000
0.000000
0.000000
0.000000
0.000000
0.000000
0.000000
0.000000
0.000000
0.000000
0.000000
0.000000
0.005769
0.000000
0.000000
0.009264
0.000000
0.000000
0.000000
0.000000
0.000000
0.000000
0.006225
0.000000
0.000000
0.000000
0.000000
0.000000
0.000000
0.000000
0.000000
0.000000
0.000000
0.000000
0.000000
0.000000
0.000000
0.000000
0.000000
0.000000
0.000000
0.000000
0.000000
0.000000
0.000000
0.000000
0.000000
0.000000
0.000000
0.000000
0.000000
0.000000
0.000000
0.000000
0.000000
0.000000
0.000000
0.000000
0.000000
0.000000
0.000000
0.000000
0.000000
0.000000
0.000000
0.000000
0.000000
0.000000
0.000000
0.000000
0.000000
0.000000
0.000000
0.000000
0.000000
0.000000
0.000000
0.000000
0.000000
0.000000
0.000000
0.000000
0.000000
0.000000
0.000000
0.000000
0.000000
0.000000
0.000000
0.000000
0.000000
0.000000
0.000000
0.000000
0.000000
0.000000
0.000000
0.000000
0.000000
0.000000
0.000000
0.000000
0.000000
0.000000
0.000000
0.000000
0.000000
0.000000
0.000000
0.000000
0.000000
0.000000
0.000000
0.000000
0.000000
0.000000
0.000000
0.000000
0.000000
0.000000
0.000000
0.000000
0.000000
0.000000
0.000000
0.000000
0.000000
0.000000
0.000000
0.000000
0.000000
0.000000
0.000000
0.000000
0.000000
0.000000
0.000000
0.000000
0.000000
0.000000
0.000000
0.000000
0.000000
0.000000
0.000000
0.000000
0.000000
0.000000
0.000000
0.000000
0.000000
0.000000
0.000000
0.000000
0.000000
0.000000
0.000000
0.000000
0.000000
0.000000
0.000000
0.000000
0.000000
0.000000
0.000000
0.000000
0.000000
0.000000
0.000000
0.000000
0.000000
0.000000
0.000000
0.000000
0.000000
0.000000
0.000000
0.000000
0.000000
0.000000
0.000000
0.000000
0.000000
0.000000
0.000000
0.000000
0.000000
0.000000
0.000000
0.000000
0.000000
0.000000
0.000000
0.000000
0.000000
0.000000
0.000000
0.000000
0.000000
0.000000
0.000000
0.000000
0.000000
0.000000
0.000000
0.000000
0.000000
0.000000
0.000000
0.000000
0.000000
0.000000
0.000000
0.000000
0.000000
0.000000
0.000000
0.000000
0.000000
0.000000
0.000000
0.000000
0.000743
0.000000
0.000000
0.000000
0.000000
0.000000
0.000000
0.000000
0.000000
0.000000
0.000000
0.000000
0.000000
0.000000
0.000000
0.000000
0.000000
0.000000
0.000000
0.000000
0.000000
0.000000
0.000000
0.000000
0.000000
0.000000
0.000000
0.000000
0.000000
0.000000
0.000000
0.000000
0.000000
0.000000
0.000000
0.000000
0.000000
0.000000
0.000000
0.000000
0.000000
0.000000
0.000000
0.000000
0.000000
0.000000
0.000000
0.000000
0.000000
0.000000
0.000000
0.000000
0.000000
0.000000
0.000000
0.000000
0.000000
0.000000
0.000000
0.000000
0.000000
0.000000
0.000000
0.000000
0.000000
0.000000
0.000000
0.000000
0.000000
0.000000
0.000000
0.000000
0.000000
0.000000
0.000000
0.000000
0.000000
0.000000
0.000000
0.000000
0.000000
0.000000
0.000000
0.000000
0.000000
0.000000
0.000000
0.000000
0.000000
0.000000
0.000000
0.000000
0.000000
0.000000
0.000000
0.000000
0.000000
0.000000
0.000000
0.000000
0.000000
0.000000
0.000000
0.000000
0.000000
0.000000
0.000000
0.000000
0.000000
0.000000
0.000000
0.000000
0.000000
0.000000
0.000000
0.000000
0.000000
0.000000
0.000000
0.000000
0.000000
0.000000
0.000000
0.000000
0.000000
0.000000
0.000000
0.000000
0.000000
0.000000
0.000000
0.000000
0.000000
0.000000
0.000000
0.000000
0.000000
0.000000
0.000000
0.000000
0.000000
0.000000
0.000000
0.000000
0.000000
0.000000
0.000000
0.000000
0.000000
0.000000
0.000000
0.000000
0.000000
0.000000
0.000000
0.000000
0.000000
0.000000
0.000000
0.000000
0.000000
0.000000
0.000000
0.000000
0.000000
0.000000
0.000000
0.000000
0.000000
0.000000
0.000000
0.000000
0.000000
0.000000
0.000000
0.000000
0.000000
0.000000
0.000000
0.000000
0.000000
0.000000
0.000000
0.000000
0.000000
0.000000
0.000000
0.000000
0.000000
0.000000
0.000000
0.000000
0.000000
0.000000
0.000000
0.000000
0.000000
0.000000
0.000000
0.000000
0.000000
0.000000
0.000000
0.000000
0.000000
0.000000
0.000000
0.000000
0.000000
0.000000
0.000000
0.000000
0.000000
0.000000
0.000000
0.000000
0.000000
0.000000
0.000000
0.000000
0.000000
0.000000
0.000000
0.000000
0.000000
0.000000
0.000000
0.000000
0.000000
0.000000
0.000000
0.000000
0.000000
0.000000
0.000000
0.000000
0.000000
0.000000
0.000000
0.000000
0.000000
0.000000
0.000000
0.000000
0.000000
0.000000
0.000000
0.000000
0.000000
0.000000
0.000000
0.000000
0.000000
0.000000
0.000000
0.000000
0.006921
0.000000
0.000000
0.000000
0.000000
0.000000
0.000000
0.000000
0.000000
0.000000
0.000000
0.000000
0.000000
0.000000
0.000000
0.000000
0.000000
0.000000
0.000000
0.000000
0.000000
0.000000
0.015763
0.000000
0.000000
0.000000
0.000000
0.000000
0.000000
0.000000
0.000000
0.000000
0.000000
0.000000
0.000000
0.000000
0.000000
0.000000
0.000000
0.000000
0.000000
0.000000
0.000000
0.000000
0.000000
0.000000
0.000000
0.022401
0.000000
0.000000
0.000000
0.000000
0.000000
0.000000
0.000000
0.000000
0.000000
0.000000
0.000000
0.000000
0.000000
0.000000
0.000000
0.000000
0.000000
0.000000
0.000000
0.000000
0.000000
0.000000
0.000000
0.000000
0.000000
0.000000
0.000000
0.000000
0.000000
0.000000
0.000000
0.000000
0.000000
0.000000
0.000000
0.000000
0.000000
0.000000
0.000000
0.000000
0.000000
0.000000
0.000000
0.000000
0.000000
0.000000
0.000000
0.000000
0.000000
0.000000
0.000000
0.000000
0.000000
0.000000
0.000000
0.000000
0.000000
0.000000
0.000000
0.000000
0.000000
0.000000
0.000000
0.000000
0.000000
0.000000
0.000000
0.000000
0.000000
0.000000
0.000000
0.000000
0.000000
0.000000
0.000000
0.000000
0.000000
0.000000
0.000000
0.000000
0.000000
0.000000
0.000000
0.000000
0.000000
0.000000
0.000000
0.000000
0.000000
0.000000
0.000000
0.000000
0.000000
0.000000
0.000000
0.000000
0.000000
0.000000
0.000000
0.000000
0.000000
0.000000
0.000000
0.000000
0.000000
0.000000
0.000000
0.000000
0.000000
0.000000
0.000000
0.000000
0.000000
0.000000
0.000000
0.000000
0.000000
0.000000
0.000000
0.000000
0.000000
0.000000
0.000000
0.000000
0.000000
0.000000
0.000000
0.000000
0.000000
0.000000
0.000000
0.000000
0.000000
0.000000
0.000000
0.000000
0.000000
0.000000
0.000000
0.000000
0.000000
0.000000
0.000000
0.000000
0.000000
0.000000
0.000000
0.000000
0.000000
0.000000
0.000000
0.000000
0.000000
0.000000
0.000000
0.000000
0.000000
0.000000
0.000000
0.000000
0.000000
0.000000
0.000000
0.000000
0.000000
0.000000
0.000000
0.000000
0.000000
0.000000
0.000000
0.000000
0.000000
0.000000
0.000000
0.000000
0.000000
0.000000
0.000000
0.000000
0.000000
0.000000
0.000000
0.000000
0.000000
0.000000
0.000000
0.000000
0.000000
0.000000
0.000000
0.000000
0.000000
0.000000
0.000000
0.000000
0.000000
0.000000
0.000000
0.000000
0.000000
0.000000
0.000000
0.000000
0.000000
0.000000
