0.000000
1.109697
0.647820
0.021223
3.297175
4.443399
2.009245
4.256335
0.000000
0.257683
1.219250
0.282621
1.456790
2.227256
2.238489
4.064915
1.195325
0.052189
0.607470
1.159771
4.657949
1.718544
3.944740
2.798051
0.045346
1.083315
0.000000
1.803528
3.004185
3.440869
1.024452
3.972484
1.592390
0.824056
0.497976
2.585017
4.704051
3.814277
3.844146
3.854885
0.248049
0.029192
1.406981
0.038798
4.907895
2.150430
4.968792
2.081863
0.468262
1.526419
1.207130
0.357639
3.725012
4.124452
3.748800
2.141273
0.000000
0.754038
0.782775
0.000015
2.270431
3.585472
3.045583
3.162286
6.417941
10.900913
7.533713
8.000119
19.881075
12.092463
15.140925
21.660050
6.644019
5.801246
8.806330
7.280979
11.385150
19.684437
22.451125
19.744037
6.207752
10.312263
6.240809
7.716499
16.729538
28.481050
43.185487
16.253012
5.467949
12.481675
5.115685
6.290101
15.340863
21.645875
15.582087
24.177638
9.279473
7.309094
6.208612
7.542698
21.435188
13.997025
13.551675
21.375412
7.457886
5.831309
7.648902
6.100205
17.321150
17.713813
13.469862
27.728763
8.542031
7.196143
5.584980
8.502955
32.170237
18.049787
21.509975
9.942385
5.202121
9.560378
7.116087
7.820261
38.990653
10.644200
13.289138
19.244762
0.000000
0.000000
0.156174
0.000000
2.199417
0.947848
2.019905
2.503087
0.000000
0.030086
0.000000
0.011886
0.574308
2.247850
1.243972
2.735149
0.771197
0.000000
0.000000
1.006159
2.279497
3.874361
0.865441
1.281564
0.000000
0.040527
0.000000
0.000000
1.814996
1.729076
2.164478
0.878413
0.093125
0.000000
0.000000
0.561773
3.622839
1.440560
2.849927
0.816419
0.151678
0.000000
0.627029
0.000000
1.330822
2.495873
1.034692
1.564006
0.057767
0.000000
0.154540
0.000000
3.917452
1.841073
0.414188
2.688357
0.000000
0.000000
0.015973
0.000000
1.052533
2.645787
0.715868
2.648842
4.979966
6.565764
7.593290
4.248990
10.726950
17.856038
15.594250
13.986375
2.574602
5.270310
5.423855
5.749872
17.370238
8.272769
21.544825
7.550770
5.493612
5.831381
4.973234
5.558424
10.914550
24.917925
13.310275
11.147450
5.917015
2.912862
8.380721
3.642676
15.527675
12.741450
8.771185
20.180075
5.563055
10.317538
8.604952
5.746700
14.106925
16.468300
13.462475
23.606887
4.862676
7.338049
4.649537
5.987889
12.635363
22.534814
9.273337
15.926863
7.793879
5.224262
6.162040
5.788979
11.047238
23.025125
16.519988
16.211338
6.837462
4.508076
5.643374
4.100140
9.846970
14.957513
14.120041
18.090488
2.482656
0.000000
0.000000
1.979591
4.505230
1.991549
4.433637
1.187719
0.000000
0.415431
0.006066
1.477270
2.351256
1.295654
3.704896
3.488240
0.000000
3.348421
0.000000
3.330026
4.202417
1.876838
0.798146
5.448276
2.264866
0.000000
0.000000
1.376417
3.527251
1.861163
2.802636
2.738630
0.000000
0.199020
1.097942
2.509370
1.932118
4.306229
3.311329
2.134140
0.000000
2.651981
0.038071
0.139376
4.355851
2.741557
1.031479
2.936645
1.453920
0.062930
0.000000
0.301999
1.483019
6.046984
3.833062
2.540405
0.036127
2.571887
0.274924
0.000000
4.968474
0.097901
3.998469
3.377245
6.241670
9.380060
8.324074
5.355645
15.846000
50.424050
18.252362
24.433025
7.460565
6.958319
10.149850
5.306635
17.112762
17.001625
18.490963
16.312950
4.384361
11.494438
10.615463
4.149224
23.258525
15.821925
12.874438
40.872712
5.391370
6.313200
9.692979
4.186718
9.112510
40.687800
39.392775
8.326278
7.536711
7.154204
6.463984
6.309192
13.844900
22.239050
16.375287
44.623850
7.752103
6.860295
8.832865
3.856464
26.343912
19.429500
13.137788
35.003625
7.569549
14.827562
7.093627
4.156148
14.907950
19.871838
39.785587
13.936163
4.892860
10.317363
7.158651
6.870537
8.344578
21.952312
20.479109
50.401562
0.000000
0.029422
0.000000
0.495954
3.729606
0.298664
2.271396
2.562826
0.000000
0.872970
0.000000
0.000000
1.114517
2.953443
1.105821
0.275621
0.000000
0.367335
0.000000
0.246134
2.578041
3.248668
0.423463
1.613980
0.000000
0.000000
0.006893
1.438422
2.664835
0.699278
1.540182
0.535765
0.037208
0.035842
0.000000
1.557494
1.371060
2.100501
2.114464
2.884987
0.020014
0.000000
0.000000
0.000000
1.732116
1.875410
2.335917
2.400433
1.045322
0.000000
0.036483
0.000000
4.662824
0.111435
2.893920
0.179530
0.000000
0.037360
0.000000
0.000000
0.743659
2.736411
0.969404
2.093855
5.359632
8.219085
4.257212
8.501355
9.821295
16.524950
17.008972
41.810375
7.451997
4.735181
4.358271
4.511209
21.285431
8.112764
18.820450
6.980175
4.113707
12.931425
6.920139
2.020240
46.886050
9.341476
11.832688
16.039388
4.121945
4.250927
2.495475
8.588514
10.531025
9.485490
14.724187
27.874352
5.250772
8.041941
6.257404
6.209309
11.212275
13.549013
10.312788
43.362670
8.896990
4.089734
3.926876
5.785965
13.078325
11.748325
11.889213
36.347175
5.376891
7.220434
5.158140
6.488257
14.891863
13.774163
13.270375
21.234050
6.962241
4.897485
2.111068
8.562587
13.682838
14.320900
14.989450
10.854575
0.738988
0.940094
0.005880
1.768681
2.030800
4.487811
4.990697
2.689977
0.051624
2.430774
0.000000
0.048951
3.309214
2.539882
2.391049
3.717610
0.002661
1.160635
1.510416
1.427078
3.155239
3.305370
4.492992
2.493574
0.000000
1.293354
0.043131
1.343635
2.984955
2.281945
1.340993
3.778200
0.574202
1.607514
1.648088
0.127937
2.994187
3.942664
4.542564
3.102672
0.560552
0.139034
0.452947
0.094557
3.578739
3.003257
0.993415
5.198554
2.918134
0.146693
2.204205
0.035084
4.858185
2.363430
3.576915
2.717812
0.000000
0.824568
0.000000
2.399490
1.183371
3.262402
2.032491
3.515427
7.946584
7.078385
7.603674
6.943205
47.679762
16.067937
20.100238
14.015263
8.145132
5.099120
8.272538
5.799696
15.071100
24.728425
23.686112
12.090725
8.427649
5.817565
5.523591
7.612894
12.651292
22.166762
17.289125
33.053462
8.506399
5.164092
7.193216
5.168611
10.588525
48.360987
15.119325
26.834450
5.870183
9.694070
5.992617
10.075987
12.937125
32.370100
20.784663
17.431138
5.473586
6.537784
5.305685
8.732645
46.854275
16.553937
17.397538
34.564900
7.728419
6.620287
7.391222
10.994984
20.085075
13.346563
12.920625
52.381425
8.650004
6.921458
6.209505
5.663707
17.735255
55.763412
14.675500
20.659225
0.000000
0.175250
0.000000
0.500141
1.423586
2.336551
0.949996
2.739327
0.000000
0.000000
0.000000
0.366989
2.771185
1.737623
0.394056
1.482483
0.000092
0.231826
0.000000
0.000000
4.570020
1.511743
2.786557
0.658991
0.000000
0.450668
0.000000
0.000000
2.139947
1.899925
1.096589
2.388245
0.425166
0.002906
0.010115
0.879467
2.462850
1.933925
1.765256
2.751957
0.000000
0.000000
0.286507
0.000000
2.930688
1.367764
1.231265
1.674023
0.147162
0.296286
0.000000
0.534441
2.832475
0.410998
3.234514
1.611343
0.000000
0.485040
0.000000
0.000000
2.990361
0.134363
1.809784
1.675551
5.898965
2.670035
7.859745
3.938701
15.816550
16.629369
15.828700
15.252377
3.691461
7.516944
2.569358
5.903631
38.137875
14.572838
10.591780
28.717636
4.418259
10.831584
5.251833
5.386570
21.067725
25.258562
9.890714
17.043763
3.834071
6.308536
3.948141
6.734012
14.523788
10.554500
14.520083
19.906625
6.390679
6.152825
4.253414
6.115385
11.372761
35.531775
19.774900
11.080450
3.325328
5.490026
7.581110
3.782941
8.892191
19.099677
8.756877
28.220850
9.878512
5.124771
4.433465
7.764865
17.988562
18.878963
16.904438
20.858025
7.121525
2.969393
3.799627
4.435922
13.638962
13.920527
23.469250
14.125312
0.039783
2.770086
0.290321
0.246489
5.566020
3.371476
3.605446
1.031359
0.043579
0.000000
0.149369
2.482644
1.775512
2.287766
3.895140
1.425572
0.005118
3.722712
0.000000
2.089862
0.720858
4.683225
0.994569
4.564592
0.000000
0.060475
2.003122
0.000000
3.179925
0.027956
2.900701
2.401250
0.001998
0.131329
2.722969
0.934468
5.479521
0.406050
4.587077
3.629981
0.600266
1.946126
0.000000
0.342893
2.903088
5.705956
0.926220
2.954697
0.592618
1.302193
2.870367
0.000000
1.501655
3.847819
1.493304
7.209656
2.718494
0.018982
0.730828
0.000000
3.087942
3.019544
3.237382
2.126320
4.898597
8.110999
5.542919
10.308837
42.944387
10.213688
14.556200
25.604662
5.661662
9.065740
5.130601
6.236310
25.796450
16.342338
38.842462
12.318388
4.324478
10.276625
6.403694
7.836729
49.787362
8.629424
17.363563
16.477627
11.304263
3.053515
7.446579
6.690067
12.998538
42.973937
47.573336
8.310349
7.823463
5.042162
7.495840
9.792503
15.787288
15.943575
13.629534
36.593900
9.313751
7.146983
3.779203
7.050046
13.743023
48.367312
17.284888
8.725083
5.125320
9.231769
4.398534
13.963912
14.079763
40.549503
28.410350
17.876663
3.867353
12.097462
8.456004
5.805889
60.632025
8.949319
28.546862
23.918375
0.000000
0.815432
1.617110
0.000000
1.869147
0.342218
0.592106
3.349062
0.646007
0.000000
0.000000
0.019665
0.634534
2.883870
2.519500
0.178891
0.000000
0.000000
0.964143
0.000000
3.223588
0.397111
2.450308
0.324233
0.000000
0.990481
0.000000
0.082312
0.488651
3.449804
0.519211
1.978452
0.000000
2.050467
0.000000
0.000000
0.302203
3.552009
1.332116
3.979431
0.000000
0.000000
0.000000
0.000000
0.516526
2.297311
2.205391
1.417798
0.273378
0.414039
0.006195
0.000000
1.670130
0.089325
3.177389
2.743423
0.000000
1.237354
0.000000
0.000000
0.249131
0.529470
1.840405
2.430321
5.082706
5.791874
6.356060
6.457306
9.270204
20.942463
15.424442
36.397475
8.094391
4.546859
6.276679
2.497052
15.181175
12.622325
9.825559
10.522450
6.940226
4.142374
4.594583
4.348635
12.179775
21.187900
55.474175
8.690145
2.817706
9.143942
5.307214
2.301237
8.600197
11.480100
27.155237
11.184900
5.267426
6.274714
4.733082
7.020891
18.393150
40.801750
8.463931
20.125663
6.638387
3.478519
5.647101
5.037317
12.560163
11.171800
14.429663
26.631800
4.750771
7.983756
6.520091
5.161999
14.596125
16.756800
22.494512
16.065300
2.352883
9.754711
4.972583
4.782663
12.715375
26.155550
14.716700
21.717894
0.000000
0.000000
0.000000
0.026468
0.000000
0.000000
0.000000
0.000000
0.000000
0.000000
0.000000
0.000000
0.000000
0.000000
0.000000
0.000000
0.000000
0.065775
0.000000
0.000000
0.000000
0.000000
0.000000
0.000000
0.000000
0.000000
0.194888
0.000000
0.000000
0.000000
0.000000
0.000000
0.000000
0.000000
0.000000
0.000000
0.000000
0.000000
0.000000
0.000000
0.000000
0.000000
0.000000
0.000000
0.000000
0.000000
0.000000
0.000000
0.000000
0.000000
0.000000
0.000000
0.000000
0.000000
0.000000
0.000000
0.000000
0.000000
0.000000
0.000000
0.000000
0.000000
0.000000
0.000000
0.000000
0.000000
0.000000
0.000000
0.000000
0.000000
0.000000
0.000000
0.000000
0.000000
0.000000
0.000000
0.000000
0.000000
0.000000
0.000000
0.000000
0.000000
0.000000
0.000000
0.000000
0.000000
0.000000
0.000000
0.000000
0.000000
0.000000
0.000000
0.000000
0.000000
0.000000
0.000000
0.000000
0.000000
0.000000
0.000000
0.000000
0.000000
0.000000
0.000000
0.000000
0.000000
0.000000
0.000000
0.000000
0.000000
0.000000
0.000000
0.000000
0.000000
0.000000
0.000000
0.000000
0.000000
0.000000
0.000000
0.000000
0.000000
0.000000
0.000000
0.000000
0.000000
0.000000
0.000000
0.000000
0.000000
0.000000
0.000000
0.000000
0.000000
0.000000
0.000000
0.000000
0.000000
0.000000
0.000000
0.000000
0.000000
0.000000
0.000000
0.000000
0.000000
0.000000
0.000000
0.000000
0.000000
0.000000
0.000000
0.000000
0.000000
0.000000
0.000000
0.000000
0.000000
0.000000
0.000000
0.000000
0.000000
0.000000
0.000000
0.000000
0.000000
0.000000
0.000000
0.000000
0.000000
0.000000
0.000000
0.000000
0.000000
0.000000
0.000000
0.000000
0.000000
0.000000
0.000000
0.000000
0.000000
0.000000
0.000000
0.000000
0.000000
0.000000
0.000000
0.000000
0.000000
0.000000
0.000000
0.000000
0.000000
0.000000
0.000000
0.000000
0.000000
0.000000
0.000000
0.000000
0.000000
0.000000
0.000000
0.000000
0.000000
0.000000
0.000000
0.000000
0.000000
0.000000
0.000000
0.000000
0.000000
0.000000
0.000000
0.000000
0.000000
0.000000
0.000000
0.000000
0.000000
0.000000
0.000000
0.000000
0.000000
0.000000
0.000000
0.000000
0.000000
0.000000
0.000000
0.000000
0.000000
0.000000
0.000000
0.000000
0.000000
0.000000
0.000000
0.000000
0.000000
0.000000
0.000000
0.000000
0.000000
0.000000
0.000000
0.000000
0.000000
0.000000
0.000000
0.000000
0.000000
0.000000
0.000000
0.000000
0.173258
0.746524
0.000000
0.000000
0.000000
0.000000
0.000000
0.000000
0.000000
0.000000
0.000000
0.000000
0.000000
0.000000
0.000000
0.651803
0.000000
0.974624
0.000000
0.000000
0.000000
0.000000
0.000000
0.000000
0.595075
0.000000
0.000000
0.000000
0.000000
0.000000
0.000000
0.409748
0.000000
0.000000
0.000000
0.000000
0.000000
0.000000
0.000000
0.007946
0.000000
0.000000
0.000000
0.000000
0.000000
0.000000
0.000000
0.000000
0.000000
0.241180
0.000000
0.000000
0.000000
0.000000
0.000000
0.000000
0.000000
0.000000
0.000000
0.000000
0.000000
0.000000
0.000000
0.000000
0.000000
0.000000
0.000000
0.000000
0.000000
0.000000
0.000000
0.000000
0.000000
0.000000
0.000000
0.000000
0.000000
0.000000
0.000000
0.000000
0.000000
0.000000
0.000000
0.000000
0.000000
0.000000
0.000000
0.000000
0.000000
0.000000
0.000000
0.000000
0.000000
0.000000
0.000000
0.000000
0.000000
0.000000
0.000000
0.000000
0.000000
0.000000
0.000000
0.000000
0.000000
0.000000
0.000000
0.000000
0.000000
0.000000
0.000000
0.000000
0.000000
0.000000
0.000000
0.000000
0.000000
0.000000
0.000000
0.000000
0.000000
0.000000
0.000000
0.000000
0.000000
0.000000
0.000000
0.000000
0.000000
0.000000
0.000000
0.000000
0.000000
0.000000
0.000000
0.000000
0.000000
0.000000
0.000000
0.000000
0.000000
0.000000
0.000000
0.000000
0.000000
0.000000
0.000000
0.000000
0.000000
0.000000
0.000000
0.000000
0.000000
0.000000
0.000000
0.000000
0.000000
0.000000
0.000000
0.000000
0.000000
0.000000
0.000000
0.000000
0.000000
0.000000
0.000000
0.000000
0.000000
0.000000
0.000000
0.000000
0.000000
0.000000
0.000000
0.000000
0.000000
0.000000
0.000000
0.000000
0.000000
0.000000
0.000000
0.000000
0.000000
0.000000
0.000000
0.000000
0.000000
0.000000
0.000000
0.000000
0.000000
0.000000
0.000000
0.000000
0.000000
0.000000
0.000000
0.000000
0.000000
0.000000
0.000000
0.000000
0.000000
0.000000
0.000000
0.000000
0.000000
0.000000
0.000000
0.000000
0.000000
0.000000
0.000000
0.000000
0.000000
0.000000
0.000000
0.000000
0.000000
0.000000
0.000000
0.000000
0.000000
0.000000
0.000000
0.000000
0.000000
0.000000
0.000000
0.000000
0.000000
0.000000
0.000000
0.000000
0.000000
0.000000
0.000000
0.000000
0.000000
0.000000
0.000000
0.000000
0.000000
0.000000
0.000000
0.000000
0.000000
0.000000
0.000000
0.000000
0.000000
0.000000
0.000000
0.000000
0.000000
0.114999
0.000000
0.000000
0.000000
0.000000
0.000000
0.000000
0.000000
0.000000
0.000000
0.000000
0.000000
0.000000
0.000000
0.273193
0.000000
0.000000
0.000000
0.000000
0.000000
0.000000
0.000000
0.000000
0.000000
0.000000
0.000000
0.000000
0.000000
0.000000
0.000000
0.000000
0.000000
0.000000
0.000125
0.000000
0.000000
0.000000
0.000000
0.000000
0.000000
0.000000
0.000000
0.000000
0.000000
0.000000
0.000000
0.000000
0.000000
0.000000
0.018962
0.000000
0.000000
0.000000
0.000000
0.000000
0.000000
0.475911
0.000000
0.000000
0.000000
0.000000
0.000000
0.000000
0.000000
0.000000
0.000000
0.000000
0.000000
0.000000
0.000000
0.000000
0.000000
0.000000
0.000000
0.000000
0.000000
0.000000
0.000000
0.000000
0.000000
0.000000
0.000000
0.000000
0.000000
0.000000
0.000000
0.000000
0.000000
0.000000
0.000000
0.000000
0.000000
0.000000
0.000000
0.000000
0.000000
0.000000
0.000000
0.000000
0.000000
0.000000
0.000000
0.000000
0.000000
0.000000
0.000000
0.000000
0.000000
0.000000
0.000000
0.000000
0.000000
0.000000
0.000000
0.000000
0.000000
0.000000
0.000000
0.000000
0.000000
0.000000
0.000000
0.000000
0.000000
0.000000
0.000000
0.000000
0.000000
0.000000
0.000000
0.000000
0.000000
0.000000
0.000000
0.000000
0.000000
0.000000
0.000000
0.000000
0.000000
0.000000
0.000000
0.000000
0.000000
0.000000
0.000000
0.000000
0.000000
0.000000
0.000000
0.000000
0.000000
0.000000
0.000000
0.000000
0.000000
0.000000
0.000000
0.000000
0.000000
0.000000
0.000000
0.000000
0.000000
0.000000
0.000000
0.000000
0.000000
0.000000
0.000000
0.000000
0.000000
0.000000
0.000000
0.000000
0.000000
0.000000
0.000000
0.000000
0.000000
0.000000
0.000000
0.000000
0.000000
0.000000
0.000000
0.000000
0.000000
0.000000
0.000000
0.000000
0.000000
0.000000
0.000000
0.000000
0.000000
0.000000
0.000000
0.000000
0.000000
0.000000
0.000000
0.000000
0.000000
0.000000
0.000000
0.000000
0.000000
0.000000
0.000000
0.000000
0.000000
0.000000
0.000000
0.000000
0.000000
0.000000
0.000000
0.000000
0.000000
0.000000
0.000000
0.000000
0.000000
0.000000
0.000000
0.000000
0.000000
0.000000
0.000000
0.000000
0.000000
0.000000
0.000000
0.000000
0.000000
0.000000
0.000000
0.000000
0.000000
0.000000
0.000000
0.000000
0.000000
0.000000
0.000000
0.000000
0.000000
0.000000
0.000000
0.000000
0.000000
0.000000
0.000000
0.020071
0.000000
0.000000
0.000000
0.000000
0.000000
0.000000
0.000000
0.000000
0.038174
0.000000
0.000000
0.000000
0.000000
0.000000
0.000000
0.002563
0.000000
1.283409
0.000000
0.000000
0.000000
0.000000
0.000000
0.000000
0.000000
0.000000
0.000000
0.000000
0.000000
0.000000
0.000000
0.340227
0.021898
0.000000
0.000000
0.000000
0.000000
0.000000
0.000000
0.000000
0.000000
0.000000
0.000000
0.000000
0.000000
0.000000
0.000000
0.000000
0.000000
0.000000
0.872573
0.000000
0.000000
0.000000
0.000000
0.000000
0.000000
0.000000
0.000000
0.000000
0.000000
0.000000
0.000000
0.000000
0.000000
0.000000
0.000000
0.000000
0.000000
0.000000
0.000000
0.000000
0.000000
0.000000
0.000000
0.000000
0.000000
0.000000
0.000000
0.000000
0.000000
0.000000
0.000000
0.000000
0.000000
0.000000
0.000000
0.000000
0.000000
0.000000
0.000000
0.000000
0.000000
0.000000
0.000000
0.000000
0.000000
0.000000
0.000000
0.000000
0.000000
0.000000
0.000000
0.000000
0.000000
0.000000
0.000000
0.000000
0.000000
0.000000
0.000000
0.000000
0.000000
0.000000
0.000000
0.000000
0.000000
0.000000
0.000000
0.000000
0.000000
0.000000
0.000000
0.000000
0.000000
0.000000
0.000000
0.000000
0.000000
0.000000
0.000000
0.000000
0.000000
0.000000
0.000000
0.000000
0.000000
0.000000
0.000000
0.000000
0.000000
0.000000
0.000000
0.000000
0.000000
0.000000
0.000000
0.000000
0.000000
0.000000
0.000000
0.000000
0.000000
0.000000
0.000000
0.000000
0.000000
0.000000
0.000000
0.000000
0.000000
0.000000
0.000000
0.000000
0.000000
0.000000
0.000000
0.000000
0.000000
0.000000
0.000000
0.000000
0.000000
0.000000
0.000000
0.000000
0.000000
0.000000
0.000000
0.000000
0.000000
0.000000
0.000000
0.000000
0.000000
0.000000
0.000000
0.000000
0.000000
0.000000
0.000000
0.000000
0.000000
0.000000
0.000000
0.000000
0.000000
0.000000
0.000000
0.000000
0.000000
0.000000
0.000000
0.000000
0.000000
0.000000
0.000000
0.000000
0.000000
0.000000
0.000000
0.000000
0.000000
0.000000
0.000000
0.000000
0.000000
0.000000
0.000000
0.000000
0.000000
0.000000
0.000000
0.000000
0.000000
0.000000
0.000000
0.000000
0.000000
0.000000
0.000000
0.000000
0.000000
0.000000
0.000000
0.000000
0.000000
0.000000
0.000000
0.000000
0.000000
0.000000
0.000000
0.000000
0.000000
0.000000
0.000000
0.000000
0.000000
0.000000
0.000000
0.000000
0.000000
0.000000
0.000000
