0.000000
0.000000
0.000000
0.000000
0.000000
0.000000
0.000000
0.000000
0.000000
0.000000
0.000000
0.000000
0.000000
0.000000
0.000000
0.000000
0.000000
0.000000
0.000000
0.000000
0.000000
0.000000
0.000000
0.000000
0.000000
0.000000
0.000000
0.000000
0.000000
0.000000
0.000000
0.003950
0.000000
0.000000
0.000000
0.000000
0.000000
0.000000
0.000000
0.000000
0.000000
0.000000
0.000000
0.000000
0.000000
0.000000
0.000000
0.000000
0.000000
0.000000
0.000000
0.000000
0.000000
0.000000
0.000000
0.000000
0.000000
0.000000
0.000000
0.000000
0.000000
0.000000
0.000000
0.000000
0.076323
3.434988
0.081516
0.435309
24.511538
6.129890
17.917613
31.208138
0.216542
0.000000
1.145672
0.375948
5.993477
23.624738
32.723738
21.452038
0.068073
3.299369
0.014043
0.048360
22.523563
56.514413
50.299538
16.722863
0.077993
5.944995
0.000000
0.024969
19.287238
36.968225
18.584000
26.619838
3.858261
0.080917
0.000000
0.164638
33.987450
12.778600
15.107925
27.163700
0.364318
0.050101
0.591661
0.117886
22.708650
23.102638
15.846888
42.951050
0.835069
1.182030
0.000000
1.367271
37.991125
17.718038
27.017075
6.126284
0.000647
1.533237
0.268554
2.833878
40.165350
6.508970
14.489988
31.762863
0.000000
0.000000
0.000000
0.000000
0.000000
0.000000
0.000000
0.000000
0.000000
0.000000
0.000000
0.000000
0.000000
0.000000
0.000000
0.000000
0.000000
0.000000
0.000000
0.000000
0.000000
0.017082
0.000000
0.000000
0.000000
0.000000
0.000000
0.000000
0.000000
0.000000
0.000000
0.000000
0.000000
0.000000
0.000000
0.000000
0.000000
0.000000
0.000000
0.000000
0.000000
0.000000
0.000000
0.000000
0.000000
0.000000
0.000000
0.000000
0.000000
0.000000
0.000000
0.000000
0.000000
0.000000
0.000000
0.001553
0.000000
0.000000
0.000000
0.000000
0.000000
0.010482
0.000000
0.000000
0.078705
0.313071
0.909173
0.000721
11.278013
22.749138
20.804963
16.767375
0.000000
0.151812
0.267198
0.052490
26.362050
1.936872
33.371613
2.743477
0.011434
0.633010
0.015764
0.000000
8.138222
30.822125
19.117538
13.872975
0.137476
0.000000
10.118970
0.073392
22.570800
16.393262
8.267982
42.518337
0.078948
10.171289
1.952994
0.172773
16.886425
21.713500
18.126638
32.778400
0.022588
2.160912
0.100690
0.496519
16.627513
33.272738
10.996549
25.773788
1.463429
1.043405
0.147846
0.000000
14.380913
30.049850
21.638850
22.213900
0.526697
0.116680
0.846964
0.000000
8.252073
26.803013
18.035488
22.273650
0.000000
0.000000
0.000000
0.000000
0.000000
0.000000
0.009652
0.000000
0.000000
0.000000
0.000000
0.000000
0.000000
0.000000
0.000000
0.000000
0.000000
0.000000
0.000000
0.000000
0.041815
0.000000
0.000000
0.103199
0.000000
0.000000
0.000000
0.000000
0.000000
0.000000
0.000000
0.000000
0.000000
0.000000
0.000000
0.000000
0.000000
0.057763
0.000000
0.000000
0.000000
0.000000
0.000000
0.000000
0.000000
0.000000
0.000000
0.000000
0.000000
0.000000
0.000000
0.000000
0.000000
0.487221
0.000000
0.000000
0.000000
0.000000
0.000000
0.000000
0.300566
0.000000
0.000000
0.043119
0.079683
4.988987
0.127602
0.276344
22.759938
57.569862
18.043813
49.435625
0.127979
0.556734
6.559871
0.000000
15.676550
27.282988
24.069750
17.575900
0.000000
12.379212
7.901563
0.000000
44.274363
15.144588
14.176575
42.691875
0.932958
0.000000
5.848964
0.000000
6.466910
42.087550
41.933437
0.091655
1.151017
0.000000
0.003741
0.253494
9.710848
39.035975
16.585550
55.028712
2.296550
1.199440
5.662823
0.000000
29.006738
36.247588
15.984688
33.794563
1.198052
15.604375
0.000000
0.000000
13.748188
36.951563
32.784363
9.876300
0.000000
8.087803
0.148513
2.152785
0.134201
39.013063
23.447713
46.555250
0.000000
0.000000
0.000000
0.000000
0.000000
0.000000
0.000000
0.000000
0.000000
0.000000
0.000000
0.000000
0.000000
0.061293
0.000000
0.000000
0.000000
0.000000
0.000000
0.000000
0.000000
0.092748
0.000000
0.000000
0.000000
0.000000
0.000000
0.000000
0.000000
0.000000
0.000000
0.000000
0.000000
0.000000
0.000000
0.000000
0.000000
0.000000
0.000000
0.000000
0.000000
0.000000
0.000000
0.000000
0.000000
0.000000
0.000000
0.000000
0.000000
0.000000
0.000000
0.000000
0.278473
0.000000
0.069683
0.000000
0.000000
0.000000
0.000000
0.000000
0.000000
0.055126
0.000000
0.000000
0.000000
2.254281
0.000000
9.344445
6.507494
27.476513
19.085137
43.737587
9.053975
0.859667
0.000000
0.000000
28.774025
5.895554
22.623250
0.446096
0.447613
17.533087
0.009791
0.000000
51.412800
5.497832
13.051063
27.517400
0.000000
0.905703
0.000000
12.928585
9.681428
6.960054
17.621137
25.235088
0.235283
4.741266
0.841904
0.024782
9.423567
18.454400
11.179363
48.400075
13.796562
0.272914
0.000000
0.098983
19.202013
14.277013
17.039300
40.295250
0.000000
2.198678
0.000000
1.711619
16.759950
23.380925
18.275750
35.419038
0.096558
1.417124
0.000000
11.403464
16.511763
26.780138
20.045450
14.932175
0.000000
0.000000
0.000000
0.000000
0.000000
0.000000
0.000000
0.000000
0.000000
0.000000
0.000000
0.000000
0.000000
0.000000
0.000000
0.000000
0.000000
0.000000
0.000000
0.000000
0.000000
0.000000
0.000000
0.000000
0.000000
0.000000
0.000000
0.000000
0.000000
0.000000
0.000000
0.000000
0.000000
0.000000
0.000000
0.000000
0.000000
0.000000
0.000000
0.000000
0.000000
0.000000
0.000000
0.000000
0.000000
0.000000
0.000000
0.000000
0.000000
0.000000
0.000000
0.000000
0.000000
0.000000
0.000000
0.000000
0.000000
0.000000
0.000000
0.000000
0.000000
0.000000
0.000000
0.000000
0.793079
0.046284
0.790235
0.000000
52.423350
16.985988
31.500488
15.186325
0.614200
0.000000
5.142637
0.010290
17.456275
33.080463
28.707138
10.651515
1.350733
0.000000
0.022197
0.216105
9.190742
40.945938
20.454900
31.962550
1.220560
0.000000
0.402326
0.184675
6.911628
47.727300
17.636213
32.283838
0.141510
0.999250
0.105694
1.559053
4.694951
44.786788
38.491350
19.666963
0.000000
0.254696
0.067987
1.755480
52.758550
25.207800
19.420738
51.683925
4.536000
0.000000
0.069184
8.882152
22.898438
19.491050
14.448500
53.951525
1.650892
1.142824
0.125604
0.000000
24.160900
59.437212
18.677387
40.386025
0.000000
0.000000
0.000000
0.000000
0.000000
0.000000
0.000000
0.000000
0.000000
0.000000
0.000000
0.000000
0.000000
0.000000
0.000000
0.000000
0.000000
0.000000
0.000000
0.000000
0.000000
0.000000
0.000000
0.000000
0.000000
0.000000
0.000000
0.000000
0.000000
0.000000
0.000000
0.000000
0.000000
0.000000
0.000000
0.000000
0.000000
0.000000
0.000000
0.000000
0.000000
0.000000
0.000000
0.000000
0.000000
0.000000
0.000000
0.000000
0.000000
0.000000
0.000000
0.000000
0.000000
0.000000
0.000000
0.000000
0.000000
0.000000
0.000000
0.000000
0.063992
0.000000
0.000000
0.000000
0.183081
0.000000
0.904991
0.000000
18.269288
21.804613
19.549825
23.853988
0.041614
0.859794
0.009654
0.679275
50.350775
18.959013
13.207963
37.401300
0.000000
13.198688
0.086375
0.123697
29.213325
29.120875
12.590063
23.945913
0.000000
0.874109
0.118821
1.990720
17.054838
16.487650
19.956950
32.960250
0.055689
0.242745
0.020469
0.217819
14.376463
41.101800
29.844813
4.703797
0.000000
0.520555
1.601834
0.143610
9.747142
32.518787
2.240818
46.345862
11.382813
0.073215
0.007883
0.378372
22.163763
39.140938
23.728513
25.113550
1.657297
0.000000
0.031896
0.405054
18.426275
22.942575
30.985613
17.869700
0.000000
0.000000
0.000000
0.000000
0.000000
0.000000
0.000000
0.000000
0.000000
0.000000
0.000000
0.000000
0.000000
0.000000
0.000000
0.000000
0.000000
0.000000
0.000000
0.000000
0.000000
0.037124
0.000000
0.053957
0.000000
0.000000
0.000000
0.000000
0.053473
0.000000
0.000000
0.000000
0.000000
0.000000
0.000000
0.000000
0.000000
0.000000
0.000959
0.000000
0.000000
0.000000
0.000000
0.000000
0.000000
0.146800
0.000000
0.000000
0.000000
0.000000
0.000000
0.000000
0.000000
0.032579
0.000000
0.888425
0.000000
0.000000
0.000000
0.000000
0.000000
0.001847
0.000000
0.000000
0.000000
5.889840
0.000000
4.226500
43.607625
6.607558
14.239700
38.248938
0.000000
9.547418
0.016961
0.421886
22.759375
24.894862
47.682525
19.099087
0.000000
11.069321
0.388104
0.000000
48.459400
4.468386
27.288988
16.025313
14.269788
0.000000
0.407658
0.717544
10.793673
36.576713
55.601750
4.938181
0.255302
0.000000
0.356390
6.895845
17.553988
27.166363
12.997775
33.112963
2.976214
1.751452
0.000000
0.002105
13.553200
45.703837
21.036263
6.285190
0.000000
8.756135
0.000000
18.351162
9.068488
46.615625
24.597225
37.393038
0.000000
11.201537
7.267132
0.000000
52.037900
5.834465
32.236475
38.727250
0.000000
0.000000
0.000000
0.000000
0.000000
0.000000
0.000000
0.043087
0.000000
0.000000
0.000000
0.000000
0.000000
0.093866
0.000000
0.000000
0.000000
0.000000
0.000000
0.000000
0.057459
0.000000
0.010520
0.000000
0.000000
0.000000
0.000000
0.000000
0.000000
0.441488
0.000000
0.006928
0.000000
0.000000
0.000000
0.000000
0.000000
0.071370
0.000000
0.000000
0.000000
0.000000
0.000000
0.000000
0.000000
0.003784
0.000000
0.000000
0.000000
0.000000
0.000000
0.000000
0.000000
0.000000
0.056373
0.002535
0.000000
0.000000
0.000000
0.000000
0.000000
0.000000
0.000000
0.106504
0.012882
0.935408
0.000000
0.690893
6.611493
34.542725
19.664875
32.176113
2.180300
1.002928
0.003148
0.000000
19.488837
19.006675
12.238788
15.109275
4.765788
0.456032
0.000012
0.000000
19.088050
23.405275
58.143312
0.196243
0.000000
11.827237
2.240555
0.000000
0.824863
21.906763
24.652050
13.902225
0.317519
1.491992
0.000000
5.060339
18.499775
47.021863
6.254280
29.821263
0.024974
0.000000
2.693413
0.343541
19.173288
12.005997
18.027913
30.771087
1.668618
0.039075
0.908557
0.000567
25.485513
20.340062
26.348975
24.732300
0.000000
12.486700
1.188257
0.001904
25.277113
25.468800
21.665650
27.152587
0.000000
0.000000
0.000000
0.000000
0.000000
0.000000
0.000000
0.000000
0.000000
0.000000
0.000000
0.000000
0.000000
0.000000
0.000000
0.000000
0.000000
0.000000
0.000000
0.000000
0.000000
0.000000
0.000000
0.000000
0.000000
0.000000
0.000000
0.000000
0.000000
0.000000
0.000000
0.000000
0.000000
0.000000
0.000000
0.000000
0.000000
0.000000
0.000000
0.000000
0.000000
0.000000
0.000000
0.000000
0.000000
0.000000
0.000000
0.000000
0.000000
0.000000
0.000000
0.000000
0.000000
0.000000
0.000000
0.000000
0.000000
0.000000
0.000000
0.000000
0.000000
0.000000
0.000000
0.000000
0.000000
0.000000
0.000000
0.000000
0.000000
0.000000
0.000000
0.000000
0.000000
0.000000
0.000000
0.000000
0.000000
0.000000
0.000000
0.000000
0.000000
0.000000
0.000000
0.000000
0.000000
0.000000
0.000000
0.000000
0.000000
0.000000
0.000000
0.000000
0.000000
0.000000
0.000000
0.000000
0.000000
0.000000
0.000000
0.000000
0.000000
0.000000
0.000000
0.000000
0.000000
0.000000
0.000000
0.000000
0.000000
0.000000
0.000000
0.000000
0.000000
0.000000
0.000000
0.000000
0.000000
0.000000
0.000000
0.000000
0.000000
0.000000
0.000000
0.000000
0.000000
0.000000
0.000000
0.000000
0.000000
0.000000
0.000000
0.000000
0.000000
0.000000
0.000000
0.000000
0.000000
0.000000
0.000000
0.000000
0.000000
0.000000
0.000000
0.000000
0.000000
0.000000
0.000000
0.000000
0.000000
0.000000
0.000000
0.000000
0.000000
0.000000
0.000000
0.000000
0.000000
0.000000
0.000000
0.000000
0.000000
0.000000
0.000000
0.000000
0.000000
0.000000
0.000000
0.000000
0.000000
0.000000
0.000000
0.000000
0.000000
0.000000
0.000000
0.000000
0.000000
0.000000
0.000000
0.000000
0.000000
0.000000
0.000000
0.000000
0.000000
0.000000
0.000000
0.000000
0.000000
0.000000
0.000000
0.000000
0.000000
0.000000
0.000000
0.000000
0.000000
0.000000
0.000000
0.000000
0.000000
0.000000
0.000000
0.000000
0.000000
0.000000
0.000000
0.000000
0.000000
0.000000
0.000000
0.000000
0.000000
0.000000
0.000000
0.000000
0.000000
0.000000
0.000000
0.000000
0.000000
0.000000
0.000000
0.000000
0.000000
0.000000
0.000000
0.000000
0.000000
0.000000
0.000000
0.000000
0.000000
0.000000
0.000000
0.000000
0.000000
0.000000
0.000000
0.000000
0.000000
0.000000
0.000000
0.000000
0.000000
0.000000
0.000000
0.000000
0.000000
0.000000
0.000000
0.000000
0.000000
0.000000
0.000000
0.000000
0.000000
0.000000
0.000000
0.000000
0.000000
0.000000
0.000000
0.000000
0.000000
0.000000
0.000000
0.000000
0.000000
0.000000
0.000000
0.000000
0.000000
0.000000
0.000000
0.000000
0.000000
0.000000
0.000000
0.000000
0.000000
0.000000
0.000000
0.000000
0.000000
0.000000
0.000000
0.000000
0.000000
0.000000
0.000000
0.000000
0.000000
0.000000
0.000000
0.000000
0.000000
0.000000
0.000000
0.000000
0.000000
0.000000
0.000000
0.000000
0.000000
0.000000
0.000000
0.000000
0.000000
0.000000
0.000000
0.000000
0.000000
0.000000
0.000000
0.000000
0.000000
0.000000
0.000000
0.000000
0.000000
0.000000
0.000000
0.000000
0.000000
0.000000
0.000000
0.000000
0.000000
0.000000
0.000000
0.000000
0.000000
0.000000
0.000000
0.000000
0.000000
0.000000
0.000000
0.000000
0.000000
0.000000
0.000000
0.000000
0.000000
0.000000
0.000000
0.000000
0.000000
0.000000
0.000000
0.000000
0.000000
0.000000
0.000000
0.000000
0.000000
0.000000
0.000000
0.000000
0.000000
0.000000
0.000000
0.000000
0.000000
0.000000
0.000000
0.000000
0.000000
0.000000
0.000000
0.000000
0.000000
0.000000
0.000000
0.000000
0.000000
0.000000
0.000000
0.000000
0.000000
0.000000
0.000000
0.000000
0.000000
0.000000
0.000000
0.000000
0.000000
0.000000
0.000000
0.000000
0.000000
0.000000
0.000000
0.000000
0.000000
0.000000
0.000000
0.000000
0.000000
0.000000
0.000000
0.000000
0.000000
0.000000
0.000000
0.000000
0.000000
0.000000
0.000000
0.000000
0.000000
0.000000
0.000000
0.000000
0.000000
0.000000
0.000000
0.000000
0.000000
0.000000
0.000000
0.000000
0.000000
0.000000
0.000000
0.000000
0.000000
0.000000
0.000000
0.000000
0.000000
0.000000
0.000000
0.000000
0.000000
0.000000
0.000000
0.000000
0.000000
0.000000
0.000000
0.000000
0.000000
0.000000
0.000000
0.000000
0.000000
0.000000
0.000000
0.000000
0.000000
0.000000
0.000000
0.000000
0.000000
0.000000
0.000000
0.000000
0.000000
0.000000
0.000000
0.000000
0.000000
0.000000
0.000000
0.000000
0.000000
0.000000
0.000000
0.000000
0.000000
0.000000
0.000000
0.000000
0.000000
0.000000
0.000000
0.000000
0.000000
0.000000
0.000000
0.000000
0.000000
0.000000
0.000000
0.000000
0.000000
0.000000
0.000000
0.000000
0.000000
0.000000
0.000000
0.000000
0.000000
0.000000
0.000000
0.000000
0.000000
0.000000
0.000000
0.000000
0.000000
0.000000
0.000000
0.000000
0.000000
0.000000
0.000000
0.000000
0.000000
0.000000
0.000000
0.000000
0.000000
0.000000
0.000000
0.000000
0.000000
0.000000
0.000000
0.000000
0.000000
0.000000
0.000000
0.000000
0.000000
0.000000
0.000000
0.000000
0.000000
0.000000
0.000000
0.000000
0.000000
0.000000
0.000000
0.000000
0.000000
0.000000
0.000000
0.000000
0.000000
0.000000
0.000000
0.000000
0.000000
0.000000
0.000000
0.000000
0.000000
0.000000
0.000000
0.000000
0.000000
0.000000
0.000000
0.000000
0.000000
0.000000
0.000000
0.000000
0.000000
0.000000
0.000000
0.000000
0.000000
0.000000
0.000000
0.000000
0.000000
0.000000
0.000000
0.000000
0.000000
0.000000
0.000000
0.000000
0.000000
0.000000
0.000000
0.000000
0.000000
0.000000
0.000000
0.000000
0.000000
0.000000
0.000000
0.000000
0.000000
0.000000
0.000000
0.000000
0.000000
0.000000
0.000000
0.000000
0.000000
0.000000
0.000000
0.000000
0.000000
0.000000
0.000000
0.000000
0.000000
0.000000
0.000000
0.000000
0.000000
0.000000
0.000000
0.000000
0.000000
0.000000
0.000000
0.000000
0.000000
0.000000
0.000000
0.000000
0.000000
0.000000
0.000000
0.000000
0.000000
0.000000
0.000000
0.000000
0.000000
0.000000
0.000000
0.000000
0.000000
0.000000
0.000000
0.000000
0.000000
0.000000
0.000000
0.000000
0.000000
0.000000
0.000000
0.000000
0.000000
0.000000
0.000000
0.000000
0.000000
0.000000
0.000000
0.000000
0.000000
0.000000
0.000000
0.000000
0.000000
0.000000
0.000000
0.000000
0.000000
0.000000
0.000000
0.000000
0.000000
0.000000
0.000000
0.000000
0.000000
0.000000
0.000000
0.000000
0.000000
0.000000
0.000000
0.000000
0.000000
0.000000
0.000000
0.000000
0.000000
0.000000
0.000000
0.000000
0.000000
0.000000
0.000000
0.000000
0.000000
0.000000
0.000000
0.000000
0.000000
0.000000
0.000000
0.000000
0.000000
0.000000
0.000000
0.000000
0.000000
0.000000
0.000000
0.000000
0.000000
0.000000
0.000000
0.000000
0.000000
0.000000
0.000000
0.000000
0.000000
0.000000
0.000000
0.000000
0.000000
0.000000
0.000000
0.000000
0.000000
0.000000
0.000000
0.000000
0.000000
0.000000
0.000000
0.000000
0.000000
0.000000
0.000000
0.000000
0.000000
0.000000
0.000000
0.000000
0.000000
0.000000
0.000000
0.000000
0.000000
0.000000
0.000000
0.000000
0.000000
0.000000
0.000000
0.000000
0.000000
0.000000
0.000000
0.000000
0.000000
0.000000
0.000000
0.000000
0.000000
0.000000
0.000000
0.000000
0.000000
0.000000
0.000000
0.000000
0.000000
0.000000
0.000000
0.000000
0.000000
0.000000
0.000000
0.000000
0.000000
0.000000
0.000000
0.000000
0.000000
0.000000
0.000000
0.000000
0.000000
0.000000
0.000000
0.000000
0.000000
0.000000
0.000000
0.000000
0.000000
0.000000
0.000000
0.000000
0.000000
0.000000
0.000000
0.000000
0.000000
0.000000
0.000000
0.000000
0.000000
0.000000
0.000000
0.000000
0.000000
0.000000
0.000000
0.000000
0.000000
0.000000
0.000000
0.000000
0.000000
0.000000
0.000000
0.000000
0.000000
0.000000
0.000000
0.000000
0.000000
0.000000
0.000000
0.000000
0.000000
0.000000
0.000000
0.000000
0.000000
0.000000
0.000000
0.000000
0.000000
0.000000
0.000000
0.000000
0.000000
0.000000
0.000000
0.000000
0.000000
0.000000
0.000000
0.000000
0.000000
0.000000
0.000000
0.000000
0.000000
0.000000
0.000000
0.000000
0.000000
0.000000
0.000000
0.000000
0.000000
0.000000
0.000000
0.000000
0.000000
0.000000
0.000000
0.000000
0.000000
0.000000
0.000000
0.000000
0.000000
0.000000
0.000000
0.000000
0.000000
0.000000
0.000000
0.000000
0.000000
0.000000
0.000000
0.000000
0.000000
0.000000
0.000000
0.000000
0.000000
0.000000
0.000000
0.000000
0.000000
0.000000
0.000000
0.000000
0.000000
0.000000
0.000000
0.000000
0.000000
0.000000
0.000000
0.000000
0.000000
0.000000
0.000000
0.000000
0.000000
0.000000
0.000000
0.000000
0.000000
0.000000
0.000000
0.000000
0.000000
0.000000
0.000000
0.000000
0.000000
0.000000
0.000000
0.000000
0.000000
0.000000
0.000000
0.000000
0.000000
0.000000
0.000000
0.000000
0.000000
0.000000
0.000000
0.000000
0.000000
0.000000
0.000000
0.000000
0.000000
0.000000
0.000000
0.000000
0.000000
0.000000
0.000000
0.000000
0.000000
0.000000
0.000000
0.000000
0.000000
0.000000
0.000000
0.000000
0.000000
0.000000
0.000000
0.000000
0.000000
0.000000
0.000000
0.000000
0.000000
0.000000
0.000000
0.000000
0.000000
0.000000
0.000000
0.000000
0.000000
0.000000
0.000000
0.000000
0.000000
0.000000
0.000000
0.000000
0.000000
0.000000
0.000000
0.000000
0.000000
0.000000
0.000000
0.000000
0.000000
0.000000
0.000000
0.000000
0.000000
0.000000
0.000000
0.000000
0.000000
0.000000
0.000000
0.000000
0.000000
0.000000
0.000000
0.000000
0.000000
0.000000
0.000000
0.000000
0.000000
0.000000
0.000000
0.000000
0.000000
0.000000
0.000000
0.000000
0.000000
0.000000
0.000000
0.000000
0.000000
0.000000
0.000000
0.000000
