0.000000
0.010504
0.007017
0.005341
0.344538
0.404792
0.134996
0.463511
0.005673
0.006942
0.010092
0.009792
0.011676
0.252694
0.214432
0.508816
0.007276
0.009493
0.034365
0.007423
0.398338
0.318251
0.319113
0.394951
0.008197
0.015971
0.001919
0.061424
0.279265
0.598606
0.011873
0.369231
0.037176
0.022107
0.008925
0.185200
0.484119
0.382066
0.359322
0.778030
0.006140
0.007500
0.148338
0.014092
0.449678
0.032150
1.084778
0.033996
0.020823
0.017295
0.009191
0.010832
0.628711
0.344015
0.428816
0.013507
0.011987
0.032120
0.004854
0.005205
0.193056
0.245340
0.242209
0.627230
1.172330
8.072665
2.962125
6.366147
26.870200
9.684408
20.404939
33.367947
1.852750
1.934592
6.389852
1.850335
11.093125
29.422905
29.166911
21.691833
0.795533
6.535756
2.937989
3.852117
23.615192
46.179956
38.105811
12.727023
0.585635
8.677902
1.430651
2.140669
22.386253
35.947405
14.958869
25.686058
7.556427
1.695863
0.836305
6.319624
29.953798
13.093384
16.135092
32.024958
2.846161
1.500120
1.508536
1.409012
24.084109
23.593277
13.004373
34.266667
8.676725
1.865707
0.923831
1.950173
32.026556
16.548369
33.062856
12.744970
1.602099
9.600060
0.809432
5.750021
37.220738
10.966263
11.929477
31.743747
0.000000
0.013537
0.005546
0.010549
0.011740
0.010660
0.118224
0.324863
0.000000
0.013984
0.000000
0.013704
0.010236
0.139188
0.008588
0.155895
0.015699
0.001347
0.007556
0.018586
0.335428
0.270679
0.009590
0.014478
0.000000
0.011540
0.000000
0.005591
0.018241
0.035267
0.167009
0.013023
0.013714
0.000000
0.006771
0.007102
0.481713
0.011996
0.233723
0.012642
0.011406
0.001382
0.006499
0.000000
0.011836
0.021202
0.009881
0.025830
0.015236
0.000000
0.014945
0.005423
0.272797
0.348003
0.009178
0.167599
0.000000
0.005517
0.011494
0.000000
0.010298
0.110938
0.011276
0.005819
0.754414
2.089659
2.177100
0.370686
9.306370
19.629770
19.489130
13.465666
0.040380
0.956629
0.703200
1.054621
21.102080
4.425907
29.003586
1.826256
1.218524
0.688820
0.465994
1.260734
7.523529
23.577214
18.427692
13.812259
1.597350
0.437294
3.342943
0.202904
22.473795
8.726681
3.690089
33.288470
1.041333
9.322345
2.314376
1.256646
17.951427
18.942106
12.930981
33.484875
0.597996
0.907385
0.804692
2.375097
12.313800
24.145416
4.431755
22.169013
1.174438
0.625396
3.451855
1.457641
13.930392
23.855028
14.668628
24.075234
2.241065
0.331131
0.932881
0.751878
8.167587
23.466469
14.076022
14.724559
0.175859
0.013879
0.006416
0.037066
0.375751
0.413874
0.382561
0.181540
0.006218
0.014311
0.010665
0.008178
0.075576
0.104534
0.795333
0.213619
0.010749
0.186048
0.011422
0.157331
0.325120
0.479850
0.125899
0.454135
0.008038
0.007010
0.011643
0.000060
0.192571
0.432605
0.109074
0.810519
0.010947
0.026164
0.012532
0.196073
0.357082
0.443173
0.149501
0.379172
0.007669
0.097322
0.010586
0.022615
0.457727
0.059529
0.048642
0.670135
0.013723
0.040713
0.012444
0.000041
0.320995
0.466618
0.287635
0.566686
0.017040
0.102120
0.000000
0.008214
0.490680
0.014252
1.452111
0.101758
0.518647
10.518197
8.606713
0.460965
25.021070
39.394863
13.365583
43.422736
6.080767
0.566635
3.776624
2.571271
11.917661
28.917884
30.892227
12.441191
1.468913
6.453839
2.560458
1.798803
41.769023
10.182593
19.049295
31.555191
0.498655
6.051237
1.766383
1.473206
11.943327
34.957652
30.602627
8.854246
0.580934
6.113386
5.538871
0.741817
18.890917
38.523817
10.640937
32.361102
1.642659
0.517006
10.962584
0.668927
22.322664
34.246320
16.902961
26.283997
0.501471
10.234219
6.027627
1.921493
8.779233
36.601311
26.880781
20.742620
1.303994
1.729602
8.593906
0.833739
10.693790
42.243991
15.739413
32.100470
0.000000
0.012849
0.000000
0.000048
0.690976
0.012087
0.004751
0.123861
0.000000
0.000066
0.008558
0.009237
0.000064
0.015466
0.019574
0.014852
0.000000
0.000067
0.004781
0.000070
0.070874
0.140631
0.022003
0.386533
0.008220
0.000000
0.000000
0.000067
0.004749
0.034150
0.000070
0.030107
0.000000
0.010676
0.000000
0.007419
0.028907
0.004692
0.432721
0.069910
0.000000
0.002301
0.000000
0.005373
0.009047
0.162434
0.211380
0.004042
0.000057
0.007895
0.000000
0.019554
0.344492
0.025619
0.160628
0.016382
0.011843
0.000000
0.007908
0.000000
0.037326
0.004557
0.030880
0.004301
1.616906
1.240382
0.921109
2.449220
11.855983
27.041505
12.415505
37.693409
1.524190
0.440395
0.723889
1.149603
17.915986
7.158813
14.029663
3.889336
0.224214
8.573813
6.359915
0.538423
48.370220
10.850805
5.514887
29.949755
1.038457
0.220878
0.531351
3.311666
14.541130
12.395373
10.986508
18.458684
0.423588
9.272435
0.829007
2.039599
15.569861
20.227009
3.062472
42.723694
3.844613
0.220294
0.608234
2.868687
18.234781
8.090921
17.954227
28.712444
1.506266
0.627451
2.990556
0.703904
11.823286
22.936997
10.095467
41.146116
6.340160
0.465368
0.470204
2.952071
11.686608
25.563488
10.829465
14.693059
0.007629
0.023117
0.004858
0.228788
0.136054
0.645870
0.407544
0.445635
0.006325
0.183489
0.005832
0.009126
0.461102
0.057593
0.322575
0.381996
0.007490
0.009914
0.265259
0.005741
0.295879
0.626932
0.472028
0.053859
0.000000
0.120813
0.006278
0.008641
0.219282
0.425187
0.009894
0.439921
0.007250
0.007405
0.244530
0.010128
0.251623
0.623205
0.374107
0.578274
0.016704
0.009648
0.009657
0.005122
0.664782
0.383635
0.007938
0.468644
0.293353
0.011483
0.008573
0.008098
0.341008
0.248700
0.889841
0.274960
0.012754
0.191700
0.007328
0.020965
0.078165
0.103115
0.179769
0.484492
6.877514
1.057199
6.300194
1.594435
47.631597
18.010769
30.142844
15.152080
1.923644
1.697870
6.729238
0.499394
17.325708
28.265263
28.682686
15.870052
5.750866
1.378782
0.469785
7.988349
12.895705
37.170955
24.688092
31.165653
2.026356
0.737368
6.887472
0.668494
13.454931
36.722523
18.915198
25.649913
2.515503
7.175392
4.866498
6.523590
9.874015
31.562450
31.850092
22.838794
0.510416
5.340436
1.631577
0.896913
51.545538
26.181089
17.866030
37.595663
8.487322
1.585300
0.550019
9.186576
28.486548
21.805069
13.723723
41.724738
1.043695
5.031018
5.375662
0.551201
22.286602
59.496606
17.253169
35.110667
0.000000
0.010849
0.008931
0.007311
0.020915
0.050715
0.008609
0.387704
0.009062
0.006482
0.000000
0.005939
0.104534
0.020645
0.006989
0.056187
0.010877
0.016046
0.000000
0.011321
0.513539
0.019739
0.031479
0.023298
0.000000
0.005785
0.000000
0.005123
0.018208
0.018306
0.024672
0.006380
0.010095
0.007219
0.006205
0.006678
0.012085
0.014985
0.242697
0.309346
0.002387
0.009763
0.012382
0.000000
0.019470
0.009224
0.019371
0.099633
0.006546
0.008744
0.000000
0.015629
0.280750
0.015426
0.300132
0.012002
0.000000
0.006672
0.000000
0.006143
0.303189
0.006331
0.018501
0.138788
2.015631
0.374824
1.237961
0.425299
18.077752
20.031245
17.046448
23.469525
0.486197
1.875095
0.252718
0.515464
43.788441
12.248047
12.496194
25.215169
0.509237
7.768777
1.789288
0.429658
24.411934
22.400170
12.754258
25.325105
0.465358
3.921922
0.439270
0.598096
10.846012
14.961125
15.359934
29.566348
0.682807
0.550157
0.808813
3.716721
13.554030
38.463125
27.103273
8.146604
0.208962
2.585149
0.786011
0.702759
8.624896
21.164742
1.623432
39.696461
7.830503
0.347995
1.280743
2.978041
20.589233
32.275672
22.832528
18.125875
0.577878
0.256818
0.899776
0.718826
15.212922
21.322133
24.727223
13.056700
0.014929
0.229449
0.006213
0.035369
0.428190
0.306627
0.472629
0.207301
0.018887
0.008951
0.006814
0.008291
0.350627
0.005197
0.445079
0.188769
0.018872
0.127845
0.007936
0.089152
0.134135
0.393066
0.081877
0.221449
0.000000
0.023231
0.121812
0.007311
0.208155
0.013723
0.064293
0.768870
0.011878
0.014324
0.052038
0.012646
0.846731
0.034419
0.533665
0.097972
0.000048
0.150242
0.008563
0.024227
0.211034
0.340699
0.014101
0.832833
0.039948
0.001932
0.272953
0.011437
0.147545
0.385645
0.514358
0.414687
0.027084
0.040054
0.000712
0.010604
0.985098
0.257086
0.003753
0.394784
2.467502
1.839728
1.264182
1.373639
34.533856
13.876369
12.790498
46.690927
1.480251
3.447161
2.382087
0.432756
19.726598
25.269334
31.694309
20.459473
1.889390
3.335591
0.415023
6.644920
40.677580
11.477000
28.079488
11.166979
6.510017
0.650185
9.638775
0.455037
18.222972
28.063594
44.044577
11.317748
9.514641
0.853240
0.483301
6.271466
22.724767
27.472755
10.867974
27.874419
1.237757
2.505049
1.245273
2.540225
11.539963
47.541397
25.677320
11.743517
1.135660
3.217413
2.662096
6.702564
18.033272
27.593875
17.590823
34.353570
1.518622
3.268184
2.494471
1.395772
55.646667
12.718536
20.027688
45.025413
0.000000
0.000052
0.019159
0.004081
0.010132
0.014334
0.052309
0.072306
0.000640
0.000000
0.014249
0.000000
0.011644
0.177716
0.004236
0.011425
0.000000
0.009915
0.000047
0.008061
0.005149
0.024859
0.012006
0.045379
0.000000
0.000067
0.008841
0.000000
0.049794
0.028051
0.019620
0.004152
0.007057
0.005198
0.000000
0.012004
0.017164
0.089295
0.012965
0.453471
0.005719
0.000000
0.000000
0.003210
0.008961
0.010767
0.006272
0.190220
0.000216
0.000043
0.016695
0.006705
0.283956
0.017140
0.223536
0.000079
0.000000
0.000071
0.006471
0.001028
0.013067
0.111458
0.000061
0.109577
2.363606
0.608274
1.720126
0.473998
12.395975
37.666056
14.298131
24.082741
0.836968
0.395379
1.638584
0.629479
10.807868
16.788041
6.965558
15.524594
1.319165
0.176562
2.227028
0.708841
20.474630
13.504619
58.816195
8.012870
0.497718
3.542781
0.687096
0.667891
7.192688
19.825461
17.099861
10.066428
0.329540
0.909522
0.604950
9.320356
12.170866
38.458431
11.116747
34.647150
1.656549
0.855473
0.896744
0.286563
19.450947
10.822762
12.718873
21.347448
0.436279
7.250483
0.415284
3.804502
26.534558
11.833583
18.439594
26.317488
0.352917
4.109319
0.502881
2.774263
22.760353
21.075914
21.314317
16.422633
0.000000
0.003877
0.005019
0.008079
0.000000
0.000000
0.000000
0.000000
0.005056
0.003367
0.000000
0.000000
0.000659
0.000000
0.000000
0.000000
0.003594
0.004001
0.000000
0.003447
0.000000
0.000000
0.000000
0.000000
0.000000
0.002658
0.004991
0.000000
0.000000
0.000000
0.000000
0.000000
0.002538
0.000000
0.005867
0.000000
0.000000
0.000000
0.000000
0.000000
0.000000
0.011014
0.000000
0.000000
0.000000
0.000000
0.000000
0.000000
0.005131
0.001799
0.003481
0.003025
0.000000
0.000000
0.000000
0.000000
0.005547
0.000000
0.000000
0.000000
0.000000
0.000000
0.000000
0.000000
0.000000
0.000000
0.000000
0.000000
0.000000
0.000000
0.000000
0.000000
0.000000
0.000000
0.000000
0.000000
0.000000
0.000000
0.000000
0.000000
0.000000
0.000000
0.000000
0.000000
0.000000
0.000000
0.000000
0.000000
0.000000
0.000000
0.000000
0.000000
0.000000
0.000000
0.000000
0.000000
0.000000
0.000000
0.000000
0.000000
0.000000
0.000000
0.000000
0.000000
0.000000
0.000000
0.000000
0.000000
0.000000
0.000000
0.000000
0.000000
0.000000
0.000000
0.000000
0.000000
0.000000
0.000000
0.000000
0.000000
0.000000
0.000000
0.000000
0.000000
0.000000
0.000000
0.000000
0.000000
0.000000
0.000000
0.000000
0.000000
0.000000
0.000000
0.000000
0.000000
0.000000
0.000000
0.000000
0.000000
0.000000
0.000000
0.000000
0.000000
0.000000
0.005421
0.000000
0.000000
0.000000
0.000000
0.000000
0.000000
0.000000
0.000000
0.000000
0.000000
0.000000
0.000000
0.000000
0.000000
0.000000
0.007858
0.000000
0.000000
0.000000
0.000000
0.000000
0.000000
0.000000
0.000000
0.000000
0.000000
0.000000
0.000000
0.000000
0.000000
0.000000
0.007794
0.000000
0.000000
0.000000
0.000000
0.000000
0.000000
0.000000
0.000000
0.000000
0.000000
0.000000
0.000000
0.000000
0.000000
0.000000
0.000000
0.000000
0.000000
0.000000
0.000000
0.000000
0.000000
0.000000
0.000000
0.000000
0.000000
0.000000
0.000000
0.000000
0.000000
0.000000
0.000000
0.000000
0.000000
0.000000
0.000000
0.000000
0.000000
0.000000
0.000000
0.000000
0.000000
0.000000
0.000000
0.000000
0.000000
0.000000
0.000000
0.000000
0.000000
0.000000
0.000000
0.000000
0.000000
0.000000
0.000000
0.000000
0.000000
0.000000
0.000000
0.000000
0.000000
0.000000
0.000000
0.000000
0.000000
0.000000
0.000000
0.000000
0.000000
0.000000
0.000000
0.000000
0.000000
0.000000
0.000000
0.000000
0.000000
0.000000
0.004614
0.004566
0.002801
0.000000
0.000000
0.000000
0.000483
0.002695
0.008068
0.000000
0.000000
0.000000
0.000000
0.000000
0.000000
0.004976
0.000000
0.011095
0.000000
0.000000
0.000000
0.004517
0.000000
0.000000
0.009894
0.000000
0.000000
0.000000
0.000000
0.000000
0.000000
0.004700
0.000000
0.004061
0.000000
0.000000
0.000000
0.000000
0.000000
0.008996
0.000000
0.006992
0.000000
0.000000
0.000000
0.000000
0.000000
0.005870
0.000000
0.003186
0.009989
0.000000
0.000000
0.000000
0.000000
0.000000
0.000000
0.005329
0.000000
0.000000
0.000000
0.000000
0.000000
0.000000
0.000000
0.000000
0.000000
0.000000
0.000000
0.000000
0.000000
0.000000
0.000000
0.000000
0.000000
0.000000
0.000000
0.000000
0.000000
0.000000
0.000000
0.000000
0.000000
0.000000
0.000000
0.000000
0.000000
0.000000
0.000000
0.000000
0.000000
0.000000
0.000000
0.000000
0.000000
0.000000
0.000000
0.000000
0.000000
0.000000
0.000000
0.000000
0.000000
0.000000
0.000000
0.000000
0.000000
0.000000
0.000000
0.000000
0.000000
0.000000
0.000000
0.000000
0.000000
0.000000
0.000000
0.000000
0.000000
0.000000
0.000000
0.000000
0.000000
0.000000
0.000000
0.000000
0.000000
0.000000
0.000000
0.003585
0.000000
0.000000
0.000000
0.000000
0.000000
0.000000
0.000000
0.000000
0.000000
0.000000
0.000000
0.000000
0.000000
0.000000
0.000000
0.000000
0.000000
0.000000
0.000000
0.000000
0.000000
0.000000
0.000000
0.000000
0.000000
0.000000
0.000000
0.000000
0.000000
0.000000
0.000000
0.008488
0.000000
0.000000
0.000000
0.000000
0.000000
0.000000
0.000000
0.000000
0.000000
0.000000
0.000000
0.000000
0.000000
0.000000
0.000000
0.000000
0.000000
0.000000
0.000000
0.000000
0.000000
0.000000
0.000000
0.000000
0.000000
0.000000
0.000000
0.000000
0.000000
0.000000
0.000000
0.000000
0.000000
0.000000
0.000000
0.000000
0.000000
0.000000
0.000000
0.000000
0.000000
0.000000
0.000000
0.000000
0.000000
0.000000
0.000000
0.000000
0.000000
0.000000
0.000000
0.000000
0.000000
0.000000
0.000000
0.000000
0.000000
0.000000
0.000000
0.000000
0.000000
0.000000
0.000000
0.000000
0.000000
0.000000
0.000000
0.000000
0.000000
0.000000
0.000000
0.000000
0.000000
0.000000
0.000000
0.000000
0.000000
0.000000
0.000000
0.000000
0.000000
0.000000
0.000000
0.000000
0.000000
0.000000
0.000000
0.000000
0.000000
0.000000
0.000000
0.000000
0.000000
0.002931
0.006221
0.008458
0.000000
0.000000
0.000000
0.000000
0.000000
0.000000
0.000000
0.004552
0.000000
0.000000
0.000000
0.000000
0.000000
0.005022
0.003104
0.000000
0.003478
0.000000
0.000000
0.000000
0.000000
0.005122
0.000000
0.003775
0.000000
0.000000
0.000000
0.000000
0.000000
0.002208
0.005365
0.000000
0.003822
0.000000
0.000000
0.000000
0.000000
0.002304
0.000000
0.005717
0.000000
0.000000
0.000000
0.000000
0.000000
0.000000
0.004521
0.002664
0.003843
0.000000
0.000000
0.000000
0.000000
0.003609
0.000000
0.010147
0.000000
0.000000
0.000000
0.000000
0.000000
0.000000
0.000000
0.000000
0.000000
0.000000
0.000000
0.000000
0.000000
0.000000
0.000000
0.000000
0.000000
0.000000
0.000000
0.000000
0.000000
0.000000
0.000000
0.000000
0.000000
0.000000
0.000000
0.000000
0.000000
0.000000
0.000000
0.000000
0.000000
0.000000
0.000000
0.000000
0.000000
0.000000
0.000000
0.000000
0.000000
0.000000
0.000000
0.000000
0.000000
0.000000
0.000000
0.000000
0.000000
0.000000
0.000000
0.000000
0.000000
0.000000
0.000000
0.000000
0.000000
0.000000
0.000000
0.000000
0.000000
0.000000
0.000000
0.000000
0.000000
0.000000
0.000000
0.000000
0.000000
0.000000
0.000000
0.000000
0.000000
0.000000
0.000000
0.000000
0.000000
0.000000
0.000000
0.000000
0.000000
0.000000
0.000000
0.000000
0.000000
0.000000
0.000000
0.004541
0.000000
0.000000
0.000000
0.000000
0.000000
0.000000
0.000000
0.000000
0.000000
0.000000
0.000000
0.000000
0.000000
0.000000
0.000000
0.000000
0.000000
0.000000
0.000000
0.000000
0.000000
0.000000
0.000000
0.000000
0.000000
0.000000
0.000000
0.000000
0.000000
0.000000
0.000000
0.008047
0.000000
0.000000
0.000000
0.000000
0.000000
0.000000
0.000000
0.000000
0.000000
0.000000
0.000000
0.000000
0.000000
0.000000
0.000000
0.000000
0.000000
0.000000
0.000000
0.000000
0.000000
0.000000
0.000000
0.000000
0.000000
0.000000
0.000000
0.000000
0.000000
0.000000
0.000000
0.000000
0.000000
0.000000
0.000000
0.000000
0.000000
0.000000
0.000000
0.000000
0.000000
0.000000
0.000000
0.000000
0.000000
0.000000
0.000000
0.000000
0.000000
0.000000
0.000000
0.000000
0.000000
0.000000
0.000000
0.000000
0.000000
0.000000
0.000000
0.000000
0.000000
0.000000
0.000000
0.000000
0.000000
0.000000
0.000000
0.000000
0.000000
0.000000
0.000000
0.000000
0.000000
0.000000
0.000000
0.000000
0.000000
0.007414
0.000000
0.009464
0.006852
0.000000
0.000000
0.000000
0.000759
0.000000
0.003591
0.007270
0.000000
0.000000
0.000000
0.000000
0.000000
0.001526
0.000000
0.007055
0.000000
0.003760
0.000000
0.000000
0.000000
0.006608
0.000000
0.000000
0.000000
0.000000
0.006873
0.000000
0.000000
0.004984
0.003291
0.000000
0.005677
0.000000
0.003003
0.000000
0.000000
0.000000
0.000000
0.007290
0.000000
0.000000
0.000000
0.000000
0.000000
0.000000
0.008912
0.000000
0.010413
0.000000
0.000000
0.000000
0.000000
0.000000
0.000000
0.003798
0.004171
0.000000
0.000000
0.000000
0.000000
0.000000
0.000000
0.000000
0.000000
0.000000
0.000000
0.000000
0.000000
0.000000
0.000000
0.000000
0.000000
0.000000
0.000000
0.000000
0.000000
0.000000
0.000000
0.000000
0.000000
0.000000
0.000000
0.000000
0.000000
0.000000
0.000000
0.000000
0.000000
0.000000
0.000000
0.000000
0.000000
0.000000
0.000000
0.000000
0.000000
0.000000
0.000000
0.000000
0.000000
0.000000
0.000000
0.000000
0.000000
0.000000
0.000000
0.000000
0.000000
0.000000
0.000000
0.000000
0.000000
0.000000
0.000000
0.000000
0.000000
0.000000
0.000000
0.000000
0.000000
0.000000
0.000000
0.000000
0.000000
0.000000
0.000000
0.000000
0.000000
0.000000
0.000000
0.000000
0.000000
0.000000
0.000000
0.000000
0.000000
0.000000
0.000000
0.000000
0.000000
0.000000
0.000000
0.000000
0.000000
0.000000
0.000000
0.000000
0.000000
0.000000
0.000000
0.000000
0.000000
0.000000
0.000000
0.000000
0.000000
0.000000
0.000000
0.000000
0.000000
0.000000
0.000000
0.000000
0.000000
0.000000
0.000000
0.000000
0.000000
0.000000
0.000000
0.000000
0.000000
0.000000
0.000000
0.000000
0.000000
0.000000
0.000000
0.000000
0.000000
0.000000
0.000000
0.000000
0.000000
0.000000
0.000000
0.000000
0.000000
0.000000
0.000000
0.000000
0.000000
0.000000
0.000000
0.000000
0.000000
0.000000
0.000000
0.000000
0.000000
0.000000
0.000000
0.000000
0.000000
0.000000
0.000000
0.000000
0.000000
0.000000
0.000000
0.000000
0.000000
0.000000
0.000000
0.000000
0.000000
0.000000
0.000000
0.000000
0.000000
0.000000
0.000000
0.000000
0.000000
0.000000
0.000000
0.000000
0.000000
0.000000
0.000000
0.000000
0.000000
0.000000
0.000000
0.000000
0.000000
0.000000
0.000000
0.000000
0.000000
0.000000
0.000000
0.000000
0.000000
0.000000
0.000000
0.000000
0.000000
0.000000
0.000000
0.000000
0.000000
