0.000000
1.826161
1.775240
0.574631
3.721340
3.808904
2.472336
3.571894
0.144774
1.009761
2.038238
1.666698
2.136445
2.931283
2.510189
4.480297
1.565784
1.435063
2.207719
1.662834
3.831026
3.312128
3.069720
3.575843
1.053317
0.574038
0.210526
2.031502
2.655120
4.726356
2.306554
3.138389
2.190648
1.907234
1.556223
2.588788
3.899895
3.430689
3.553356
4.871109
0.874034
1.245976
2.034869
0.357654
4.042385
2.066889
5.588694
2.713827
1.847083
1.622800
1.754223
1.896076
4.688635
3.345217
4.262295
1.654022
0.173487
2.451800
1.569424
0.760215
3.059980
2.864432
2.677052
4.092440
7.045506
14.109988
10.894542
11.925378
36.119869
16.570677
30.523138
43.440252
8.627838
8.876017
11.943622
9.992066
18.251422
46.873902
51.753434
35.031663
6.806373
12.808575
9.596372
12.054625
37.578045
76.553516
67.097131
26.218445
5.087542
16.860520
7.704314
9.533315
35.057456
47.364280
24.252511
41.163784
13.526455
9.301900
6.384031
12.042817
43.506316
22.454169
29.223063
50.040048
11.306591
8.091222
8.610734
7.671232
35.487642
36.317378
23.455297
51.973170
14.884802
9.182523
6.111225
10.425660
51.598197
30.275570
54.151598
21.048044
7.669797
17.555950
6.839190
11.050953
64.437653
18.836555
21.636605
42.092163
0.055073
0.256585
0.800082
0.240090
2.246640
1.780603
2.365509
3.216772
0.072669
0.287852
0.100362
0.212501
0.693295
2.817624
1.742683
2.493715
0.321330
0.198662
0.682402
0.353956
3.082043
3.172918
1.888005
0.644469
0.102019
0.745330
0.070869
0.404192
0.726278
2.779810
3.004215
0.307209
0.665145
0.048819
0.480491
0.731054
3.430763
0.925038
3.199825
0.677269
0.530155
0.138710
0.666413
0.059733
1.026625
2.929182
0.859728
2.280678
0.260284
0.060707
0.278750
0.631422
3.144172
3.203263
0.999755
2.115388
0.054709
0.673067
0.579617
0.066224
1.824326
1.959712
1.673908
1.317178
5.721210
10.243676
10.564976
3.685973
18.054486
33.172469
31.305844
23.517273
2.195730
6.105150
4.671892
6.661003
34.362773
13.328305
44.175933
11.565894
6.409780
6.443225
3.930931
6.769108
16.433134
38.458214
30.298830
23.555588
7.941655
3.605341
13.303025
2.930192
35.188520
18.751211
14.236431
51.887253
7.749158
18.415358
11.929953
7.273570
29.980106
27.088080
22.099431
48.041364
4.692130
9.459605
4.633993
9.925271
23.954720
39.031953
14.573330
31.044291
9.766910
4.809331
10.568649
6.952713
22.472936
39.410325
25.932234
37.917016
9.898578
3.593231
8.048603
4.337823
17.841563
32.722209
26.115120
33.303814
2.222696
1.488077
0.813357
1.794497
3.261969
3.667827
3.369068
3.169515
0.700551
0.216882
1.458545
0.753201
1.413934
2.939600
4.741526
2.519865
1.374667
2.312906
1.373383
2.309732
2.907593
3.962285
2.879140
3.536432
1.007869
0.805457
1.415452
0.221125
2.486590
4.396612
1.286108
4.513791
1.318874
2.211228
0.582820
2.101483
3.503806
3.214392
2.469406
4.020693
0.358042
2.208820
0.207894
1.826500
3.242993
1.312777
2.620708
4.796172
1.536439
2.109548
1.448605
0.163242
3.388425
3.919272
2.637086
4.582755
1.828707
1.938291
0.137256
1.137505
3.508045
1.859988
6.709219
1.462515
4.576395
18.158059
14.773320
3.894041
37.760581
68.685139
29.074067
58.860350
12.171534
5.287777
13.486048
9.055750
24.986942
43.255005
47.860772
26.868900
7.101502
14.613203
11.993569
7.532352
61.265031
20.539494
33.322681
53.666709
3.879138
11.868080
10.823997
6.970534
20.128894
50.948606
53.994559
15.788380
5.349218
12.279245
10.585190
5.670394
34.769327
51.467438
22.438438
56.820325
8.902259
4.674858
17.576881
4.894983
41.750656
46.598289
29.031178
42.972600
5.022133
18.894886
12.086591
7.528540
23.628177
48.298088
51.881523
35.472311
6.332131
10.961372
14.817577
9.478118
16.813470
64.334055
29.367055
53.199452
0.086447
1.667545
0.047320
0.199871
5.385155
1.652496
0.726278
1.929550
0.035166
0.209696
0.296896
0.482809
0.302857
1.566313
2.332958
1.659710
0.090302
0.090339
0.828324
0.165770
1.213140
1.637181
2.229253
4.010293
0.412250
0.242705
0.047990
0.130215
0.765692
2.534364
0.238274
2.173227
0.126529
1.547595
0.059606
0.526346
2.867365
0.551052
3.380064
1.345879
0.108393
0.322344
0.041785
0.727768
0.640956
3.035615
3.058303
0.708708
0.234217
1.282435
0.053219
0.785273
3.247204
1.965329
1.922900
1.806762
0.770895
0.040419
0.846574
0.029617
2.354115
0.807380
2.754845
0.618374
7.853892
10.980419
5.844250
12.232158
19.796273
37.584352
21.796331
52.274159
10.967667
5.262853
5.017623
5.976278
30.225675
15.572731
30.165692
12.530506
2.421326
18.779344
12.706886
4.202076
65.309988
18.949036
15.056731
47.180556
6.172459
5.170403
4.340473
12.443375
26.424722
20.159298
20.179528
26.276686
3.921908
15.562392
7.043792
9.783979
27.922952
31.695050
14.054964
59.882225
13.794294
2.339767
4.902677
10.160085
31.304450
20.178780
28.168125
38.260425
7.365944
6.827436
8.798264
9.170674
21.258252
37.121166
19.833677
62.390058
12.523602
6.733988
3.703822
14.212236
22.731380
40.942100
21.051263
26.173828
1.817943
1.977828
0.503359
2.234278
2.602619
4.595800
4.347393
3.318999
0.806119
2.592737
0.392541
0.597690
3.637334
2.534350
2.914221
3.605401
1.088522
0.967802
2.916193
1.739880
2.544511
4.879866
5.698384
2.325231
0.067149
2.864388
0.794355
1.539224
2.804488
3.861606
1.406445
4.658995
1.797012
2.040721
2.325058
0.916307
3.193119
4.242558
3.857707
4.271840
1.558701
0.627702
0.800399
0.678018
4.065987
2.776946
1.073700
4.677437
2.876916
1.830711
2.145624
1.224145
3.495511
3.167594
4.427880
2.444915
0.186322
2.397029
0.236472
2.198550
2.238236
2.430687
2.868777
3.060815
12.191623
7.135318
11.335964
8.459796
83.069133
29.100145
39.652559
26.818914
10.602680
7.925870
12.350008
4.551318
28.452678
45.370238
49.222427
27.063111
11.543994
7.657528
4.124537
13.224270
21.245198
53.400359
36.695722
55.101198
11.641752
6.287482
12.352228
4.752513
22.807656
64.486858
32.297195
41.747253
8.914297
13.639619
9.354310
14.466758
17.894489
57.232798
48.300591
37.191009
4.839770
9.952074
8.211823
10.025300
75.272195
34.883975
32.068325
56.307550
14.212305
9.210563
6.798690
16.779034
43.868700
32.208091
25.064419
70.547972
10.400519
10.208767
9.910170
6.557010
31.786909
77.770228
29.726645
53.012663
0.079959
0.326577
0.500606
1.102148
1.091481
2.491210
0.873192
2.961648
0.261548
0.192396
0.071457
0.431408
2.947920
1.036585
0.562447
2.340805
0.221740
1.741613
0.038897
0.384526
4.855147
0.939540
2.305644
1.735570
0.067987
0.230494
0.043262
0.493991
2.902276
1.020603
1.914378
1.056185
0.852026
0.416840
0.567780
0.565448
2.809987
1.234219
2.359638
2.871299
0.093751
0.430840
0.366132
0.041301
2.775256
1.736445
1.029874
2.693253
0.878710
0.274228
0.099874
0.364053
3.260462
1.334549
2.754748
0.368463
0.036408
0.339320
0.047362
0.258672
3.017638
0.793550
0.502275
2.817691
9.156626
3.147954
8.486222
3.879495
28.323006
29.343372
27.364788
38.039983
3.647245
9.543897
3.010488
4.778171
61.984003
25.656245
22.197513
41.367750
4.756364
15.961895
8.924865
4.133709
35.936820
36.274811
21.115167
42.641484
4.281741
11.373619
3.408096
10.394049
22.271455
26.384047
28.647747
46.831245
6.728623
4.919657
5.055218
10.144811
23.023230
59.412505
42.047369
15.928158
3.470484
9.747033
8.010778
3.832904
17.548134
36.247944
11.606666
53.946016
16.074666
3.749623
6.011865
12.306773
31.879595
51.742397
34.450264
29.549877
9.117053
3.670438
5.151996
4.390839
26.973023
32.122875
36.101309
24.132853
1.737946
2.220043
0.281958
1.815368
3.604643
2.566405
4.603755
2.931813
1.671637
1.247672
0.207428
1.592871
3.156835
0.704086
3.090549
3.084203
1.545637
2.361486
0.732196
1.564317
2.628104
3.172677
3.204128
2.320323
0.037547
2.192299
1.778277
1.140774
1.798189
1.608803
1.909688
4.681853
1.303884
1.694400
2.228258
0.549339
6.161302
2.045291
3.872784
2.630508
0.270846
1.878356
1.009157
2.452150
2.458611
3.714865
2.484122
4.433071
2.908889
0.491160
2.241402
1.437056
3.071619
2.818802
4.030385
4.436078
1.784011
1.848583
0.182184
1.440101
5.081897
2.154437
0.951532
4.798872
8.077377
10.923979
7.567695
11.149173
62.003591
22.640942
25.421328
73.538305
7.728439
12.104097
8.725061
4.073524
38.380652
42.715348
51.420333
29.886166
7.547473
13.116703
4.054712
13.678900
67.816539
19.194770
41.265567
22.715452
15.792672
5.423305
16.701642
4.060568
29.850833
46.270553
70.604886
18.368441
15.670141
5.858646
5.050439
13.091673
34.980230
39.822681
22.182813
51.062803
12.212148
10.407504
5.119758
11.146352
19.905239
60.641830
39.420617
19.901838
7.129797
12.008309
7.652346
19.496206
34.049109
51.603472
36.918731
48.512202
6.772057
13.778725
10.679013
7.400300
70.615370
20.773717
40.107108
63.987291
0.202026
0.212039
0.823448
0.506428
0.716011
1.907604
2.097232
1.700734
0.277286
0.202986
0.518902
0.058291
1.673366
2.227485
0.785899
1.409133
0.039934
1.132591
0.343803
1.132751
1.191841
2.333580
1.186309
2.084759
0.199767
0.113749
0.683071
0.048925
2.004228
1.368775
2.260670
0.289467
0.514732
0.553025
0.064764
0.506251
1.554061
1.808765
0.429982
5.187698
0.692452
0.034276
0.032118
0.279342
1.712282
1.060949
0.630966
2.769295
0.098977
0.133412
1.483403
1.001869
3.659204
1.521507
1.961589
0.618919
0.041935
0.134891
0.946804
0.430462
1.748964
2.286991
0.306798
1.402179
8.736591
7.060375
7.928718
4.456079
21.910234
52.854706
27.427430
34.939267
11.886416
6.235919
7.736527
4.359263
21.938488
29.611519
14.247619
25.918436
9.509020
2.429928
8.038525
5.908146
30.632528
26.853130
66.890697
14.734331
4.521272
12.205973
7.798063
4.385258
15.051997
29.528622
26.058331
17.277130
3.876810
8.386173
5.146067
14.454850
25.152020
59.307348
19.159328
50.856072
7.774851
5.071036
8.554191
2.843131
29.823120
21.920016
26.593545
33.143020
5.510481
14.107189
7.108926
9.539971
35.576727
26.495166
28.206083
44.875853
4.064487
13.354267
6.898254
8.201737
33.950756
27.381934
34.750900
26.150464
0.061927
0.374893
0.386469
0.963856
0.017573
0.000000
0.165429
0.012455
0.614524
0.404813
0.005078
0.075512
0.214197
0.013183
0.000034
0.000000
0.703028
0.643180
0.067777
0.588120
0.000000
0.080576
0.015913
0.016266
0.025011
0.544069
0.829713
0.006156
0.000819
0.000000
0.022596
0.000009
0.256704
0.148363
0.615647
0.020224
0.012256
0.015305
0.004125
0.013947
0.062841
0.205021
0.043229
0.180498
0.000000
0.001759
0.000000
0.017101
0.309953
0.365042
0.346057
0.337204
0.012734
0.000153
0.014199
0.277252
0.654860
0.019039
0.060051
0.116627
0.000034
0.000091
0.000432
0.000106
0.000000
0.000000
0.000000
0.000000
0.000000
0.000000
0.000000
0.000000
0.000000
0.000000
0.000000
0.000000
0.000000
0.000000
0.000000
0.000000
0.000000
0.000000
0.000009
0.000000
0.000000
0.000000
0.000000
0.000000
0.000000
0.000000
0.000000
0.000000
0.000000
0.000000
0.000000
0.000000
0.000000
0.000000
0.001560
0.000000
0.000000
0.000000
0.000000
0.000000
0.000000
0.000000
0.000000
0.000000
0.000000
0.000000
0.000000
0.000000
0.000000
0.000000
0.002931
0.000000
0.000000
0.000000
0.000000
0.000000
0.000115
0.000000
0.000000
0.000000
0.000000
0.000000
0.000000
0.000000
0.035081
0.026166
0.002120
0.052321
0.000000
0.000056
0.000000
0.000000
0.028688
0.005334
0.027967
0.005615
0.000471
0.000000
0.000070
0.000000
0.002544
0.161430
0.029224
0.000166
0.000008
0.000000
0.000029
0.012871
0.022382
0.003207
0.022894
0.020590
0.000000
0.000000
0.000000
0.000160
0.004287
0.322157
0.027290
0.003922
0.000000
0.000026
0.000000
0.001425
0.003464
0.022995
0.002548
0.029167
0.000000
0.000000
0.000008
0.000000
0.018449
0.238402
0.022215
0.019964
0.000000
0.000079
0.001434
0.000000
0.034622
0.015317
0.003311
0.025844
0.000000
0.000000
0.000378
0.000000
0.000000
0.000000
0.000000
0.000000
0.000000
0.000000
0.000000
0.000000
0.000000
0.000000
0.000000
0.000000
0.000000
0.000000
0.000000
0.000000
0.000000
0.000000
0.000000
0.000000
0.000000
0.000000
0.000000
0.000000
0.000000
0.000000
0.000000
0.000000
0.000000
0.000000
0.000000
0.000000
0.000000
0.000000
0.000000
0.000000
0.000000
0.000000
0.000000
0.000000
0.000000
0.000000
0.000000
0.000000
0.000000
0.000000
0.000000
0.000000
0.000000
0.000000
0.000000
0.000000
0.000000
0.000000
0.000000
0.000000
0.000000
0.000000
0.000000
0.000000
0.000000
0.000000
0.000000
0.000000
0.023683
0.223686
1.354553
0.551968
0.000000
0.037468
0.000105
0.111064
0.173413
1.127560
0.032658
0.011217
0.056130
0.013296
0.000000
0.000581
0.281994
0.067188
0.602389
0.047968
0.000124
0.014890
0.169362
0.000000
0.001872
0.326159
0.024170
0.529281
0.000145
0.002008
0.000152
0.000268
0.725377
0.052809
0.872614
0.177528
0.025382
0.000008
0.028727
0.061867
0.319882
0.004018
1.013648
0.020847
0.000000
0.026401
0.007000
0.004354
1.042700
0.026541
0.400287
1.223561
0.097422
0.000000
0.016923
0.016843
0.021307
0.111532
1.000733
0.043591
0.000000
0.019362
0.000000
0.000000
0.000000
0.000000
0.000000
0.000000
0.000000
0.000000
0.000000
0.000000
0.000000
0.000000
0.000000
0.000000
0.000000
0.000000
0.000000
0.000000
0.011623
0.000000
0.000000
0.001961
0.000000
0.000000
0.000000
0.000000
0.000000
0.000000
0.000000
0.000195
0.000000
0.000000
0.000000
0.000000
0.000000
0.000000
0.000013
0.000000
0.000000
0.000000
0.000000
0.000000
0.000000
0.000000
0.000000
0.000015
0.000000
0.000000
0.000000
0.000000
0.000000
0.000000
0.000025
0.011123
0.000000
0.000000
0.000000
0.000000
0.000000
0.000000
0.000000
0.000000
0.000000
0.000000
0.000000
0.000000
0.030616
0.020916
0.453406
0.008577
0.000000
0.001750
0.000000
0.000000
0.038192
0.001373
0.020947
0.021714
0.000000
0.000000
0.000000
0.004025
0.028964
0.229942
0.021249
0.056834
0.000000
0.000000
0.001426
0.000412
0.020732
0.024798
0.036881
0.000058
0.000000
0.000089
0.000000
0.000196
0.024475
0.019962
0.195032
0.000268
0.000000
0.000000
0.000000
0.000000
0.022517
0.021329
0.033294
0.017934
0.000000
0.000000
0.000000
0.000000
0.000453
0.024970
0.316348
0.019314
0.000000
0.002026
0.000000
0.006542
0.019600
0.026714
0.020136
0.053326
0.000015
0.000000
0.000075
0.000000
0.000000
0.000000
0.000000
0.000000
0.000000
0.000000
0.000000
0.000000
0.000000
0.000000
0.000000
0.000000
0.000000
0.000000
0.000000
0.000000
0.000000
0.000000
0.000000
0.000000
0.000000
0.000000
0.000000
0.000000
0.000000
0.000000
0.000000
0.000000
0.000000
0.000000
0.000000
0.000000
0.000000
0.000000
0.000000
0.000000
0.000000
0.000000
0.000000
0.000000
0.000000
0.000000
0.000000
0.000000
0.000000
0.000000
0.000000
0.000000
0.000000
0.000000
0.000000
0.000000
0.000000
0.000000
0.000000
0.000000
0.000000
0.000000
0.000000
0.000000
0.000000
0.000000
0.000000
0.000000
0.183705
0.277124
0.897470
0.096958
0.158209
0.001157
0.005055
0.001150
0.036435
0.004895
0.630266
0.076428
0.000000
0.029109
0.000015
0.000075
1.109086
0.547039
0.034325
0.442782
0.022099
0.016430
0.000090
0.281625
0.628745
0.012325
0.481139
0.005974
0.003668
0.000041
0.223839
0.000016
0.191011
0.278675
0.150307
0.521250
0.016123
0.007323
0.014045
0.014757
0.159984
0.044994
0.309190
0.040977
0.003470
0.000048
0.149532
0.000000
0.029597
0.183914
0.303802
0.418904
0.007777
0.069023
0.006559
0.092390
0.601019
0.020364
1.371900
0.004692
0.055812
0.000077
0.002707
0.000000
0.000000
0.000000
0.000000
0.000000
0.000000
0.000000
0.000000
0.000000
0.000000
0.000000
0.000000
0.000000
0.000000
0.000000
0.000000
0.000000
0.000000
0.000000
0.000023
0.000000
0.000000
0.000000
0.000000
0.000000
0.000000
0.001343
0.000000
0.000000
0.000000
0.000000
0.000000
0.000000
0.000000
0.000000
0.000000
0.000000
0.000000
0.000000
0.000000
0.000000
0.000000
0.000000
0.000000
0.000000
0.000000
0.000000
0.000000
0.000000
0.000000
0.001095
0.000000
0.000000
0.000000
0.000000
0.000000
0.000000
0.000000
0.000000
0.000000
0.000000
0.000000
0.000000
0.000000
0.000000
0.051837
0.020592
0.034851
0.002847
0.000000
0.000110
0.000171
0.000000
0.020814
0.022940
0.031417
0.002332
0.000000
0.000000
0.004041
0.000000
0.022403
0.019342
0.480297
0.020637
0.000000
0.000051
0.000000
0.001006
0.032355
0.001218
0.033394
0.020193
0.000000
0.000000
0.000000
0.000000
0.002532
0.024920
0.027496
0.005070
0.000000
0.000044
0.000000
0.000000
0.025192
0.004858
0.003282
0.037060
0.000000
0.000112
0.000000
0.000000
0.002776
0.026851
0.199225
0.003431
0.000000
0.001456
0.000000
0.006611
0.047175
0.000587
0.035027
0.021421
0.000000
0.003289
0.000382
0.000000
0.000000
0.000000
0.000000
0.000000
0.000000
0.000000
0.000000
0.000000
0.000000
0.000000
0.000000
0.000000
0.000000
0.000000
0.000000
0.000000
0.000000
0.000000
0.000000
0.000000
0.000000
0.000000
0.000000
0.000000
0.000000
0.000000
0.000000
0.000000
0.000000
0.000000
0.000000
0.000000
0.000000
0.000000
0.000000
0.000000
0.000000
0.000000
0.000000
0.000000
0.000000
0.000000
0.000000
0.000000
0.000000
0.000000
0.000000
0.000000
0.000000
0.000000
0.000000
0.000000
0.000000
0.000000
0.000000
0.000000
0.000000
0.000000
0.000000
0.000000
0.000000
0.000000
0.000000
0.000000
0.428593
0.038510
1.187736
0.293123
0.000000
0.026171
0.015740
0.113122
0.024358
0.489527
0.977267
0.002410
0.013768
0.025780
0.000000
0.003673
0.140878
0.061470
1.391187
0.477036
0.158531
0.000000
0.036089
0.001269
1.100410
0.019518
0.045510
0.141752
0.000000
0.165813
0.000231
0.000263
0.310566
0.449956
0.084605
0.981681
0.001842
0.218749
0.000000
0.044635
0.140074
0.166037
0.296304
0.018624
0.027553
0.000000
0.018411
0.000180
0.019244
1.225101
0.107183
0.326761
0.090677
0.000151
0.016421
0.000000
0.014555
0.022329
0.650434
0.110638
0.013397
0.000000
0.004873
0.001204
0.000000
0.000000
0.010841
0.000000
0.000000
0.000000
0.000000
0.000000
0.000000
0.000000
0.000000
0.000000
0.000000
0.000000
0.000000
0.000000
0.009939
0.000000
0.000000
0.000000
0.000000
0.000000
0.000000
0.000000
0.000000
0.000000
0.000000
0.000000
0.000000
0.000000
0.000000
0.000000
0.000000
0.013442
0.000000
0.000000
0.000000
0.000000
0.000000
0.000000
0.000000
0.000000
0.010999
0.000000
0.000000
0.000000
0.000000
0.000000
0.011348
0.000000
0.010553
0.000000
0.000000
0.000000
0.000000
0.000000
0.000000
0.000000
0.000000
0.000000
0.000000
0.000000
0.000000
0.000000
0.025420
0.019894
0.000661
0.027670
0.000000
0.001658
0.001948
0.000000
0.000735
0.023004
0.019450
0.027567
0.000257
0.000000
0.000000
0.002102
0.056905
0.018022
0.023848
0.020605
0.000000
0.001483
0.000000
0.000257
0.022721
0.000252
0.018328
0.027356
0.000788
0.000000
0.001413
0.000000
0.022213
0.001603
0.224977
0.021465
0.000886
0.000000
0.000029
0.000000
0.018222
0.042400
0.053346
0.021576
0.002558
0.000000
0.000000
0.000000
0.043418
0.022253
0.022509
0.017784
0.001430
0.004003
0.000000
0.002093
0.025762
0.000285
0.018057
0.021914
0.002399
0.000327
0.000000
0.000000
0.000000
0.000000
0.000000
0.000000
0.000000
0.000000
0.000000
0.000000
0.000000
0.000000
0.000000
0.000000
0.000000
0.000000
0.000000
0.000000
0.000000
0.000000
0.000000
0.000000
0.000000
0.000000
0.000000
0.000000
0.000000
0.000000
0.000000
0.000000
0.000000
0.000000
0.000000
0.000000
0.000000
0.000000
0.000000
0.000000
0.000000
0.000000
0.000000
0.000000
0.000000
0.000000
0.000000
0.000000
0.000000
0.000000
0.000000
0.000000
0.000000
0.000000
0.000000
0.000000
0.000000
0.000000
0.000000
0.000000
0.000000
0.000000
0.000000
0.000000
0.000000
0.000000
0.000000
0.000000
