0.000000
2.008644
1.451293
0.140288
5.022396
7.874381
3.079099
7.225259
0.060678
0.500877
3.383682
1.833370
2.261954
4.030164
6.673748
8.928462
1.084599
0.626789
2.271928
1.444111
8.118957
3.264784
7.334000
4.432036
1.656961
0.457044
0.040085
4.174736
6.869443
7.161868
2.006630
7.294605
2.515458
2.186116
0.917019
5.196358
7.686741
8.270744
5.861274
8.397792
0.566612
1.437241
2.624499
0.375168
8.048385
6.837531
7.888395
3.763716
1.724814
1.582057
2.276160
1.856462
6.748561
6.934624
6.471683
5.132745
0.148785
3.296538
2.125463
0.222559
5.083637
9.477258
6.543066
6.075154
10.079364
24.173516
14.213364
15.325972
53.475558
34.307050
43.039125
66.984494
12.929250
9.731199
23.319227
17.100898
31.429750
58.889941
59.911328
42.941312
10.525642
28.157198
10.397315
15.584037
55.539250
92.560084
79.304325
41.932447
11.895439
30.797492
8.630239
11.718713
45.995709
57.259250
42.378423
50.727462
27.960462
13.422872
8.672507
16.310481
61.312969
32.147084
43.876162
58.389294
17.501570
9.890078
19.629564
14.178744
50.016070
48.363175
39.323378
56.841013
22.422302
20.872688
8.592805
19.673147
73.057955
42.816836
59.899256
32.923625
8.294702
27.029159
13.527409
23.587047
79.662200
29.655100
36.777062
65.851297
0.061681
0.208779
1.291749
0.562053
7.167115
2.948304
5.304159
6.349570
0.056195
0.914526
0.180031
0.312657
2.061681
8.449584
2.948290
8.212049
0.941088
0.071708
1.238530
3.772085
5.520218
8.295808
2.735420
2.437060
0.202991
0.674762
0.208942
0.392996
4.921952
5.182160
9.905815
2.886087
0.505950
0.060983
1.088928
2.072573
8.350003
3.893173
8.695066
1.210895
0.598302
0.057487
2.249958
0.035762
3.523439
9.829429
2.217750
3.995908
0.545380
0.044640
1.368033
0.861038
8.619047
4.604427
1.477156
5.859125
0.100295
0.477798
0.744362
0.305241
3.403951
7.631564
1.227096
7.167694
9.430055
17.315102
16.796038
8.673754
34.894441
41.990525
40.534813
41.518280
8.050989
12.167150
13.924553
12.123873
53.621125
27.703161
69.337745
24.304250
10.815234
12.264266
10.021508
10.202117
28.342513
58.499758
45.411388
39.041880
14.577595
10.644956
27.420991
7.576913
48.329550
35.668725
26.212500
82.137908
9.757556
32.204347
20.889000
14.797642
46.616700
39.249263
42.387636
51.130138
9.239299
23.233613
9.238286
17.252811
37.488908
54.091488
30.987973
44.424938
19.588145
15.656527
13.607438
9.370332
37.989800
40.722113
47.786266
47.069675
19.273811
10.042158
21.455072
8.524750
33.373455
48.277425
41.956550
41.043075
6.098913
0.975453
0.159189
3.467264
9.562755
4.187367
8.655150
2.904151
0.138098
0.286341
1.457107
4.244684
5.884815
2.865282
8.401625
6.952920
0.618051
5.782204
0.460706
6.081290
8.556248
4.552238
2.435900
16.026266
6.816028
0.130762
1.189432
0.880661
7.345781
3.365938
5.408322
6.036069
0.483384
2.379424
0.762264
4.457029
3.671212
8.161086
8.155069
4.368065
0.074895
6.737125
0.194769
2.097072
9.247963
6.167702
3.806703
4.141323
1.387217
2.046146
0.820811
0.304674
2.980500
15.417422
6.625527
5.060245
2.038281
6.467473
0.295826
0.189153
9.113296
1.107227
7.343350
10.897070
13.595384
26.701355
21.539600
10.435629
57.289587
78.238688
43.694762
84.363287
14.767250
17.673345
27.450388
12.142588
38.136625
49.975113
58.894002
38.462580
8.552291
26.281611
31.051864
7.985114
81.825050
33.562909
42.340725
70.371777
15.949313
13.181901
25.810145
10.829845
30.208775
68.677480
54.951175
18.213380
20.539441
13.051841
13.986203
18.129619
44.238062
77.681525
39.114292
80.913203
27.647527
18.272123
28.967388
5.579122
55.664895
51.440638
44.887416
57.757950
20.024886
35.955005
11.038098
7.049782
37.836475
78.091100
61.366913
47.632377
10.977146
27.868877
21.441742
20.504794
20.736288
87.576127
46.064650
64.334688
0.047669
1.806964
0.210950
3.042419
9.239788
1.261517
6.380551
6.500649
0.144672
2.146940
0.084233
0.315937
4.979593
6.687146
2.593785
1.006187
0.054148
0.881312
0.429823
2.215495
7.116778
5.978682
2.578730
3.767321
0.102212
0.133712
0.304041
6.081914
6.682863
2.912623
5.680334
1.794974
0.487983
1.910596
0.047201
5.694674
3.150697
6.537648
5.126271
8.036469
0.649758
0.169486
0.211794
0.298212
7.519423
5.120019
6.680724
7.483439
3.782047
0.812098
0.453318
0.272637
12.116630
1.837594
5.744030
0.984042
0.138564
0.245068
0.401025
0.195876
1.987380
5.823537
3.374986
6.138927
9.790274
20.782163
9.152820
24.845420
35.142506
55.721350
33.213238
78.531280
21.599970
10.887100
11.529180
9.531359
52.717294
26.539459
36.320863
20.243855
8.234421
35.565792
18.467675
8.075330
93.844191
24.320325
27.998375
73.714288
10.196405
9.722848
6.185832
19.543441
39.499675
34.203688
31.593498
38.168963
12.344133
28.741400
12.242588
11.795411
36.277613
50.973417
25.449563
92.266745
26.518153
9.290732
9.156191
13.803388
46.579663
29.073338
46.347158
60.955997
11.425720
18.760467
14.189828
12.511688
33.516837
49.684800
34.919225
98.219673
21.375020
13.453208
4.307738
20.643648
31.293825
67.899745
31.231714
37.304288
2.170467
1.841135
0.117273
2.809621
3.131654
7.392231
11.361618
4.564216
1.295444
5.148288
0.117439
0.307291
7.424455
6.707619
6.855476
7.861911
0.492880
0.991122
2.842353
2.289013
6.946685
5.264520
10.703028
4.845145
0.081646
3.731038
0.208855
3.249809
7.255250
5.623998
1.910494
8.710838
2.170518
2.439204
2.502796
0.469900
6.213006
6.903389
8.434332
6.176999
1.781562
0.604099
0.402251
1.752494
7.230693
7.478077
1.182033
9.601900
5.843392
2.061075
3.341116
0.402180
7.453178
3.683355
5.888699
6.904500
0.197355
2.679932
0.035774
6.022481
2.233603
7.622909
4.871452
7.489779
19.059825
11.451806
18.307105
10.623960
86.308052
46.380708
65.821873
36.907617
17.333909
8.771116
25.315238
9.993108
44.716908
69.287341
49.511075
39.667325
21.606723
9.012249
9.283575
16.785314
32.194938
77.355525
48.879312
61.039575
19.918072
9.149739
19.803525
12.533750
31.372700
59.627250
48.188358
62.465303
13.472736
18.583186
13.741397
20.164911
28.997263
76.432244
66.849700
44.423680
9.642038
20.083523
12.549039
23.579036
87.038380
55.054092
40.800750
63.342000
18.902350
10.076769
12.300659
27.429313
50.382986
49.052638
35.134544
77.107553
25.014216
19.953878
15.344175
9.939721
44.084288
94.778742
39.917400
87.341398
0.060463
0.497047
0.767974
2.222217
3.648179
6.240624
2.553010
8.482322
0.434642
0.082306
0.061418
0.783838
8.138811
5.376634
1.027114
3.941720
0.749410
1.918435
0.086851
0.117811
9.219483
5.746837
10.931615
0.972806
0.046761
1.941200
0.064632
0.373355
5.985217
4.837039
2.443283
6.716454
0.721591
0.627646
1.555234
0.949070
6.534039
4.587214
5.784238
6.491748
0.110861
0.639598
1.329363
0.031293
8.753782
3.701542
2.316509
6.029659
1.036576
1.979336
0.043886
0.703551
7.437459
0.917958
6.814314
3.549559
0.063498
1.495801
0.050813
0.079704
6.840739
1.003724
4.144754
7.001131
16.219203
7.846282
20.940094
8.806980
48.959488
40.068100
39.018725
55.871106
9.961572
20.938350
7.859670
14.114486
84.923881
40.513663
32.173400
69.762420
9.014386
34.826098
10.573195
8.867679
53.203217
41.201100
34.995225
47.178700
9.576149
27.862128
7.687413
17.376092
32.991175
37.264575
44.201341
61.469473
11.896394
11.708717
8.631793
14.192538
31.651875
70.466109
65.939850
25.564391
8.898912
22.918827
19.406228
8.723771
28.282563
59.417456
22.364003
77.203302
30.374700
7.811345
8.279619
20.134552
36.801625
79.277022
45.148461
52.706630
19.913672
12.703554
13.046216
10.319737
46.611948
42.768525
48.336000
43.425325
1.352998
7.398781
0.284127
1.460713
10.638767
5.940100
6.265086
2.524878
1.729892
0.320864
0.268839
9.727351
2.950506
5.275013
8.979549
4.540243
1.337992
5.658818
0.136035
4.871964
2.257964
13.274973
3.256850
6.999958
0.295336
2.506793
6.368687
0.223808
5.923797
0.813848
7.153846
5.744015
0.749417
0.917609
5.911246
0.372973
11.200980
1.732807
9.970769
6.503863
0.969481
3.516211
0.149890
3.101492
5.741341
13.320206
2.428523
5.994724
3.126717
0.938443
5.555169
0.413566
3.315940
7.389250
3.493659
19.477047
6.266941
1.666603
0.316340
0.480221
4.359293
8.843068
6.015196
5.885742
10.309489
27.670084
11.471253
23.625159
72.967512
37.747750
37.712317
87.239675
9.756385
28.794116
10.007990
10.599429
51.846495
50.913573
47.015425
45.803987
9.237516
30.292616
12.607433
12.897670
82.790600
28.799759
59.021250
36.722988
28.914119
4.925210
24.213316
15.887309
45.135980
52.329600
100.645636
24.636162
23.489563
8.621270
15.591356
26.459395
45.228287
69.543720
33.529122
61.907845
23.634277
22.587530
8.127986
12.555650
33.475938
74.291358
55.397237
29.059128
9.748868
27.422814
7.800789
29.615392
37.995012
73.328856
51.136503
72.442003
8.053645
31.067578
30.338658
10.784710
66.418200
32.455675
61.294005
83.714356
0.084350
1.218956
4.910537
0.417263
5.926659
1.838505
2.454282
8.520830
3.056577
0.135725
0.222679
0.285904
1.687199
7.912903
7.398905
0.945372
0.268642
0.250789
4.521751
0.752257
6.517714
2.927687
6.387897
1.581846
0.095791
4.297093
0.429473
0.414284
2.122616
8.126100
2.170594
4.997312
0.416539
6.538107
0.206404
0.106272
1.113616
6.821818
5.116761
8.428876
0.831567
0.192778
0.174332
0.122263
1.597535
5.931182
8.123025
3.736372
0.658430
3.634826
1.517134
0.250412
5.053713
0.738294
7.794596
5.881121
0.367072
4.205882
0.317988
0.090195
1.100702
2.537343
6.771524
5.351498
14.623552
10.853444
11.980325
15.614813
24.618100
84.179272
42.749003
44.644013
18.461350
13.729047
12.167741
8.738096
33.494552
43.897377
26.256263
42.620545
21.572728
7.369418
9.645737
12.742325
50.253838
33.669838
89.764403
23.380563
6.835300
20.237180
15.566933
5.829814
26.815897
55.314839
39.718263
29.674591
12.261516
13.534275
13.825987
26.442963
29.393850
97.020089
26.152580
68.847725
12.585981
9.330181
19.813736
9.704802
54.211039
31.794317
39.530583
46.471323
16.258492
19.597630
10.693145
11.027765
70.728980
30.600513
46.963053
47.408983
6.174585
20.068063
10.429875
13.797975
49.684963
35.458369
53.779136
48.290647
0.022248
0.056489
0.082001
0.912808
0.000164
0.000000
0.028309
0.000222
0.941773
0.334845
0.004168
0.052972
0.105574
0.030153
0.000000
0.000000
0.237709
0.350460
0.037994
0.174711
0.000000
0.015319
0.013064
0.000313
0.025146
0.264221
1.500898
0.008515
0.000135
0.000000
0.060160
0.010782
0.030883
0.024090
0.212006
0.005695
0.000544
0.000004
0.000000
0.000000
0.117863
0.071784
0.023542
0.280336
0.000000
0.030179
0.000000
0.043763
0.050059
0.146982
0.053154
0.048077
0.000000
0.000000
0.000000
0.090688
0.698051
0.007238
0.027188
0.308285
0.012978
0.000000
0.022373
0.000000
0.000000
0.000000
0.000000
0.000000
0.000000
0.000000
0.000000
0.000000
0.000000
0.000000
0.000000
0.000000
0.000000
0.000000
0.000000
0.000000
0.000000
0.000000
0.000000
0.000000
0.000000
0.000000
0.000000
0.000000
0.000000
0.000000
0.000000
0.000000
0.000000
0.000000
0.000000
0.000000
0.000000
0.000000
0.000000
0.000000
0.000000
0.000000
0.000000
0.000000
0.000000
0.000000
0.000000
0.000000
0.000000
0.000000
0.000000
0.000000
0.000000
0.000000
0.000746
0.000000
0.000000
0.000000
0.000000
0.000000
0.000075
0.000000
0.000000
0.000000
0.000000
0.000000
0.000000
0.000000
0.079719
0.066702
0.000613
0.038867
0.004772
0.000000
0.000000
0.000281
0.025970
0.006893
0.033601
0.004582
0.000000
0.000000
0.000000
0.000000
0.016647
0.638397
0.027075
0.000000
0.000000
0.000000
0.000000
0.050098
0.024584
0.000743
0.024993
0.008447
0.000000
0.000000
0.000000
0.000000
0.018890
0.379779
0.025521
0.000782
0.000000
0.000000
0.011027
0.000134
0.000225
0.025342
0.000045
0.045065
0.000000
0.000000
0.000000
0.000000
0.021579
0.982962
0.024032
0.004069
0.000000
0.000000
0.003683
0.000000
0.028148
0.002437
0.001584
0.026725
0.000000
0.000000
0.000000
0.000000
0.000000
0.000000
0.000000
0.000000
0.000000
0.000000
0.000000
0.000000
0.000000
0.000000
0.000000
0.000000
0.000000
0.000000
0.000000
0.000000
0.000000
0.000000
0.000000
0.000000
0.000000
0.000000
0.000000
0.000000
0.000000
0.000000
0.000000
0.000000
0.000000
0.000000
0.000000
0.000000
0.000000
0.000000
0.000000
0.000000
0.000000
0.000000
0.000000
0.000000
0.000000
0.000000
0.000000
0.000000
0.000000
0.000000
0.000000
0.000000
0.000000
0.000000
0.000000
0.000000
0.000000
0.000000
0.000000
0.000000
0.000000
0.000000
0.000000
0.000000
0.000000
0.000000
0.000000
0.000000
0.019612
0.268526
1.291430
0.113343
0.000000
0.001206
0.000105
0.016177
0.495652
0.505537
0.159798
0.021451
0.070735
0.025989
0.000000
0.000169
0.341692
0.030837
0.467170
0.024120
0.000450
0.000221
0.022265
0.000000
0.000348
1.819895
0.191225
0.150322
0.000135
0.016818
0.019837
0.000000
0.510309
0.034284
0.344732
0.032010
0.000929
0.000112
0.017139
0.013453
1.036767
0.015407
0.694843
0.037859
0.000000
0.057262
0.001143
0.013572
0.191773
0.112677
0.224806
0.481533
0.015334
0.000007
0.015482
0.000000
0.078577
0.037503
0.393621
0.596420
0.000000
0.136854
0.000000
0.000000
0.000000
0.000000
0.000000
0.000000
0.000000
0.000000
0.000000
0.000000
0.000000
0.000000
0.000000
0.000000
0.000000
0.000000
0.000000
0.000000
0.000123
0.000000
0.000000
0.000000
0.000000
0.000000
0.000000
0.000000
0.000000
0.000000
0.000000
0.009277
0.000000
0.000000
0.000000
0.000000
0.000000
0.000000
0.000000
0.000000
0.000000
0.000000
0.000000
0.000000
0.000000
0.000000
0.000000
0.011344
0.000000
0.000000
0.000000
0.000000
0.000000
0.000000
0.000000
0.000943
0.000000
0.000000
0.000000
0.000000
0.001051
0.000000
0.000000
0.000000
0.000000
0.000000
0.000000
0.000000
0.185435
0.021509
0.450399
0.020264
0.000000
0.000528
0.000000
0.000000
0.028752
0.000365
0.021858
0.023356
0.000000
0.000000
0.000000
0.000000
0.395529
0.146677
0.022308
0.032768
0.000000
0.000000
0.000000
0.011606
0.044007
0.224941
0.031882
0.017099
0.000000
0.000000
0.000327
0.000000
0.035580
0.020122
1.100061
0.000000
0.000000
0.013068
0.000000
0.000000
0.024302
0.028026
0.026926
0.001740
0.000000
0.000000
0.000000
0.000000
0.000187
0.223630
0.181151
0.082811
0.000000
0.001700
0.000000
0.003159
0.020635
0.024511
0.022308
0.043420
0.000000
0.012353
0.000000
0.000000
0.000000
0.000000
0.000000
0.000000
0.000000
0.000000
0.000000
0.000000
0.000000
0.000000
0.000000
0.000000
0.000000
0.000000
0.000000
0.000000
0.000000
0.000000
0.000000
0.000000
0.000000
0.000000
0.000000
0.000000
0.000000
0.000000
0.000000
0.000000
0.000000
0.000000
0.000000
0.000000
0.000000
0.000000
0.000000
0.000000
0.000000
0.000000
0.000000
0.000000
0.000000
0.000000
0.000000
0.000000
0.000000
0.000000
0.000000
0.000000
0.000000
0.000000
0.000000
0.000000
0.000000
0.000000
0.000000
0.000000
0.000000
0.000000
0.000000
0.000000
0.000000
0.000000
0.000000
0.000000
0.027730
0.038247
0.952192
0.022054
0.020352
0.000000
0.000000
0.000000
0.040607
0.001471
0.825062
0.182041
0.000000
0.073780
0.012790
0.000000
0.449817
0.240263
0.015908
0.107403
0.000375
0.000215
0.000000
0.076831
0.804279
0.001887
0.602913
0.008096
0.000714
0.000000
0.108873
0.011980
0.026263
0.078404
0.022717
0.403946
0.001123
0.000000
0.012612
0.000000
0.043712
0.115756
0.277476
0.031783
0.013072
0.000000
0.159341
0.000000
0.011452
0.037488
0.099693
0.542236
0.000000
0.030834
0.000000
0.025826
0.525531
0.007912
1.483831
0.004571
0.048982
0.021300
0.000486
0.000000
0.000000
0.000000
0.000000
0.000000
0.000000
0.000000
0.000000
0.000000
0.000000
0.000000
0.000000
0.000000
0.000000
0.000000
0.000000
0.000000
0.000000
0.000000
0.000000
0.000000
0.000000
0.000000
0.000000
0.000000
0.000000
0.010716
0.000000
0.000000
0.000000
0.000000
0.000000
0.000000
0.000000
0.000000
0.000000
0.000000
0.000000
0.000000
0.000000
0.000000
0.000000
0.000000
0.000000
0.000000
0.000000
0.000000
0.000000
0.000000
0.000000
0.000000
0.000000
0.000000
0.000000
0.000000
0.000000
0.000000
0.000000
0.000000
0.000000
0.000000
0.000000
0.000000
0.000000
0.000000
0.164167
0.050971
0.030965
0.000847
0.000000
0.000000
0.001677
0.000000
0.018122
0.024334
0.041363
0.000000
0.000000
0.000000
0.000321
0.000000
0.024472
0.001991
0.746742
0.031508
0.000000
0.000000
0.000428
0.000000
0.074798
0.001516
0.028226
0.020627
0.000000
0.000000
0.000000
0.000000
0.019451
0.044676
0.024691
0.019820
0.000213
0.000000
0.000000
0.000000
0.025224
0.002211
0.001356
0.056404
0.000000
0.000000
0.000000
0.000000
0.000000
0.024366
0.539078
0.000463
0.000000
0.000953
0.000000
0.054649
0.031794
0.000170
0.085972
0.023038
0.000000
0.000842
0.000162
0.000000
0.000000
0.000000
0.000000
0.000000
0.000000
0.000000
0.000000
0.000000
0.000000
0.000000
0.000000
0.000000
0.000000
0.000000
0.000000
0.000000
0.000000
0.000000
0.000000
0.000000
0.000000
0.000000
0.000000
0.000000
0.000000
0.000000
0.000000
0.000000
0.000000
0.000000
0.000000
0.000000
0.000000
0.000000
0.000000
0.000000
0.000000
0.000000
0.000000
0.000000
0.000000
0.000000
0.000000
0.000000
0.000000
0.000000
0.000000
0.000000
0.000000
0.000000
0.000000
0.000000
0.000000
0.000000
0.000000
0.000000
0.000000
0.000000
0.000000
0.000000
0.000000
0.000000
0.000000
0.000000
0.135530
0.019107
0.645869
0.106873
0.000000
0.014694
0.012901
0.018312
0.072100
0.752876
0.541336
0.015787
0.026578
0.069606
0.000000
0.000564
0.275689
0.030990
1.655139
0.097316
0.028618
0.000001
0.016313
0.018178
0.599772
0.027224
0.024352
0.944385
0.013114
0.490477
0.014633
0.000000
0.274055
0.354218
0.024908
0.381587
0.000000
0.074988
0.000000
0.024757
0.144116
0.028332
1.028443
0.012981
0.035207
0.000000
0.062054
0.000000
0.017459
0.376962
0.024975
0.892143
0.042520
0.014240
0.001448
0.000000
0.020049
0.188908
0.367164
0.565060
0.012363
0.000050
0.026584
0.000106
0.000000
0.000000
0.000000
0.000000
0.000000
0.000000
0.000000
0.000000
0.000000
0.000000
0.000000
0.000023
0.000000
0.000000
0.000000
0.000000
0.000475
0.000000
0.000000
0.000000
0.000000
0.000000
0.000000
0.000000
0.000000
0.001873
0.000000
0.000000
0.000000
0.000000
0.000000
0.000000
0.000000
0.000471
0.000000
0.000000
0.000000
0.000000
0.000000
0.000000
0.000000
0.000000
0.009674
0.000000
0.000000
0.000000
0.000000
0.000000
0.000000
0.000000
0.000000
0.000000
0.000000
0.000000
0.000000
0.000000
0.000000
0.000000
0.000000
0.001849
0.000000
0.000000
0.000000
0.000000
0.158363
0.067884
0.000000
0.097090
0.012428
0.000000
0.000264
0.000000
0.000144
0.073036
0.020511
0.024573
0.000000
0.000000
0.000000
0.000505
0.084031
0.123457
0.023739
0.021766
0.000000
0.004015
0.000000
0.015049
0.059289
0.018022
0.019155
0.025732
0.000000
0.000000
0.000000
0.000034
0.023838
0.007075
0.185096
0.066208
0.014638
0.000000
0.000000
0.000000
0.004649
0.028315
0.046485
0.025222
0.000000
0.000000
0.000000
0.000000
0.085307
0.023602
0.084295
0.036108
0.000000
0.001543
0.000000
0.025657
0.025356
0.014091
0.006226
0.074594
0.001127
0.000000
0.000347
0.000000
0.000000
0.000000
0.000000
0.000000
0.000000
0.000000
0.000000
0.000000
0.000000
0.000000
0.000000
0.000000
0.000000
0.000000
0.000000
0.000000
0.000000
0.000000
0.000000
0.000000
0.000000
0.000000
0.000000
0.000000
0.000000
0.000000
0.000000
0.000000
0.000000
0.000000
0.000000
0.000000
0.000000
0.000000
0.000000
0.000000
0.000000
0.000000
0.000000
0.000000
0.000000
0.000000
0.000000
0.000000
0.000000
0.000000
0.000000
0.000000
0.000000
0.000000
0.000000
0.000000
0.000000
0.000000
0.000000
0.000000
0.000000
0.000000
0.000000
0.000000
0.000000
0.000000
0.000000
0.000000
