0.000000
4.355250
4.148652
1.525778
7.773985
10.381032
5.757834
9.727461
0.736037
3.275247
4.870937
3.946610
4.833001
6.209554
5.881695
9.947127
4.150912
3.347438
4.583945
4.303854
11.200347
6.265885
8.515612
7.520272
3.491918
3.799175
0.735167
4.879027
7.137362
8.828145
4.962326
8.697573
5.303300
4.369900
3.576949
7.016478
10.617507
8.619247
8.995626
9.499743
1.690963
3.459881
4.680082
1.227380
11.299595
5.035464
11.971025
5.953635
4.209959
4.452634
4.625043
4.622006
9.268972
9.814437
9.458891
5.289489
0.919707
5.239582
3.691410
1.610811
6.203791
8.150982
6.431626
8.449913
15.439764
25.520378
18.950322
19.895355
52.690420
29.079300
40.828892
58.565053
16.450892
14.902147
23.012666
18.852450
29.523550
49.446339
51.615131
47.467503
14.671108
24.170175
15.852673
18.991592
43.939494
74.225789
63.261345
33.365798
13.669984
28.691294
12.908663
16.422750
41.292250
60.887570
32.512364
50.965448
23.653416
17.943673
14.069095
18.841073
56.512694
35.033761
39.920120
57.232189
19.752786
14.263708
18.796598
15.124938
43.607539
48.998106
33.381825
60.725019
21.091911
18.110378
12.735186
21.354534
52.717220
43.054092
57.779267
30.263950
13.114147
25.513658
16.687569
20.117734
60.670433
29.738788
30.696075
55.109800
0.475315
0.958623
1.599757
0.849824
5.511762
4.635751
5.249830
6.511695
0.541383
1.171010
0.637995
1.083857
1.988983
5.805321
4.882629
6.229063
1.660773
0.740898
1.682042
2.064846
6.730759
7.810856
4.385724
3.830397
0.787196
1.735406
0.702633
1.104581
2.403891
5.599571
5.850614
1.705533
1.418657
0.509342
1.304203
3.287359
8.347023
4.846818
7.088796
1.890134
1.379501
0.683987
2.038707
0.462285
3.767473
6.204474
4.322529
4.773710
1.200393
0.456075
1.289333
1.565017
8.195694
6.189317
2.452545
6.059930
0.525243
1.475817
1.369556
0.684014
4.903464
6.062731
3.773395
5.789500
12.303453
17.166922
20.091602
9.624905
27.163475
44.805397
44.046347
31.095139
5.810345
13.462186
13.988064
13.635775
38.454338
22.973725
49.681689
19.671025
13.096630
14.608894
11.411666
13.205533
26.844425
42.647423
42.629119
30.282516
14.961866
7.434033
20.718248
8.733268
47.647534
26.037066
22.838963
55.490723
13.422991
27.325502
22.434127
14.146447
34.675100
41.116969
33.015958
56.305813
11.231570
18.341927
10.758338
15.715888
28.317742
49.543058
25.298756
42.628350
19.845131
14.218880
18.160934
13.671803
29.317350
46.617323
35.110898
50.730688
18.125216
10.730009
15.620783
9.213955
26.811363
44.340017
28.920225
37.634106
6.200516
3.270297
1.297046
4.836494
10.392675
7.142163
9.965277
5.777264
1.430653
1.319021
3.411465
4.049157
5.390261
5.857725
9.560908
7.670960
2.713278
7.377818
2.728350
7.216161
9.509863
7.603275
5.202341
12.648642
5.164016
1.274203
3.118962
1.934082
7.539823
7.224343
5.910599
8.378360
2.714106
4.771027
3.644178
5.885004
6.576299
9.528820
7.242296
7.521489
0.937950
6.207010
1.014671
4.048853
9.854558
6.115278
5.451370
8.070935
4.416916
4.072894
3.560101
1.046376
6.033217
14.220661
8.206433
8.689581
4.247577
5.667510
1.095650
1.593793
11.059893
3.876857
10.694590
7.581791
13.956242
24.587811
21.136617
12.493614
46.551225
64.466381
44.908733
72.856016
20.212114
16.520122
25.124283
13.781131
34.378011
45.893173
52.033052
31.661723
11.504572
22.553152
23.868580
10.945777
72.216995
27.625213
38.021025
52.531483
13.797375
16.988406
21.474763
10.990795
25.012158
51.300622
49.976127
23.278586
17.616142
18.053572
16.194614
14.948711
39.754672
63.092025
32.562228
59.214136
18.383913
16.813914
22.954731
9.333334
43.099002
58.138122
35.121845
49.392175
17.646142
24.922713
18.088869
10.785747
27.233825
64.568148
47.300075
39.228275
11.555350
22.791489
18.959983
14.231558
23.250270
70.938470
37.149364
53.664269
0.570870
3.506882
0.584320
1.362912
9.364982
3.222098
4.781417
5.946472
0.497129
1.482774
0.912922
1.093741
1.884889
7.569905
4.835811
3.335101
0.512906
1.062267
1.391422
1.110838
5.951048
9.246250
4.322238
6.931395
1.013214
0.678143
0.703351
1.474155
4.729083
4.853034
1.812741
4.264814
1.038995
3.723494
0.455688
3.541123
5.717484
2.642188
6.297256
6.557205
0.968767
0.866854
0.527528
1.525793
4.000278
5.823656
6.626919
4.708374
1.513713
1.605829
0.841358
1.308035
11.234069
3.633386
6.351099
3.538915
1.230434
0.680363
1.252400
0.466879
4.608918
5.531068
5.514859
3.990437
13.245197
20.250066
10.354974
19.941155
26.076881
53.247777
30.978463
55.235517
17.654098
11.922030
10.164941
10.766357
34.157934
22.600813
40.029866
19.629617
10.898942
22.530575
18.398830
7.085405
60.325853
27.437812
24.919813
49.748145
10.298127
10.302709
7.666010
17.984169
32.340250
27.684864
22.947180
33.022345
12.524688
21.110067
14.447655
16.385900
35.831975
37.868586
25.663106
57.077122
20.012467
11.835241
9.568428
17.068161
40.659633
22.791889
34.052725
48.738308
12.369481
17.231873
13.605516
13.640998
28.144788
39.871505
22.411113
65.605834
18.931700
11.463995
6.532742
17.975822
26.783953
47.258358
24.734117
34.003698
4.717421
4.290468
1.614369
5.130669
6.309878
10.403812
10.778713
7.192710
2.776247
6.745418
1.048283
1.617471
8.476594
6.131591
5.977002
9.005735
3.285587
3.527211
5.506192
4.839975
7.176410
8.508331
11.173625
6.197319
0.658759
5.968488
1.693484
3.974323
7.704636
7.100852
4.129591
9.119600
4.789180
5.213482
5.006443
2.584737
7.991430
9.271393
10.229122
7.878558
3.670552
1.845630
1.816029
3.712007
8.293893
7.029033
4.653823
12.034778
6.690923
4.725935
5.579715
2.287834
10.372682
7.048315
8.537807
6.061177
0.875453
4.537165
0.858613
5.748730
4.393828
7.188669
6.932104
8.723633
20.273989
16.309995
18.570180
16.861500
72.761716
40.459811
52.428584
40.552850
20.475670
12.766392
21.578000
13.865023
38.396133
46.557544
55.102370
37.253981
19.917892
14.392292
12.750463
19.084653
29.248116
62.063100
50.797444
54.096656
22.476080
12.068003
17.977767
11.844053
33.834075
62.736475
40.539500
45.814431
14.569472
24.397300
14.834909
25.496531
31.273738
53.097584
52.440330
46.356513
13.550006
16.222591
13.476383
21.962506
75.501277
44.838398
43.254400
55.331022
19.596156
16.347277
17.112148
23.954825
51.356975
33.172370
28.921606
67.456267
21.775197
17.656720
15.400850
12.821644
40.970195
78.707352
41.790663
59.161045
0.556187
1.444472
1.120150
4.208813
3.703662
5.802983
2.647237
6.808619
0.961630
0.822514
0.612202
1.511259
6.407771
3.856982
1.788629
4.712587
1.002616
3.637820
0.400755
1.072042
10.314335
4.015519
6.439720
3.203341
0.507656
1.398255
0.425857
1.221752
6.118723
4.417472
4.097566
5.683710
1.695803
1.043711
1.672832
2.080608
6.096228
5.426064
4.800820
6.132396
0.641528
1.154706
1.701085
0.460645
6.988438
5.161561
3.479376
4.819984
1.849380
1.564606
0.647699
1.372230
7.995028
2.838368
6.397572
2.151168
0.471230
1.348988
0.387224
0.870052
6.523282
1.964741
2.285065
5.089798
15.061869
6.565079
19.371072
9.515175
39.393097
41.032289
39.669652
40.713511
8.355432
19.474483
5.905564
15.333025
65.144514
32.569778
28.539188
49.216686
10.080740
23.086186
13.767503
12.868619
46.122388
45.204322
26.438898
50.649175
9.534048
17.489627
9.233552
17.724728
31.421566
30.315989
29.955700
49.054563
14.981452
15.926136
10.213609
17.277613
30.760731
61.636458
46.379944
29.818003
7.514000
14.610884
18.607850
9.145075
24.191150
41.382302
22.510892
59.230856
22.722791
12.023785
10.800034
20.668969
39.210695
50.885833
44.467038
41.938759
18.941638
7.544902
9.882427
10.975372
36.670522
41.180414
46.144250
27.599028
4.265482
6.373696
1.544910
3.776410
11.775234
7.764745
9.192202
5.165758
3.491643
1.888836
1.057607
5.655092
5.746480
5.072124
9.227562
6.664047
3.128844
7.617910
1.257539
4.945280
4.780280
11.164078
6.313658
9.119689
0.685469
4.875874
4.867593
1.622973
6.736412
3.299918
6.765870
7.356277
2.585056
4.435885
6.608753
2.975769
12.900539
3.968425
10.392223
8.010960
1.748602
4.815781
1.391868
5.396441
6.178492
13.244611
5.731472
7.599104
5.982125
4.275083
6.735098
2.115067
6.609654
8.637951
6.253869
17.377202
6.316871
3.510879
1.180745
2.050553
7.962946
6.743716
6.806972
8.814143
12.765145
17.902613
13.280775
24.539755
56.077238
27.935025
31.041645
73.141747
14.023552
21.163863
13.489317
13.330425
42.503263
47.796456
54.124333
36.996558
11.135928
19.820755
13.912019
19.884817
59.057823
23.035486
55.622148
30.398338
24.175800
9.467362
20.141838
15.520780
37.946391
49.196063
64.256436
23.018667
20.351613
12.066231
17.543716
20.300188
46.899156
44.094425
26.831470
51.304875
22.172388
17.551884
8.783880
18.157233
27.868925
61.497523
52.149934
23.805038
12.746875
19.439588
11.377150
25.610695
40.413181
50.706406
40.854463
57.137667
10.228445
25.127338
17.474808
13.911167
59.552359
23.970394
40.283267
68.819888
0.766394
1.643104
4.020870
1.166310
4.041898
3.961725
4.183495
7.547579
1.780811
0.743623
1.177279
0.713440
3.920053
7.276785
5.044458
2.081339
0.581893
1.720293
4.059583
1.703344
8.374570
5.185112
5.132935
3.727003
0.726722
1.250468
1.587716
0.906965
3.877151
10.049256
5.082438
2.174884
1.095043
4.511314
0.594478
1.128941
2.981916
10.134041
3.254823
9.861607
1.683649
0.435755
0.505165
0.851426
4.463689
4.252883
4.771977
5.099412
1.066445
1.255273
2.720119
1.722687
7.220614
2.159213
6.863941
5.657973
0.746006
1.387502
1.549339
0.927717
4.204815
4.046093
2.257855
6.208614
13.322417
13.117508
15.486888
16.558970
28.968725
59.795572
30.217319
47.823141
20.116438
10.473320
15.102381
7.022853
28.333930
39.887506
22.371238
31.079850
16.736400
11.476359
11.811698
11.035473
36.326769
34.394288
65.239547
23.214952
8.175009
19.576920
11.303300
7.193383
22.587670
38.491702
37.466938
18.814164
12.177003
14.829763
10.773920
18.734850
36.380500
50.912178
26.003778
58.032163
15.975720
8.142429
13.783136
13.980769
37.051188
34.597213
34.254320
37.435319
11.696485
21.003892
15.131033
13.574394
46.201013
27.836955
35.462977
52.158267
7.653983
20.761930
10.657696
11.904433
41.354180
30.578105
41.131200
32.394809
0.456985
0.925881
1.044180
3.039909
0.205088
0.011689
0.564308
0.129052
2.385798
1.177656
0.079250
0.557213
0.630792
0.151976
0.024632
0.010049
1.071600
2.617625
0.514379
1.154059
0.011144
0.443052
0.139451
0.187800
0.243463
0.916787
3.346391
0.087418
0.041027
0.009372
0.310499
0.024751
0.666777
0.587981
2.562964
0.199877
0.115121
0.177875
0.060407
0.187419
0.448825
0.829400
0.397376
0.668671
0.007826
0.066855
0.000000
0.211657
0.896375
0.802772
0.827749
0.825740
0.148460
0.036960
0.170053
0.613249
1.976494
0.088348
0.487275
0.527719
0.021569
0.027324
0.053426
0.024853
0.009321
0.000000
0.000000
0.002325
0.000000
0.000000
0.000000
0.000000
0.000000
0.000000
0.000000
0.000000
0.000000
0.000000
0.000000
0.000000
0.009044
0.000000
0.017104
0.000000
0.000000
0.000000
0.000000
0.000000
0.000000
0.000000
0.000000
0.001741
0.000000
0.000000
0.000000
0.000000
0.000000
0.000000
0.046128
0.000000
0.000000
0.000000
0.000000
0.000000
0.000000
0.009281
0.000000
0.000000
0.000000
0.000000
0.000000
0.000000
0.000000
0.000000
0.085831
0.000000
0.000000
0.000000
0.000000
0.000471
0.032177
0.000000
0.000000
0.000000
0.000000
0.000000
0.000000
0.000000
0.373879
0.287928
0.063555
0.455679
0.013087
0.024531
0.013960
0.009915
0.280584
0.077226
0.245179
0.091199
0.035771
0.000091
0.025032
0.000000
0.058162
0.729014
0.299720
0.035225
0.019390
0.000000
0.020713
0.134979
0.172112
0.066195
0.148515
0.115877
0.014951
0.003489
0.000000
0.032130
0.082764
0.877773
0.229123
0.077939
0.000000
0.024997
0.011381
0.051404
0.074184
0.193624
0.051059
0.316234
0.014702
0.000000
0.021977
0.010804
0.107791
0.902280
0.145128
0.092846
0.000000
0.023084
0.039517
0.004882
0.354005
0.075836
0.077545
0.227570
0.013801
0.000000
0.034549
0.000000
0.000000
0.000000
0.000000
0.000000
0.000000
0.000000
0.000000
0.000000
0.000000
0.000000
0.000000
0.000000
0.000000
0.000000
0.000000
0.000000
0.000000
0.000000
0.000000
0.000000
0.000000
0.000000
0.000000
0.000000
0.000000
0.000000
0.000000
0.000000
0.000000
0.000000
0.000000
0.000000
0.000000
0.000000
0.000000
0.000000
0.000000
0.000000
0.000000
0.000000
0.000000
0.000000
0.000000
0.000000
0.000000
0.000000
0.000000
0.000000
0.000000
0.000000
0.000000
0.000000
0.000000
0.000000
0.000000
0.000000
0.000000
0.000000
0.000000
0.000000
0.000000
0.000000
0.000000
0.000000
0.201634
1.227437
3.607642
0.907758
0.010976
0.351840
0.029709
0.522733
0.676875
2.453411
0.407304
0.109359
0.293756
0.141625
0.008525
0.041815
1.397616
0.320879
3.422049
0.269094
0.033453
0.078849
0.646541
0.000416
0.055202
2.921025
0.265849
0.744091
0.037173
0.058336
0.038308
0.023656
3.560892
0.439855
1.158953
0.543434
0.328503
0.024792
0.233136
0.339215
1.032203
0.062009
2.915192
0.138056
0.003952
0.213770
0.070449
0.099325
1.376346
0.468778
2.507194
2.348452
0.492541
0.000000
0.119477
0.226495
0.178422
0.453008
1.250382
0.516909
0.003105
0.257052
0.007049
0.003188
0.000360
0.000000
0.005644
0.004016
0.000000
0.000000
0.000000
0.000000
0.000000
0.000000
0.000000
0.000000
0.000000
0.000000
0.000000
0.000000
0.179084
0.000000
0.000000
0.061222
0.000000
0.000000
0.000000
0.000000
0.000000
0.000000
0.000000
0.023971
0.000000
0.000000
0.000000
0.000000
0.000000
0.003406
0.016544
0.000000
0.000000
0.000000
0.000000
0.000000
0.000000
0.000000
0.000000
0.016381
0.000000
0.000000
0.000000
0.000000
0.000000
0.000000
0.015986
0.162561
0.000000
0.000000
0.000000
0.000000
0.008620
0.000000
0.000000
0.000000
0.003611
0.000000
0.000000
0.000000
0.372278
0.194477
1.125990
0.083422
0.004701
0.047090
0.009326
0.021202
0.319066
0.050154
0.127120
0.192460
0.018137
0.000000
0.011282
0.068028
0.427509
0.697572
0.144646
0.372048
0.018331
0.001288
0.043791
0.024327
0.141403
0.317639
0.285859
0.030558
0.008501
0.019954
0.024184
0.023207
0.211827
0.111405
0.962648
0.043724
0.011251
0.022631
0.008845
0.006670
0.146444
0.199052
0.307571
0.094422
0.016495
0.003633
0.005251
0.009173
0.046177
0.334893
0.761130
0.207254
0.000000
0.074221
0.004664
0.074373
0.125385
0.195953
0.175075
0.353674
0.015603
0.010834
0.018206
0.010725
0.000000
0.000000
0.000000
0.000000
0.000000
0.000000
0.000000
0.000000
0.000000
0.000000
0.000000
0.000000
0.000000
0.000000
0.000000
0.000000
0.000000
0.000000
0.000000
0.006777
0.000000
0.000000
0.000000
0.000000
0.000000
0.000000
0.000000
0.000000
0.000000
0.000000
0.000000
0.000000
0.000000
0.000000
0.000000
0.000000
0.000000
0.000000
0.000000
0.000000
0.000000
0.000000
0.000000
0.000000
0.000000
0.000000
0.000000
0.000000
0.000000
0.000000
0.000000
0.000000
0.000000
0.000000
0.000000
0.000000
0.000000
0.000000
0.000554
0.000000
0.000000
0.000000
0.000000
0.000000
0.715867
0.804072
2.972782
0.528829
0.563755
0.060214
0.079603
0.056071
0.428839
0.066352
3.021914
0.490938
0.012177
0.269098
0.023799
0.022347
2.892792
1.074372
0.408151
0.967843
0.240303
0.250553
0.021805
0.606597
1.386004
0.076380
2.760134
0.093135
0.052435
0.020873
0.615952
0.018790
0.668034
0.844285
0.636179
2.749758
0.148199
0.127953
0.136998
0.186453
0.733469
0.399135
0.947111
0.374530
0.123450
0.027199
0.562691
0.007375
0.320920
0.712825
0.775500
2.741094
0.067703
0.358457
0.121366
0.437802
1.275920
0.123111
3.106988
0.052729
0.458490
0.024539
0.045170
0.010165
0.000000
0.009587
0.000000
0.008395
0.000000
0.000000
0.000000
0.000000
0.000821
0.000000
0.000000
0.000000
0.000000
0.000000
0.000000
0.000000
0.000000
0.000000
0.020198
0.006808
0.000000
0.000000
0.000000
0.000000
0.000000
0.040963
0.000000
0.004071
0.000000
0.000000
0.000000
0.000000
0.006807
0.001035
0.003085
0.000000
0.000000
0.000000
0.000000
0.000000
0.000000
0.004467
0.000000
0.000000
0.000000
0.000000
0.000000
0.000000
0.000000
0.031828
0.000000
0.000000
0.000000
0.000000
0.000000
0.000000
0.000000
0.000000
0.006033
0.000000
0.000000
0.000000
0.000000
0.000000
0.501131
0.210456
0.396721
0.049819
0.014268
0.025486
0.026312
0.009098
0.117055
0.205703
0.297417
0.065852
0.000000
0.009282
0.058421
0.001071
0.137347
0.105890
1.222545
0.170006
0.000729
0.031201
0.008792
0.045023
0.383169
0.043028
0.359934
0.096281
0.000947
0.013580
0.014389
0.002644
0.087570
0.242355
0.239523
0.072761
0.012071
0.023874
0.011248
0.009241
0.252620
0.106659
0.047555
0.346505
0.000000
0.022125
0.017801
0.000421
0.070846
0.210892
0.765486
0.071611
0.010445
0.054467
0.000000
0.070501
0.385242
0.052342
0.480524
0.132580
0.000000
0.050704
0.033886
0.000432
0.000000
0.000371
0.000000
0.000000
0.000000
0.000000
0.000000
0.000000
0.000000
0.000000
0.000000
0.000000
0.000000
0.000000
0.000000
0.000000
0.000000
0.000000
0.000000
0.000000
0.000000
0.000000
0.000000
0.000000
0.000000
0.000000
0.000000
0.000000
0.000000
0.000000
0.000000
0.000000
0.000000
0.000000
0.000000
0.000000
0.000000
0.000000
0.000000
0.000000
0.000000
0.000000
0.000000
0.000000
0.000000
0.000000
0.000000
0.000000
0.000000
0.000000
0.000000
0.000000
0.000000
0.000000
0.000000
0.000000
0.000000
0.000000
0.000000
0.000000
0.000000
0.000000
0.000000
0.000000
1.042810
0.311089
2.438043
1.170032
0.014496
0.225962
0.217334
0.563983
0.283599
2.296131
2.617986
0.048408
0.191774
0.192914
0.009093
0.053421
0.863105
0.293151
3.642815
0.753804
0.643310
0.013174
0.349881
0.037247
1.379278
0.161657
0.351150
0.816284
0.013905
0.641399
0.036859
0.028722
1.580920
2.068488
0.394938
1.313596
0.038864
0.772402
0.016149
0.238115
0.534101
0.566845
1.469941
0.095067
0.253897
0.000000
0.232587
0.025312
0.187224
1.915965
0.430955
4.084760
0.448929
0.047196
0.198779
0.000000
0.067974
0.263832
0.999581
0.603653
0.213172
0.029320
0.057439
0.035202
0.017714
0.000000
0.105328
0.000000
0.000000
0.000216
0.000000
0.000000
0.000000
0.000000
0.000000
0.001461
0.000000
0.000000
0.000000
0.000000
0.106450
0.000000
0.000053
0.006359
0.000000
0.000000
0.000000
0.000000
0.000000
0.011582
0.000000
0.000000
0.000000
0.000000
0.000000
0.002767
0.000000
0.192970
0.000000
0.000000
0.000000
0.000000
0.000000
0.000000
0.000000
0.000000
0.139816
0.000000
0.000000
0.000000
0.000000
0.000000
0.118180
0.000000
0.104721
0.000000
0.000104
0.000000
0.000000
0.000000
0.002628
0.000000
0.000000
0.007809
0.000000
0.002995
0.000000
0.000000
0.316623
0.141447
0.049066
0.313023
0.023278
0.035799
0.059007
0.000000
0.042788
0.259656
0.097726
0.242543
0.023953
0.000000
0.001215
0.062287
0.421219
0.129394
0.151512
0.160633
0.003490
0.059343
0.000000
0.047588
0.248035
0.050093
0.089372
0.168447
0.035305
0.000000
0.032022
0.013032
0.208550
0.044806
0.744850
0.185298
0.044203
0.000097
0.031405
0.011182
0.080707
0.366144
0.396867
0.218985
0.045444
0.000000
0.013668
0.007539
0.346556
0.108257
0.283402
0.102481
0.031771
0.088031
0.000000
0.043065
0.171592
0.054242
0.118826
0.173456
0.049503
0.028952
0.014240
0.000051
0.000000
0.000000
0.000000
0.000000
0.000000
0.000000
0.000000
0.000000
0.000000
0.000000
0.000000
0.000000
0.000000
0.000000
0.000000
0.000000
0.000000
0.000000
0.000000
0.002924
0.000000
0.000000
0.000000
0.000000
0.000000
0.000000
0.000000
0.005547
0.000000
0.000000
0.000000
0.000000
0.000000
0.000000
0.000000
0.000000
0.000000
0.000000
0.000000
0.000000
0.000000
0.000000
0.000000
0.000000
0.000000
0.000000
0.000000
0.000000
0.000000
0.000000
0.000000
0.000000
0.000000
0.000000
0.000000
0.000000
0.001843
0.000000
0.000000
0.000000
0.000000
0.000000
0.000000
0.000000
