0.000000
0.112470
0.071899
0.004813
2.199682
3.861594
0.797378
3.952208
0.000001
0.054108
0.122110
0.055879
0.127867
1.330365
1.188681
3.661494
0.094581
0.043894
0.159445
0.063218
4.004406
1.217229
1.755753
3.107316
0.039895
0.018178
0.000001
0.420859
1.652357
3.527747
0.122760
1.956290
0.483820
0.141271
0.078261
1.198803
4.061968
3.511192
3.349498
3.442592
0.055201
0.023021
0.623556
0.004412
4.181428
0.195419
5.019342
0.541387
0.100690
0.050298
0.071590
0.062496
3.649957
3.652585
3.504841
0.041245
0.000001
0.169154
0.068061
0.005136
1.056090
1.494993
1.291173
3.426380
6.817810
12.822422
8.352044
9.621856
26.531325
15.239725
20.984727
35.669500
7.439956
6.342376
11.344167
8.443108
14.085567
28.049845
31.482888
25.139958
5.297261
12.615516
7.992168
9.509480
23.326823
55.565938
49.046075
18.873859
4.482872
15.325406
5.331314
6.848158
22.082114
39.946875
18.173278
31.414950
11.304016
8.294983
5.738975
9.100899
33.319913
17.884975
17.612888
30.747920
8.060608
6.994610
8.858170
7.121862
23.751073
24.342495
16.512600
42.666650
11.087281
8.515012
5.264924
9.806574
38.870788
21.457320
31.887767
13.345708
5.564486
12.138042
5.977825
10.446390
45.673288
13.579166
15.760503
30.639938
0.000001
0.000001
0.040754
0.000001
0.162513
0.112492
0.648155
1.740583
0.000001
0.004612
0.000001
0.004465
0.078488
0.863873
0.112113
0.785484
0.023856
0.000001
0.004413
0.018071
1.420306
1.551554
0.113182
0.023064
0.000001
0.006077
0.000001
0.000001
0.051064
0.308040
0.934007
0.014740
0.006253
0.000001
0.003648
0.064712
2.219703
0.086962
1.339715
0.080055
0.006211
0.000001
0.068132
0.000001
0.100774
0.266599
0.073557
0.234540
0.004560
0.000001
0.012999
0.004543
1.558371
1.440406
0.084473
0.826249
0.000001
0.005028
0.005123
0.000001
0.114663
0.573971
0.110687
0.076329
4.415870
7.830894
9.255655
2.215941
13.334731
23.218709
20.860623
17.026555
0.257403
4.807342
4.833453
5.453027
23.089030
10.565574
32.982913
9.120707
5.444707
5.639884
4.389016
5.600528
14.342252
28.101825
18.970466
14.968245
6.109910
2.044164
10.143511
0.801848
22.124669
15.476200
10.702058
32.718838
5.363832
12.907317
10.350316
5.768652
18.712634
21.210259
17.201270
33.252039
3.005549
6.954971
4.360479
7.358255
16.141730
27.996270
11.683186
22.058175
8.554039
4.513659
7.773260
5.745764
14.824152
31.368398
20.736848
24.032616
6.974578
1.915462
5.897133
3.034612
12.194942
21.666042
17.474763
21.591800
1.011115
0.009076
0.000001
0.195525
3.837530
1.874932
2.114383
0.724111
0.004424
0.005773
0.014998
0.025705
0.393933
0.334599
4.129362
1.171117
0.003435
0.784915
0.003696
0.905527
1.550341
3.045683
0.272743
4.369751
0.058920
0.000001
0.004091
0.008828
1.018481
1.699239
0.370088
3.494382
0.004748
0.080167
0.013841
1.075664
1.449624
2.548023
0.976627
1.633683
0.000001
0.550573
0.003761
0.068473
3.521273
0.291943
0.224596
2.468738
0.014938
0.083795
0.005047
0.003966
1.276206
4.303919
3.392701
3.565706
0.046522
0.541872
0.003987
0.004404
4.111507
0.061477
3.865016
0.438931
5.219670
12.344784
10.690881
4.501445
23.849128
48.276938
20.797209
52.587663
9.505111
6.401705
12.800256
6.037626
18.885483
26.706013
27.705370
18.211169
4.174674
12.553670
11.374450
4.617602
46.598900
15.407375
19.045442
35.125783
3.019224
8.339902
10.190489
4.166495
12.709616
36.581742
39.371688
10.470643
6.372686
9.073900
8.341792
6.306082
20.010469
45.184325
18.459858
45.578563
9.049629
5.280887
11.917063
4.062185
29.505163
38.593900
17.702294
36.100325
6.934939
15.386358
9.062323
4.611514
15.038361
34.542625
36.155050
20.480411
5.100137
10.331107
9.332052
6.303499
11.495766
37.849645
23.483638
39.752738
0.000001
0.043925
0.000001
0.006357
3.810630
0.087023
0.056999
0.588661
0.000001
0.010327
0.000001
0.000001
0.013706
0.265938
0.175499
0.088964
0.000000
0.004409
0.000002
0.004371
0.289493
0.458985
0.106234
1.565503
0.000001
0.000001
0.000001
0.009417
0.085954
0.166181
0.011557
0.147710
0.004232
0.045220
0.000001
0.041189
0.261447
0.063552
1.747171
0.304085
0.000785
0.000001
0.000001
0.000002
0.047213
0.806603
1.162179
0.051131
0.008374
0.000001
0.000001
0.000001
2.168373
0.073004
0.504634
0.073620
0.000002
0.003700
0.000001
0.000001
0.174909
0.051913
0.224769
0.069233
5.479451
8.768566
4.043759
10.111577
13.055552
24.990319
18.287186
40.638613
7.631811
2.531270
3.003843
4.300857
24.233938
10.818480
20.737675
9.260312
0.666438
14.328802
9.153455
2.067771
44.938400
12.407284
12.721834
27.121956
4.226922
0.645255
2.108898
9.230491
15.000005
13.224381
15.501241
22.864200
3.128765
10.424338
6.329668
6.545189
15.780253
19.843852
11.862214
42.179842
10.209320
0.723544
2.862300
7.085966
18.513527
14.005831
17.491570
30.691625
5.424089
6.036570
6.286182
6.134951
15.453713
20.868514
15.051239
37.438044
9.370984
2.661680
1.882471
9.218880
15.175988
23.368072
17.325133
15.147656
0.066716
0.162933
0.003775
1.171463
0.898687
4.072379
3.923099
2.849666
0.035244
1.173896
0.003756
0.005649
2.040574
0.484843
1.525831
2.427591
0.003789
0.053969
0.947151
0.062245
2.450191
3.388652
4.039243
0.486340
0.000001
0.711018
0.048914
0.107319
1.419048
1.665275
0.112556
2.387326
0.059874
0.088049
0.947256
0.065503
1.632515
3.875902
2.220868
2.896281
0.102861
0.007726
0.091183
0.004248
3.363363
2.997796
0.062284
4.180566
2.717598
0.053261
0.161511
0.041787
2.525640
1.424529
3.754357
1.618232
0.003772
0.618750
0.000001
0.161352
0.277293
0.618689
1.114210
2.995580
10.182783
6.771825
9.768978
7.695233
55.969463
19.659877
34.372075
17.946641
9.468595
6.227310
10.610616
4.568867
19.414416
32.109600
31.312270
16.642836
10.542733
6.545607
2.913334
9.706078
15.592681
42.141450
24.533269
37.093363
10.081260
5.016058
8.982209
5.053025
14.638670
47.402938
20.414569
33.394013
7.088596
11.470944
7.574553
11.527173
15.296528
38.979034
35.810588
24.533908
4.501307
8.563184
6.651738
7.408314
56.223050
24.587205
22.501255
47.534850
10.360107
7.818708
6.749522
13.122945
27.851856
20.160958
15.904619
52.131863
7.714084
9.307381
8.305938
5.009842
24.411888
60.814625
19.498383
38.269050
0.000001
0.005557
0.003320
0.058405
0.209575
0.510634
0.098830
2.010385
0.000001
0.000001
0.000001
0.033581
0.749961
0.203805
0.020334
0.259016
0.000001
0.078733
0.000001
0.000002
3.972148
0.056059
0.288036
0.161463
0.000001
0.006726
0.000001
0.000002
0.250954
0.149362
0.202792
0.039711
0.074517
0.003817
0.004514
0.038820
0.174816
0.089261
0.965430
1.740611
0.000001
0.004573
0.007314
0.000001
0.387211
0.090579
0.175092
0.395791
0.066891
0.009422
0.000001
0.013771
1.653098
0.106450
1.857781
0.020477
0.000001
0.011450
0.000001
0.000001
1.574214
0.033494
0.024222
0.485052
7.168951
2.154688
7.922441
2.533966
19.999606
21.697747
20.663667
21.641530
2.631401
7.953138
1.396171
3.394230
46.980625
18.897694
14.945155
34.605800
2.779319
13.483780
6.525599
2.400631
27.481838
31.888838
13.604852
25.452556
2.561409
8.671578
2.276021
5.350941
17.594484
15.476908
18.330016
28.884344
5.321361
3.673916
4.456825
8.218565
15.229211
41.467273
28.021088
12.745013
1.239895
6.264901
6.298711
2.924270
12.424570
26.504763
9.076384
39.551350
12.734673
1.786373
4.757545
9.131698
24.739625
32.301350
23.671547
24.962198
5.681247
1.493943
3.242186
3.537805
17.932255
19.940894
29.954723
16.814544
0.048317
1.308483
0.005524
0.105858
3.763438
2.657153
3.820434
0.687572
0.054924
0.005228
0.004298
0.096097
1.442927
0.041445
2.913086
0.942928
0.037648
0.689912
0.000001
0.393095
0.258606
4.480782
0.264529
0.805024
0.000001
0.058763
0.562987
0.004413
0.555684
0.053695
0.368626
3.276251
0.032368
0.057633
0.500354
0.025341
5.227288
0.136239
4.325167
0.623815
0.006644
0.693251
0.004237
0.098565
0.864584
2.174250
0.139142
3.457194
0.166195
0.005242
1.660945
0.004245
0.865545
3.981819
2.564569
4.634904
0.260851
0.070570
0.006742
0.005396
3.424314
1.117413
0.048128
3.280721
5.768793
9.235985
6.032103
10.993439
43.925025
14.324775
16.700181
44.015563
6.097191
11.216177
6.244457
4.436662
27.400747
24.135128
41.146100
19.251025
4.746519
10.812063
4.536347
9.840701
46.127872
12.156811
25.973302
16.870642
12.262877
2.949068
10.412325
4.592501
18.024636
36.176575
46.662775
11.707592
11.039386
5.022516
5.841186
11.513447
22.649167
26.304066
14.812723
35.298925
9.022650
7.982074
4.147129
7.638961
15.489994
45.618663
25.303253
12.261945
5.393553
10.587278
5.492283
14.028663
19.323208
36.231250
27.862364
34.686388
4.196529
11.857650
9.536576
6.156634
51.383595
12.975664
27.689080
39.280581
0.000001
0.007448
0.089619
0.000001
0.071772
0.107827
0.164621
0.353045
0.007748
0.000001
0.000002
0.003886
0.106485
0.606642
0.043082
0.073105
0.000001
0.000272
0.006314
0.004201
0.075408
0.100568
0.233938
0.129919
0.000002
0.007143
0.000002
0.000001
0.158079
0.086743
0.134575
0.065927
0.000001
0.018535
0.000001
0.000002
0.110338
0.420413
0.053547
4.074115
0.004824
0.000001
0.000001
0.000002
0.074466
0.164915
0.024401
0.558265
0.004439
0.004239
0.037247
0.000003
1.263093
0.072390
0.956881
0.021919
0.000001
0.008383
0.005118
0.000002
0.072581
0.204081
0.011914
0.362846
5.672749
5.688060
6.541417
4.553642
13.093352
33.867166
19.307759
30.877075
6.800166
2.866149
6.404169
2.466487
19.026220
17.585781
12.423075
15.205578
7.921022
0.630105
5.068505
4.497251
18.782831
22.418500
51.899828
10.776684
2.300005
9.109454
3.854205
2.541925
10.425164
17.692103
24.520344
12.035155
1.913446
7.227439
4.418819
9.918123
19.301347
40.178363
11.844936
31.130945
6.548680
2.916537
5.826740
1.285407
18.140127
14.322969
18.416864
27.444158
3.875563
9.738925
2.786589
6.327079
24.687477
18.676514
25.478022
24.773242
1.737512
9.713725
4.286511
5.824906
19.990284
23.446513
20.584373
20.085597
0.000000
0.000001
0.000001
0.032750
0.000000
0.000000
0.000000
0.000000
0.003433
0.000001
0.000000
0.000001
0.000000
0.000000
0.000000
0.000000
0.000001
0.004070
0.000000
0.000001
0.000000
0.000000
0.000000
0.000000
0.000001
0.000001
0.038285
0.000000
0.000000
0.000000
0.000000
0.000000
0.000000
0.000001
0.003059
0.000000
0.000000
0.000000
0.000000
0.000000
0.000000
0.000001
0.000001
0.000000
0.000000
0.000000
0.000000
0.000000
0.000001
0.000001
0.000001
0.000001
0.000000
0.000000
0.000000
0.000000
0.002778
0.000000
0.000001
0.000000
0.000000
0.000000
0.000000
0.000000
0.000000
0.000000
0.000000
0.000000
0.000000
0.000000
0.000000
0.000000
0.000000
0.000000
0.000000
0.000000
0.000000
0.000000
0.000000
0.000000
0.000000
0.000000
0.000000
0.000000
0.000000
0.000000
0.000000
0.000000
0.000000
0.000000
0.000000
0.000000
0.000000
0.000000
0.000000
0.000000
0.000000
0.000000
0.000000
0.000000
0.000000
0.000000
0.000000
0.000000
0.000000
0.000000
0.000000
0.000000
0.000000
0.000000
0.000000
0.000000
0.000000
0.000000
0.000000
0.000000
0.000000
0.000000
0.000000
0.000000
0.000000
0.000000
0.000000
0.000000
0.000000
0.000000
0.000000
0.000000
0.000001
0.000000
0.000000
0.000001
0.000000
0.000000
0.000000
0.000000
0.000001
0.000000
0.000001
0.000000
0.000000
0.000000
0.000000
0.000000
0.000000
0.000001
0.000001
0.000000
0.000000
0.000000
0.000000
0.000000
0.000000
0.000000
0.000000
0.000000
0.000000
0.000000
0.000000
0.000000
0.000000
0.000001
0.000000
0.000000
0.000000
0.000000
0.000000
0.000000
0.000000
0.000000
0.000000
0.000001
0.000000
0.000000
0.000000
0.000000
0.000000
0.000001
0.000000
0.000000
0.000000
0.000000
0.000000
0.000000
0.000000
0.000000
0.000000
0.000000
0.000000
0.000000
0.000000
0.000000
0.000000
0.000000
0.000000
0.000000
0.000000
0.000000
0.000000
0.000000
0.000000
0.000000
0.000000
0.000000
0.000000
0.000000
0.000000
0.000000
0.000000
0.000000
0.000000
0.000000
0.000000
0.000000
0.000000
0.000000
0.000000
0.000000
0.000000
0.000000
0.000000
0.000000
0.000000
0.000000
0.000000
0.000000
0.000000
0.000000
0.000000
0.000000
0.000000
0.000000
0.000000
0.000000
0.000000
0.000000
0.000000
0.000000
0.000000
0.000000
0.000000
0.000000
0.000000
0.000000
0.000000
0.000000
0.000000
0.000000
0.000000
0.000000
0.000000
0.000000
0.000000
0.000000
0.000000
0.000000
0.000000
0.004348
0.036974
0.000001
0.000000
0.000000
0.000000
0.000000
0.000001
0.000001
0.000001
0.000000
0.000000
0.000000
0.000000
0.000000
0.008148
0.000000
0.017548
0.000000
0.000000
0.000000
0.000000
0.000000
0.000000
0.004050
0.000001
0.000001
0.000000
0.000000
0.000000
0.000000
0.019491
0.000000
0.000001
0.000000
0.000000
0.000000
0.000000
0.000000
0.003130
0.000000
0.000001
0.000000
0.000000
0.000000
0.000000
0.000000
0.000001
0.000001
0.004038
0.000001
0.000000
0.000000
0.000000
0.000000
0.000000
0.000000
0.000001
0.000000
0.000000
0.000000
0.000000
0.000000
0.000000
0.000000
0.000000
0.000000
0.000000
0.000000
0.000000
0.000000
0.000000
0.000000
0.000000
0.000000
0.000000
0.000000
0.000000
0.000000
0.000000
0.000000
0.000000
0.000000
0.000000
0.000000
0.000000
0.000000
0.000000
0.000000
0.000000
0.000000
0.000000
0.000000
0.000000
0.000000
0.000000
0.000000
0.000000
0.000000
0.000000
0.000000
0.000000
0.000000
0.000000
0.000000
0.000000
0.000000
0.000000
0.000000
0.000000
0.000000
0.000000
0.000000
0.000000
0.000000
0.000000
0.000000
0.000000
0.000000
0.000000
0.000000
0.000000
0.000000
0.000000
0.000000
0.000000
0.000000
0.000001
0.000000
0.000001
0.000000
0.000000
0.000000
0.000000
0.000000
0.000000
0.000000
0.000000
0.000000
0.000000
0.000000
0.000000
0.000000
0.000001
0.000000
0.000000
0.000000
0.000000
0.000000
0.000000
0.000000
0.000000
0.000001
0.000000
0.000000
0.000000
0.000000
0.000000
0.000000
0.000000
0.000000
0.003271
0.000000
0.000000
0.000000
0.000000
0.000000
0.000000
0.000001
0.000000
0.000000
0.000000
0.000000
0.000000
0.000000
0.000000
0.000001
0.000001
0.000000
0.000000
0.000000
0.000000
0.000000
0.000000
0.000000
0.000000
0.000000
0.000000
0.000000
0.000000
0.000000
0.000000
0.000000
0.000000
0.000000
0.000000
0.000000
0.000000
0.000000
0.000000
0.000000
0.000000
0.000000
0.000000
0.000000
0.000000
0.000000
0.000000
0.000000
0.000000
0.000000
0.000000
0.000000
0.000000
0.000000
0.000000
0.000000
0.000000
0.000000
0.000000
0.000000
0.000000
0.000000
0.000000
0.000000
0.000000
0.000000
0.000000
0.000000
0.000000
0.000000
0.000000
0.000000
0.000000
0.000000
0.000000
0.000000
0.000000
0.000000
0.000000
0.000000
0.000000
0.000000
0.000000
0.000000
0.000000
0.000000
0.000000
0.000000
0.000000
0.000000
0.000000
0.000000
0.000000
0.000000
0.000000
0.000001
0.049476
0.000001
0.000000
0.000000
0.000000
0.000000
0.000001
0.000000
0.000001
0.000000
0.000000
0.000000
0.000000
0.000000
0.045242
0.000001
0.000000
0.000001
0.000000
0.000000
0.000000
0.000000
0.003096
0.000000
0.000556
0.000000
0.000000
0.000000
0.000001
0.000000
0.000001
0.000000
0.000001
0.002588
0.000000
0.000000
0.000000
0.000000
0.000001
0.000000
0.000001
0.000001
0.000000
0.000000
0.000000
0.000000
0.000000
0.000001
0.000000
0.002784
0.000000
0.000000
0.000000
0.000000
0.000001
0.000000
0.076095
0.000000
0.000000
0.000000
0.000000
0.000000
0.000000
0.000000
0.000000
0.000000
0.000000
0.000000
0.000000
0.000000
0.000000
0.000000
0.000000
0.000000
0.000000
0.000000
0.000000
0.000000
0.000000
0.000000
0.000000
0.000000
0.000000
0.000000
0.000000
0.000000
0.000000
0.000000
0.000000
0.000000
0.000000
0.000000
0.000000
0.000000
0.000000
0.000000
0.000000
0.000000
0.000000
0.000000
0.000000
0.000000
0.000000
0.000000
0.000000
0.000000
0.000000
0.000000
0.000000
0.000000
0.000000
0.000000
0.000000
0.000000
0.000000
0.000000
0.000000
0.000000
0.000000
0.000000
0.000000
0.000000
0.000000
0.000000
0.000000
0.000000
0.000001
0.000000
0.000001
0.000000
0.000000
0.000000
0.000000
0.000000
0.000000
0.000000
0.000001
0.000000
0.000000
0.000000
0.000000
0.000000
0.000000
0.000000
0.000001
0.000000
0.000000
0.000000
0.000000
0.000000
0.000001
0.000000
0.000000
0.000000
0.000000
0.000000
0.000000
0.000000
0.000000
0.000000
0.000001
0.000000
0.000000
0.000000
0.000000
0.000000
0.000000
0.000000
0.000000
0.000001
0.000000
0.000000
0.000000
0.000000
0.000000
0.000000
0.000001
0.000000
0.000000
0.000000
0.000000
0.000000
0.000001
0.000000
0.000001
0.000000
0.000000
0.000000
0.000000
0.000000
0.000000
0.000000
0.000000
0.000000
0.000000
0.000000
0.000000
0.000000
0.000000
0.000000
0.000000
0.000000
0.000000
0.000000
0.000000
0.000000
0.000000
0.000000
0.000000
0.000000
0.000000
0.000000
0.000000
0.000000
0.000000
0.000000
0.000000
0.000000
0.000000
0.000000
0.000000
0.000000
0.000000
0.000000
0.000000
0.000000
0.000000
0.000000
0.000000
0.000000
0.000000
0.000000
0.000000
0.000000
0.000000
0.000000
0.000000
0.000000
0.000000
0.000000
0.000000
0.000000
0.000000
0.000000
0.000000
0.000000
0.000000
0.000000
0.000000
0.000000
0.000000
0.000000
0.000000
0.000000
0.003530
0.000000
0.003861
0.000001
0.000000
0.000000
0.000000
0.000000
0.000001
0.003133
0.000001
0.000000
0.000000
0.000000
0.000000
0.000000
0.000001
0.000000
0.040639
0.000001
0.000000
0.000000
0.000000
0.000000
0.000001
0.000000
0.000000
0.000001
0.000000
0.000000
0.000000
0.000000
0.008344
0.002644
0.000000
0.000001
0.000000
0.000001
0.000000
0.000000
0.000000
0.000001
0.000001
0.000000
0.000000
0.000000
0.000000
0.000000
0.000000
0.002596
0.000000
0.006759
0.000000
0.000000
0.000000
0.000000
0.000000
0.000001
0.000001
0.000000
0.000000
0.000000
0.000000
0.000000
0.000000
0.000000
0.000000
0.000000
0.000000
0.000000
0.000000
0.000000
0.000000
0.000000
0.000000
0.000000
0.000000
0.000000
0.000000
0.000000
0.000000
0.000000
0.000000
0.000000
0.000000
0.000000
0.000000
0.000000
0.000000
0.000000
0.000000
0.000000
0.000000
0.000000
0.000000
0.000000
0.000000
0.000000
0.000000
0.000000
0.000000
0.000000
0.000000
0.000000
0.000000
0.000000
0.000000
0.000000
0.000000
0.000000
0.000000
0.000000
0.000000
0.000000
0.000000
0.000000
0.000000
0.000000
0.000000
0.000000
0.000000
0.000000
0.000000
0.000000
0.000000
0.000000
0.000000
0.000000
0.000001
0.000000
0.000000
0.000001
0.000000
0.000000
0.000000
0.000000
0.000000
0.000001
0.000000
0.000000
0.000000
0.000000
0.000000
0.000000
0.000000
0.000000
0.000000
0.000000
0.000000
0.000000
0.000000
0.000000
0.000001
0.000000
0.000000
0.000000
0.000000
0.000000
0.000000
0.000000
0.000000
0.000000
0.000001
0.000001
0.000000
0.000000
0.000000
0.000000
0.000000
0.000000
0.000000
0.000000
0.000000
0.000000
0.000000
0.000000
0.000000
0.000000
0.000001
0.000000
0.000000
0.000000
0.000000
0.000000
0.000000
0.000000
0.000000
0.000001
0.000000
0.000000
0.000000
0.000000
0.000000
0.000000
0.000000
0.000000
0.000000
0.000000
0.000000
0.000000
0.000000
0.000000
0.000000
0.000000
0.000000
0.000000
0.000000
0.000000
0.000000
0.000000
0.000000
0.000000
0.000000
0.000000
0.000000
0.000000
0.000000
0.000000
0.000000
0.000000
0.000000
0.000000
0.000000
0.000000
0.000000
0.000000
0.000000
0.000000
0.000000
0.000000
0.000000
0.000000
0.000000
0.000000
0.000000
0.000000
0.000000
0.000000
0.000000
0.000000
0.000000
0.000000
0.000000
0.000000
0.000000
0.000000
0.000000
0.000000
0.000000
0.000000
0.000000
0.000000
0.000000
0.000000
0.000000
0.000000
