0.000000
1.194850
1.103386
0.957719
3.205266
3.796162
1.581745
2.885129
0.275771
1.068285
1.270501
1.158494
0.934475
1.929011
1.546035
4.131677
1.126268
1.171459
1.917370
0.906554
2.878279
2.728072
1.662180
3.271705
1.134053
0.667029
0.328960
1.130502
1.856715
3.641257
1.191226
1.285765
1.445325
1.443701
1.146983
1.756412
4.175009
2.546413
3.442599
4.579937
0.884775
1.156464
1.398689
0.605851
4.018907
0.822973
5.811575
1.563524
1.442519
0.718491
1.068168
1.324056
4.000988
2.513810
3.942964
0.468073
0.295039
2.172264
0.935159
0.819160
1.884310
1.730347
0.964786
3.961489
6.954040
14.159287
10.392476
11.844850
35.031625
16.616150
26.943250
40.231137
8.221174
8.082135
11.822925
8.639180
17.409025
36.505625
36.914537
29.289837
5.527141
11.697325
9.445755
11.557087
30.734662
58.254287
51.542562
20.176350
3.004109
15.421787
6.803310
8.619295
29.185745
42.350250
22.359275
33.433700
13.486037
8.535010
6.329895
11.869262
37.279912
20.049850
23.230625
39.139900
10.235925
7.508415
7.931030
7.080169
30.021775
31.992137
20.384487
46.910192
14.127237
7.688849
6.094140
8.430256
39.674212
24.263442
40.554975
18.320112
6.936699
16.276587
4.248251
10.314975
51.076950
17.817650
19.167600
37.640812
0.151638
0.421768
0.852168
0.472304
0.981350
1.070258
1.340098
2.046712
0.197576
0.522521
0.241565
0.333863
0.916568
1.281321
1.033794
0.770033
0.655781
0.319007
1.058450
0.516634
2.214057
0.618478
1.223514
0.508616
0.137125
0.825882
0.116007
0.579710
0.797220
1.291868
1.489294
0.462501
0.773794
0.136202
0.712091
0.798394
2.419965
0.830119
1.905795
0.890567
0.750741
0.277047
0.952300
0.164888
0.952987
1.226521
0.988224
1.213119
0.530591
0.128233
0.637510
0.849481
0.834753
2.235255
1.130884
0.629087
0.129953
0.842538
0.683531
0.098158
1.105497
0.480403
1.012717
0.127698
3.704659
8.750614
9.045080
1.844990
16.390450
27.333437
28.092112
21.043937
0.937479
4.211726
3.011772
6.285200
27.859337
12.630062
35.763362
7.791127
6.242457
2.566244
2.374709
6.568476
13.329712
33.060025
25.408837
20.390387
7.382625
2.546283
9.758684
0.459322
30.123687
17.831600
9.922616
41.077500
5.496208
16.367350
9.457660
6.407266
23.815700
25.887162
20.738837
41.406250
3.250789
3.769932
3.085582
8.156119
19.118762
31.513850
13.205787
28.545662
4.392241
2.201212
9.814504
7.015529
19.842875
30.571277
22.997325
31.861662
8.859656
0.587722
3.684668
3.271779
15.345450
29.399350
20.307850
22.970512
1.305777
1.276846
0.730668
0.620267
1.749771
3.292638
1.269223
2.541211
0.804508
0.514850
1.292405
0.451877
0.472982
1.927896
4.569870
1.067134
1.053503
0.362281
1.096924
0.754346
0.382013
3.623026
1.948746
0.790499
0.266177
0.701752
1.164351
0.023876
0.614585
3.342700
0.072636
4.279455
1.022383
1.920105
0.645027
1.144621
2.966932
1.235909
1.252649
3.326883
0.476264
0.408255
0.504365
1.375005
1.607777
0.306122
1.952399
3.750588
0.549655
1.508747
1.243459
0.076227
2.344226
0.686111
1.096501
4.269340
1.497821
0.668248
0.025127
0.859695
0.648290
1.349743
6.152081
0.033898
2.212498
16.973675
14.066200
0.913677
31.475312
52.340000
21.841412
51.281900
11.503225
2.536675
9.531021
8.639375
20.051287
35.151712
37.355075
19.070337
6.826192
12.127600
10.037969
6.758744
50.525087
16.486200
26.393850
40.828425
1.282730
11.131050
6.337670
6.420022
18.107475
45.860125
40.130237
14.720637
2.419878
11.675275
10.287194
3.082547
25.967275
45.743175
18.580525
46.214862
4.547485
1.490031
16.516725
4.288303
30.174825
40.353387
24.915612
35.669500
1.957124
17.386812
11.922462
6.877114
13.616350
42.180650
44.482100
27.749450
6.155547
8.509382
13.388987
5.005209
15.643162
49.419600
22.533050
42.272000
0.176823
1.259631
0.048435
0.057300
4.122773
1.168049
0.061207
0.367775
0.027847
0.089174
0.413692
0.566610
0.126972
0.046345
1.270379
1.412236
0.122824
0.023428
0.734304
0.054277
0.242311
0.114574
1.205930
2.782530
0.456525
0.247065
0.033398
0.027402
0.036088
1.290111
0.031334
1.372650
0.076182
1.259406
0.118221
0.281556
1.503899
0.059448
2.364229
0.202212
0.044136
0.364730
0.068616
0.832864
0.300803
1.594696
1.983389
0.049394
0.064612
0.995104
0.026346
0.750988
0.235850
1.366319
0.064548
1.518658
0.679508
0.017276
0.720316
0.000440
1.459473
0.032946
1.448844
0.029256
7.246702
5.617008
5.145742
9.939685
18.094112
33.703262
18.165825
46.607812
6.572249
1.528492
4.556128
5.813306
26.577037
13.601212
19.919862
11.756362
0.468292
17.365375
11.951025
2.817534
58.206487
17.197887
10.383687
35.432125
5.351070
2.259025
3.050620
11.457250
20.831712
17.973400
18.886300
23.023600
0.898701
14.319025
3.129970
8.678752
21.462600
26.559475
8.384284
49.612900
11.221600
0.318895
4.178617
9.259997
25.547037
14.050562
23.180825
30.156075
6.736057
2.720410
8.994184
5.173939
15.161400
28.425150
18.114000
48.798562
12.006747
3.734006
2.529101
11.124637
13.795725
31.111600
20.941587
21.369187
1.252332
1.299125
1.018715
1.562936
1.705973
3.195026
3.986996
2.958366
0.945539
1.801605
0.566325
0.839905
3.273192
0.951265
1.798010
3.445781
1.106069
1.006914
2.340949
0.971363
1.874464
3.733622
4.532184
1.113694
0.124990
2.454895
0.998034
0.740922
1.838042
3.025333
0.787106
3.785981
1.235378
1.199037
1.602447
1.073807
3.015354
2.847221
3.662189
3.308024
1.126404
0.920483
1.037813
0.957401
3.533167
2.106838
0.915618
4.522218
1.928092
1.542955
1.118313
1.035316
2.486199
2.422440
4.440800
1.348345
0.283981
1.985473
0.439328
0.654535
1.142152
0.582052
2.704987
2.043545
12.030275
6.892324
11.098050
8.344056
60.588825
26.287262
38.473875
23.151800
9.593440
7.081789
12.168362
3.388519
25.190237
36.058712
37.342737
22.166825
10.750225
7.364635
2.368585
12.949075
18.811062
46.203900
32.455337
41.122200
9.118615
5.082970
11.565112
2.946411
18.438887
44.920325
27.186787
31.702575
8.316845
13.652412
9.049885
12.268712
17.567475
40.926812
41.992850
30.226312
4.618770
9.658727
6.811370
6.443871
61.395000
31.874962
26.830762
48.898939
13.409825
8.532181
5.603148
14.658500
35.720587
26.121375
19.140600
54.132375
4.566610
9.077409
9.540901
5.112993
28.515712
67.481450
26.377237
43.126050
0.205038
0.654900
0.627462
1.192991
1.080431
1.314659
1.346426
2.072392
0.407126
0.361856
0.169430
0.744964
1.181166
0.989735
0.811004
1.184691
0.440834
1.242430
0.102769
0.606056
4.184887
0.598492
0.684738
1.194839
0.180931
0.213501
0.118853
0.697114
1.463809
0.613835
1.155766
0.355309
0.861655
0.548285
1.109068
0.878360
1.282713
0.893979
1.135959
1.252334
0.236785
0.566974
0.750945
0.116765
1.121617
1.136572
1.001167
1.274931
0.938921
0.702486
0.236604
0.561589
2.456547
1.022722
0.921940
0.496888
0.073659
0.555755
0.124359
0.400486
0.991915
1.008139
0.739410
1.330437
7.823496
2.027354
7.755562
2.671325
25.120562
26.732387
24.917750
28.265512
2.360627
8.654949
1.106110
2.396732
53.268550
21.149300
18.177962
31.482062
4.051141
13.415062
7.333636
1.088732
32.036684
28.692150
17.682350
32.876900
2.985678
10.647262
1.182772
5.004615
17.867600
20.479387
20.980012
36.818675
5.669674
2.634005
3.275270
9.895092
20.014800
47.438775
33.398425
15.325912
1.405414
7.961406
5.946838
2.442348
14.722800
26.950212
8.882941
47.492275
13.589650
0.712159
5.625861
11.272462
26.818925
40.257562
29.760825
27.258487
2.993247
2.168965
3.587971
2.326878
23.048162
27.654937
31.166112
18.888125
1.860993
1.200679
0.815064
1.401832
1.509617
1.163076
3.969030
2.323255
1.385309
1.233493
0.498591
0.256009
2.143612
0.225804
1.759461
2.806682
1.252500
0.328903
0.667806
0.317455
1.831703
0.894725
2.700663
0.068630
0.018501
1.690157
0.590361
0.844663
0.118208
1.437385
0.225528
3.877700
1.058847
1.485294
0.951214
0.497437
6.346542
1.109096
2.560456
0.396581
0.131762
1.092393
0.728277
2.220201
0.830151
0.441005
1.661675
4.069162
2.444358
0.254761
1.045780
0.929223
2.389823
0.846836
2.844189
1.165018
0.257052
1.433359
0.136179
1.333242
4.474501
0.250270
0.000139
3.765505
7.942037
6.052926
7.096004
6.211109
43.966100
19.529312
19.504000
57.429787
7.496435
8.629791
7.936246
0.775882
31.217300
31.928775
40.502400
25.442737
6.909182
11.316187
0.640872
12.956387
52.301187
16.884287
35.557600
16.415800
9.512991
4.362835
14.620275
0.890867
25.639050
39.283687
59.282712
16.199587
14.592137
6.118725
2.667154
10.631047
30.316300
33.350225
16.600642
39.119400
6.067570
7.638744
5.174590
10.794050
17.356487
53.798175
33.285750
16.945300
6.727946
9.349170
7.607525
17.182200
26.200112
35.669350
33.136900
38.874137
5.859309
12.783575
6.222909
7.340599
61.186350
17.701750
30.299412
51.810687
0.298750
0.032005
0.596216
0.620372
0.329239
1.591779
1.157384
0.039833
0.171787
0.271930
0.662272
0.030403
1.613391
0.202387
0.060886
1.048727
0.028239
0.933494
0.032260
0.852604
0.038138
1.568041
0.036074
1.256139
0.254774
0.030893
0.854255
0.021311
1.286682
0.288242
1.601243
0.042572
0.607279
0.232341
0.131796
0.662841
1.095470
0.080084
0.464638
4.143225
0.909116
0.027406
0.026468
0.368441
1.196022
0.099533
0.244908
1.451317
0.034877
0.022086
1.136598
0.908317
3.132178
1.051081
0.192686
0.000130
0.012106
0.034782
0.826114
0.378653
1.579824
1.371541
0.029855
0.103866
7.763446
2.547405
7.815104
0.986890
17.410025
44.385900
20.804862
30.459700
5.511771
2.302607
7.757446
2.874049
21.239900
24.110662
9.736762
20.628912
6.469940
0.837608
7.301041
4.765689
25.525987
19.912600
59.751862
14.347950
3.179452
12.576500
4.227075
2.900061
13.613650
24.492750
22.490287
14.759712
0.699073
3.899187
4.437185
13.505262
17.044037
46.062575
15.607287
41.431250
7.951429
3.376772
4.864174
0.753777
24.665912
19.559725
17.897687
30.856962
2.024480
13.220875
2.471991
8.937956
31.870187
16.301712
29.560937
33.228212
2.945062
13.464600
3.392284
7.796591
27.547862
27.609462
28.750875
22.598087
0.154524
0.527671
0.718516
1.051782
0.013436
0.000000
0.262153
0.000000
0.960521
0.641529
0.000000
0.177787
0.354132
0.000000
0.000000
0.000000
0.732732
0.763342
0.151824
0.737334
0.000000
0.151505
0.000000
0.013123
0.023258
0.477831
0.906188
0.000000
0.000000
0.000000
0.038579
0.000000
0.377537
0.261066
0.912272
0.017191
0.000000
0.001402
0.000000
0.006051
0.120681
0.390802
0.119951
0.268138
0.000000
0.000000
0.000000
0.012399
0.488084
0.402132
0.475983
0.592096
0.000816
0.000000
0.009683
0.243069
0.893947
0.000000
0.139783
0.173797
0.000000
0.000000
0.000000
0.000000
0.000000
0.000000
0.000000
0.000000
0.000000
0.000000
0.000000
0.000000
0.000000
0.000000
0.000000
0.000000
0.000000
0.000000
0.000000
0.000000
0.000000
0.000000
0.000000
0.000000
0.000000
0.000000
0.000000
0.000000
0.000000
0.000000
0.000000
0.000000
0.000000
0.000000
0.000000
0.000000
0.000000
0.000000
0.000000
0.000000
0.000000
0.000000
0.000000
0.000000
0.000000
0.000000
0.000000
0.000000
0.000000
0.000000
0.000000
0.000000
0.000000
0.000000
0.000000
0.000000
0.000000
0.000000
0.000000
0.000000
0.000000
0.000000
0.000000
0.000000
0.000000
0.000000
0.000000
0.000000
0.098619
0.043123
0.000000
0.148566
0.000000
0.000000
0.000000
0.000000
0.037746
0.000000
0.033254
0.000000
0.000000
0.000000
0.000000
0.000000
0.000000
0.347684
0.045885
0.000000
0.000000
0.000000
0.000000
0.000000
0.005537
0.000000
0.007890
0.000000
0.000000
0.000000
0.000000
0.000000
0.000000
0.471924
0.037914
0.000000
0.000000
0.000000
0.000000
0.000000
0.000000
0.022084
0.000000
0.033007
0.000000
0.000000
0.000000
0.000000
0.000000
0.465954
0.000014
0.000000
0.000000
0.000000
0.000000
0.000000
0.065470
0.000000
0.000000
0.023987
0.000000
0.000000
0.000000
0.000000
0.000000
0.000000
0.000000
0.000000
0.000000
0.000000
0.000000
0.000000
0.000000
0.000000
0.000000
0.000000
0.000000
0.000000
0.000000
0.000000
0.000000
0.000000
0.000000
0.000000
0.000000
0.000000
0.000000
0.000000
0.000000
0.000000
0.000000
0.000000
0.000000
0.000000
0.000000
0.000000
0.000000
0.000000
0.000000
0.000000
0.000000
0.000000
0.000000
0.000000
0.000000
0.000000
0.000000
0.000000
0.000000
0.000000
0.000000
0.000000
0.000000
0.000000
0.000000
0.000000
0.000000
0.000000
0.000000
0.000000
0.000000
0.000000
0.000000
0.000000
0.000000
0.000000
0.000000
0.000000
0.013470
0.672365
0.834201
0.477749
0.000000
0.071453
0.000000
0.263029
0.376301
0.960587
0.054865
0.000000
0.016882
0.000000
0.000000
0.000000
0.679294
0.019749
0.678888
0.016660
0.000000
0.000000
0.352130
0.000000
0.000000
0.412509
0.009244
0.325387
0.000000
0.000000
0.000000
0.000000
0.817521
0.080495
0.739476
0.132651
0.049450
0.000000
0.016493
0.107811
0.665831
0.000000
0.945185
0.000000
0.000000
0.003316
0.000000
0.000000
0.849156
0.020344
0.624597
1.104856
0.241737
0.000000
0.000000
0.014191
0.000000
0.051682
0.765970
0.019132
0.000000
0.015576
0.000000
0.000000
0.000000
0.000000
0.000000
0.000000
0.000000
0.000000
0.000000
0.000000
0.000000
0.000000
0.000000
0.000000
0.000000
0.000000
0.000000
0.000000
0.006510
0.000000
0.000000
0.000000
0.000000
0.000000
0.000000
0.000000
0.000000
0.000000
0.000000
0.000000
0.000000
0.000000
0.000000
0.000000
0.000000
0.000000
0.000000
0.000000
0.000000
0.000000
0.000000
0.000000
0.000000
0.000000
0.000000
0.000000
0.000000
0.000000
0.000000
0.000000
0.000000
0.000000
0.000000
0.001963
0.000000
0.000000
0.000000
0.000000
0.000000
0.000000
0.000000
0.000000
0.000000
0.000000
0.000000
0.000000
0.033903
0.000000
0.547876
0.000000
0.000000
0.000000
0.000000
0.000000
0.035289
0.000000
0.000000
0.000000
0.000000
0.000000
0.000000
0.000000
0.023908
0.154864
0.000000
0.046631
0.000000
0.000000
0.000000
0.000000
0.000000
0.003926
0.023570
0.000000
0.000000
0.000000
0.000000
0.000000
0.016306
0.000000
0.465156
0.000000
0.000000
0.000000
0.000000
0.000000
0.000977
0.000000
0.028464
0.000000
0.000000
0.000000
0.000000
0.000000
0.000000
0.014055
0.253795
0.000000
0.000000
0.000000
0.000000
0.000000
0.000000
0.002347
0.000000
0.057474
0.000000
0.000000
0.000000
0.000000
0.000000
0.000000
0.000000
0.000000
0.000000
0.000000
0.000000
0.000000
0.000000
0.000000
0.000000
0.000000
0.000000
0.000000
0.000000
0.000000
0.000000
0.000000
0.000000
0.000000
0.000000
0.000000
0.000000
0.000000
0.000000
0.000000
0.000000
0.000000
0.000000
0.000000
0.000000
0.000000
0.000000
0.000000
0.000000
0.000000
0.000000
0.000000
0.000000
0.000000
0.000000
0.000000
0.000000
0.000000
0.000000
0.000000
0.000000
0.000000
0.000000
0.000000
0.000000
0.000000
0.000000
0.000000
0.000000
0.000000
0.000000
0.000000
0.000000
0.000000
0.000000
0.000000
0.000000
0.000000
0.330863
0.602287
1.045117
0.176533
0.268446
0.000000
0.000000
0.000000
0.106821
0.000000
0.937135
0.153162
0.000000
0.015073
0.000000
0.000000
0.911690
0.708239
0.090613
0.538058
0.010691
0.013689
0.000000
0.254137
0.860163
0.000000
0.827310
0.000000
0.000000
0.000000
0.273724
0.000000
0.292741
0.457962
0.274728
0.818992
0.011458
0.000000
0.006807
0.002026
0.329423
0.094723
0.683128
0.125092
0.000000
0.000000
0.210823
0.000000
0.017844
0.353573
0.441343
0.822985
0.000000
0.127581
0.000000
0.053721
0.888343
0.000000
1.046943
0.000000
0.109906
0.000000
0.000000
0.000000
0.000000
0.000000
0.000000
0.000000
0.000000
0.000000
0.000000
0.000000
0.000000
0.000000
0.000000
0.000000
0.000000
0.000000
0.000000
0.000000
0.000000
0.000000
0.000000
0.000000
0.000000
0.000000
0.000000
0.000000
0.000000
0.000000
0.000000
0.000000
0.000000
0.000000
0.000000
0.000000
0.000000
0.000000
0.000000
0.000000
0.000000
0.000000
0.000000
0.000000
0.000000
0.000000
0.000000
0.000000
0.000000
0.000000
0.000000
0.000000
0.000000
0.000000
0.000000
0.000000
0.000000
0.000000
0.000000
0.000000
0.000000
0.000000
0.000000
0.000000
0.000000
0.000000
0.000000
0.000000
0.154862
0.016254
0.092309
0.000000
0.000000
0.000000
0.000000
0.000000
0.000000
0.021794
0.073804
0.000000
0.000000
0.000000
0.000000
0.000000
0.008144
0.000000
0.845183
0.015684
0.000000
0.000000
0.000000
0.000000
0.039853
0.000000
0.060605
0.000000
0.000000
0.000000
0.000000
0.000000
0.000000
0.023494
0.046830
0.000000
0.000000
0.000000
0.000000
0.000000
0.023159
0.000000
0.000000
0.102403
0.000000
0.000000
0.000000
0.000000
0.000000
0.022896
0.368236
0.000000
0.000000
0.000000
0.000000
0.000000
0.132621
0.000000
0.046264
0.007111
0.000000
0.000000
0.000000
0.000000
0.000000
0.000000
0.000000
0.000000
0.000000
0.000000
0.000000
0.000000
0.000000
0.000000
0.000000
0.000000
0.000000
0.000000
0.000000
0.000000
0.000000
0.000000
0.000000
0.000000
0.000000
0.000000
0.000000
0.000000
0.000000
0.000000
0.000000
0.000000
0.000000
0.000000
0.000000
0.000000
0.000000
0.000000
0.000000
0.000000
0.000000
0.000000
0.000000
0.000000
0.000000
0.000000
0.000000
0.000000
0.000000
0.000000
0.000000
0.000000
0.000000
0.000000
0.000000
0.000000
0.000000
0.000000
0.000000
0.000000
0.000000
0.000000
0.000000
0.000000
0.000000
0.000000
0.000000
0.000000
0.707163
0.020118
0.968741
0.540526
0.000000
0.002298
0.020009
0.274680
0.017028
0.688221
1.037480
0.000000
0.001947
0.002989
0.000000
0.000000
0.112170
0.018397
0.772749
0.325438
0.338766
0.000000
0.074847
0.000000
0.825380
0.000000
0.022543
0.118553
0.000000
0.343546
0.000000
0.000000
0.848445
0.697723
0.079729
0.994747
0.000000
0.378062
0.000000
0.013464
0.131184
0.171498
0.645937
0.000000
0.004349
0.000000
0.023755
0.000000
0.017215
0.855820
0.031224
0.268581
0.174195
0.000000
0.005425
0.000000
0.000000
0.000000
0.489160
0.283667
0.007498
0.000000
0.000000
0.000000
0.000000
0.000000
0.000000
0.000000
0.000000
0.000000
0.000000
0.000000
0.000000
0.000000
0.000000
0.000000
0.000000
0.000000
0.000000
0.000000
0.000000
0.000000
0.000000
0.000000
0.000000
0.000000
0.000000
0.000000
0.000000
0.000000
0.000000
0.000000
0.000000
0.000000
0.000000
0.000000
0.000000
0.013254
0.000000
0.000000
0.000000
0.000000
0.000000
0.000000
0.000000
0.000000
0.000000
0.000000
0.000000
0.000000
0.000000
0.000000
0.001715
0.000000
0.000000
0.000000
0.000000
0.000000
0.000000
0.000000
0.000000
0.000000
0.000000
0.000000
0.000000
0.000000
0.000000
0.000000
0.020295
0.000000
0.000000
0.023953
0.000000
0.000000
0.000000
0.000000
0.000000
0.000000
0.000000
0.015183
0.000000
0.000000
0.000000
0.000000
0.043495
0.000000
0.004531
0.000000
0.000000
0.000000
0.000000
0.000000
0.000000
0.000000
0.000000
0.009014
0.000000
0.000000
0.000000
0.000000
0.000000
0.000000
0.300517
0.014666
0.000000
0.000000
0.000000
0.000000
0.000000
0.027354
0.104115
0.000000
0.000000
0.000000
0.000000
0.000000
0.017429
0.000000
0.000000
0.000000
0.000000
0.000000
0.000000
0.000000
0.017406
0.000000
0.000000
0.000000
0.000000
0.000000
0.000000
0.000000
0.000000
0.000000
0.000000
0.000000
0.000000
0.000000
0.000000
0.000000
0.000000
0.000000
0.000000
0.000000
0.000000
0.000000
0.000000
0.000000
0.000000
0.000000
0.000000
0.000000
0.000000
0.000000
0.000000
0.000000
0.000000
0.000000
0.000000
0.000000
0.000000
0.000000
0.000000
0.000000
0.000000
0.000000
0.000000
0.000000
0.000000
0.000000
0.000000
0.000000
0.000000
0.000000
0.000000
0.000000
0.000000
0.000000
0.000000
0.000000
0.000000
0.000000
0.000000
0.000000
0.000000
0.000000
0.000000
0.000000
0.000000
0.000000
0.000000
0.000000
0.000000
0.000000
0.000000
0.000000
