0.000000
0.855774
0.748440
0.638796
2.280116
2.740403
1.166326
2.375353
0.186942
0.744927
0.913711
0.805023
0.698997
1.411715
1.188170
2.944097
0.808180
0.795528
1.146197
0.659280
2.642260
1.713522
1.592483
2.396717
0.735530
0.540039
0.192025
0.847074
1.421700
2.721235
0.821823
1.588394
1.064872
0.996408
0.792417
1.279349
2.926847
2.065402
2.428563
4.314634
0.590861
0.769026
1.017432
0.397298
2.894371
0.724021
5.490855
1.159414
0.950673
0.569191
0.790817
0.879031
2.934065
2.514608
2.839120
0.579478
0.216836
1.256592
0.640446
0.527508
1.379690
1.474604
1.070754
3.626028
6.434402
14.866895
11.288485
12.370455
36.437752
17.362523
27.132023
40.915267
8.640800
8.519710
12.423925
8.857123
18.462606
36.248158
38.206539
30.506625
5.492364
12.785427
9.943062
12.278589
30.114506
58.164200
49.895956
22.531458
2.815964
17.164452
7.488141
9.404197
29.158120
42.159680
23.429100
36.381797
14.023591
8.678126
5.777327
12.132847
38.334766
21.561914
22.740283
39.743417
10.689226
7.100867
7.449680
6.931412
30.094278
32.026920
21.035669
48.788427
14.352148
8.718999
5.586334
9.418277
41.736564
26.650742
40.099947
18.110186
7.537321
16.548589
4.730320
10.469500
50.295736
17.992955
20.070072
37.378070
0.101191
0.269701
0.583426
0.304201
0.742844
0.812243
1.032987
1.495573
0.123643
0.337316
0.155564
0.251325
0.659308
1.005155
0.758265
0.919313
0.526417
0.186361
0.705595
0.467750
1.618702
0.981508
0.819943
0.508900
0.136626
0.553164
0.119100
0.345431
0.717639
1.031624
1.067126
0.531997
0.479632
0.108149
0.479260
0.580279
2.016703
0.640264
1.421005
0.624933
0.460745
0.176084
0.684760
0.102327
0.674880
0.935883
0.726080
0.813552
0.367776
0.087452
0.448824
0.555574
1.111209
1.684415
0.808425
0.844493
0.101582
0.524471
0.410941
0.108301
0.816564
0.732556
0.710180
0.419369
3.477401
8.559576
9.506243
1.818484
17.142334
28.530419
27.711083
22.215759
0.839020
4.094852
2.992995
5.192852
28.928592
11.842880
37.944062
8.205580
5.864378
2.935246
2.368102
5.969913
14.544525
33.565080
24.571748
20.428616
6.812122
1.832907
10.181624
0.860172
30.121045
16.765472
11.304950
41.553527
5.299184
16.701681
10.328674
5.901359
24.126675
27.686150
21.533203
42.647573
2.702156
4.352347
2.928558
8.233279
20.009933
34.761812
12.630978
29.136600
6.625687
2.576039
10.227334
7.339747
19.920002
34.235550
24.793325
31.813455
9.207930
1.073744
3.415643
2.642925
15.345808
28.577437
21.855094
25.473972
1.087223
0.792119
0.473488
0.741543
2.018407
2.438402
1.649932
1.658383
0.503459
0.436199
0.817005
0.445958
0.662598
1.410804
4.260539
1.289045
0.655091
0.776721
0.715042
1.076661
0.981639
3.071624
1.429519
2.035972
0.484835
0.425840
0.774133
0.136840
1.078129
2.282505
0.414982
3.947565
0.637278
1.146533
0.539772
1.024658
2.200133
1.832057
1.225443
2.095273
0.281904
0.651547
0.325610
0.939083
2.010465
0.635063
1.368305
2.484809
0.518137
1.070134
0.830887
0.225661
1.788268
1.778754
1.466279
3.549724
0.973993
0.852605
0.140246
0.528924
1.965854
0.925420
6.909421
0.148138
2.812587
16.687089
14.315958
2.104127
30.712733
49.675198
24.511842
50.772455
11.850792
4.891129
11.848603
9.086481
22.503700
33.958647
36.676248
21.343470
7.440386
11.578934
10.696405
7.345749
49.870011
16.039092
25.770217
40.637327
1.400563
11.494741
7.180284
7.094090
17.507244
46.988875
37.905611
14.497544
4.771807
12.043369
10.684028
5.110219
25.935530
45.097305
20.870425
44.128891
7.130051
2.342912
16.380602
3.087417
32.274527
40.601575
24.426069
37.961241
3.194135
16.615552
12.851169
7.404705
15.859803
41.158937
41.421844
27.529545
5.564443
8.640299
13.307739
3.060307
15.634417
47.948489
24.641366
40.890767
0.110086
0.804715
0.077800
0.235130
3.062060
0.827705
0.335151
0.648457
0.058023
0.339191
0.228396
0.322220
0.352768
0.185718
0.890535
1.011041
0.084054
0.107302
0.442797
0.201998
0.541784
0.216561
0.804688
2.049929
0.264088
0.143021
0.074460
0.124788
0.247245
0.958732
0.176784
0.965136
0.170326
0.827510
0.084739
0.415407
1.035995
0.330086
1.863021
0.510092
0.136290
0.208031
0.082408
0.513917
0.450664
1.281605
1.500282
0.268633
0.290753
0.661509
0.074190
0.413557
0.700666
0.903630
0.444854
1.069671
0.386466
0.046662
0.392063
0.027570
0.975158
0.094829
1.042038
0.128756
7.880813
6.540062
4.128231
8.508252
17.963903
32.648434
20.747264
47.814600
4.966928
0.908933
3.116376
5.278450
27.542920
13.598550
23.716450
12.019412
0.321342
15.720177
11.947575
2.199837
58.124089
17.345606
11.807223
33.998208
3.829818
1.310298
2.180092
9.275607
20.354966
18.029812
17.874800
23.859109
1.782517
14.312358
4.449090
9.080570
20.982500
25.927223
10.385913
48.564444
10.505125
0.377927
2.601717
9.067542
24.936717
13.433853
22.702337
33.283208
6.009582
1.721328
9.363799
3.081295
15.386381
27.277789
16.807337
48.277670
12.304531
2.265074
1.937245
8.771971
14.479748
29.723433
18.749831
20.876153
0.892258
0.944691
0.692499
1.171243
1.228740
3.047324
2.810632
2.194179
0.617440
1.300110
0.342983
0.571342
2.120387
0.842717
1.390089
2.452289
0.721332
0.715506
1.494069
0.694482
1.500494
3.143667
3.148719
0.978937
0.116379
1.464513
0.675976
0.552279
1.403307
2.059545
0.579162
2.310569
0.890366
0.878142
1.180913
0.742465
1.751326
2.759835
2.206459
2.517009
0.794569
0.649740
0.708312
0.661398
2.764739
1.691461
0.658140
3.158231
1.508037
0.949222
0.876811
0.694521
1.937769
1.677604
4.166718
1.270773
0.199770
1.260689
0.263873
0.651961
0.905699
0.884270
1.587462
2.090952
12.528052
6.163441
11.652469
8.549259
62.177845
26.021542
38.408384
23.847630
10.522843
7.063155
12.411002
3.050082
25.566694
37.254778
39.128222
21.213602
11.761697
7.820416
2.327862
13.156983
19.982869
43.840906
32.345962
42.998125
9.645085
3.645088
11.882323
2.931252
18.713212
49.890269
27.297250
34.322161
8.606780
14.660394
9.159696
13.005327
18.720897
42.769816
40.990848
30.880325
3.352558
9.908815
7.142307
6.639354
64.658981
31.454287
27.918042
50.514891
13.596017
8.922501
4.452337
15.744959
36.105431
25.661441
19.983305
58.271434
6.734089
9.623976
9.976346
3.556113
29.624662
68.376041
26.687672
42.763723
0.130730
0.465521
0.372565
0.828092
0.814997
0.998038
0.976975
1.678551
0.249556
0.235837
0.134840
0.496891
0.956281
0.825810
0.576805
0.825864
0.314703
0.876255
0.081732
0.351772
3.059967
0.557210
0.823954
0.875780
0.116328
0.362617
0.086914
0.424704
0.945361
0.698098
0.871769
0.479514
0.589658
0.343981
0.805723
0.654382
0.888738
0.694306
0.998385
1.251360
0.149513
0.352694
0.558449
0.096303
0.926716
0.811949
0.746721
0.937635
0.647769
0.563506
0.158485
0.429830
1.706095
0.724369
1.126420
0.622604
0.073270
0.426473
0.081223
0.258499
1.273038
0.712761
0.701022
1.066630
8.047144
1.568937
7.141010
2.006502
25.725006
27.835248
26.288359
28.136737
2.079728
8.079334
1.115400
2.743216
56.453081
21.712120
18.708053
34.492098
2.637611
15.094867
6.673555
1.777470
34.804005
32.117322
18.113934
33.552398
2.143480
10.462245
1.498750
2.805535
19.427995
20.148830
22.282758
37.244064
3.905260
2.767168
3.270015
9.810697
19.995270
50.790172
33.571511
15.614717
1.217028
7.869259
4.232948
2.444009
15.344062
29.070228
8.107331
50.208795
14.729656
1.254703
5.268632
12.086925
28.034825
39.350942
29.978550
30.579403
3.079507
1.609598
2.943558
2.822619
23.426864
26.764495
35.728311
19.855402
1.047606
1.165597
0.578149
0.992271
1.911032
1.472397
2.511482
1.561873
0.925530
0.833187
0.353945
0.447282
1.613498
0.483801
2.019426
1.689716
0.833030
0.728262
0.442501
0.585354
1.357622
1.971702
1.662453
0.411611
0.051088
1.168603
0.756706
0.522764
0.524682
1.000433
0.526029
3.650923
0.681922
0.979773
0.999029
0.428768
5.552209
0.792828
3.066363
0.723877
0.307039
0.870944
0.436737
1.289190
0.991201
1.135158
1.074651
3.751137
1.483096
0.353122
1.290202
0.547363
1.640227
1.721354
2.494883
1.633873
0.520929
1.009233
0.314592
0.924383
4.182609
0.682418
0.172599
2.718334
8.412205
7.838700
7.258513
8.390419
43.260953
19.289502
20.863009
57.218630
7.749126
10.562680
8.252226
1.683818
32.341205
31.827320
41.578330
24.733466
7.487337
10.538263
1.692790
13.606891
52.361320
16.376914
34.775114
19.192761
12.088894
2.840119
14.188591
1.262746
25.446477
38.716456
58.009905
16.037280
14.373422
5.359475
3.384728
12.269922
29.955631
32.549745
18.140359
40.800859
5.552398
8.893103
4.767860
11.285115
18.954253
52.950027
33.051786
16.408802
6.952874
10.545431
7.832266
14.127231
26.012030
35.110281
31.588747
38.162503
6.429446
11.266661
8.725836
7.585435
56.326914
17.450958
29.584978
52.067262
0.167643
0.159559
0.567997
0.382000
0.463697
1.141481
0.863935
0.272013
0.322348
0.161422
0.383323
0.088308
1.139889
0.539163
0.364563
0.710520
0.064018
0.634516
0.215844
0.536965
0.112926
1.091264
0.204664
0.907873
0.155515
0.131593
0.547584
0.053577
0.938600
0.101794
1.060853
0.263374
0.330674
0.440024
0.110334
0.398406
0.791890
0.350015
0.493686
2.975329
0.608413
0.057115
0.042267
0.194897
0.803592
0.433366
0.475675
1.289402
0.119289
0.094652
0.731752
0.608907
1.969027
0.737558
0.650982
0.074348
0.059507
0.171299
0.479978
0.226989
1.093188
1.060827
0.125678
0.179425
7.936435
2.856687
7.114220
2.048117
17.248723
43.251775
22.204897
34.467817
3.381492
1.415865
8.061677
2.258713
19.716081
24.236273
12.061645
20.318591
5.647639
0.368512
7.652271
3.480383
24.632086
21.512836
59.482477
14.552836
2.230873
10.564073
2.639206
2.416354
13.759691
23.763084
23.169453
13.016081
1.276137
3.991220
2.904561
13.325108
19.871542
45.233558
15.545678
40.304655
7.124495
2.746442
3.305722
0.435766
23.814877
19.854691
19.964298
30.628250
1.618259
13.502298
1.312139
9.148846
30.646983
17.709427
27.799378
32.650320
2.010159
11.267473
2.031643
7.638680
26.501792
27.306061
28.341959
21.739184
0.097971
0.333538
0.469986
0.666480
0.014158
0.000000
0.140130
0.000000
0.635574
0.423524
0.000000
0.124239
0.202515
0.000000
0.000000
0.000000
0.446491
0.517215
0.123663
0.490760
0.000000
0.107750
0.000000
0.011304
0.024235
0.291957
0.613800
0.000000
0.000000
0.000000
0.034319
0.000000
0.211634
0.164649
0.606741
0.015791
0.000000
0.000000
0.000000
0.005994
0.077998
0.240640
0.083679
0.145934
0.000000
0.000000
0.000000
0.011894
0.323046
0.257849
0.267969
0.389359
0.000726
0.000000
0.009631
0.135478
0.564496
0.000000
0.096929
0.128720
0.000000
0.000000
0.000000
0.000000
0.000000
0.000000
0.000000
0.000000
0.000000
0.000000
0.000000
0.000000
0.000000
0.000000
0.000000
0.000000
0.000000
0.000000
0.000000
0.000000
0.000000
0.000000
0.000000
0.000000
0.000000
0.000000
0.000000
0.000000
0.000000
0.000000
0.000000
0.000000
0.000000
0.000000
0.000000
0.000000
0.000000
0.000000
0.000000
0.000000
0.000000
0.000000
0.000000
0.000000
0.000000
0.000000
0.000000
0.000000
0.000000
0.000000
0.000000
0.000000
0.000000
0.000000
0.000000
0.000000
0.000000
0.000000
0.000000
0.000000
0.000000
0.000000
0.000000
0.000000
0.000000
0.000000
0.000000
0.000000
0.071419
0.037068
0.000000
0.095585
0.000000
0.000000
0.000000
0.000000
0.037936
0.000000
0.034532
0.000000
0.000000
0.000000
0.000000
0.000000
0.000000
0.236367
0.049312
0.000000
0.000000
0.000000
0.000000
0.000000
0.004083
0.000000
0.007743
0.000195
0.000000
0.000000
0.000000
0.000000
0.000000
0.256493
0.033535
0.000000
0.000000
0.000000
0.000000
0.000000
0.000000
0.020143
0.000000
0.040531
0.000000
0.000000
0.000000
0.000000
0.000000
0.315741
0.000000
0.000000
0.000000
0.000000
0.000000
0.000000
0.059481
0.000000
0.000000
0.024598
0.000000
0.000000
0.000000
0.000000
0.000000
0.000000
0.000000
0.000000
0.000000
0.000000
0.000000
0.000000
0.000000
0.000000
0.000000
0.000000
0.000000
0.000000
0.000000
0.000000
0.000000
0.000000
0.000000
0.000000
0.000000
0.000000
0.000000
0.000000
0.000000
0.000000
0.000000
0.000000
0.000000
0.000000
0.000000
0.000000
0.000000
0.000000
0.000000
0.000000
0.000000
0.000000
0.000000
0.000000
0.000000
0.000000
0.000000
0.000000
0.000000
0.000000
0.000000
0.000000
0.000000
0.000000
0.000000
0.000000
0.000000
0.000000
0.000000
0.000000
0.000000
0.000000
0.000000
0.000000
0.000000
0.000000
0.000000
0.000000
0.011081
0.471968
0.568021
0.284693
0.000000
0.059220
0.000000
0.179460
0.253632
0.617247
0.059863
0.000000
0.015037
0.000278
0.000000
0.000000
0.537469
0.016971
0.504280
0.014035
0.000000
0.000000
0.237547
0.000000
0.000000
0.369422
0.023344
0.183662
0.000000
0.000000
0.000000
0.000000
0.573669
0.076848
0.494277
0.089466
0.039002
0.000000
0.013439
0.068906
0.444278
0.000000
0.642777
0.000000
0.000000
0.000293
0.000000
0.000000
0.557083
0.032624
0.405045
0.716387
0.166785
0.000000
0.000000
0.017149
0.012121
0.046173
0.514813
0.053857
0.000000
0.020252
0.000000
0.000000
0.000000
0.000000
0.000000
0.000000
0.000000
0.000000
0.000000
0.000000
0.000000
0.000000
0.000000
0.000000
0.000000
0.000000
0.000000
0.000000
0.005373
0.000000
0.000000
0.000000
0.000000
0.000000
0.000000
0.000000
0.000000
0.000000
0.000000
0.000000
0.000000
0.000000
0.000000
0.000000
0.000000
0.000000
0.000000
0.000000
0.000000
0.000000
0.000000
0.000000
0.000000
0.000000
0.000000
0.000000
0.000000
0.000000
0.000000
0.000000
0.000000
0.000000
0.000000
0.002735
0.000000
0.000000
0.000000
0.000000
0.000000
0.000000
0.000000
0.000000
0.000000
0.000000
0.000000
0.000000
0.048451
0.012486
0.339034
0.000000
0.000000
0.000000
0.000000
0.000000
0.036837
0.000000
0.000000
0.013765
0.000000
0.000000
0.000000
0.000000
0.040454
0.094181
0.002908
0.043346
0.000000
0.000000
0.000000
0.000000
0.003372
0.023974
0.023425
0.000000
0.000000
0.000000
0.000000
0.000000
0.014101
0.000000
0.317855
0.000000
0.000000
0.000000
0.000000
0.000000
0.000000
0.010560
0.032861
0.000000
0.000000
0.000000
0.000000
0.000000
0.000000
0.023606
0.134818
0.007835
0.000000
0.000000
0.000000
0.000000
0.000000
0.000000
0.003148
0.041773
0.000000
0.000000
0.000000
0.000000
0.000000
0.000000
0.000000
0.000000
0.000000
0.000000
0.000000
0.000000
0.000000
0.000000
0.000000
0.000000
0.000000
0.000000
0.000000
0.000000
0.000000
0.000000
0.000000
0.000000
0.000000
0.000000
0.000000
0.000000
0.000000
0.000000
0.000000
0.000000
0.000000
0.000000
0.000000
0.000000
0.000000
0.000000
0.000000
0.000000
0.000000
0.000000
0.000000
0.000000
0.000000
0.000000
0.000000
0.000000
0.000000
0.000000
0.000000
0.000000
0.000000
0.000000
0.000000
0.000000
0.000000
0.000000
0.000000
0.000000
0.000000
0.000000
0.000000
0.000000
0.000000
0.000000
0.000000
0.000000
0.190186
0.380089
0.695068
0.115258
0.154729
0.000000
0.000000
0.000000
0.083210
0.000000
0.644656
0.090337
0.000000
0.012198
0.000000
0.000000
0.612926
0.493231
0.065392
0.313893
0.008358
0.015739
0.000000
0.133780
0.562960
0.000000
0.575110
0.000000
0.000000
0.000000
0.177751
0.000000
0.172956
0.272018
0.177212
0.571678
0.010368
0.000000
0.001811
0.002370
0.213585
0.057882
0.457983
0.079731
0.000000
0.000000
0.115514
0.000000
0.019181
0.214989
0.243511
0.588670
0.000000
0.075438
0.000000
0.049506
0.603945
0.000000
0.711647
0.000000
0.083815
0.000000
0.000000
0.000000
0.000000
0.000000
0.000000
0.000000
0.000000
0.000000
0.000000
0.000000
0.000000
0.000000
0.000000
0.000000
0.000000
0.000000
0.000000
0.000000
0.000000
0.000000
0.000000
0.000000
0.000000
0.000000
0.000000
0.000000
0.000000
0.000000
0.000000
0.000000
0.000000
0.000000
0.000000
0.000000
0.000000
0.000000
0.000000
0.000000
0.000000
0.000000
0.000000
0.000000
0.000000
0.000000
0.000000
0.000000
0.000000
0.000000
0.000000
0.000000
0.000000
0.000000
0.000000
0.000000
0.000000
0.000000
0.000000
0.000000
0.000000
0.000000
0.000000
0.000000
0.000000
0.000000
0.000000
0.000000
0.103054
0.015594
0.071530
0.000000
0.000000
0.000000
0.000000
0.000000
0.000000
0.021764
0.054496
0.000000
0.000000
0.000000
0.000000
0.000000
0.006044
0.000000
0.551214
0.014993
0.000000
0.000000
0.000000
0.000000
0.049447
0.000000
0.059551
0.000000
0.000000
0.000000
0.000000
0.000000
0.000000
0.023514
0.037879
0.000000
0.000000
0.000000
0.000000
0.000000
0.023280
0.000000
0.000000
0.075874
0.000000
0.000000
0.000000
0.000000
0.000000
0.023487
0.225942
0.000000
0.000000
0.000000
0.000000
0.000000
0.084954
0.000000
0.062588
0.006142
0.000000
0.000000
0.000000
0.000000
0.000000
0.000000
0.000000
0.000000
0.000000
0.000000
0.000000
0.000000
0.000000
0.000000
0.000000
0.000000
0.000000
0.000000
0.000000
0.000000
0.000000
0.000000
0.000000
0.000000
0.000000
0.000000
0.000000
0.000000
0.000000
0.000000
0.000000
0.000000
0.000000
0.000000
0.000000
0.000000
0.000000
0.000000
0.000000
0.000000
0.000000
0.000000
0.000000
0.000000
0.000000
0.000000
0.000000
0.000000
0.000000
0.000000
0.000000
0.000000
0.000000
0.000000
0.000000
0.000000
0.000000
0.000000
0.000000
0.000000
0.000000
0.000000
0.000000
0.000000
0.000000
0.000000
0.000000
0.000000
0.451932
0.018397
0.610112
0.361867
0.000000
0.000231
0.019012
0.202025
0.022770
0.451897
0.699238
0.000000
0.000685
0.000201
0.000000
0.000000
0.186269
0.016122
0.581749
0.193041
0.226069
0.000000
0.058775
0.000000
0.540579
0.010283
0.022496
0.152124
0.000000
0.223402
0.000000
0.000000
0.614470
0.450105
0.051862
0.689471
0.000000
0.248218
0.000000
0.010725
0.075061
0.119603
0.438645
0.000000
0.000936
0.000000
0.022949
0.000000
0.017250
0.559658
0.033022
0.364449
0.107381
0.000000
0.006542
0.000000
0.000000
0.013799
0.349593
0.195107
0.008021
0.000000
0.000000
0.000000
0.000000
0.000000
0.000000
0.000000
0.000000
0.000000
0.000000
0.000000
0.000000
0.000000
0.000000
0.000000
0.000000
0.000000
0.000000
0.000000
0.000000
0.000000
0.000000
0.000000
0.000000
0.000000
0.000000
0.000000
0.000000
0.000000
0.000000
0.000000
0.000000
0.000000
0.000000
0.000000
0.000000
0.012762
0.000000
0.000000
0.000000
0.000000
0.000000
0.000000
0.000000
0.000000
0.000000
0.000000
0.000000
0.000000
0.000000
0.000000
0.001810
0.000000
0.000000
0.000000
0.000000
0.000000
0.000000
0.000000
0.000000
0.000000
0.000000
0.000000
0.000000
0.000000
0.000000
0.000000
0.023308
0.000000
0.000000
0.036922
0.000000
0.000000
0.000000
0.000000
0.000000
0.020102
0.000000
0.011860
0.000000
0.000000
0.000000
0.000000
0.039540
0.000000
0.000100
0.000000
0.000000
0.000000
0.000000
0.000000
0.014993
0.000000
0.000000
0.002188
0.000000
0.000000
0.000000
0.000000
0.003990
0.000000
0.205063
0.019949
0.000000
0.000000
0.000000
0.000000
0.000000
0.032487
0.071661
0.006309
0.000000
0.000000
0.000000
0.000000
0.016979
0.000000
0.019080
0.000000
0.000000
0.000000
0.000000
0.000000
0.011466
0.000000
0.000000
0.012872
0.000000
0.000000
0.000000
0.000000
0.000000
0.000000
0.000000
0.000000
0.000000
0.000000
0.000000
0.000000
0.000000
0.000000
0.000000
0.000000
0.000000
0.000000
0.000000
0.000000
0.000000
0.000000
0.000000
0.000000
0.000000
0.000000
0.000000
0.000000
0.000000
0.000000
0.000000
0.000000
0.000000
0.000000
0.000000
0.000000
0.000000
0.000000
0.000000
0.000000
0.000000
0.000000
0.000000
0.000000
0.000000
0.000000
0.000000
0.000000
0.000000
0.000000
0.000000
0.000000
0.000000
0.000000
0.000000
0.000000
0.000000
0.000000
0.000000
0.000000
0.000000
0.000000
0.000000
0.000000
0.000000
0.000000
0.000000
0.000000
