0.000000
0.031592
0.000000
0.000000
2.028271
2.567817
0.594406
2.452536
0.000000
0.000000
0.033640
0.009329
0.043511
0.922516
0.859988
2.504127
0.021892
0.000000
0.130620
0.000000
2.442984
1.038519
1.259667
2.174295
0.000000
0.000000
0.000000
0.300553
1.144955
2.403842
0.047377
1.333024
0.156202
0.114646
0.020574
0.837761
2.789931
2.163112
2.236546
1.865763
0.000000
0.000000
0.553263
0.000000
4.178154
0.089839
4.362397
0.153686
0.078351
0.032914
0.000000
0.000000
2.521656
2.139418
2.357998
0.000000
0.000000
0.121727
0.000000
0.000000
0.718059
1.030232
0.930339
3.224646
5.286524
11.644285
4.684623
9.285204
26.606359
13.269477
20.871450
32.758450
6.115803
5.392610
10.142564
6.863543
13.841111
28.630906
29.173862
23.434037
4.499977
10.277766
6.568595
9.358631
23.719025
44.780077
43.086166
16.783639
1.912715
13.035719
4.643693
6.017282
22.698131
34.410147
16.497731
28.858094
10.867318
6.710250
4.889151
8.827881
30.565970
15.496409
17.130309
31.549506
6.752907
6.090625
6.676098
5.842066
23.566087
24.312803
16.078278
36.142248
10.892221
6.667012
4.765641
8.081544
33.238022
18.771342
32.243912
13.820498
4.872314
12.011098
3.683337
8.271145
38.408709
13.503030
14.251047
30.214727
0.000000
0.000000
0.000000
0.000000
0.060074
0.040282
0.490649
1.194887
0.000000
0.000000
0.000000
0.000000
0.000000
0.556300
0.041834
0.583199
0.000000
0.000000
0.000000
0.000000
1.215484
1.026003
0.041308
0.000000
0.000000
0.000000
0.000000
0.000000
0.006826
0.216680
0.627028
0.000000
0.000000
0.000000
0.000000
0.000000
1.634450
0.000000
0.937774
0.000000
0.000000
0.000000
0.000000
0.000000
0.030800
0.103332
0.000000
0.127390
0.000000
0.000000
0.000000
0.000000
1.109693
1.141275
0.000000
0.665220
0.000000
0.000000
0.000000
0.000000
0.034829
0.400374
0.046089
0.000000
2.078676
6.322423
7.563379
1.431416
13.067625
21.825212
20.022141
15.615291
0.125518
2.441488
2.136171
3.817412
21.727809
8.753316
29.408416
7.267206
4.872320
2.089444
2.566925
5.229607
11.586279
25.325461
18.722402
15.413228
3.934559
1.556454
7.284254
0.663671
22.559242
13.146492
8.071992
32.209461
3.558005
12.721105
8.127748
3.665783
18.604069
19.774212
16.303194
33.681011
2.060554
4.235497
2.070140
6.100765
14.619428
26.219289
10.352670
21.890862
6.002376
1.621609
6.660705
4.977304
15.072461
26.891173
18.067642
24.348683
4.580445
1.061754
3.259715
1.964825
12.006938
22.460423
15.702353
19.156083
0.764449
0.000000
0.000000
0.151196
2.098843
1.930807
1.363839
0.476088
0.000000
0.000000
0.000000
0.000000
0.310820
0.287553
3.862948
0.896451
0.000000
0.664124
0.000000
0.731884
0.870558
2.190487
0.307822
1.050287
0.007075
0.000000
0.000000
0.000000
0.810267
1.373638
0.284351
2.142560
0.000000
0.065401
0.000000
0.830238
1.173821
1.303752
0.718839
1.249040
0.000000
0.461177
0.000000
0.062215
1.487050
0.230102
0.170501
1.737529
0.000000
0.106678
0.000000
0.000000
1.055457
0.950058
1.840748
2.547190
0.024315
0.451824
0.000000
0.000000
1.108105
0.000000
1.943639
0.107655
2.956374
12.965953
10.568588
1.228763
24.550630
42.072087
18.135242
42.724495
9.425711
3.296573
9.570772
3.514943
16.497359
27.545969
29.421430
16.182180
2.086047
9.964157
8.566936
2.620304
40.669233
12.898280
19.651372
31.065625
1.025828
8.618126
7.146425
2.375960
13.596136
29.545475
31.792187
10.976964
3.475046
9.181023
8.350817
3.298949
19.711755
38.826027
15.574078
36.971662
6.929830
1.390442
12.565975
2.883707
24.727005
32.655866
18.126634
30.384983
3.514761
12.506734
8.988615
2.624422
12.281752
34.951662
29.609603
21.105422
3.125698
7.535505
10.002092
2.698433
12.260574
39.606439
18.098717
34.024962
0.000000
0.000000
0.000000
0.000000
2.694015
0.037517
0.000000
0.506474
0.000000
0.000000
0.000000
0.000000
0.000000
0.042338
0.105300
0.040793
0.000000
0.000000
0.000000
0.000000
0.256997
0.136632
0.069596
1.275521
0.000000
0.000000
0.000000
0.000000
0.030165
0.139371
0.000000
0.117043
0.000000
0.000000
0.000000
0.000000
0.172240
0.000000
1.310967
0.222314
0.000000
0.000000
0.000000
0.000000
0.000000
0.489595
0.778396
0.000000
0.000000
0.000000
0.000000
0.000000
0.764717
0.053103
0.339411
0.037246
0.000000
0.000000
0.000000
0.000000
0.148365
0.000000
0.149557
0.000000
4.865947
4.433090
2.239504
7.420519
13.792534
26.086716
15.741808
34.132712
4.231219
0.921481
1.957180
2.401551
20.560000
10.779752
18.244655
7.861861
0.234444
11.303064
9.386968
1.583652
38.015200
12.899064
9.428756
28.408728
2.425844
0.200098
1.575574
6.890233
15.502614
14.303572
11.727493
19.309137
1.308355
10.968516
3.313148
3.959265
16.132786
20.659742
8.773733
35.209087
7.546876
0.262183
1.916197
6.486570
19.138848
11.025355
18.045822
26.714737
3.691639
2.514031
4.120143
1.352349
13.577977
22.051084
11.507224
38.577883
9.755587
0.840409
1.384122
4.342184
11.876811
24.929119
13.656623
16.580305
0.000000
0.128135
0.000000
0.875970
0.611655
2.527215
2.641378
1.914860
0.000000
0.828220
0.000000
0.000000
1.477574
0.292618
1.219633
2.155327
0.000000
0.034740
0.877778
0.000000
1.724847
2.489452
2.765400
0.296861
0.000000
0.401937
0.000000
0.036158
0.975237
1.286113
0.044101
1.660347
0.000000
0.000000
0.921207
0.027037
1.096567
2.462578
1.491566
1.504718
0.075613
0.000000
0.027003
0.000000
1.751078
1.956213
0.000000
2.799657
1.664556
0.000000
0.000000
0.000000
2.261900
0.980074
3.439515
1.064077
0.000000
0.566137
0.000000
0.005481
0.257435
0.464758
0.718994
1.417135
9.541772
5.339169
8.983985
6.485189
50.138183
18.834953
29.429792
17.866550
7.848028
5.424061
9.950558
2.823640
19.641028
28.247708
30.795337
16.582898
9.152014
5.783671
1.748893
9.992200
14.216245
36.049825
25.042575
33.807536
8.352691
4.683999
8.946995
2.854295
14.788955
41.155952
20.592805
27.219420
5.729970
10.940265
7.413845
10.347561
14.461662
33.137119
31.614602
24.879927
2.879776
7.979262
5.462946
6.414468
49.566614
25.407119
21.195612
39.985387
10.255225
6.527484
5.364169
11.742414
28.357162
21.026964
14.585966
45.741675
4.717970
7.505030
8.037327
4.651758
22.699975
51.759225
19.719006
33.721180
0.000000
0.000000
0.000000
0.000000
0.112145
0.250119
0.000000
1.350689
0.000000
0.000000
0.000000
0.000000
0.464925
0.110889
0.000000
0.182670
0.000000
0.051078
0.000000
0.000000
2.713358
0.026172
0.078032
0.132602
0.000000
0.000000
0.000000
0.000000
0.089928
0.070884
0.148618
0.000000
0.000000
0.000000
0.000000
0.000000
0.055356
0.000000
0.878626
1.139045
0.000000
0.000000
0.000000
0.000000
0.107432
0.000000
0.100853
0.322394
0.000000
0.000000
0.000000
0.000000
1.135997
0.049907
1.056173
0.000000
0.000000
0.000000
0.000000
0.000000
1.038319
0.000000
0.000000
0.417419
6.106095
1.383800
6.218701
1.635466
19.674291
20.780689
19.623945
22.199942
1.592398
6.483589
0.934967
1.788842
42.412359
16.935262
13.722519
27.769037
1.816222
11.202845
5.879609
1.445401
25.351831
25.012314
13.630523
25.976883
1.782440
7.673320
1.341320
1.493359
15.048872
15.455878
16.597672
29.499487
3.558911
2.052565
2.854955
7.082563
14.649911
38.246853
25.929612
12.812912
0.883042
4.428880
5.802325
1.733132
11.164367
22.766100
7.353292
38.022012
11.201577
1.197535
3.412597
7.703029
21.737973
30.881080
23.940350
22.025003
2.117408
1.017801
2.015613
1.602276
17.671419
20.583570
27.177887
14.727397
0.000000
0.955083
0.000000
0.120837
2.276764
1.769394
2.572320
0.586147
0.034899
0.000000
0.000000
0.024187
1.107030
0.000000
1.411453
0.624630
0.030137
0.532421
0.000000
0.364606
0.330425
1.939341
0.226037
0.456749
0.000000
0.046223
0.523482
0.000000
0.449217
0.000000
0.261443
3.224406
0.005923
0.000000
0.332803
0.000000
4.767557
0.128937
2.388482
0.452728
0.000000
0.646069
0.000000
0.056996
0.808737
0.907651
0.050746
3.366118
0.143408
0.000000
1.584010
0.005157
0.509968
1.794389
1.842783
0.778540
0.176389
0.087643
0.000000
0.000000
2.068759
0.752436
0.000000
2.243146
3.547527
6.810557
5.385629
8.114123
36.280595
14.637045
14.812259
43.682242
5.560976
8.264090
5.542235
1.298539
23.941139
25.402453
34.799439
19.908850
2.648830
7.893050
0.991655
9.889735
38.041880
12.870356
27.799825
14.148966
9.777118
2.743983
10.938672
0.908623
18.965355
29.836537
40.111400
12.274395
11.082140
4.810935
5.042855
9.410917
23.191800
26.272917
13.342655
31.759787
4.852099
5.923492
2.556289
4.312142
13.770984
39.420925
26.124625
12.584242
5.090862
7.666339
3.534078
10.808158
20.049141
29.874487
22.955062
33.283222
2.337655
8.897164
6.829258
5.748846
46.938725
13.620284
22.336625
42.199677
0.000000
0.000000
0.049721
0.000000
0.030437
0.042125
0.164679
0.099290
0.000000
0.000000
0.000000
0.000000
0.050082
0.412312
0.000000
0.035281
0.000000
0.000000
0.000000
0.000000
0.000000
0.075733
0.036561
0.139367
0.000000
0.000000
0.000000
0.000000
0.166665
0.000000
0.058731
0.000000
0.000000
0.000000
0.000000
0.000000
0.065851
0.139440
0.025587
2.739937
0.000000
0.000000
0.000000
0.000000
0.000000
0.053084
0.000000
0.543308
0.000000
0.000000
0.021025
0.000000
0.956953
0.047092
0.547901
0.000000
0.000000
0.000000
0.000000
0.000000
0.000000
0.268106
0.000000
0.101839
5.046566
2.708936
5.742872
1.219122
13.474472
35.422837
16.179937
25.938012
3.645247
1.160986
5.660468
1.687833
16.115053
18.309087
9.686629
15.678975
3.579013
0.158891
3.010140
3.113823
19.762197
16.733953
48.010762
11.180317
1.581819
7.326055
0.969296
1.747775
10.763985
18.923436
19.942984
9.332385
1.059532
3.437124
3.028447
10.486351
17.163128
34.391625
12.274942
33.504975
5.814773
2.001037
2.938508
0.617698
18.954623
14.538462
14.996833
22.803720
1.319216
10.102058
0.757671
4.100481
25.164572
14.318492
19.772333
26.973277
1.233900
8.048722
1.424030
5.283278
21.558767
18.450491
22.142587
16.579325
0.000000
0.000000
0.000000
0.000000
0.000000
0.000000
0.000000
0.000000
0.000000
0.000000
0.000000
0.000000
0.000000
0.000000
0.000000
0.000000
0.000000
0.000000
0.000000
0.000000
0.000000
0.000000
0.000000
0.000000
0.000000
0.000000
0.000000
0.000000
0.000000
0.000000
0.000000
0.000000
0.000000
0.000000
0.000000
0.000000
0.000000
0.000000
0.000000
0.000000
0.000000
0.000000
0.000000
0.000000
0.000000
0.000000
0.000000
0.000000
0.000000
0.000000
0.000000
0.000000
0.000000
0.000000
0.000000
0.000000
0.000000
0.000000
0.000000
0.000000
0.000000
0.000000
0.000000
0.000000
0.000000
0.000000
0.000000
0.000000
0.000000
0.000000
0.000000
0.000000
0.000000
0.000000
0.000000
0.000000
0.000000
0.000000
0.000000
0.000000
0.000000
0.000000
0.000000
0.000000
0.000000
0.000000
0.000000
0.000000
0.000000
0.000000
0.000000
0.000000
0.000000
0.000000
0.000000
0.000000
0.000000
0.000000
0.000000
0.000000
0.000000
0.000000
0.000000
0.000000
0.000000
0.000000
0.000000
0.000000
0.000000
0.000000
0.000000
0.000000
0.000000
0.000000
0.000000
0.000000
0.000000
0.000000
0.000000
0.000000
0.000000
0.000000
0.000000
0.000000
0.000000
0.000000
0.000000
0.000000
0.000000
0.000000
0.000000
0.000000
0.000000
0.000000
0.000000
0.000000
0.000000
0.000000
0.000000
0.000000
0.000000
0.000000
0.000000
0.000000
0.000000
0.000000
0.000000
0.000000
0.000000
0.000000
0.000000
0.000000
0.000000
0.000000
0.000000
0.000000
0.000000
0.000000
0.000000
0.000000
0.000000
0.000000
0.000000
0.000000
0.000000
0.000000
0.000000
0.000000
0.000000
0.000000
0.000000
0.000000
0.000000
0.000000
0.000000
0.000000
0.000000
0.000000
0.000000
0.000000
0.000000
0.000000
0.000000
0.000000
0.000000
0.000000
0.000000
0.000000
0.000000
0.000000
0.000000
0.000000
0.000000
0.000000
0.000000
0.000000
0.000000
0.000000
0.000000
0.000000
0.000000
0.000000
0.000000
0.000000
0.000000
0.000000
0.000000
0.000000
0.000000
0.000000
0.000000
0.000000
0.000000
0.000000
0.000000
0.000000
0.000000
0.000000
0.000000
0.000000
0.000000
0.000000
0.000000
0.000000
0.000000
0.000000
0.000000
0.000000
0.000000
0.000000
0.000000
0.000000
0.000000
0.000000
0.000000
0.000000
0.000000
0.000000
0.000000
0.000000
0.000000
0.000000
0.000000
0.000000
0.000000
0.000000
0.000000
0.000000
0.000000
0.000000
0.000000
0.000000
0.000000
0.000000
0.000000
0.000000
0.000000
0.000000
0.000000
0.000000
0.000000
0.000000
0.000000
0.000000
0.000000
0.000000
0.000000
0.000000
0.000000
0.000000
0.000000
0.000000
0.000000
0.000000
0.000000
0.000000
0.000000
0.000000
0.000000
0.000000
0.000000
0.000000
0.000000
0.000000
0.000000
0.000000
0.000000
0.000000
0.000000
0.000000
0.000000
0.000000
0.000000
0.000000
0.000000
0.000000
0.000000
0.000000
0.000000
0.000000
0.000000
0.000000
0.000000
0.000000
0.000000
0.000000
0.000000
0.000022
0.000000
0.000000
0.000000
0.000000
0.000000
0.000000
0.000000
0.000000
0.000000
0.000000
0.000000
0.000000
0.000000
0.000000
0.000000
0.000000
0.000000
0.000000
0.000000
0.000000
0.000000
0.000000
0.000000
0.000000
0.000000
0.000000
0.000000
0.000000
0.000000
0.000000
0.000000
0.000000
0.000000
0.000000
0.000000
0.000000
0.000000
0.000000
0.000000
0.000000
0.000000
0.000000
0.000000
0.000000
0.000000
0.000000
0.000000
0.000000
0.000000
0.000000
0.000000
0.000000
0.000000
0.000000
0.000000
0.000000
0.000000
0.000000
0.000000
0.000000
0.000000
0.000000
0.000000
0.000000
0.000000
0.000000
0.000000
0.000000
0.000000
0.000000
0.000000
0.000000
0.000000
0.000000
0.000000
0.000000
0.000000
0.000000
0.000000
0.000000
0.000000
0.000000
0.000000
0.000000
0.000000
0.000000
0.000000
0.000000
0.000000
0.000000
0.000000
0.000000
0.000000
0.000000
0.000000
0.000000
0.000000
0.000000
0.000000
0.000000
0.000000
0.000000
0.000000
0.000000
0.000000
0.000000
0.000000
0.000000
0.000000
0.000000
0.000000
0.000000
0.000000
0.000000
0.000000
0.000000
0.000000
0.000000
0.000000
0.000000
0.000000
0.000000
0.000000
0.000000
0.000000
0.000000
0.000000
0.000000
0.000000
0.000000
0.000000
0.000000
0.000000
0.000000
0.000000
0.000000
0.000000
0.000000
0.000000
0.000000
0.000000
0.000000
0.000000
0.000000
0.000000
0.000000
0.000000
0.000000
0.000000
0.000000
0.000000
0.000000
0.000000
0.000000
0.000000
0.000000
0.000000
0.000000
0.000000
0.000000
0.000000
0.000000
0.000000
0.000000
0.000000
0.000000
0.000000
0.000000
0.000000
0.000000
0.000000
0.000000
0.000000
0.000000
0.000000
0.000000
0.000000
0.000000
0.000000
0.000000
0.000000
0.000000
0.000000
0.000000
0.000000
0.000000
0.000000
0.000000
0.000000
0.000000
0.000000
0.000000
0.000000
0.000000
0.000000
0.000000
0.000000
0.000000
0.000000
0.000000
0.000000
0.000000
0.000000
0.000000
0.000000
0.000000
0.001190
0.000000
0.000000
0.000000
0.000000
0.000000
0.000000
0.000000
0.000000
0.000000
0.000000
0.000000
0.000000
0.000000
0.000000
0.000000
0.000000
0.000000
0.000000
0.000000
0.000000
0.000000
0.000000
0.000000
0.000000
0.000000
0.000000
0.000000
0.000000
0.000000
0.000000
0.000000
0.000000
0.000000
0.000000
0.000000
0.000000
0.000000
0.000000
0.000000
0.000000
0.000000
0.000000
0.000000
0.000000
0.000000
0.000000
0.000000
0.000000
0.000000
0.000000
0.000000
0.000000
0.000000
0.000000
0.000000
0.025113
0.000000
0.000000
0.000000
0.000000
0.000000
0.000000
0.000000
0.000000
0.000000
0.000000
0.000000
0.000000
0.000000
0.000000
0.000000
0.000000
0.000000
0.000000
0.000000
0.000000
0.000000
0.000000
0.000000
0.000000
0.000000
0.000000
0.000000
0.000000
0.000000
0.000000
0.000000
0.000000
0.000000
0.000000
0.000000
0.000000
0.000000
0.000000
0.000000
0.000000
0.000000
0.000000
0.000000
0.000000
0.000000
0.000000
0.000000
0.000000
0.000000
0.000000
0.000000
0.000000
0.000000
0.000000
0.000000
0.000000
0.000000
0.000000
0.000000
0.000000
0.000000
0.000000
0.000000
0.000000
0.000000
0.000000
0.000000
0.000000
0.000000
0.000000
0.000000
0.000000
0.000000
0.000000
0.000000
0.000000
0.000000
0.000000
0.000000
0.000000
0.000000
0.000000
0.000000
0.000000
0.000000
0.000000
0.000000
0.000000
0.000000
0.000000
0.000000
0.000000
0.000000
0.000000
0.000000
0.000000
0.000000
0.000000
0.000000
0.000000
0.000000
0.000000
0.000000
0.000000
0.000000
0.000000
0.000000
0.000000
0.000000
0.000000
0.000000
0.000000
0.000000
0.000000
0.000000
0.000000
0.000000
0.000000
0.000000
0.000000
0.000000
0.000000
0.000000
0.000000
0.000000
0.000000
0.000000
0.000000
0.000000
0.000000
0.000000
0.000000
0.000000
0.000000
0.000000
0.000000
0.000000
0.000000
0.000000
0.000000
0.000000
0.000000
0.000000
0.000000
0.000000
0.000000
0.000000
0.000000
0.000000
0.000000
0.000000
0.000000
0.000000
0.000000
0.000000
0.000000
0.000000
0.000000
0.000000
0.000000
0.000000
0.000000
0.000000
0.000000
0.000000
0.000000
0.000000
0.000000
0.000000
0.000000
0.000000
0.000000
0.000000
0.000000
0.000000
0.000000
0.000000
0.000000
0.000000
0.000000
0.000000
0.000000
0.000000
0.000000
0.000000
0.000000
0.000000
0.000000
0.000000
0.000000
0.000000
0.000000
0.000000
0.000000
0.000000
0.000000
0.000000
0.000000
0.000000
0.000000
0.000000
0.000000
0.000000
0.000000
0.000000
0.000000
0.000000
0.000000
0.000000
0.000000
0.000000
0.000000
0.000000
0.000000
0.000000
0.021321
0.000000
0.000000
0.000000
0.000000
0.000000
0.000000
0.000000
0.000000
0.000000
0.000000
0.000000
0.000000
0.000000
0.000000
0.000000
0.000000
0.000000
0.000000
0.000000
0.000000
0.000000
0.000000
0.000000
0.000000
0.000000
0.000000
0.000000
0.000000
0.000000
0.000000
0.000034
0.000000
0.000000
0.000000
0.000000
0.000000
0.000000
0.000000
0.000000
0.000000
0.000000
0.000000
0.000000
0.000000
0.000000
0.000000
0.000000
0.000000
0.000000
0.000000
0.000000
0.000000
0.000000
0.000000
0.000000
0.000000
0.000000
0.000000
0.000000
0.000000
0.000000
0.000000
0.000000
0.000000
0.000000
0.000000
0.000000
0.000000
0.000000
0.000000
0.000000
0.000000
0.000000
0.000000
0.000000
0.000000
0.000000
0.000000
0.000000
0.000000
0.000000
0.000000
0.000000
0.000000
0.000000
0.000000
0.000000
0.000000
0.000000
0.000000
0.000000
0.000000
0.000000
0.000000
0.000000
0.000000
0.000000
0.000000
0.000000
0.000000
0.000000
0.000000
0.000000
0.000000
0.000000
0.000000
0.000000
0.000000
0.000000
0.000000
0.000000
0.000000
0.000000
0.000000
0.000000
0.000000
0.000000
0.000000
0.000000
0.000000
0.000000
0.000000
0.000000
0.000000
0.000000
0.000000
0.000000
0.000000
0.000000
0.000000
0.000000
0.000000
0.000000
0.000000
0.000000
0.000000
0.000000
0.000000
0.000000
0.000000
0.000000
0.000000
0.000000
0.000000
0.000000
0.000000
0.000000
0.000000
0.000000
0.000000
0.000000
0.000000
0.000000
0.000000
0.000000
0.000000
0.000000
0.000000
0.000000
0.000000
0.000000
0.000000
0.000000
0.000000
0.000000
0.000000
0.000000
0.000000
0.000000
0.000000
0.000000
0.000000
0.000000
0.000000
0.000000
0.000000
0.000000
0.000000
0.000000
0.000000
0.000000
0.000000
0.000000
0.000000
0.000000
0.000000
0.000000
0.000000
0.000000
0.000000
0.000000
0.000000
0.000000
0.000000
0.000000
0.000000
0.000000
0.000000
0.000000
0.000000
0.000000
0.000000
0.000000
0.000000
0.000000
0.000000
0.000000
0.000000
0.000000
0.000000
0.000000
0.000000
0.000000
0.000000
0.000000
0.000000
0.000000
0.000000
0.000000
0.000000
0.000000
0.000000
0.000000
0.000000
0.000000
0.000000
0.000000
0.000000
0.000000
0.000000
0.000000
0.000000
0.000000
0.000000
0.000000
0.000000
0.000000
