0.000000
0.000000
0.000000
0.000000
0.000000
0.000000
0.000000
0.000000
0.000000
0.000000
0.000000
0.000000
0.000000
0.000000
0.000000
0.000000
0.000000
0.000000
0.000000
0.000000
0.000000
0.000000
0.000000
0.000000
0.000000
0.000000
0.000000
0.000000
0.000000
0.000000
0.000000
0.000000
0.000000
0.000000
0.000000
0.000000
0.000000
0.000000
0.000000
0.000000
0.000000
0.000000
0.000000
0.000000
0.000000
0.000000
0.000000
0.000000
0.000000
0.000000
0.000000
0.000000
0.000000
0.000000
0.000000
0.000000
0.000000
0.000000
0.000000
0.000000
0.000000
0.000000
0.000000
0.000000
0.000000
0.000000
0.000000
0.000000
0.000000
0.000000
0.000000
0.000000
0.000000
0.000000
0.000000
0.000000
0.000000
0.000000
0.000000
0.000000
0.000000
0.000000
0.000000
0.000000
0.000000
0.000000
0.000000
0.000000
0.000000
0.000000
0.000000
0.000000
0.000000
0.000000
0.000000
0.000000
0.000000
0.000000
0.000000
0.000000
0.000000
0.000000
0.000000
0.000000
0.000000
0.000000
0.000000
0.000000
0.000000
0.000000
0.000000
0.000000
0.000000
0.000000
0.000000
0.000000
0.000000
0.000000
0.000000
0.000000
0.000000
0.000000
0.000000
0.000000
0.000000
0.000000
0.000000
0.000000
0.000000
0.000000
0.000000
0.000000
0.000000
0.000000
0.000000
0.000000
0.000000
0.000000
0.000000
0.000000
0.000000
0.000000
0.000000
0.000000
0.000000
0.000000
0.000000
0.000000
0.000000
0.000000
0.000000
0.000000
0.000000
0.000000
0.000000
0.000000
0.000000
0.000000
0.000000
0.000000
0.000000
0.000000
0.000000
0.000000
0.000000
0.000000
0.000000
0.000000
0.000000
0.000000
0.000000
0.000000
0.000000
0.000000
0.000116
0.000116
0.000000
0.000000
0.000000
0.000000
0.000000
0.000000
0.000000
0.000000
0.000000
0.000000
0.000000
0.000000
0.000000
0.000000
0.000000
0.000000
0.000000
0.000000
0.000000
0.000000
0.000000
0.000000
0.000000
0.000000
0.000000
0.000000
0.000000
0.000000
0.000000
0.000052
0.000052
0.000000
0.000000
0.000000
0.000000
0.000000
0.000000
0.000000
0.000000
0.000000
0.000000
0.000000
0.000000
0.000000
0.000000
0.000000
0.000000
0.000000
0.000000
0.000000
0.000000
0.000000
0.000000
0.000000
0.000000
0.000000
0.000000
0.000000
0.000000
0.000000
0.000000
0.000000
0.000000
0.000000
0.000000
0.000000
0.000000
0.000000
0.000000
0.000000
0.000000
0.000000
0.000000
0.000000
0.000000
0.000000
0.000000
0.000000
0.000000
0.000000
0.000000
0.000000
0.000000
0.000000
0.000000
0.000000
0.000000
0.000000
0.000000
0.000000
0.000000
0.000000
0.000000
0.000000
0.000000
0.000062
0.000062
0.000000
0.000000
0.000000
0.000000
0.000000
0.000000
0.000000
0.000000
0.000000
0.000000
0.000000
0.000000
0.000000
0.000000
0.000000
0.000000
0.000000
0.000000
0.000000
0.000000
0.000000
0.000000
0.000000
0.000000
0.000000
0.000000
0.000000
0.000000
0.000000
0.000000
0.000000
0.000000
0.000000
0.000083
0.000083
0.000000
0.000000
0.000000
0.000000
0.000000
0.000000
0.000000
0.000000
0.000000
0.000000
0.000000
0.000000
0.000000
0.000000
0.000000
0.000000
0.000000
0.000000
0.000000
0.000000
0.000000
0.000000
0.000000
0.000000
0.000000
0.000000
0.000000
0.000000
0.000000
0.000000
0.000000
0.000000
0.000000
0.000000
0.000000
0.000000
0.000000
0.000000
0.000000
0.000000
0.000000
0.000000
0.000000
0.000000
0.000000
0.000000
0.000000
0.000000
0.000000
0.000000
0.000000
0.000000
0.000000
0.000000
0.000000
0.000000
0.000000
0.000000
0.000000
0.000000
0.000000
0.000000
0.000000
0.000000
0.000000
0.000000
0.000000
0.000000
0.000000
0.000000
0.000000
0.000000
0.000145
0.000145
0.000000
0.000000
0.000000
0.000000
0.000000
0.000000
0.000000
0.000000
0.000000
0.000000
0.000000
0.000000
0.000000
0.000000
0.000000
0.000000
0.000000
0.000000
0.000000
0.000000
0.000000
0.000000
0.000000
0.000000
0.000000
0.000000
0.000000
0.000000
0.000000
0.000000
0.000000
0.000000
0.000000
0.000000
0.000000
0.000000
0.000000
0.000125
0.000125
0.000000
0.000000
0.000000
0.000000
0.000000
0.000000
0.000000
0.000000
0.000000
0.000000
0.000000
0.000000
0.000000
0.000000
0.000000
0.000000
0.000000
0.000000
0.000000
0.000000
0.000000
0.000000
0.000000
0.000000
0.000000
0.000000
0.000000
0.000000
0.000000
0.000000
0.000000
0.000000
0.000000
0.000000
0.000000
0.000000
0.000000
0.000000
0.000000
0.000000
0.000000
0.000000
0.000000
0.000000
0.000000
0.000000
0.000000
0.000000
0.000000
0.000000
0.000000
0.000000
0.000000
0.000000
0.000000
0.000000
0.000000
0.000000
0.000000
0.000000
0.000000
0.000000
0.000000
0.000000
0.000000
0.000000
0.000000
0.000000
0.000000
0.000000
0.000000
0.000000
0.000000
0.000000
0.000000
0.000000
0.000000
0.000000
0.000000
0.000000
0.000068
0.000068
0.000000
0.000000
0.000000
0.000000
0.000000
0.000000
0.000000
0.000000
0.000000
0.000000
0.000000
0.000000
0.003229
0.002265
0.000019
0.000000
0.000001
0.000000
0.000000
0.000000
0.000000
0.000000
0.000170
0.000454
0.000000
0.000000
0.000000
0.000000
0.000000
0.000000
0.000000
0.000000
0.000000
0.000000
0.000000
0.000000
0.000000
0.000000
0.000000
0.000000
0.000000
0.000000
0.000000
0.000000
0.000000
0.000000
0.000000
0.000000
0.000000
0.000000
0.027069
0.029174
0.028177
0.028556
0.028336
0.026261
0.029155
0.036601
0.014937
0.000172
0.000172
0.000000
0.000000
0.000000
0.000000
0.000000
0.000000
0.000000
0.000000
0.000000
0.000000
0.000000
0.008258
0.049950
0.072637
0.027298
0.005085
0.041149
0.018855
0.000000
0.000000
0.000000
0.000000
0.005004
0.010026
0.000864
0.000000
0.000000
0.000000
0.000000
0.000000
0.000000
0.000000
0.000000
0.000000
0.000000
0.000000
0.000000
0.000000
0.000000
0.000000
0.000000
0.000000
0.000000
0.000000
0.000000
0.000000
0.000000
0.000000
0.000000
0.000000
0.023967
0.028626
0.030688
0.028824
0.025805
0.028704
0.046761
0.143015
0.022637
0.000000
0.000000
0.000000
0.000000
0.000000
0.000000
0.000000
0.000000
0.000000
0.000000
0.000000
0.000000
0.000000
0.003064
0.036618
0.182935
0.164734
0.145072
0.118479
0.010357
0.000000
0.000000
0.000000
0.004017
0.024838
0.027957
0.019856
0.005589
0.000000
0.000000
0.000462
0.000000
0.000000
0.000000
0.000000
0.000000
0.000000
0.000000
0.000000
0.000000
0.000000
0.000000
0.000000
0.000000
0.000000
0.000000
0.000014
0.000000
0.000000
0.000000
0.000000
0.000000
0.002753
0.027342
0.030741
0.018248
0.011579
0.029049
0.031509
0.041447
0.030125
0.000404
0.000404
0.000000
0.000000
0.000000
0.000000
0.000000
0.000000
0.000000
0.000000
0.000000
0.000000
0.000000
0.000204
0.070797
0.252398
0.404591
0.435238
0.224843
0.023534
0.025282
0.028921
0.029843
0.036991
0.030174
0.029601
0.027792
0.022446
0.001727
0.018351
0.077175
0.004801
0.000000
0.000000
0.000000
0.000000
0.000000
0.000000
0.000000
0.000000
0.000000
0.000000
0.000000
0.000000
0.000023
0.024359
0.058001
0.001063
0.000006
0.000000
0.000000
0.000000
0.010361
0.029382
0.029731
0.006328
0.012444
0.030318
0.030678
0.036469
0.031467
0.000753
0.000753
0.000000
0.000000
0.000000
0.000000
0.000000
0.000000
0.000000
0.000000
0.000000
0.000000
0.000229
0.024264
0.025402
0.143123
0.172911
0.354194
0.672810
0.420360
0.029025
0.029592
0.028751
0.052891
0.094712
0.095154
0.044495
0.028065
0.094499
0.341340
0.110983
0.003278
0.000000
0.000000
0.000000
0.000000
0.000000
0.000000
0.000000
0.000000
0.000000
0.000000
0.000000
0.000000
0.002247
0.028997
0.492633
0.080959
0.056670
0.011428
0.000000
0.000000
0.000000
0.000640
0.025928
0.027028
0.027798
0.028142
0.029818
0.033203
0.031999
0.000000
0.000000
0.000000
0.000000
0.000000
0.000000
0.000000
0.000000
0.000000
0.000000
0.000000
0.000000
0.000435
0.009222
0.001007
0.007368
0.021468
0.062635
0.824652
0.533380
0.325270
0.112214
0.054445
0.116328
0.192615
0.180931
0.108356
0.046433
0.174923
0.353406
0.234871
0.018071
0.000000
0.000010
0.017166
0.000834
0.000000
0.000000
0.000000
0.000000
0.000000
0.000000
0.000000
0.000000
0.010798
0.052462
0.340527
0.443406
0.335485
0.046920
0.000000
0.000000
0.000422
0.017229
0.051251
0.043087
0.044714
0.058542
0.032745
0.029450
0.077701
0.000968
0.000968
0.000000
0.000000
0.000000
0.000000
0.000000
0.000000
0.000000
0.000000
0.000000
0.000000
0.000000
0.000000
0.000000
0.000000
0.000031
0.024531
0.701620
0.916207
1.134554
0.288759
0.053370
0.246418
0.339970
0.326390
0.228892
0.072153
0.312246
0.294433
0.067987
0.000539
0.000034
0.004637
0.027779
0.001314
0.000000
0.000000
0.000000
0.000000
0.000000
0.000000
0.000000
0.000037
0.013782
0.084824
0.179246
0.063176
0.136562
0.036280
0.000009
0.000000
0.000623
0.024843
0.040781
0.049941
0.169863
0.249380
0.123842
0.106022
0.231350
0.002298
0.002298
0.000000
0.000000
0.000000
0.000000
0.000000
0.000000
0.000000
0.000000
0.000000
0.000000
0.000000
0.000000
0.000000
0.000000
0.000078
0.017758
0.030888
0.494097
1.117056
0.923665
0.373964
0.566012
0.671013
0.652763
0.490834
0.637285
0.495889
0.358885
0.328572
0.081006
0.044359
0.064437
0.028047
0.000393
0.000000
0.000000
0.000000
0.000000
0.000000
0.000000
0.000000
0.010332
0.353095
0.725804
0.026086
0.000000
0.001262
0.003693
0.004304
0.004786
0.003785
0.024484
0.027515
0.047595
0.114268
0.349462
0.548216
0.508153
0.499926
0.000000
0.000000
0.000000
0.000000
0.000000
0.000000
0.000000
0.000000
0.000000
0.000000
0.000000
0.000000
0.000000
0.000000
0.000000
0.000000
0.000234
0.010517
0.027790
0.067972
0.735879
1.138193
0.862751
0.918601
1.078823
1.020415
0.700868
0.741709
0.808352
0.794671
0.951671
0.483530
0.523795
0.206266
0.028413
0.000000
0.000000
0.000000
0.000000
0.001169
0.000000
0.000000
0.000000
0.012809
0.896711
0.458002
0.000954
0.007816
0.021937
0.038026
0.041815
0.044499
0.058199
0.032980
0.027540
0.289296
0.394299
0.396003
0.622366
0.690483
0.754353
0.001260
0.001260
0.000000
0.000000
0.000000
0.000000
0.000000
0.000000
0.000000
0.000000
0.000000
0.000000
0.000000
0.000000
0.000000
0.000000
0.000000
0.009113
0.028280
0.092830
0.747753
1.193235
1.303275
1.242115
1.840163
1.469323
1.032223
0.717664
1.015907
1.271477
1.171503
1.233712
1.370978
0.859141
0.078139
0.004370
0.002519
0.000000
0.003059
0.017498
0.005462
0.000004
0.000000
0.010346
0.559969
1.441338
0.029238
0.029427
0.044272
0.232364
0.042786
0.079862
0.068970
0.066388
0.091219
0.407175
0.754186
0.749036
0.893282
0.989352
0.972801
0.004023
0.004023
0.000000
0.000000
0.000000
0.000000
0.000000
0.000000
0.000000
0.000000
0.000000
0.000000
0.000000
0.000000
0.000000
0.000000
0.000000
0.000000
0.021501
0.010609
0.169792
0.403978
0.642452
0.521269
1.439756
0.662371
1.130574
1.501877
1.414763
1.445540
1.821255
1.651279
1.537055
1.486031
1.217409
0.678611
0.152513
0.027997
0.032304
0.055468
0.162254
0.228347
0.000804
0.011394
0.907464
1.563832
0.672717
0.211192
0.050468
0.061503
0.118573
0.063766
0.359517
0.592748
0.509942
0.830140
0.966219
1.104677
1.434290
2.105879
1.751950
0.000000
0.000000
0.000000
0.000000
0.000000
0.000000
0.000000
0.000000
0.000000
0.000000
0.000000
0.000000
0.000000
0.000000
0.000000
0.000000
0.000432
0.000000
0.005482
0.026017
0.028975
0.092774
0.496102
0.605317
0.474410
0.745510
0.507656
1.146837
1.680819
0.784595
1.006348
1.504290
1.658780
1.569320
0.534897
0.060936
0.047961
0.242027
0.633600
0.531489
0.004583
0.007370
0.536583
1.289072
1.427278
0.878606
0.214108
0.514356
0.862387
0.536505
0.657345
0.890432
0.774509
0.950058
1.265350
1.513822
2.027783
2.557277
2.234166
0.000000
0.000000
0.000000
0.000000
0.000000
0.000000
0.000000
0.000000
0.000000
0.000000
0.000000
0.000000
0.000000
0.000000
0.000000
0.000000
0.000000
0.001857
0.027593
0.027821
0.042016
0.084422
0.182452
0.091990
0.117119
0.266320
0.328225
0.437512
1.124281
0.574975
0.925932
1.142778
1.882419
2.366585
1.003917
0.116664
0.128149
0.502935
0.949190
0.301554
0.003011
0.025509
0.845480
1.374416
1.509560
1.519491
0.105528
0.052429
0.714079
1.033642
1.282398
1.574957
1.399790
1.317055
1.467580
1.884704
2.241635
2.786999
2.567083
0.000000
0.000000
0.000000
0.000000
0.000000
0.000000
0.000000
0.000000
0.000000
0.000000
0.000000
0.000000
0.000000
0.023304
0.042481
0.049145
0.063147
0.084417
0.128369
0.191574
0.209518
0.305609
0.269588
0.254887
0.114862
0.451022
0.897538
1.003325
1.825251
0.905102
0.444957
0.249210
0.730514
0.774381
1.029461
0.539699
0.134674
0.365022
1.200148
1.055562
1.859214
2.204147
0.552088
0.535694
2.552102
2.376743
1.939990
1.763472
1.772676
1.538863
1.483224
1.702885
2.374901
3.233571
3.642573
0.000000
0.000000
0.000000
0.000000
0.000000
0.000000
0.000000
0.000000
0.000000
0.000000
0.000000
0.000000
0.011279
0.021477
0.054558
0.045198
0.091255
0.085057
0.107189
0.122679
0.176798
0.207857
0.204740
0.179078
0.190420
0.294503
0.293574
0.518604
1.031609
1.300325
1.395620
1.718698
1.868494
1.605111
1.818415
1.557791
1.394940
1.757005
1.565433
1.333343
2.827473
3.248271
1.879176
2.812777
4.016910
2.720713
2.198952
1.946517
1.541433
1.215825
1.239634
1.404302
2.041652
3.219882
4.215330
0.000000
0.000000
0.000000
0.000000
0.024772
0.031295
0.058043
0.082301
0.116073
0.119750
0.111694
0.065128
0.128795
0.119399
0.103843
0.094847
0.151971
0.056190
0.037668
0.097205
0.092189
0.810102
2.678422
3.292262
2.603047
2.133533
1.978836
2.120979
2.117462
2.417347
1.844507
1.683199
2.825206
3.649061
4.392646
3.371939
2.132999
2.454064
2.502602
2.005584
1.355319
1.066530
1.045565
1.110855
1.723367
2.255998
3.568999
0.000000
0.000000
0.000000
0.000000
0.009547
0.026321
0.030512
0.056791
0.076183
0.055649
0.030996
0.058665
0.026311
0.024865
0.026971
0.024085
0.024201
0.000070
0.000000
0.000000
0.000000
0.070278
1.016470
1.942879
2.678492
1.921494
1.614704
1.687432
1.828808
2.298872
2.006732
1.225138
1.705989
2.902184
3.199539
2.926414
2.324285
2.122493
2.291333
3.188885
1.594144
1.198990
0.945947
0.962696
1.608798
2.197402
3.463860
0.000000
0.000000
0.000000
0.007935
0.028165
0.038593
0.039045
0.008244
0.010504
0.010547
0.001305
0.001828
0.006500
0.000008
0.000008
0.000000
0.000000
0.000000
0.000000
0.000007
0.101605
0.629591
2.029624
1.668477
1.744093
1.533947
1.440565
1.884323
2.280664
1.936000
1.485300
1.641994
2.562088
2.503341
2.124544
2.290878
2.059068
2.020990
1.434417
1.388349
1.143922
1.012976
1.616259
2.264876
3.827016
0.000000
0.000000
0.000000
0.000000
0.013098
0.025779
0.023981
0.000000
0.000000
0.000000
0.000000
0.000000
0.000000
0.000000
0.000000
0.000000
0.000000
0.000000
0.000000
0.000000
0.000000
0.004434
0.518806
1.578160
1.796051
1.147398
0.963169
1.232959
2.152304
2.012510
1.472672
1.560064
2.006061
2.191762
1.848187
2.096316
2.118120
1.592988
1.500567
1.494001
1.366753
1.100751
1.716829
2.351163
4.058986
0.000000
0.000000
0.000000
0.000000
0.000000
0.000000
0.000000
0.000000
0.000000
0.000000
0.000000
0.000000
0.000000
0.000000
0.000000
0.000000
0.000000
0.005384
0.051434
0.699482
1.862780
2.221595
1.365210
0.933154
1.222242
1.919907
1.364245
0.710030
1.179084
1.653602
2.085855
1.718262
1.640589
1.550677
1.544368
1.612197
1.623336
1.379622
1.631256
2.411525
4.088862
0.000000
0.000000
0.000000
0.000000
0.000000
0.000000
0.000000
0.000000
0.000000
0.000000
0.000000
0.000000
0.000000
0.000000
0.000000
0.000000
0.000000
0.004531
0.098744
0.886461
1.067294
1.598213
1.608785
1.256425
1.072506
1.212791
1.336185
0.601146
0.753292
0.711503
1.154915
1.851200
1.882076
1.680998
1.707152
1.835826
1.886730
1.573019
1.448333
2.341776
3.641294
0.000000
0.000000
0.000000
0.000000
0.000000
0.000000
0.000000
0.000000
0.000000
0.000000
0.000000
0.005299
0.058181
0.642558
1.064230
1.231885
1.310272
1.161956
0.927961
0.844468
0.377063
0.448504
0.326685
0.693522
0.559130
0.887494
1.652455
1.906547
1.655170
1.896076
2.060891
1.909663
1.466971
2.039262
3.480972
0.000000
0.000000
0.000000
0.000000
0.000000
0.000000
0.000000
0.000000
0.000000
0.000000
0.000000
0.014200
0.125393
0.708973
0.984976
1.033166
0.853312
0.719969
0.490594
0.350403
0.189159
0.220681
0.296012
0.237499
0.267882
0.426552
1.005574
1.830746
1.736084
2.020143
2.397083
2.480480
1.543783
2.138588
3.523558
0.000000
0.000000
0.000000
0.000000
0.000000
0.005325
0.108923
0.730957
0.975303
1.019189
0.847809
0.635687
0.342099
0.196543
0.181048
0.208323
0.271456
0.309994
0.302479
0.282398
0.692459
1.095605
1.601164
2.110475
2.573938
2.763004
1.755882
2.146492
3.690563
0.000000
0.000000
0.000000
0.000000
0.000000
0.000000
0.285870
0.807451
0.906276
0.988000
0.771551
0.403287
0.094690
0.120943
0.180225
0.200909
0.249479
0.288430
0.383256
0.340535
0.524329
0.736232
1.137261
2.096631
2.917756
2.965879
1.861066
2.074811
3.825760
0.562911
0.707523
0.766708
0.840877
0.468296
0.171151
0.078688
0.040834
0.064596
0.106399
0.189421
0.195352
0.203869
0.316347
0.480662
0.662494
0.683085
1.285187
2.807173
3.272225
2.174119
2.203509
3.275794
4.220266
3.999279
0.564325
0.627794
0.653645
0.664276
0.508366
0.198240
0.034591
0.036338
0.039021
0.049016
0.086376
0.153078
0.209292
0.213712
0.288700
0.453872
0.764523
0.900997
2.722618
4.216564
2.350772
2.403061
3.437091
3.979483
4.206058
0.559437
0.545565
0.565172
0.484303
0.031509
0.035718
0.039550
0.033675
0.039088
0.058946
0.139043
0.224234
0.308045
0.387392
1.010733
1.944897
3.142916
3.883700
2.633028
2.568141
3.305592
3.697306
4.055446
0.811727
0.862553
0.601935
0.447275
0.037445
0.007644
0.027409
0.033595
0.033108
0.033485
0.052626
0.112932
0.291627
0.522219
1.467527
4.494111
5.398515
5.122840
2.920992
2.829602
3.135235
3.855206
4.338306
0.386949
0.407430
0.123891
0.032637
0.004990
0.014219
0.031973
0.036407
0.046945
0.060582
0.133142
0.214921
0.967936
4.169263
6.477822
5.830708
3.428201
3.503707
3.384265
3.838938
4.314704
4.561393
5.382279
0.404574
0.383160
0.262364
0.066824
0.020132
0.000000
0.010517
0.023524
0.035368
0.048182
0.078395
0.164505
0.926526
2.831229
4.515279
5.192015
3.246153
3.489132
3.917003
4.588494
5.112305
5.708162
7.612055
0.035093
0.042185
0.099677
0.220081
0.357901
0.515806
1.287125
2.163195
2.746432
2.922944
3.304295
3.876160
4.289295
5.269144
5.774339
6.859398
10.818316
