0.000000
0.000000
0.000000
0.000000
0.000000
0.000000
0.000000
0.000000
0.000000
0.000000
0.000000
0.000000
0.000000
0.000000
0.000000
0.000000
0.000000
0.000000
0.000000
0.000000
0.000000
0.000000
0.000000
0.000000
0.000000
0.000000
0.000000
0.000000
0.000000
0.000000
0.000000
0.000000
0.000000
0.000000
0.000000
0.000000
0.000000
0.000000
0.000000
0.000000
0.000000
0.000000
0.000000
0.000000
0.000000
0.000000
0.000000
0.000000
0.000000
0.000000
0.000000
0.000000
0.000000
0.000000
0.000000
0.000000
0.000000
0.000000
0.000000
0.000000
0.000000
0.000000
0.000000
0.000000
0.000000
0.000000
0.000000
0.000000
0.000000
0.000000
0.000000
0.000000
0.000000
0.000000
0.000000
0.000000
0.000000
0.000000
0.000000
0.000000
0.000000
0.000000
0.000000
0.000000
0.000000
0.000000
0.000000
0.000000
0.000000
0.000000
0.000000
0.000000
0.000000
0.000000
0.000000
0.000000
0.000000
0.000000
0.000000
0.000000
0.000000
0.000000
0.000000
0.000000
0.000000
0.000000
0.000000
0.000000
0.000000
0.000000
0.000000
0.000000
0.000000
0.000000
0.000000
0.000000
0.000000
0.000000
0.000000
0.000000
0.000000
0.000000
0.000000
0.000000
0.000000
0.000000
0.000000
0.000000
0.000000
0.000000
0.000000
0.000000
0.000000
0.000000
0.000000
0.000000
0.000000
0.000000
0.000000
0.000000
0.000000
0.000000
0.000000
0.000000
0.000000
0.000000
0.000000
0.000000
0.000000
0.000000
0.000000
0.000000
0.000000
0.000000
0.000000
0.000000
0.000000
0.000000
0.000000
0.000000
0.000000
0.000000
0.000000
0.000000
0.000000
0.000000
0.000000
0.000000
0.000000
0.000000
0.000000
0.000000
0.000000
0.000000
0.013837
0.013837
0.000000
0.000000
0.000000
0.000000
0.000000
0.000000
0.000000
0.000000
0.000000
0.000000
0.000000
0.000000
0.000000
0.000000
0.000000
0.000000
0.000000
0.000000
0.000000
0.000000
0.000000
0.000000
0.000000
0.000000
0.000000
0.000000
0.000000
0.000000
0.000000
0.007877
0.007877
0.000000
0.000000
0.000000
0.000000
0.000000
0.000000
0.000000
0.000000
0.000000
0.000000
0.000000
0.000000
0.000000
0.000000
0.000000
0.000000
0.000000
0.000000
0.000000
0.000000
0.000000
0.000000
0.000000
0.000000
0.000000
0.000000
0.000000
0.000000
0.000000
0.000000
0.000000
0.000000
0.000000
0.000000
0.000000
0.000000
0.000000
0.000000
0.000000
0.000000
0.000000
0.000000
0.000000
0.000000
0.000000
0.000000
0.000000
0.000000
0.000000
0.000000
0.000000
0.000000
0.000000
0.000000
0.000000
0.000000
0.000000
0.000000
0.000000
0.000000
0.000000
0.000000
0.000000
0.000000
0.008635
0.008635
0.025630
0.023312
0.001913
0.000024
0.000000
0.000000
0.000000
0.000000
0.000000
0.000000
0.000000
0.000000
0.000000
0.000000
0.000102
0.000273
0.000026
0.002632
0.000000
0.000000
0.000000
0.000000
0.000000
0.000000
0.000000
0.000000
0.000000
0.000000
0.000000
0.000000
0.000000
0.000000
0.000000
0.009180
0.009180
0.038025
0.048833
0.042373
0.009263
0.000000
0.000000
0.000000
0.000000
0.000000
0.000000
0.000000
0.000000
0.000000
0.000000
0.004809
0.013064
0.025500
0.042350
0.007461
0.006287
0.016475
0.001254
0.000000
0.000000
0.000000
0.000000
0.000000
0.000000
0.000000
0.000000
0.000000
0.000000
0.000000
0.000000
0.000000
0.072496
0.188579
0.071022
0.038208
0.032320
0.009142
0.000007
0.000000
0.000000
0.000000
0.000300
0.000089
0.000000
0.000000
0.022863
0.047665
0.043998
0.069720
0.072409
0.062416
0.042645
0.021166
0.000000
0.000000
0.000000
0.000000
0.000000
0.000000
0.000000
0.000000
0.000000
0.000000
0.000000
0.000000
0.000000
0.000000
0.000000
0.014887
0.014887
0.137757
0.487988
0.727410
1.129556
1.009247
0.439630
0.027325
0.002411
0.006762
0.034428
0.048127
0.024493
0.005509
0.007955
0.220610
0.152207
0.114478
0.159517
0.243122
0.197826
0.070308
0.031513
0.000538
0.000000
0.000000
0.000000
0.000000
0.000000
0.000000
0.000000
0.000000
0.000000
0.000000
0.000000
0.000000
0.000000
0.000000
0.021406
0.021406
0.650780
1.308482
2.106375
3.518052
3.587336
2.884922
0.792214
0.522402
1.256881
0.784270
0.487581
1.836419
0.996456
1.865727
2.183400
0.309973
0.682124
0.397300
0.553251
0.595213
0.175817
0.060585
0.030572
0.006520
0.000685
0.000000
0.000000
0.000000
0.000000
0.000000
0.000000
0.000000
0.000000
0.000000
0.000000
0.000000
0.000000
0.000000
0.000000
0.000000
0.000000
0.676423
1.935665
2.934665
3.640710
4.312247
4.704382
4.939379
4.800714
4.313972
3.712273
4.183143
6.747218
6.089590
4.487917
1.008560
0.915872
0.755811
0.626754
0.975237
1.265461
0.227227
0.077298
0.041720
0.047784
0.005583
0.000000
0.000000
0.000000
0.000000
0.000000
0.000000
0.000000
0.000000
0.000000
0.000000
0.000000
0.000000
0.000000
0.000000
0.017043
0.017043
0.658462
1.925543
3.020782
3.671313
4.430703
4.865650
5.632453
5.625348
5.491822
7.073807
8.824780
8.194422
5.262740
3.065312
0.951938
1.694172
1.419048
0.989974
1.898203
2.369611
0.691665
0.219282
0.053993
0.287212
0.016749
0.005606
0.016982
0.002242
0.000000
0.000000
0.000000
0.000000
0.000000
0.000000
0.000000
0.000000
0.000000
0.000000
0.000000
0.000000
0.000000
0.000000
0.000093
0.000013
0.000000
0.000000
0.000000
0.000000
0.000000
0.000000
0.046240
0.309165
2.146531
4.015539
4.666734
6.670120
5.612431
9.460193
4.644505
0.017817
0.017817
0.636569
1.870160
2.984955
3.618474
4.302114
4.646925
5.242052
5.602069
6.289895
7.070390
8.478842
8.496793
8.969489
8.538370
6.415693
5.876198
10.966713
10.047617
7.624389
8.876003
4.875661
1.040651
0.096856
0.065887
0.094355
0.058883
0.042271
0.012975
0.016671
0.000000
0.000000
0.000000
0.000000
0.000000
0.000000
0.000000
0.000000
0.000000
0.000000
0.000000
0.000000
0.000000
0.006085
0.016262
0.008615
0.001724
0.000004
0.000010
0.000000
0.000156
0.686049
3.557188
3.762622
4.108252
0.603680
0.712871
7.255250
13.813651
0.496717
0.000000
0.000000
0.619822
1.824960
2.903090
3.576000
4.226014
4.546925
4.920952
4.497622
3.379374
4.582871
8.032155
9.038261
10.041460
10.636875
10.590847
11.438605
12.879292
10.286853
7.344316
2.891466
0.699126
0.134824
0.220594
0.353335
0.239807
0.155408
0.041424
0.051262
0.655856
0.000000
0.000000
0.000000
0.000000
0.000000
0.000000
0.000000
0.000000
0.000000
0.000000
0.000000
0.000000
0.000000
0.046869
0.976589
0.318564
0.015178
0.000082
0.000094
0.000000
0.002114
0.585123
2.413203
1.926320
0.271079
0.179312
1.016955
3.544643
9.263018
1.216017
0.039969
0.039969
0.587116
1.649355
2.645163
3.201029
3.670250
3.312910
2.631308
0.709111
0.112496
0.628471
2.482608
5.164581
10.726847
11.285623
11.704100
12.452613
12.248920
9.242318
4.154977
1.782935
1.367995
0.912025
0.393422
0.259152
0.377293
0.142051
0.143658
1.019659
2.598970
0.070843
0.000000
0.000000
0.000000
0.000000
0.000000
0.000000
0.000000
0.000000
0.000000
0.000000
0.007387
0.024496
0.206291
3.381614
4.166032
0.291421
0.047171
0.006216
0.000937
0.017729
0.428642
1.552806
1.770443
0.348449
0.425666
1.513129
3.238833
9.211679
2.816571
0.039845
0.039845
0.445851
1.301390
2.100516
1.843141
0.573419
0.057547
0.000654
0.000000
0.000000
0.000000
1.045187
7.058122
6.967381
9.113382
9.649390
10.281450
11.021633
9.947803
6.089245
3.879318
0.633866
0.779431
1.224434
0.931956
0.623184
0.419503
2.333711
4.806837
3.183252
0.298150
0.000000
0.000000
0.000000
0.000291
0.000000
0.000000
0.002670
0.003051
0.005788
0.013843
0.059109
0.516778
1.460860
4.589422
9.991507
2.402268
2.038574
0.211306
0.048255
0.054411
0.244882
2.338501
4.333702
2.937550
1.430601
2.808372
3.937156
5.432165
4.235324
0.000000
0.000000
0.312068
0.899598
1.436606
1.614133
0.171482
0.000000
0.000000
0.000000
0.000000
0.000000
1.236116
4.328533
1.111796
5.464519
5.911551
6.554044
9.667584
8.343560
6.752591
4.573825
1.253661
1.403307
2.002113
1.838042
1.147400
0.980863
4.873605
5.928265
2.832537
0.461106
0.000000
0.000157
0.026974
0.028967
0.000000
0.000000
0.002670
0.005197
0.016824
0.050860
0.071378
1.151655
5.618983
8.977790
11.121222
6.894463
5.642262
1.362456
0.177533
0.383099
0.887903
3.776675
6.190038
6.352547
7.216809
8.241437
8.486584
8.316983
8.545363
0.076523
0.076523
0.208571
0.558682
0.375733
0.479394
0.079901
0.004330
0.000000
0.000000
0.000000
0.000054
0.292568
0.365892
0.116885
2.609995
1.485600
4.296874
8.460413
8.468426
8.216922
5.393535
1.829503
2.666859
3.410865
3.246600
2.150808
2.114237
6.489149
5.724234
2.804488
0.297864
0.059310
0.301946
0.578695
0.142683
0.000000
0.003776
0.005799
0.009733
0.058978
0.101106
0.237872
2.229311
7.797646
10.437379
9.809168
2.321207
4.069386
1.445812
1.412502
1.954852
1.535133
2.996772
5.961477
7.003158
9.631605
10.377831
10.397935
10.765569
11.708863
0.136795
0.136795
0.119767
0.297959
0.031542
0.000021
0.000000
0.000000
0.000000
0.000000
0.000000
0.000000
0.000000
0.000000
0.032249
0.007345
0.483962
3.260179
3.058506
6.537065
8.247548
7.433135
4.918522
4.988677
4.913264
4.695199
3.777405
4.272443
5.251004
5.229457
6.130322
5.346065
4.156585
5.019855
1.675364
0.109121
0.043394
0.049051
0.046014
0.053418
0.281775
0.252665
0.400596
3.404433
12.985206
16.219145
4.690998
2.944371
4.365783
5.441809
5.358425
5.412288
4.072542
2.056889
4.318010
6.739805
10.254877
14.327100
15.111563
18.187975
18.703367
0.000000
0.000000
0.063368
0.123077
0.010601
0.000000
0.000000
0.000000
0.000000
0.000000
0.000000
0.000000
0.000000
0.000000
0.000276
0.011041
0.520134
0.942961
1.620966
3.714972
7.767065
8.180379
7.380606
7.125018
6.775184
6.561600
6.352916
6.936072
5.485485
6.958890
8.733375
8.578857
9.110662
7.989039
1.471649
1.020189
0.636025
0.438233
0.047205
0.254989
1.309958
1.358154
1.142310
6.203827
16.029053
16.961953
4.695837
5.612725
7.441137
8.542016
5.259913
6.184848
8.187673
6.716119
6.852999
8.963994
12.867577
14.597092
18.555475
20.929206
24.698330
0.148918
0.148918
0.038118
0.041674
0.009265
0.000000
0.000000
0.000000
0.000000
0.000000
0.000000
0.000000
0.000000
0.000000
0.000000
0.014553
0.041201
0.079525
1.488574
4.410973
7.389569
8.659479
8.976896
8.983255
8.914274
8.611849
7.897787
9.024558
8.435042
9.265492
10.647898
11.449825
12.499437
11.862952
5.138309
4.847774
5.294132
0.710552
0.503195
1.812171
4.179786
4.397484
4.153541
11.373220
20.982948
19.765183
9.568359
9.592059
9.058661
8.681001
5.712955
5.204530
11.841009
9.255183
12.086861
13.913841
17.441850
20.079600
21.899342
23.911236
25.060180
0.142268
0.142268
0.032967
0.003292
0.000000
0.000000
0.000000
0.000000
0.000000
0.000000
0.000000
0.000000
0.000000
0.000000
0.000000
0.000000
0.000000
0.000000
0.346199
0.937200
3.356495
4.843863
6.103349
5.518514
8.490633
9.462303
9.730844
9.125733
8.983296
9.916338
11.783667
12.629955
13.583639
14.262614
14.605391
15.305817
9.166680
1.630163
3.341151
4.689623
7.411443
9.046990
7.404791
13.017400
23.918677
23.855098
20.411234
18.647559
12.163927
10.440700
11.050142
9.587787
15.034791
12.406103
14.125525
15.851266
19.226434
21.423700
23.954152
25.257972
25.890089
0.001787
0.000000
0.000000
0.000000
0.000000
0.000000
0.000000
0.000000
0.000000
0.000000
0.000000
0.000000
0.000000
0.000000
0.000000
0.000000
0.116357
0.787010
1.557814
1.395536
2.085001
4.178296
7.284709
10.333026
10.174334
8.111811
7.704636
9.290548
12.607597
12.608298
13.206373
14.592358
16.272923
17.581764
14.802301
8.587372
5.565428
6.283833
9.297028
9.471971
7.023534
13.896048
23.456033
24.988808
25.973150
24.214094
13.858386
8.711877
11.112400
9.539051
14.671872
13.375019
15.175275
16.815727
19.759200
21.729520
24.270013
25.555241
25.753661
0.000000
0.000000
0.000000
0.000000
0.000000
0.000000
0.000000
0.000000
0.000000
0.000000
0.000000
0.000000
0.000000
0.000000
0.000000
0.000022
0.049427
1.224209
2.653330
2.476501
2.976102
4.502716
7.180021
10.414666
10.132986
7.553870
6.619486
8.667558
12.794219
12.325209
12.713684
14.014166
16.926375
19.070927
16.773441
11.389471
6.626837
8.164963
10.792709
9.880390
6.929098
15.560995
23.060500
25.176742
25.506647
23.258559
11.756347
7.508688
10.737508
9.233177
13.913455
13.601120
15.627839
17.150294
19.625139
21.747600
24.127922
25.590948
25.706134
0.000000
0.000000
0.000000
0.000000
0.000000
0.000000
0.000000
0.000000
0.000000
0.000000
0.059163
0.628614
0.316601
2.589455
4.980386
4.125758
4.355321
5.035724
6.936042
8.011816
8.487356
7.422332
5.781626
6.801255
9.647447
10.029530
10.323782
10.722153
15.920625
16.757238
13.032939
10.632385
8.837392
10.014674
12.388884
11.283713
8.438365
20.455980
21.777387
23.415836
20.910094
19.341695
11.156994
7.935176
11.994013
10.195498
11.102939
11.395549
13.568281
14.689356
17.136659
19.088983
21.538308
24.656333
26.271633
0.000000
0.000000
0.000000
0.000000
0.000000
0.000000
0.000000
0.000000
0.000000
0.000000
0.044832
1.447800
3.289449
4.204414
5.897746
5.444666
5.396086
5.632950
6.346809
6.934529
7.105460
6.460470
5.747300
5.866431
7.577517
8.011484
8.083277
7.838034
13.560291
17.675305
14.110014
13.556584
11.814039
12.174005
14.035142
13.588900
11.431780
17.132723
18.775700
20.080872
19.661795
18.820178
12.907369
10.775158
13.203123
11.609553
9.998610
10.385614
11.943023
12.803020
14.484981
15.921373
19.160123
22.643300
24.781528
0.000109
0.000000
0.017110
0.981871
4.954270
5.495510
5.545826
5.726093
5.844116
6.040070
6.229776
6.228020
5.960350
5.226143
4.526073
4.445717
5.779095
4.960069
4.826532
4.690208
7.505515
14.846484
16.300069
16.087103
13.984945
13.522050
14.563388
14.886973
13.774084
13.183913
13.743273
13.268411
14.642113
15.952227
16.713511
14.405245
14.035327
11.679500
10.340727
10.782380
10.680388
10.660300
11.439700
12.738700
14.138166
17.971131
22.108747
0.139244
0.109229
0.286143
0.553132
3.949082
5.293590
5.086960
5.361833
5.570587
5.670175
4.196162
4.001672
2.956473
1.555686
0.632329
0.552410
0.753168
0.358774
0.070599
0.019759
0.110946
2.822291
12.507570
15.594105
14.246417
10.959805
10.495459
11.702284
13.196131
12.231222
12.639452
10.948075
9.590102
12.765710
13.037491
12.546600
12.858972
11.225033
10.368493
10.229607
9.318308
9.368864
10.301059
11.045353
13.222492
18.353948
24.639958
2.954135
3.573017
5.050610
5.092621
4.936991
5.257905
5.148765
3.594434
0.512959
0.490855
0.165608
0.028927
0.019289
0.016191
0.003463
0.000000
0.000000
0.000000
0.015688
0.319775
4.157654
10.488823
13.054981
11.521083
11.056212
11.303048
10.918402
10.519862
13.067959
12.695541
8.581361
7.396080
11.316811
11.172647
10.697838
10.404523
8.509937
8.009895
8.639641
9.357110
10.934586
11.991297
13.693483
18.700370
25.564627
4.065265
4.357314
5.110038
4.944961
4.826947
5.087573
3.855622
1.004838
0.000051
0.000000
0.000000
0.000000
0.000000
0.000000
0.000000
0.000000
0.000000
0.000000
0.000000
0.004643
0.100791
2.169922
11.137348
11.955958
11.476809
11.349838
9.654445
9.603278
12.758092
13.584264
10.496623
8.423050
9.925544
10.045617
9.331465
9.893812
8.229582
7.615370
8.544180
9.401205
11.480380
12.753486
14.662613
19.004114
26.495359
4.738434
4.348357
3.278546
0.652169
0.006915
0.000000
0.000000
0.000000
0.000000
0.000000
0.000000
0.000000
0.000000
0.000000
0.000000
0.013594
0.080304
0.646043
3.006581
8.959219
11.560860
11.851526
9.368944
8.302226
9.946446
11.046268
9.698787
6.399565
6.944971
7.349788
7.188349
9.150054
9.249819
9.350339
9.665333
10.467510
12.503920
13.429884
14.972558
19.485822
27.731070
5.089614
4.300294
2.176309
0.345446
0.000000
0.000000
0.000000
0.000000
0.000000
0.000000
0.000000
0.000000
0.000000
0.000000
0.000000
0.040285
0.208923
0.734486
3.681355
7.278995
9.508497
9.881901
9.744400
8.554620
8.439670
8.426986
8.269444
5.234456
4.880887
4.118831
6.113013
10.218213
10.423009
10.398587
10.630300
11.548513
13.679552
14.389184
14.375031
20.118388
28.287289
0.000000
0.000000
0.000000
0.000000
0.000000
0.000000
0.000000
0.000000
0.016760
0.055525
0.348751
1.546163
3.454128
6.387063
8.193134
8.552290
8.773800
8.397470
7.648595
5.886921
4.772685
4.733327
3.495755
3.808280
4.264310
6.194429
9.589550
11.441245
9.964922
10.846177
14.178413
16.099789
15.006542
19.450734
28.946797
0.000000
0.000000
0.000000
0.000000
0.000000
0.000000
0.000000
0.000000
0.016760
0.047297
0.389439
1.078058
3.714006
6.349729
7.757269
8.227350
8.227350
8.806735
7.240479
4.969696
2.494984
1.790880
2.445743
2.469980
3.099931
4.320266
7.094274
10.255906
10.173958
10.924988
14.774225
18.395053
15.815492
20.713813
29.996000
0.000000
0.000000
0.006285
0.046658
0.258571
0.997030
2.396495
6.258263
7.366820
7.688506
7.543794
7.929007
6.560936
4.496518
1.747336
1.642196
1.985559
2.453480
2.489503
3.221739
5.644203
8.800075
9.989451
10.866714
14.856859
19.749734
17.071697
21.489403
32.230925
0.000000
0.000000
0.000000
0.048319
0.438272
1.226826
3.484182
6.525249
7.100335
7.347672
7.010722
6.785636
5.811772
4.235361
2.012806
1.926301
1.836907
2.059363
2.461118
2.692865
4.577534
7.777485
9.524740
10.530911
14.954725
20.496975
16.627667
21.083825
33.847097
5.050972
5.938774
6.432542
7.030710
5.513448
3.956080
2.543833
1.050538
1.117082
1.421209
2.146493
2.033652
1.549410
2.103387
3.410088
5.429126
7.727939
9.370011
14.858494
20.569430
17.470686
21.506417
33.986508
45.760556
46.953581
5.029265
5.394681
5.749873
6.052778
5.769433
4.308474
1.575462
0.882076
1.010197
0.952936
1.248218
1.935320
2.136493
1.814500
2.127624
3.371294
5.481032
7.039485
13.600763
21.429937
17.126261
22.267794
37.191458
49.795909
53.787194
5.070945
5.218220
5.567360
5.341330
0.923976
0.444495
0.830981
0.981792
0.904880
1.063903
1.991011
2.747072
2.980666
3.321405
6.328600
8.461650
15.409825
22.889612
17.909639
22.401975
33.738114
46.371230
54.988988
4.343289
4.495620
4.751730
4.737548
0.971053
0.212463
0.448204
0.882362
1.015503
0.955428
1.258479
2.225378
4.247673
5.076754
15.414911
19.709400
25.010545
25.409569
19.354102
23.626422
32.365698
50.939308
68.851738
4.100111
3.996323
1.661751
0.190966
0.167671
0.349183
0.915592
1.220173
1.293222
1.602403
3.175514
4.316315
13.325210
20.247939
29.552864
27.419192
23.511680
28.029353
32.816725
47.974752
72.294239
85.310988
94.762664
3.279859
2.599417
1.624229
0.369802
0.145022
0.185271
0.363041
0.614788
1.377715
2.173714
2.709968
3.849935
9.600347
15.077449
25.380587
24.598992
20.856373
25.602525
38.335763
61.968539
107.602086
141.889813
176.020672
0.396745
0.666082
1.493066
2.749015
3.455797
4.461285
8.825140
12.280744
17.984869
20.213063
20.501427
28.298455
43.878686
76.820620
160.373791
181.924203
182.989719
