0.000000
0.000000
0.000000
0.000000
0.000000
0.000000
0.000000
0.000000
0.000000
0.000000
0.000000
0.000000
0.000000
0.000000
0.000000
0.000000
0.000000
0.000000
0.000000
0.000000
0.000000
0.000000
0.000000
0.000000
0.000000
0.000000
0.000000
0.000000
0.000000
0.000000
0.000000
0.000000
0.000000
0.000000
0.000000
0.000000
0.000000
0.000000
0.000000
0.000000
0.000000
0.000000
0.000000
0.000000
0.000000
0.000000
0.000000
0.000000
0.000000
0.000000
0.000000
0.000000
0.000000
0.000000
0.000000
0.000000
0.000000
0.000000
0.000000
0.000000
0.000000
0.000000
0.000000
0.000000
0.000000
0.000000
0.000000
0.000000
0.000000
0.000000
0.000000
0.000000
0.000000
0.000000
0.000000
0.000000
0.000000
0.000000
0.000000
0.000000
0.000000
0.000000
0.000000
0.000000
0.000000
0.000000
0.000000
0.000000
0.000000
0.000000
0.000000
0.000000
0.000000
0.000000
0.000000
0.000000
0.000000
0.000000
0.000000
0.000000
0.000000
0.000000
0.000000
0.000000
0.000000
0.000000
0.000000
0.000000
0.000000
0.000000
0.000000
0.000000
0.000000
0.000000
0.000000
0.000000
0.000000
0.000000
0.000000
0.000000
0.000000
0.000000
0.000000
0.000000
0.000000
0.000000
0.000000
0.000000
0.000000
0.000000
0.000000
0.000000
0.000000
0.000000
0.000000
0.000000
0.000000
0.000000
0.000000
0.000000
0.000000
0.000000
0.000000
0.000000
0.000000
0.000000
0.000000
0.000000
0.000000
0.000000
0.000000
0.000000
0.000000
0.000000
0.000000
0.000000
0.000000
0.000000
0.000000
0.000000
0.000000
0.000000
0.000000
0.000000
0.000000
0.000000
0.000000
0.000000
0.000000
0.000000
0.000000
0.000000
0.000000
0.000000
0.000258
0.000258
0.000000
0.000000
0.000000
0.000000
0.000000
0.000000
0.000000
0.000000
0.000000
0.000000
0.000000
0.000000
0.000000
0.000000
0.000000
0.000000
0.000000
0.000000
0.000000
0.000000
0.000000
0.000000
0.000000
0.000000
0.000000
0.000000
0.000000
0.000000
0.000000
0.000251
0.000251
0.000000
0.000000
0.000000
0.000000
0.000000
0.000000
0.000000
0.000000
0.000000
0.000000
0.000000
0.000000
0.000000
0.000000
0.000000
0.000000
0.000000
0.000000
0.000000
0.000000
0.000000
0.000000
0.000000
0.000000
0.000000
0.000000
0.000000
0.000000
0.000000
0.000000
0.000000
0.000000
0.000000
0.000000
0.000000
0.000000
0.000000
0.000000
0.000000
0.000000
0.000000
0.000000
0.000000
0.000000
0.000000
0.000000
0.000000
0.000000
0.000000
0.000000
0.000000
0.000000
0.000000
0.000000
0.000000
0.000000
0.000000
0.000000
0.000000
0.000000
0.000000
0.000000
0.000000
0.000000
0.000370
0.000370
0.000000
0.000000
0.000000
0.000000
0.000000
0.000000
0.000000
0.000000
0.000000
0.000000
0.000000
0.000000
0.000000
0.000000
0.000000
0.000000
0.000000
0.000000
0.000000
0.000000
0.000000
0.000000
0.000000
0.000000
0.000000
0.000000
0.000000
0.000000
0.000000
0.000000
0.000000
0.000000
0.000000
0.000646
0.000646
0.000000
0.000000
0.000000
0.000000
0.000000
0.000000
0.000000
0.000000
0.000000
0.000000
0.000000
0.000000
0.000000
0.000000
0.000000
0.000000
0.000000
0.000000
0.000000
0.000000
0.000000
0.000000
0.000000
0.000000
0.000000
0.000000
0.000000
0.000000
0.000000
0.000000
0.000000
0.000000
0.000000
0.000000
0.000000
0.000000
0.002409
0.000213
0.000035
0.000000
0.000104
0.000000
0.000000
0.000000
0.000000
0.000000
0.000000
0.000000
0.000000
0.000000
0.000000
0.000000
0.000000
0.000000
0.000000
0.000000
0.000000
0.000000
0.000000
0.000000
0.000000
0.000000
0.000000
0.000000
0.000000
0.000000
0.000000
0.000000
0.000000
0.000000
0.000000
0.000000
0.001779
0.001779
0.007347
0.031057
0.035242
0.059166
0.052567
0.023582
0.000008
0.000000
0.000065
0.003716
0.000000
0.000000
0.000000
0.000024
0.000000
0.000000
0.000000
0.000000
0.000000
0.000000
0.000000
0.000000
0.000000
0.000000
0.000000
0.000000
0.000000
0.000000
0.000000
0.000000
0.000000
0.000000
0.000000
0.000000
0.000000
0.000000
0.000000
0.001266
0.001266
0.050139
0.104110
0.214333
0.593295
0.698766
0.410273
0.103186
0.099204
0.114552
0.042321
0.046946
0.430873
0.167354
0.118862
0.035338
0.004952
0.000000
0.000000
0.000000
0.000000
0.000000
0.000000
0.001168
0.003277
0.000026
0.000000
0.000000
0.000000
0.000000
0.000000
0.000000
0.000000
0.000000
0.000000
0.000000
0.000000
0.000000
0.000000
0.000000
0.000000
0.000000
0.055517
0.188899
0.402646
0.617482
0.969240
1.219901
1.377549
1.053134
0.887876
0.879575
1.277357
2.872754
1.089831
0.422201
0.032436
0.003859
0.000000
0.000000
0.000000
0.000000
0.000359
0.007110
0.018889
0.021530
0.015161
0.000000
0.000000
0.000000
0.000000
0.000000
0.000000
0.000000
0.000000
0.000000
0.000000
0.000000
0.000000
0.000000
0.000000
0.001421
0.001421
0.056273
0.195297
0.420265
0.637301
1.016545
1.351723
1.735313
1.527168
2.000005
2.721472
3.679004
3.068211
0.487237
0.238845
0.051720
0.007263
0.005773
0.003961
0.001618
0.029850
0.010531
0.014311
0.030701
0.054924
0.024944
0.003579
0.000000
0.000000
0.000000
0.000000
0.000000
0.000000
0.000000
0.000000
0.000000
0.000000
0.000000
0.000000
0.000000
0.000000
0.000000
0.000000
0.000000
0.000000
0.000000
0.000000
0.000000
0.000000
0.000015
0.000025
0.029763
0.032028
0.044265
0.062641
0.042602
0.035867
0.033736
0.243135
0.027490
0.001509
0.001509
0.054072
0.189923
0.415431
0.631541
1.005850
1.366240
1.738596
1.947937
2.417942
2.707450
3.392828
3.529678
4.006175
4.123759
2.098388
0.531108
2.071242
1.110886
0.264020
0.761655
0.169207
0.031639
0.035651
0.030497
0.029888
0.029554
0.003624
0.000003
0.000000
0.000000
0.000000
0.000000
0.000000
0.000000
0.000000
0.000000
0.000000
0.000000
0.000000
0.000000
0.000000
0.000000
0.000000
0.000000
0.000000
0.000000
0.000000
0.000000
0.000013
0.000094
0.032482
0.034864
0.043512
0.052027
0.028449
0.031676
0.286341
0.780925
0.034653
0.000000
0.000000
0.048235
0.173490
0.387250
0.603345
0.981898
1.317236
1.538126
1.311313
0.795461
1.379730
2.908672
3.353417
3.542753
5.183027
4.567349
3.661927
3.567297
1.769467
0.562474
0.050541
0.032611
0.029676
0.054904
0.063549
0.030527
0.029843
0.018409
0.007488
0.019941
0.000000
0.000000
0.000000
0.000000
0.000000
0.000000
0.000000
0.000000
0.000000
0.000000
0.000000
0.000000
0.000000
0.000000
0.000000
0.000602
0.000000
0.000000
0.000000
0.000000
0.000178
0.032382
0.035277
0.036735
0.027428
0.014277
0.030207
0.037498
0.195112
0.035453
0.004008
0.004008
0.041070
0.142039
0.327223
0.522159
0.781337
0.635530
0.512064
0.076307
0.024550
0.035330
0.440077
0.752852
3.393182
5.555513
5.771842
5.779317
4.364299
1.021427
0.159149
0.085557
0.085426
0.168012
0.078429
0.047972
0.048367
0.028901
0.002789
0.087258
0.358970
0.000066
0.000000
0.000000
0.000000
0.000000
0.000000
0.000000
0.000000
0.000000
0.000000
0.000000
0.000000
0.000000
0.000041
0.034163
0.195047
0.007656
0.000000
0.000284
0.000000
0.000000
0.025953
0.035120
0.037537
0.024092
0.000000
0.028006
0.034462
0.121944
0.035128
0.013404
0.013404
0.026230
0.087130
0.193398
0.118970
0.033177
0.000225
0.000000
0.000000
0.000000
0.000000
0.048675
1.311355
1.695095
3.670418
5.046012
4.743043
5.205356
4.274335
0.684133
0.459278
0.097615
0.195946
0.319391
0.182178
0.114797
0.035428
0.287928
1.081509
0.364218
0.004369
0.000000
0.000000
0.000000
0.000000
0.000000
0.000000
0.000000
0.000000
0.000000
0.000000
0.000000
0.000437
0.030606
0.125213
1.498847
0.138822
0.059530
0.030614
0.000000
0.000000
0.001339
0.028910
0.101996
0.089307
0.008673
0.036268
0.057078
0.093765
0.050461
0.000000
0.000000
0.025951
0.041601
0.086220
0.066850
0.003947
0.000000
0.000000
0.000000
0.000000
0.000000
0.083802
0.419119
0.035484
1.113687
1.488164
1.556579
4.924737
3.697852
2.369230
1.557699
0.235005
0.436199
0.593632
0.514850
0.279705
0.088832
0.457591
1.168340
0.690997
0.040066
0.000000
0.000000
0.018274
0.001781
0.000000
0.000000
0.000000
0.000000
0.000000
0.000000
0.000000
0.008909
0.050157
0.230432
1.091776
0.772263
0.389481
0.045363
0.000000
0.010115
0.010488
0.028756
0.325945
0.231483
0.118075
0.281545
0.212597
0.136417
0.359212
0.018893
0.018893
0.001637
0.026403
0.027102
0.026381
0.003334
0.000000
0.000000
0.000000
0.000000
0.000000
0.000000
0.000000
0.026288
0.224859
0.036044
0.173718
4.031452
4.290737
4.681187
2.502612
0.337004
0.939912
1.086847
1.014467
0.621519
0.175816
1.082894
1.109782
0.216882
0.000943
0.000011
0.003594
0.030097
0.006607
0.000000
0.000000
0.000000
0.000000
0.000000
0.000000
0.003262
0.037270
0.152364
0.395605
0.695664
0.098179
0.164926
0.040823
0.015371
0.033417
0.032455
0.030737
0.286939
0.294230
0.817607
1.135709
1.129894
0.794168
1.134864
0.029223
0.029223
0.000000
0.000000
0.000000
0.000000
0.000000
0.000000
0.000000
0.000000
0.000000
0.000000
0.000000
0.000000
0.013063
0.000262
0.007262
0.057857
0.311646
2.536382
4.249818
3.676474
1.891569
2.190602
2.205234
2.062110
1.511937
1.836380
1.637438
1.184122
0.943069
0.267894
0.116488
0.239435
0.038683
0.000549
0.000000
0.000000
0.000000
0.000480
0.000800
0.000000
0.000576
0.065604
2.011779
3.257200
0.183305
0.225858
0.395635
0.497477
0.396681
0.332828
0.127415
0.073336
0.201901
0.678915
0.808527
1.663861
2.639428
2.708163
2.741604
0.000000
0.000000
0.000000
0.000000
0.000000
0.000000
0.000000
0.000000
0.000000
0.000000
0.000000
0.000000
0.000000
0.000000
0.000000
0.000000
0.012669
0.030915
0.130675
0.684754
3.197001
3.997560
3.474570
3.358226
3.016666
2.720208
2.363128
2.915799
2.542611
2.332014
2.425250
1.297139
1.579009
0.741051
0.037654
0.000000
0.000000
0.000000
0.000000
0.003839
0.015646
0.000545
0.003957
0.314586
4.719243
4.007467
0.683050
1.133798
1.622843
1.437565
0.735311
1.013017
0.605444
0.244092
0.626158
1.984891
2.090818
2.097808
3.031295
3.291630
3.528670
0.033282
0.033282
0.000000
0.000000
0.000000
0.000000
0.000000
0.000000
0.000000
0.000000
0.000000
0.000000
0.000000
0.000000
0.000000
0.000000
0.002925
0.024339
0.056343
0.696881
3.179642
4.245528
4.316712
4.350923
4.282979
3.868630
2.948814
3.305197
3.134319
3.354747
3.017560
2.937917
3.481378
2.360464
0.308375
0.120708
0.070266
0.003753
0.028810
0.051350
0.148977
0.149750
0.238147
2.106882
7.248329
7.643223
2.280234
2.697208
2.414118
1.979695
1.457982
1.318763
0.997529
0.688831
1.371270
2.336589
2.765020
2.629802
2.821080
3.252250
3.122600
0.029638
0.029638
0.000000
0.000000
0.000000
0.000000
0.000000
0.000000
0.000000
0.000000
0.000000
0.000000
0.000000
0.000000
0.000000
0.000000
0.000000
0.000000
0.025754
0.046579
0.858469
1.860961
2.333831
1.985740
3.904054
3.700082
3.675506
3.405353
3.072659
3.297957
3.829602
4.008170
4.257698
4.553155
4.514972
3.133937
1.056713
0.066428
0.378947
0.689011
2.561662
2.869759
1.477846
5.679039
9.768426
8.526168
4.868022
3.255016
2.343716
2.463544
2.363547
1.810307
2.969103
1.963650
1.878051
2.319074
1.995337
1.996649
2.316073
2.839472
2.773887
0.000000
0.000000
0.000000
0.000000
0.000000
0.000000
0.000000
0.000000
0.000000
0.000000
0.000000
0.000000
0.000000
0.000000
0.000000
0.000000
0.024802
0.029923
0.057323
0.087557
0.146160
0.505899
1.906209
2.778499
1.685429
1.608543
1.319021
2.869017
3.837033
3.844890
4.121233
4.686232
5.432750
5.500021
2.740926
0.664069
1.008669
2.270285
4.578361
4.549304
2.399985
6.369227
9.507577
8.652572
6.401625
4.792040
2.473550
2.292330
2.388263
1.930213
2.630188
2.390436
1.458982
1.471770
1.512231
1.491649
1.619918
2.335473
2.918819
0.000000
0.000000
0.000000
0.000000
0.000000
0.000000
0.000000
0.000000
0.000000
0.000000
0.000000
0.000000
0.000000
0.000000
0.000000
0.000000
0.001775
0.039791
0.167157
0.196005
0.329921
0.540507
1.016025
0.709323
0.429728
0.686251
0.862764
1.317558
3.533631
3.603778
3.979500
4.543786
5.673863
6.182092
3.455951
1.425596
1.271466
3.076925
4.739857
2.949591
2.904975
7.107819
9.048147
7.468279
6.378836
5.769406
2.133524
2.022533
2.361580
2.094351
2.391068
2.625745
1.683541
1.151680
1.069500
1.182341
1.729929
2.302384
3.087373
0.000000
0.000000
0.000000
0.000000
0.000000
0.000000
0.000000
0.000000
0.000000
0.000000
0.000000
0.011442
0.003876
0.123667
0.673575
0.513189
0.437897
0.546178
0.665262
0.937238
0.649833
0.725712
0.563647
0.604245
0.485654
1.506356
2.716036
3.093783
5.299827
3.696988
0.907086
1.166777
2.494852
3.732917
4.540682
3.355134
3.669809
8.051312
7.127466
6.662961
5.835091
5.280879
3.143900
2.820627
3.138635
3.308828
2.246465
1.752108
1.554777
1.402473
1.120004
1.148525
1.722598
2.326003
3.591601
0.000000
0.000000
0.000000
0.000000
0.000000
0.000000
0.000000
0.000000
0.000000
0.000000
0.000000
0.026163
0.223154
0.348497
0.925319
0.594280
0.623171
0.551554
0.503128
0.497340
0.456161
0.439261
0.399260
0.262959
0.286513
0.440791
0.519800
0.935650
3.741869
4.642071
3.956046
4.379555
3.649159
4.107914
5.244708
4.376030
3.513397
5.432473
5.311999
4.938911
5.285079
6.218447
3.983465
4.356762
4.752748
3.363977
2.110397
2.018935
1.759707
1.606041
1.334560
1.242900
1.771105
2.424835
3.881243
0.000000
0.000000
0.000000
0.028767
0.661850
0.911644
1.003269
0.779271
0.712105
0.692878
0.564968
0.275106
0.125251
0.123731
0.083269
0.035721
0.102160
0.040060
0.033852
0.039957
0.688387
4.254635
6.767855
7.309883
5.596235
5.480477
5.368160
5.122560
3.732476
4.014870
3.625482
3.018657
4.025820
5.973375
7.054810
5.939450
3.100610
2.847463
2.230440
2.230776
1.901090
1.814320
1.637289
1.444445
1.917947
2.467501
3.942830
0.003820
0.001478
0.004633
0.008814
0.296142
0.706565
0.375196
0.391926
0.529337
0.358342
0.135624
0.106840
0.003953
0.000000
0.000045
0.014396
0.026658
0.004608
0.000000
0.000000
0.000189
0.549500
4.446428
6.696036
6.738383
4.518177
3.377692
3.795940
4.430108
3.455772
3.091624
2.372877
2.139019
4.460013
4.619984
3.823206
2.734350
2.734350
2.264440
2.264440
2.114194
2.092730
1.986844
1.800928
2.047035
2.626084
4.306530
0.141455
0.200093
0.412479
0.484961
0.319277
0.314303
0.284562
0.063263
0.011424
0.011356
0.000032
0.000000
0.000000
0.000000
0.002433
0.001728
0.000000
0.000000
0.000358
0.031420
1.014350
3.764299
4.053579
3.874140
3.716302
3.713378
3.328549
2.588507
3.400324
3.121057
2.258216
2.297949
2.844020
2.485875
2.734350
2.754331
2.415109
2.283274
2.161192
2.168441
2.157828
2.050719
2.209789
2.671359
4.500061
0.291672
0.239320
0.439792
0.358310
0.245047
0.242678
0.119295
0.016677
0.000000
0.000000
0.000000
0.000000
0.000000
0.000000
0.000000
0.000000
0.000000
0.000000
0.000000
0.003361
0.074527
0.763383
2.468418
3.616815
3.932366
3.678803
2.557933
2.152092
3.221745
2.765068
1.778390
2.192921
2.279900
2.389913
2.734628
2.823381
2.574983
2.363634
2.249590
2.269614
2.286547
2.225873
2.464104
2.868742
4.610165
0.135655
0.049825
0.031124
0.000000
0.000000
0.000000
0.000000
0.000000
0.000000
0.000000
0.000000
0.000000
0.000000
0.000000
0.000000
0.010067
0.066742
0.569156
1.471520
1.918375
3.491491
3.554237
2.310230
1.335200
1.356198
2.233875
1.385390
1.338354
1.911210
2.092456
2.724022
3.319210
3.157198
2.926339
2.749647
2.741301
2.665491
2.504548
2.694816
3.289289
4.536166
0.100718
0.037932
0.029695
0.001031
0.000000
0.000000
0.000000
0.000000
0.000000
0.000000
0.000000
0.000000
0.000000
0.000000
0.000000
0.028816
0.148355
0.423012
1.538282
1.898791
1.917316
2.496785
2.426971
1.820571
1.203921
1.139324
1.203291
1.272208
1.531068
1.926495
2.526997
3.873497
3.843989
3.481324
3.300306
3.311548
3.270965
2.966705
2.676975
3.583563
4.316374
0.000000
0.000000
0.000000
0.000000
0.000000
0.000000
0.000000
0.000000
0.011307
0.038390
0.178773
0.701654
1.370218
1.695814
1.567930
1.790398
1.877019
1.530424
1.116612
0.705565
0.877678
1.096565
1.047672
1.270263
1.803166
2.521501
3.687532
4.113088
3.384856
3.436341
3.676719
3.623410
2.849071
3.494566
4.692000
0.000000
0.000000
0.000000
0.000000
0.000000
0.000000
0.000000
0.000000
0.011307
0.024351
0.173692
0.446997
1.120073
1.311161
1.432790
1.542035
0.974238
0.746725
0.596988
0.646322
0.708124
0.824257
1.086927
0.919277
1.021131
1.660030
3.029131
3.739304
3.719741
3.825305
4.251043
4.586739
3.140139
3.900203
4.956820
0.000000
0.000000
0.004240
0.025774
0.091064
0.328091
0.530423
1.078927
1.525176
1.623440
0.989341
0.520491
0.563003
0.702961
0.732309
0.786999
0.975038
1.157010
0.851597
1.008099
2.330017
3.536525
3.790709
3.904963
4.556141
5.145316
3.558969
4.078506
5.291858
0.000000
0.000000
0.000000
0.024798
0.115535
0.321291
0.543750
1.187699
1.347580
1.480116
0.537352
0.321324
0.430323
0.555677
0.774378
0.838153
0.915911
1.076334
1.219706
1.046340
1.699654
3.319251
3.766218
4.004206
4.784350
5.570445
3.733439
4.147505
5.518150
0.944711
1.002896
1.060253
1.098637
0.242166
0.193676
0.246967
0.291806
0.387074
0.544505
0.886329
0.918850
0.853992
1.051244
1.511138
2.686019
3.529435
3.967555
5.171228
6.285502
4.267879
4.548575
5.832288
7.071701
5.651316
1.249417
0.887568
0.850731
0.800831
0.456112
0.181765
0.188884
0.246782
0.303961
0.314570
0.459976
0.751987
0.981063
0.900464
0.963154
1.369486
2.961123
3.424064
5.040628
6.979595
4.613804
5.018947
6.400925
7.026674
6.413435
0.669906
0.621918
0.572447
0.426347
0.067870
0.112379
0.224354
0.281786
0.297253
0.378609
0.754877
1.127202
1.365461
1.501014
3.607599
4.439515
6.438032
8.157105
5.366328
5.503280
6.384760
6.733097
6.554494
0.522426
0.502519
0.486955
0.350919
0.038245
0.049665
0.109249
0.225965
0.288235
0.290286
0.403753
0.731051
1.580479
2.576755
7.950237
9.731329
10.566322
8.891550
6.178000
6.258926
6.590340
7.949294
7.864944
0.261581
0.281426
0.061232
0.034480
0.042615
0.078521
0.219884
0.323190
0.402594
0.492580
1.003893
1.706863
6.064842
9.083206
11.804690
10.067618
7.504124
7.885162
7.360496
8.466865
8.412226
7.895395
6.817280
0.449927
0.269022
0.097696
0.035476
0.032770
0.032645
0.045902
0.083245
0.220903
0.391221
0.627532
1.069769
3.905538
6.211463
9.118807
9.342703
7.399235
8.016771
9.213159
11.097379
11.495739
11.517919
11.123729
0.149872
0.247560
0.529639
0.940904
1.236272
1.684625
3.507642
4.696111
6.285907
7.227767
8.151091
9.381675
10.540687
13.477975
14.949786
15.972100
18.126898
