0.000000
9.845478
8.498323
4.982201
20.138906
27.231433
17.317575
25.906652
1.448259
5.963687
13.645233
6.191055
16.185398
20.054934
18.921259
25.727836
13.415105
5.640159
7.315403
12.259359
30.123656
14.649720
22.803319
16.308659
5.223868
13.292700
0.746848
16.571919
21.319628
23.050994
14.685050
18.461978
14.547030
7.319087
6.656598
20.429745
28.544955
22.389441
23.053473
23.744256
10.586483
5.338523
10.873978
9.537697
29.261095
17.328125
28.970941
19.857800
6.756550
14.779134
11.728911
7.735449
21.348069
26.938748
24.769094
17.045420
4.504739
8.404362
8.558787
3.587620
21.719708
24.462048
19.831600
18.117547
37.870784
47.370223
46.107055
45.765498
72.655988
55.701820
64.639611
85.972950
40.245300
37.091534
47.682981
42.959908
57.499403
82.077544
75.195108
66.773352
34.861519
43.766467
38.485230
43.775009
75.072858
126.304781
91.920214
46.422839
33.543114
52.038697
30.440295
40.401622
70.120566
91.471438
50.000894
66.083216
45.823305
42.562644
35.696269
41.578544
73.726141
58.997872
61.745402
87.072644
47.190450
37.780958
43.853964
34.752195
66.462767
74.888783
55.711833
75.170808
47.511370
37.178934
31.743066
40.927806
82.919706
58.376497
89.756597
60.697341
33.093613
57.658041
36.817769
37.607930
92.356375
61.567725
50.857869
84.011288
0.550111
4.295412
7.245846
2.668177
17.809158
13.446014
18.613177
22.050039
0.624145
8.089265
0.724880
7.448905
11.844102
19.546678
16.184942
16.545820
10.875928
0.817058
4.267428
11.964191
19.324583
19.255613
15.600797
10.873673
3.648615
9.275981
3.315195
2.529031
11.985700
22.091622
18.252277
9.427663
10.052825
0.707515
3.893867
11.135830
24.776286
14.740130
22.750206
12.687966
10.130413
1.241852
12.255042
0.511478
15.474508
21.801397
15.133117
17.430455
9.339783
0.519342
7.246787
3.753670
24.114597
14.873447
14.649177
15.444598
1.120843
6.612555
7.864823
3.558600
16.176195
14.768455
15.217586
12.837406
30.639328
41.980114
44.886159
25.802952
48.169163
57.527302
60.255384
50.245784
15.941825
33.502595
30.170773
36.220517
54.985120
49.176642
69.416380
37.953245
36.259539
30.061591
30.509080
33.740225
45.546002
63.637400
64.464881
60.684938
36.363198
23.372959
32.048872
16.812109
62.419544
36.904150
37.987086
77.431739
34.872609
55.965439
45.681405
34.708561
58.058347
54.480094
54.517689
77.367005
26.992880
29.870961
27.867923
39.910397
45.738380
61.779338
41.572009
59.582395
39.607605
23.655836
43.347253
37.878241
55.499216
55.882188
46.645975
72.944280
44.155120
17.334016
27.741105
25.935144
52.106277
62.789617
44.803900
47.966333
21.526527
4.747227
2.617005
16.274195
29.311288
15.835830
21.375739
9.507361
2.967887
9.507577
4.882635
14.561466
14.984525
14.217697
22.209373
23.867259
3.857188
20.927842
4.127513
24.296377
18.919731
11.737872
9.061679
27.670808
17.763222
1.347011
4.240404
9.027241
23.694194
18.331025
13.850858
15.060742
4.045395
7.131546
13.897464
18.803805
13.931078
20.401261
23.671291
17.229977
0.897610
21.777934
5.494366
5.810681
26.658891
17.291294
11.743106
21.530456
14.504905
5.884542
5.140572
7.522193
12.512020
23.396586
25.077463
15.812822
6.013766
22.138816
7.849025
2.934569
21.452616
6.125332
22.175580
16.001213
33.002059
54.916252
48.407052
22.720800
76.004220
92.455958
50.338728
108.395281
47.337827
34.783122
40.086114
34.197400
53.936006
81.771945
87.992870
45.634041
28.651547
30.146584
35.429370
22.588877
107.070500
38.905480
74.832419
80.029727
20.767575
38.721094
34.222009
28.697942
56.799898
82.982653
70.147225
50.890294
33.365508
40.359916
39.781922
33.273184
71.606684
101.537938
46.662147
80.973913
35.473148
28.744034
51.824453
26.590192
63.191545
85.028850
71.375197
64.790513
30.181359
35.411738
41.728738
28.922438
37.896698
97.563297
75.137188
79.935592
30.044022
29.310405
45.199159
22.569266
54.902530
120.682078
49.481822
77.478663
0.579201
5.217390
2.731482
10.467408
24.894092
11.472019
10.214320
19.117833
2.545029
7.293311
0.940476
1.200748
9.768803
11.973525
18.348256
14.066102
0.651981
6.083150
1.944113
8.945366
18.502586
13.280841
7.148008
19.148881
1.097048
0.846297
4.060001
6.351306
9.204519
14.991737
6.672888
13.773498
6.996865
5.689850
0.503344
11.763445
20.598792
8.006293
19.714594
18.966509
6.767232
1.027309
2.244410
3.319499
11.985788
20.693248
23.169648
10.466139
9.905828
3.304881
6.034668
1.883952
17.428869
5.948604
13.360548
9.228570
1.335138
4.478248
1.704833
2.990818
15.655525
7.236680
18.028342
8.420607
37.049645
34.451878
25.564464
26.814748
57.021822
74.252886
38.318152
82.962180
24.199522
16.029611
25.784006
31.026109
49.484112
51.317361
43.791888
50.662102
14.483900
31.593925
46.966053
23.432608
96.626422
61.563731
30.538003
83.073222
29.310159
11.966638
25.159683
21.220650
63.124123
58.345305
33.826350
40.435375
25.668044
49.976536
31.362625
39.766820
63.763350
72.548967
34.962805
98.906703
28.554033
15.934747
28.481502
42.367309
66.788958
29.298125
60.996678
63.553075
30.752614
21.536883
37.835292
20.036567
37.224103
73.209431
34.530575
113.558797
49.905534
13.008798
21.718208
18.827534
29.943738
75.808427
33.932063
65.382473
8.660947
10.088967
4.942786
13.956273
17.698997
26.436063
29.818669
16.220392
4.606233
19.259311
3.642340
8.094812
21.602970
20.375909
19.729033
24.406189
5.105878
12.858786
9.826366
13.099167
20.018770
20.959909
28.070967
21.315623
2.079713
10.090350
4.211932
13.702502
23.456033
16.686556
13.961155
25.231058
8.706391
15.070800
11.946531
4.573190
23.137888
23.468098
29.569306
18.140855
6.004210
13.495087
7.367907
6.742977
22.836475
18.613664
17.380259
33.829403
18.825933
7.590231
18.281031
4.149353
28.830331
20.998816
19.089250
18.812691
3.751424
6.543265
0.784615
21.726122
12.816459
18.932406
17.542330
23.626216
46.416884
38.944461
38.341183
42.940973
115.645219
58.559352
72.151327
66.997469
45.633100
32.029553
45.635041
37.099128
68.958597
78.535978
71.808861
60.517753
38.896970
34.909538
30.310300
46.136955
52.910541
95.448023
79.103538
76.849311
46.322344
30.871697
40.698713
27.411308
58.385863
87.634287
76.611981
66.116653
35.002695
50.079792
34.180963
51.971178
56.378363
90.206723
73.120423
80.117813
37.112048
39.114813
32.097098
43.319338
116.686484
66.334770
70.882758
79.759352
41.202383
40.474533
42.094306
43.394670
88.701381
66.808600
45.555238
102.396563
43.878053
36.790666
39.341766
35.971947
56.353759
123.957047
69.684213
103.907125
0.687593
10.731270
2.708138
12.455750
14.107694
21.412230
14.701683
19.366850
4.019980
2.471020
0.929929
10.325634
23.453053
13.630277
14.469538
16.857958
6.404175
6.010358
0.630878
4.776930
30.100589
13.804275
17.313422
13.916822
0.536583
10.165892
0.659442
2.786603
20.157675
10.935331
14.778980
14.751805
11.112028
4.483798
5.899936
14.853377
18.924539
16.866848
16.343681
17.472067
0.978167
4.037911
13.200358
0.419755
19.563970
16.535805
13.329922
15.246297
5.562030
10.657331
0.718088
8.524706
24.866977
11.588494
18.282078
10.449581
0.627976
8.979592
0.430013
0.998459
15.546230
14.633530
15.649234
18.941819
36.440836
18.882780
43.277794
29.862111
67.371202
53.897417
61.593745
60.805900
22.499848
45.275214
15.641123
27.325914
96.097156
47.681522
50.982856
65.441788
30.595903
35.963523
34.332231
23.980528
65.345600
53.241763
50.227938
74.189969
26.029028
42.588536
18.943086
26.795850
41.618164
57.983252
46.344188
76.521898
40.596514
31.868103
27.036250
41.144138
49.111664
90.665370
71.699191
54.416370
20.366961
37.120517
29.941011
22.879491
45.673220
53.073325
39.288898
82.309816
34.454505
21.523895
27.420272
50.237297
50.173970
91.351550
70.258892
58.728319
30.110550
23.534563
28.331395
25.443961
60.265586
57.449836
59.704413
42.472559
6.471807
21.690127
8.576500
5.635871
31.606977
22.520095
25.483597
7.918398
4.870593
3.924255
5.861354
21.055228
15.565323
11.160628
25.575553
13.417348
4.423272
26.044156
1.401938
16.303584
7.926384
27.569284
9.637797
19.728884
3.881471
7.278100
18.869441
2.801124
13.710302
5.994506
22.245891
11.793717
4.008115
7.006392
23.303203
9.227811
30.118966
6.429829
26.512338
17.575017
11.037191
16.324220
2.561291
8.409462
14.931950
25.121608
14.715936
13.933395
8.798239
13.951775
21.736880
3.450224
15.381822
20.602420
9.871284
25.119438
22.253378
4.596102
7.074865
5.395689
21.305895
18.441889
15.218953
16.159784
29.811583
27.573477
33.877845
36.043981
82.476687
60.845494
45.850008
118.407828
35.769363
33.180072
35.325933
26.662530
64.979611
78.580302
78.782837
64.713370
29.660080
26.937413
24.473942
44.293220
93.115747
54.007819
90.492436
39.717639
33.348158
26.029348
47.709786
24.574045
75.666164
66.314737
119.239672
54.736541
48.522484
29.796331
37.117302
32.323577
83.479916
74.685689
39.901000
72.348650
35.394708
32.804994
24.028923
46.892489
44.909628
89.467398
83.925973
50.224461
30.392914
28.895852
27.257573
33.064677
73.361659
69.053588
57.270962
92.803825
24.841152
27.345736
25.634338
32.164538
96.352937
58.392375
59.263747
122.063094
0.784432
8.684698
12.527209
1.544487
9.662106
13.297775
7.640409
13.156447
12.384192
0.867229
2.990210
3.544229
16.621791
11.555670
10.137888
10.387672
3.053464
3.287751
13.087083
2.920251
11.293731
8.423796
9.917408
7.801486
0.869333
5.984938
3.117395
5.835599
9.655019
10.048408
15.479628
6.025686
1.546358
15.007725
2.665214
1.612284
8.558451
16.112505
10.984005
27.329525
5.183153
2.414647
1.669558
1.069508
18.419053
8.735657
13.837177
18.233150
6.206322
9.540690
4.207505
2.242899
15.888470
6.426435
14.511345
10.067866
5.184783
6.646503
2.870559
1.095539
11.745278
8.560700
8.783488
8.919405
37.571475
27.180913
37.344238
27.929241
56.785553
100.081094
44.666600
54.188050
31.542330
15.451694
42.985597
22.677589
37.138875
68.863417
27.862677
55.810633
22.864775
12.875552
31.187442
33.576506
64.677611
39.594038
101.140359
53.376119
27.497572
24.238488
14.461541
22.475238
55.814705
63.216769
39.935875
26.207900
20.918113
27.571908
29.211406
43.826925
39.423219
97.979211
51.200572
99.450156
43.213366
23.246589
21.799514
19.377619
56.594820
64.385109
38.228600
44.315750
17.997838
52.371384
24.470728
34.689952
77.032620
32.870931
45.546325
82.279970
25.996011
24.181363
17.987130
33.007288
62.592878
36.564900
76.870311
42.702163
0.380109
1.338774
2.276783
4.620621
0.210487
0.051702
0.607413
0.195610
3.820392
2.643319
0.094024
0.549221
0.754541
0.162638
0.051954
0.024492
2.113310
5.093118
0.498200
2.323769
0.072422
0.439385
0.239526
0.132415
0.243240
1.123135
6.434822
0.140971
0.087153
0.015904
0.271457
0.174331
0.790669
0.617148
3.986304
0.222182
0.177332
0.211253
0.085152
0.148576
0.431505
1.880988
0.360820
0.669704
0.040750
0.223579
0.022227
0.233488
2.345705
0.921908
0.957694
2.349654
0.125477
0.128056
0.131714
0.650746
2.754063
0.103194
0.468740
0.666598
0.049301
0.096736
0.220822
0.035062
0.090448
0.019226
0.014440
0.042579
0.006641
0.019295
0.006775
0.005404
0.018114
0.014538
0.028933
0.015256
0.020847
0.001347
0.003440
0.007556
0.086994
0.017372
0.055356
0.004294
0.012632
0.002141
0.000000
0.008936
0.021717
0.022327
0.008966
0.029833
0.008672
0.005516
0.006909
0.006728
0.022494
0.019456
0.125820
0.011670
0.004419
0.012795
0.013106
0.005491
0.011208
0.072141
0.030138
0.023086
0.005748
0.005210
0.007392
0.004171
0.014254
0.044379
0.106299
0.032828
0.001256
0.010847
0.004856
0.027202
0.084639
0.007424
0.058881
0.014824
0.000000
0.015008
0.012514
0.003547
0.428956
0.256373
0.070612
0.478371
0.070811
0.037004
0.032458
0.035004
0.269553
0.101830
0.276271
0.113984
0.052517
0.011522
0.040337
0.019594
0.125895
1.919563
0.349244
0.104129
0.029932
0.029186
0.031096
0.310705
0.207578
0.063064
0.198042
0.121865
0.069394
0.011316
0.011013
0.109613
0.104096
1.176751
0.244117
0.095673
0.015827
0.054766
0.049577
0.080699
0.089575
0.215348
0.068994
0.316337
0.043504
0.014611
0.038655
0.028115
0.167257
4.989350
0.170110
0.099170
0.023199
0.027500
0.046166
0.074220
0.334572
0.075874
0.071812
0.254416
0.028475
0.027941
0.046346
0.038311
0.015469
0.010039
0.013469
0.019454
0.007107
0.004446
0.005903
0.004647
0.020696
0.008497
0.011094
0.011054
0.000000
0.006520
0.000000
0.008990
0.008320
0.029428
0.021769
0.004888
0.011677
0.000000
0.003756
0.009208
0.009189
0.005515
0.007451
0.029990
0.000420
0.003322
0.006988
0.000000
0.015637
0.007210
0.013303
0.014259
0.004032
0.004484
0.004524
0.004145
0.015253
0.008329
0.013792
0.008206
0.001943
0.000000
0.006552
0.000174
0.019306
0.017346
0.009064
0.004275
0.006547
0.000000
0.000398
0.004468
0.007449
0.024697
0.009872
0.005292
0.006232
0.000356
0.003481
0.000000
0.310620
7.397240
9.057910
0.911887
0.090538
0.251668
0.156124
0.604925
1.509137
3.342432
0.993877
0.243867
0.440158
0.104399
0.014435
0.143945
9.138435
0.427540
10.030637
0.407363
0.180816
0.059751
1.090782
0.081892
0.170802
10.505005
0.965640
0.918944
0.156959
0.057112
0.212104
0.027880
7.748048
0.621994
2.214675
0.644600
0.252970
0.165512
0.337245
0.356750
4.810156
0.172370
3.761363
0.212369
0.063919
0.355219
0.069969
0.079541
2.547100
1.800952
5.900704
3.576772
0.583440
0.089630
0.254558
0.166983
1.154511
0.521250
2.296259
3.430733
0.109064
0.298598
0.010948
0.082825
0.070632
0.002814
0.022652
0.095423
0.010101
0.000000
0.010915
0.008970
0.009014
0.040087
0.030552
0.004615
0.013984
0.005201
0.003860
0.009761
0.109957
0.017831
0.017900
0.055580
0.006853
0.009309
0.002378
0.000000
0.038532
0.003457
0.025067
0.037335
0.002691
0.000000
0.000491
0.006957
0.047024
0.010653
0.049546
0.070541
0.020092
0.006997
0.012875
0.000000
0.036449
0.026416
0.002801
0.027910
0.002784
0.000145
0.008796
0.004214
0.057018
0.007757
0.026075
0.104944
0.010891
0.001922
0.000000
0.011273
0.015437
0.016811
0.003034
0.041573
0.014485
0.000132
0.001962
0.000000
0.916887
0.149863
1.223182
0.203393
0.010313
0.046416
0.087524
0.109759
0.396437
0.151178
0.177459
0.159800
0.093762
0.067224
0.018528
0.061159
2.564735
0.648921
0.152217
0.558142
0.113066
0.098609
0.045333
0.027061
0.363550
1.628754
0.414060
0.162850
0.085280
0.043546
0.130921
0.025407
0.309284
0.125288
5.788910
0.140178
0.016107
0.154909
0.014577
0.071118
0.238894
0.158071
0.351940
0.086180
0.089021
0.011572
0.010823
0.086957
0.153288
1.570627
0.812162
0.492607
0.042816
0.147022
0.103399
0.068844
0.122247
0.324841
0.148574
0.501896
0.028203
0.118662
0.025701
0.107445
0.003852
0.024551
0.007912
0.011320
0.002643
0.002096
0.005751
0.000000
0.011443
0.020800
0.005030
0.004639
0.000000
0.002555
0.000000
0.002735
0.051608
0.003509
0.003038
0.014186
0.000000
0.002338
0.007716
0.000213
0.004684
0.037783
0.006442
0.007907
0.003584
0.002325
0.000000
0.000000
0.034371
0.002743
0.033700
0.002883
0.005806
0.003640
0.011523
0.000000
0.006941
0.030715
0.004451
0.002793
0.003521
0.002445
0.004424
0.000000
0.004228
0.024458
0.003737
0.034205
0.006152
0.003099
0.000694
0.000000
0.002875
0.017802
0.008839
0.006024
0.000000
0.002657
0.000000
0.003350
0.703827
1.365673
4.710526
0.569071
0.588794
0.160668
0.134533
0.066379
0.464765
0.092633
4.179981
0.454878
0.037688
0.373755
0.077327
0.036232
5.647653
2.172944
0.292243
1.227125
0.285324
0.178210
0.035260
0.609430
2.857206
0.074890
4.510352
0.151662
0.105750
0.024785
0.714956
0.047054
0.674687
1.006355
0.669094
4.846115
0.151718
0.203788
0.191726
0.140721
1.110286
0.352753
2.093212
0.421092
0.171872
0.062023
0.617970
0.021232
0.358461
1.365483
0.834547
5.471916
0.152718
0.409139
0.104315
0.501520
2.719029
0.166372
5.627389
0.118204
0.379360
0.162419
0.051827
0.066633
0.044495
0.075844
0.016921
0.040725
0.001904
0.013195
0.005670
0.017544
0.052237
0.012701
0.034247
0.023022
0.006838
0.000000
0.004193
0.019547
0.030801
0.007791
0.108485
0.037262
0.018378
0.005556
0.011713
0.003131
0.015232
0.072789
0.010803
0.092818
0.016975
0.000000
0.005209
0.002032
0.064995
0.039029
0.038385
0.014703
0.016121
0.000851
0.005923
0.007466
0.019463
0.052834
0.020025
0.022455
0.000000
0.005967
0.005869
0.003581
0.010033
0.062985
0.029428
0.022817
0.004797
0.015813
0.011696
0.000211
0.017918
0.026011
0.040846
0.009416
0.008828
0.000000
0.005943
0.002297
0.488724
0.231705
0.395752
0.059242
0.042567
0.055373
0.044491
0.023766
0.112824
0.187179
0.336690
0.089483
0.019045
0.038194
0.074509
0.013104
0.177012
0.099940
2.707766
0.176395
0.014319
0.099854
0.075081
0.050366
0.439736
0.125279
0.344849
0.116913
0.011175
0.075192
0.025156
0.045010
0.115772
0.237214
0.256958
0.123552
0.033313
0.055873
0.027343
0.082850
0.219837
0.105150
0.063865
0.443175
0.020935
0.034744
0.044063
0.014352
0.067806
0.261123
2.251955
0.156529
0.022600
0.060384
0.029709
0.236660
0.392954
0.115684
0.833969
0.145999
0.031071
0.053767
0.093819
0.010768
0.012043
0.019688
0.014945
0.012022
0.005488
0.002773
0.005221
0.002433
0.015379
0.007318
0.020791
0.013299
0.000000
0.001374
0.005241
0.000000
0.006891
0.008436
0.010060
0.037176
0.001303
0.000000
0.006286
0.004955
0.008036
0.002889
0.024276
0.009349
0.002928
0.004168
0.001843
0.000000
0.012262
0.022248
0.017785
0.009114
0.006981
0.000000
0.000000
0.007134
0.016536
0.008155
0.011522
0.015994
0.006147
0.000000
0.007378
0.000000
0.007144
0.052279
0.013382
0.003165
0.005136
0.000000
0.003794
0.002090
0.010095
0.006336
0.009993
0.028210
0.003695
0.002224
0.000000
0.002452
4.375550
0.392616
3.585386
3.551095
0.101339
0.335263
0.159711
0.648031
0.466938
4.521305
2.957648
0.157754
0.134390
0.375290
0.073192
0.059535
4.904698
0.423342
12.129439
0.772550
1.293052
0.129863
0.329026
0.201971
2.622304
0.654712
0.465774
5.054188
0.160643
2.353913
0.150575
0.035897
9.043991
3.807361
0.484009
2.912982
0.054266
2.142780
0.123094
0.392757
0.618818
0.741368
5.038705
0.095012
0.354525
0.042766
0.205036
0.031466
0.301051
2.939483
0.482963
11.261337
0.629259
0.223215
0.180920
0.077471
0.202081
1.318432
1.509145
2.006772
0.146567
0.168531
0.237068
0.043540
0.031512
0.041270
0.080100
0.025687
0.000669
0.015189
0.013757
0.001425
0.006272
0.016840
0.017687
0.090198
0.005709
0.008335
0.000000
0.002374
0.072796
0.020716
0.082243
0.011891
0.000000
0.002717
0.009188
0.008163
0.017341
0.017192
0.002915
0.046543
0.002424
0.000000
0.000000
0.013635
0.002871
0.126194
0.041144
0.030416
0.006021
0.012101
0.012131
0.003087
0.018931
0.027328
0.095881
0.004066
0.022806
0.000000
0.004950
0.002696
0.083792
0.021586
0.070581
0.013864
0.014179
0.000000
0.005730
0.001937
0.008872
0.012511
0.034277
0.016265
0.000000
0.014020
0.000000
0.000158
0.670947
0.328617
0.137936
0.693722
0.150550
0.037861
0.057596
0.048871
0.120378
1.824039
0.100272
0.330018
0.031206
0.039364
0.058802
0.058670
0.551204
0.610660
0.268438
0.193832
0.084750
0.063306
0.074676
0.046046
1.485305
0.204723
0.090101
0.311514
0.035908
0.043555
0.035468
0.136116
0.173769
0.139294
0.924557
0.266442
0.058354
0.068278
0.110187
0.018812
0.085004
0.469849
0.442837
0.455769
0.044080
0.061111
0.077521
0.013523
0.502289
0.245832
0.774408
0.127348
0.036919
0.073123
0.052791
0.216625
0.280063
0.213445
0.094763
0.610369
0.055515
0.027188
0.103952
0.098231
0.003414
0.046767
0.003203
0.027949
0.004196
0.000000
0.000071
0.000088
0.011911
0.020348
0.003815
0.005895
0.000577
0.003956
0.007233
0.001602
0.015087
0.063428
0.005295
0.007043
0.001808
0.000000
0.000000
0.002617
0.005606
0.008158
0.014934
0.009715
0.002682
0.003250
0.000000
0.000068
0.023451
0.032787
0.009457
0.002785
0.008274
0.000000
0.006307
0.002235
0.003293
0.005171
0.012740
0.027672
0.003485
0.005301
0.000000
0.000000
0.024140
0.003342
0.040636
0.002880
0.000181
0.003106
0.000000
0.003222
0.007648
0.006436
0.033928
0.003655
0.000188
0.000000
0.003531
0.000000
