0.000000
0.000000
0.000000
0.000000
0.000024
0.060923
0.000000
0.148127
0.000000
0.000000
0.000000
0.000000
0.000000
0.000000
0.000019
0.001878
0.000000
0.000000
0.000000
0.000000
0.221725
0.000000
0.237187
0.000000
0.000000
0.000000
0.000000
0.000000
0.000022
0.000025
0.000000
0.687008
0.000000
0.000000
0.000000
0.000000
0.100775
0.039348
0.000028
0.009709
0.000000
0.000000
0.000000
0.000000
0.084402
0.000047
0.108165
0.000000
0.000000
0.000000
0.000000
0.000000
0.000020
0.085644
0.000023
0.000000
0.000000
0.000000
0.000000
0.000000
0.000000
0.042247
0.057985
0.000022
1.681253
5.736572
1.644449
3.441281
23.558794
7.565830
14.360316
38.530448
2.407728
0.693120
4.219157
2.733065
5.709124
23.636287
25.180914
21.795300
1.413419
5.339166
1.588094
1.682532
34.605100
61.074000
51.130700
12.166850
1.497509
6.303131
0.085005
1.785291
16.193536
43.463425
14.934827
25.753300
4.450741
1.564186
0.601177
2.643950
33.886000
8.126061
20.799200
26.227116
2.566404
1.473376
3.112373
1.578715
22.024808
22.357600
11.619673
49.932600
4.679414
3.506735
0.088631
3.195635
38.210600
12.562537
28.207330
5.523551
1.311835
6.868985
2.458620
5.099841
34.400072
5.945215
10.567667
35.133500
0.000000
0.000000
0.000000
0.000000
0.000640
0.000000
0.000000
0.000022
0.000000
0.000000
0.000000
0.000000
0.000000
0.004625
0.000000
0.228915
0.000000
0.000000
0.000000
0.000000
0.000000
0.936032
0.000000
0.000000
0.000000
0.000000
0.000000
0.000000
0.000000
0.000000
0.058133
0.000000
0.000000
0.000000
0.000000
0.000000
0.071357
0.000000
0.001753
0.000000
0.000000
0.000000
0.000000
0.000000
0.000000
0.001837
0.000000
0.000035
0.000000
0.000000
0.000000
0.000000
0.642218
0.000000
0.000000
0.318967
0.000000
0.000000
0.000000
0.000000
0.000000
0.466670
0.000000
0.268630
1.467855
3.008040
3.708751
0.987937
9.836947
16.082922
21.591070
14.357052
0.155456
2.384009
2.597548
1.884455
23.364989
5.596476
36.283252
4.801738
1.336423
2.572767
0.995237
1.016202
6.479670
23.258478
14.562802
12.362355
2.941674
0.016769
7.291464
1.305223
21.825200
12.237027
6.172092
36.712386
1.529222
9.040911
5.257739
1.864759
17.034237
21.818100
13.544523
29.935880
0.931299
5.357686
1.874617
3.871645
13.943558
25.464517
8.234635
28.100300
3.902928
3.289892
2.869152
0.582759
10.786650
31.646400
15.979870
16.996914
3.892988
1.926063
3.551495
0.350817
9.427356
28.605600
16.137778
16.660234
0.000023
0.000000
0.000000
0.000000
0.298615
0.000000
0.805803
0.000000
0.000000
0.000000
0.000000
0.000000
0.047998
0.000000
0.000022
0.046411
0.000000
0.100011
0.000000
0.038648
0.761278
0.000000
0.000000
1.437818
0.039426
0.000000
0.000000
0.000997
0.089879
0.000000
0.164620
0.000016
0.000000
0.000000
0.000000
0.000091
0.000000
1.001970
0.012034
0.000000
0.000000
0.040092
0.000000
0.000000
0.492074
0.055029
0.000000
0.000033
0.000000
0.000000
0.000000
0.000000
0.000000
1.852616
0.152473
0.000013
0.000000
0.022189
0.000000
0.000000
1.674350
0.000000
0.000048
0.953675
1.295147
4.848870
3.105838
1.758327
28.988500
57.394200
12.934752
53.122300
2.898931
2.152992
5.554417
0.589026
11.825475
29.323711
28.393744
13.208525
0.000026
6.408079
5.466425
0.000048
57.176000
8.410414
12.301967
30.351130
2.569840
0.556571
5.458458
0.003641
6.918381
31.981972
42.664227
3.049440
3.253398
1.093278
1.711185
1.855285
10.000918
55.673500
9.427955
58.809303
4.045820
3.084846
5.889520
0.000025
22.181198
36.447464
13.630684
25.175067
2.495695
9.642922
1.191621
0.000594
10.937900
50.455600
25.094980
11.965091
0.005879
5.290049
3.655034
3.621896
3.627002
48.600200
18.968881
33.996233
0.000000
0.000000
0.000000
0.000000
0.002307
0.000000
0.061313
0.096551
0.000000
0.000000
0.000000
0.000000
0.001079
0.648530
0.000000
0.000000
0.000000
0.000000
0.000000
0.000000
0.116858
0.814746
0.000000
0.000000
0.000000
0.000000
0.000000
0.040934
0.307072
0.000000
0.045532
0.000000
0.000000
0.000000
0.000000
0.006786
0.000000
0.050797
0.000020
0.258653
0.000000
0.000000
0.000000
0.000000
0.036325
0.000029
0.000000
0.089393
0.000867
0.000000
0.000000
0.000000
1.868308
0.000000
0.759143
0.000000
0.000000
0.000000
0.000000
0.000000
0.000000
0.603828
0.000000
0.217738
0.925072
4.298895
0.004608
7.001743
8.566367
28.389800
11.404050
31.955258
6.286797
2.344386
0.091299
0.586727
21.778998
5.641023
15.022777
4.608059
1.760702
10.782095
2.098114
0.000034
44.561389
5.969954
7.564980
39.081600
0.138276
2.108558
0.000034
6.698322
9.576303
8.836986
12.055375
17.391737
1.984469
5.606323
2.780145
1.975551
8.383409
17.463003
6.418920
53.695900
8.355010
1.665180
0.090667
2.714531
14.852112
8.838467
16.565572
31.790752
0.142286
3.753945
1.335445
3.000388
9.734278
32.032800
12.600853
41.099606
3.554966
3.109694
0.000027
6.032196
10.779611
29.267931
12.293878
12.753414
0.000000
0.000000
0.000000
0.000000
0.000000
0.527207
0.043720
0.000025
0.000000
0.000000
0.000000
0.000000
0.011628
0.001410
0.000940
0.000031
0.000000
0.000000
0.000000
0.000000
0.000445
0.000021
0.005011
0.000904
0.000000
0.000000
0.000000
0.000000
0.000937
0.000034
0.000000
0.002767
0.000000
0.000000
0.000000
0.000000
0.000027
0.136868
0.062774
0.000019
0.000000
0.000000
0.000000
0.000000
0.061214
0.000022
0.000000
0.071615
0.000281
0.000000
0.000000
0.000000
0.070125
0.000000
0.000020
0.031727
0.000000
0.000000
0.000000
0.000801
0.000000
0.115426
0.000000
0.215231
3.913228
1.512980
3.743462
0.802911
43.996037
24.225039
40.601708
9.865184
3.641625
0.452778
4.365484
0.913704
13.610416
28.807842
24.776427
21.038300
3.709938
0.101019
1.025018
3.431487
9.382410
52.582600
15.789594
24.781111
3.626730
0.077910
2.932038
1.752837
6.164245
33.730172
14.202202
25.671116
2.026867
4.668104
2.203789
3.760174
6.757108
42.063200
47.928719
14.953378
0.563815
2.929329
1.181673
5.174182
46.468908
28.269500
14.421808
60.581927
4.038872
0.744289
1.354560
6.995273
18.424409
31.622600
11.564475
36.806812
4.412203
3.004460
2.406795
0.109605
27.358000
50.491248
13.233777
54.870000
0.000000
0.000000
0.000000
0.000000
0.000000
0.000000
0.000000
0.000029
0.000000
0.000000
0.000000
0.000000
0.057602
0.000018
0.000000
0.000025
0.000000
0.000000
0.000000
0.000000
0.079864
0.000000
0.094289
0.000000
0.000000
0.000000
0.000000
0.000000
0.000041
0.048897
0.000000
0.111922
0.000000
0.000000
0.000000
0.000000
0.002820
0.000000
0.000027
0.058125
0.000000
0.000000
0.000000
0.000000
0.104470
0.000000
0.000000
0.004498
0.000000
0.000000
0.000000
0.000000
0.000036
0.000000
0.381521
0.000000
0.000000
0.000000
0.000000
0.000000
0.927323
0.000000
0.000000
0.000031
2.695623
0.080544
4.163371
0.174355
14.745345
25.807369
13.803797
24.722400
1.238507
3.591645
0.594185
2.987182
45.461706
14.343442
9.201101
40.485400
0.111121
9.096813
2.033825
1.529513
22.115992
32.176500
10.325149
18.308033
0.119675
4.746417
1.570733
4.482986
10.646377
11.407841
17.649508
31.911423
1.980154
2.253011
0.920136
2.699580
9.304744
35.123961
29.311639
7.467500
0.100221
3.710923
4.625410
1.911492
6.826345
29.310519
5.712526
37.559905
9.184634
1.091415
1.112414
4.086748
23.038014
47.852700
18.437516
17.599655
4.411266
0.068282
1.580578
2.235878
14.481789
28.508700
24.366503
16.512395
0.000000
0.006336
0.000000
0.000000
0.550829
0.092544
0.000024
0.000000
0.000000
0.000000
0.000000
0.038129
0.000000
0.002350
0.362951
0.000000
0.000000
0.061893
0.000000
0.028415
0.000000
0.932440
0.000000
1.110244
0.000000
0.000000
0.001638
0.000000
0.526085
0.000000
0.065456
0.000003
0.000000
0.000000
0.001547
0.000000
0.056348
0.000000
0.612584
0.201029
0.000000
0.000023
0.000000
0.000000
0.154900
1.669969
0.000000
0.000012
0.000000
0.000000
0.040715
0.000000
0.000000
0.650207
0.000008
2.327908
0.039924
0.000000
0.000000
0.000000
0.000017
0.494845
0.222000
0.000000
0.352131
4.876585
0.066844
4.202931
30.493916
9.808644
10.597092
38.752478
0.087361
6.357125
1.562326
1.902287
16.866223
22.688336
51.268661
16.929686
0.000470
6.103135
1.816747
1.592129
34.569939
4.869347
27.252200
14.346491
7.934001
0.000030
4.490244
2.267380
11.362978
24.107242
57.813775
4.347447
3.506266
0.004263
1.846064
5.787891
14.128162
46.478400
9.548605
23.799536
5.914159
3.152215
0.000291
1.582173
11.861200
36.955541
18.855291
5.968954
0.006534
5.427605
0.028009
7.529183
10.259625
54.276169
16.371509
47.116300
0.016565
6.649194
4.589437
0.127967
35.654750
8.628578
27.208112
34.325042
0.000000
0.000000
0.000085
0.000000
0.004259
0.000000
0.000000
1.093565
0.000000
0.000000
0.000000
0.000000
0.000000
1.173616
0.188246
0.000000
0.000000
0.000000
0.000450
0.000000
0.636385
0.000000
0.455396
0.000000
0.000000
0.009729
0.000000
0.000000
0.000000
1.530604
0.000000
0.141526
0.000000
0.003263
0.000000
0.000000
0.000000
1.052590
0.001896
0.000196
0.000000
0.000000
0.000000
0.000000
0.000000
0.180791
0.048387
0.000036
0.000000
0.000086
0.000000
0.000000
0.000000
0.000000
0.917933
0.151337
0.000000
0.015795
0.000000
0.000000
0.000000
0.000000
0.046186
0.720027
2.080108
2.599809
1.446211
2.676017
6.426623
35.994695
15.992584
20.677628
4.167201
2.870492
1.886705
0.002687
12.903545
15.215692
7.847465
14.551267
4.766614
1.607068
0.462030
0.041408
17.264531
17.565297
49.379630
4.326494
0.000560
6.798767
3.587395
0.000022
5.817101
22.087767
16.106083
9.109285
2.248827
3.400876
0.071079
4.778901
11.125970
52.098455
5.956945
29.959645
2.425616
0.156079
3.905453
1.867957
23.211100
9.550520
15.560106
21.081206
3.566951
2.756911
2.291809
1.669718
33.706000
12.205670
18.123989
22.818686
0.000032
6.852566
2.904082
1.707701
31.822500
15.827286
19.907402
20.491377
0.000000
0.000000
0.000000
0.000000
0.000000
0.000000
0.000000
0.000000
0.000000
0.000000
0.000000
0.000000
0.000000
0.000000
0.000000
0.000000
0.000000
0.000000
0.000000
0.000000
0.000000
0.000000
0.000000
0.000000
0.000000
0.000000
0.000000
0.000000
0.000000
0.000000
0.000000
0.000000
0.000000
0.000000
0.000000
0.000000
0.000000
0.000000
0.000000
0.000000
0.000000
0.000000
0.000000
0.000000
0.000000
0.000000
0.000000
0.000000
0.000000
0.000000
0.000000
0.000000
0.000000
0.000000
0.000000
0.000000
0.000000
0.000000
0.000000
0.000000
0.000000
0.000000
0.000000
0.000000
0.000000
0.000000
0.000000
0.000000
0.000000
0.000000
0.000000
0.000000
0.000000
0.000000
0.000000
0.000000
0.000000
0.000000
0.000000
0.000000
0.000000
0.000000
0.000000
0.000000
0.000000
0.000000
0.000000
0.000000
0.000000
0.000000
0.000000
0.000000
0.000000
0.000000
0.000000
0.000000
0.000000
0.000000
0.000000
0.000000
0.000000
0.000000
0.000000
0.000000
0.000000
0.000000
0.000000
0.000000
0.000000
0.000000
0.000000
0.000000
0.000000
0.000000
0.000000
0.000000
0.000000
0.000000
0.000000
0.000000
0.000000
0.000000
0.000000
0.000000
0.000000
0.000000
0.000000
0.000000
0.000000
0.000000
0.000000
0.000000
0.000000
0.000000
0.000000
0.000000
0.000000
0.000000
0.000000
0.000000
0.000000
0.000000
0.000000
0.000000
0.000000
0.000000
0.000000
0.000000
0.000000
0.000000
0.000000
0.000000
0.000000
0.000000
0.000000
0.000000
0.000000
0.000000
0.000000
0.000000
0.000000
0.000000
0.000000
0.000000
0.000000
0.000000
0.000000
0.000000
0.000000
0.000000
0.000000
0.000000
0.000000
0.000000
0.000000
0.000000
0.000000
0.000000
0.000000
0.000000
0.000000
0.000000
0.000000
0.000000
0.000000
0.000000
0.000000
0.000000
0.000000
0.000000
0.000000
0.000000
0.000000
0.000000
0.000000
0.000000
0.000000
0.000000
0.000000
0.000000
0.000000
0.000000
0.000000
0.000000
0.000000
0.000000
0.000000
0.000000
0.000000
0.000000
0.000000
0.000000
0.000000
0.000000
0.000000
0.000000
0.000000
0.000000
0.000000
0.000000
0.000000
0.000000
0.000000
0.000000
0.000000
0.000000
0.000000
0.000000
0.000000
0.000000
0.000000
0.000000
0.000000
0.000000
0.000000
0.000000
0.000000
0.000000
0.000000
0.000000
0.000000
0.000000
0.000000
0.000000
0.000000
0.000000
0.000000
0.000000
0.000000
0.000000
0.000000
0.000000
0.000000
0.000000
0.000000
0.000000
0.000000
0.000000
0.000000
0.000000
0.000000
0.000000
0.000000
0.000000
0.000000
0.000000
0.000000
0.000000
0.000000
0.000000
0.000000
0.000000
0.000000
0.000000
0.000000
0.000000
0.000000
0.000000
0.000000
0.000000
0.000000
0.000000
0.000000
0.000000
0.000000
0.000000
0.000000
0.000000
0.000000
0.000000
0.000000
0.000000
0.000000
0.000000
0.000000
0.000000
0.000000
0.000000
0.000000
0.000000
0.000000
0.000000
0.000000
0.000000
0.000000
0.000000
0.000000
0.000000
0.000000
0.000000
0.000000
0.000000
0.000000
0.000000
0.000000
0.000000
0.000000
0.000000
0.000000
0.000000
0.000000
0.000000
0.000000
0.000000
0.000000
0.000000
0.000000
0.000000
0.000000
0.000000
0.000000
0.000000
0.000000
0.000000
0.000000
0.000000
0.000000
0.000000
0.000000
0.000000
0.000000
0.000000
0.000000
0.000000
0.000000
0.000000
0.000000
0.000000
0.000000
0.000000
0.000000
0.000000
0.000000
0.000000
0.000000
0.000000
0.000000
0.000000
0.000000
0.000000
0.000000
0.000000
0.000000
0.000000
0.000000
0.000000
0.000000
0.000000
0.000000
0.000000
0.000000
0.000000
0.000000
0.000000
0.000000
0.000000
0.000000
0.000000
0.000000
0.000000
0.000000
0.000000
0.000000
0.000000
0.000000
0.000000
0.000000
0.000000
0.000000
0.000000
0.000000
0.000000
0.000000
0.000000
0.000000
0.000000
0.000000
0.000000
0.000000
0.000000
0.000000
0.000000
0.000000
0.000000
0.000000
0.000000
0.000000
0.000000
0.000000
0.000000
0.000000
0.000000
0.000000
0.000000
0.000000
0.000000
0.000000
0.000000
0.000000
0.000000
0.000000
0.000000
0.000000
0.000000
0.000000
0.000000
0.000000
0.000000
0.000000
0.000000
0.000000
0.000000
0.000000
0.000000
0.000000
0.000000
0.000000
0.000000
0.000000
0.000000
0.000000
0.000000
0.000000
0.000000
0.000000
0.000000
0.000000
0.000000
0.000000
0.000000
0.000000
0.000000
0.000000
0.000000
0.000000
0.000000
0.000000
0.000000
0.000000
0.000000
0.000000
0.000000
0.000000
0.000000
0.000000
0.000000
0.000000
0.000000
0.000000
0.000000
0.000000
0.000000
0.000000
0.000000
0.000000
0.000000
0.000000
0.000000
0.000000
0.000000
0.000000
0.000000
0.000000
0.000000
0.000000
0.000000
0.000000
0.000000
0.000000
0.000000
0.000000
0.000000
0.000000
0.000000
0.000000
0.000000
0.000000
0.000000
0.000000
0.000000
0.000000
0.000000
0.000000
0.000000
0.000000
0.000000
0.000000
0.000000
0.000000
0.000000
0.000000
0.000000
0.000000
0.000000
0.000000
0.000000
0.000000
0.000000
0.000000
0.000000
0.000000
0.000000
0.000000
0.000000
0.000000
0.000000
0.000000
0.000000
0.000000
0.000000
0.000000
0.000000
0.000000
0.000000
0.000000
0.000000
0.000000
0.000000
0.000000
0.000000
0.000000
0.000000
0.000000
0.000000
0.000000
0.000000
0.000000
0.000000
0.000000
0.000000
0.000000
0.000000
0.000000
0.000000
0.000000
0.000000
0.000000
0.000000
0.000000
0.000000
0.000000
0.000000
0.000000
0.000000
0.000000
0.000000
0.000000
0.000000
0.000000
0.000000
0.000000
0.000000
0.000000
0.000000
0.000000
0.000000
0.000000
0.000000
0.000000
0.000000
0.000000
0.000000
0.000000
0.000000
0.000000
0.000000
0.000000
0.000000
0.000000
0.000000
0.000000
0.000000
0.000000
0.000000
0.000000
0.000000
0.000000
0.000000
0.000000
0.000000
0.000000
0.000000
0.000000
0.000000
0.000000
0.000000
0.000000
0.000000
0.000000
0.000000
0.000000
0.000000
0.000000
0.000000
0.000000
0.000000
0.000000
0.000000
0.000000
0.000000
0.000000
0.000000
0.000000
0.000000
0.000000
0.000000
0.000000
0.000000
0.000000
0.000000
0.000000
0.000000
0.000000
0.000000
0.000000
0.000000
0.000000
0.000000
0.000000
0.000000
0.000000
0.000000
0.000000
0.000000
0.000000
0.000000
0.000000
0.000000
0.000000
0.000000
0.000000
0.000000
0.000000
0.000000
0.000000
0.000000
0.000000
0.000000
0.000000
0.000000
0.000000
0.000000
0.000000
0.000000
0.000000
0.000000
0.000000
0.000000
0.000000
0.000000
0.000000
0.000000
0.000000
0.000000
0.000000
0.000000
0.000000
0.000000
0.000000
0.000000
0.000000
0.000000
0.000000
0.000000
0.000000
0.000000
0.000000
0.000000
0.000000
0.000000
0.000000
0.000000
0.000000
0.000000
0.000000
0.000000
0.000000
0.000000
0.000000
0.000000
0.000000
0.000000
0.000000
0.000000
0.000000
0.000000
0.000000
0.000000
0.000000
0.000000
0.000000
0.000000
0.000000
0.000000
0.000000
0.000000
0.000000
0.000000
0.000000
0.000000
0.000000
0.000000
0.000000
0.000000
0.000000
0.000000
0.000000
0.000000
0.000000
0.000000
0.000000
0.000000
0.000000
0.000000
0.000000
0.000000
0.000000
0.000000
0.000000
0.000000
0.000000
0.000000
0.000000
0.000000
0.000000
0.000000
0.000000
0.000000
0.000000
0.000000
0.000000
0.000000
0.000000
0.000000
0.000000
0.000000
0.000000
0.000000
0.000000
0.000000
0.000000
0.000000
0.000000
0.000000
0.000000
0.000000
0.000000
0.000000
0.000000
0.000000
0.000000
0.000000
0.000000
0.000000
0.000000
0.000000
0.000000
0.000000
0.000000
0.000000
0.000000
0.000000
0.000000
0.000000
0.000000
0.000000
0.000000
0.000000
0.000000
0.000000
0.000000
0.000000
0.000000
0.000000
0.000000
0.000000
0.000000
0.000000
0.000000
0.000000
0.000000
0.000000
0.000000
0.000000
0.000000
0.000000
0.000000
0.000000
0.000000
0.000000
0.000000
0.000000
0.000000
0.000000
0.000000
0.000000
0.000000
0.000000
0.000000
0.000000
0.000000
0.000000
0.000000
0.000000
0.000000
0.000000
0.000000
0.000000
0.000000
0.000000
0.000000
0.000000
0.000000
0.000000
0.000000
0.000000
0.000000
0.000000
0.000000
0.000000
0.000000
0.000000
0.000000
0.000000
0.000000
0.000000
0.000000
0.000000
0.000000
0.000000
0.000000
0.000000
0.000000
0.000000
0.000000
0.000000
0.000000
0.000000
0.000000
0.000000
0.000000
0.000000
0.000000
0.000000
0.000000
0.000000
0.000000
0.000000
0.000000
0.000000
0.000000
0.000000
0.000000
0.000000
0.000000
0.000000
0.000000
0.000000
0.000000
0.000000
0.000000
0.000000
0.000000
0.000000
0.000000
0.000000
0.000000
0.000000
0.000000
0.000000
0.000000
0.000000
0.000000
0.000000
0.000000
0.000000
0.000000
0.000000
0.000000
0.000000
0.000000
0.000000
0.000000
0.000000
0.000000
0.000000
0.000000
0.000000
0.000000
0.000000
0.000000
0.000000
0.000000
0.000000
0.000000
0.000000
0.000000
0.000000
0.000000
0.000000
0.000000
0.000000
0.000000
0.000000
0.000000
0.000000
0.000000
0.000000
0.000000
0.000000
0.000000
0.000000
0.000000
0.000000
0.000000
0.000000
0.000000
0.000000
0.000000
0.000000
0.000000
0.000000
0.000000
0.000000
0.000000
0.000000
0.000000
0.000000
0.000000
0.000000
0.000000
0.000000
0.000000
0.000000
0.000000
0.000000
0.000000
0.000000
0.000000
0.000000
0.000000
0.000000
0.000000
0.000000
0.000000
0.000000
0.000000
0.000000
0.000000
0.000000
0.000000
0.000000
0.000000
0.000000
0.000000
0.000000
0.000000
0.000000
0.000000
0.000000
0.000000
0.000000
0.000000
0.000000
0.000000
0.000000
0.000000
0.000000
0.000000
0.000000
0.000000
0.000000
0.000000
0.000000
0.000000
0.000000
0.000000
0.000000
0.000000
0.000000
0.000000
0.000000
0.000000
0.000000
0.000000
0.000000
0.000000
0.000000
0.000000
0.000000
0.000000
0.000000
0.000000
0.000000
0.000000
0.000000
0.000000
0.000000
0.000000
0.000000
0.000000
0.000000
0.000000
0.000000
