0.000000
0.000000
0.000000
0.000000
0.000000
0.000000
0.000000
0.000000
0.000000
0.000000
0.000000
0.000000
0.000000
0.000000
0.000000
0.000000
0.000000
0.000000
0.000000
0.000000
0.000000
0.000000
0.000000
0.000000
0.000000
0.000000
0.000000
0.000000
0.000000
0.000000
0.000000
0.000000
0.000000
0.000000
0.000000
0.000000
0.000000
0.000000
0.000000
0.000000
0.000000
0.000000
0.000000
0.000000
0.000000
0.000000
0.000000
0.000000
0.000000
0.000000
0.000000
0.000000
0.000000
0.000000
0.000000
0.000000
0.000000
0.000000
0.000000
0.000000
0.000000
0.000000
0.000000
0.000000
0.000000
0.000000
0.000000
0.000000
0.000000
0.000000
0.000000
0.000000
0.000000
0.000000
0.000000
0.000000
0.000000
0.000000
0.000000
0.000000
0.000000
0.000000
0.000000
0.000000
0.000000
0.000000
0.000000
0.000000
0.000000
0.000000
0.000000
0.000052
0.000000
0.000000
0.000000
0.000000
0.000000
0.000000
0.000000
0.000000
0.000000
0.000000
0.000000
0.000000
0.000000
0.000000
0.000000
0.000000
0.000000
0.000000
0.000000
0.000000
0.000000
0.000000
0.000000
0.000000
0.001983
0.025356
0.038453
0.003285
0.000000
0.000000
0.000000
0.000000
0.000000
0.000000
0.000000
0.000000
0.000000
0.000000
0.000000
0.000000
0.000000
0.000000
0.000000
0.000000
0.000000
0.000000
0.000000
0.000000
0.000000
0.000000
0.000000
0.000000
0.000000
0.034393
0.063396
0.075108
0.033028
0.000000
0.000000
0.000000
0.000000
0.000000
0.000000
0.000000
0.000000
0.000000
0.000000
0.000000
0.000000
0.000000
0.000000
0.000000
0.000000
0.000000
0.000000
0.000000
0.000000
0.000000
0.000000
0.000000
0.000000
0.000000
0.042441
0.042441
0.046233
0.105031
0.063201
0.018637
0.000000
0.001263
0.000532
0.000000
0.000000
0.000000
0.002010
0.004455
0.001164
0.000057
0.000000
0.000000
0.000000
0.000000
0.000000
0.000000
0.000000
0.000000
0.000000
0.000000
0.000000
0.000000
0.000000
0.000000
0.000000
0.022353
0.022353
0.045658
0.052315
0.060374
0.055333
0.031148
0.052143
0.049321
0.023087
0.016418
0.027565
0.052257
0.053214
0.052356
0.043840
0.008836
0.000343
0.000000
0.000545
0.000000
0.000000
0.000000
0.000073
0.000000
0.000000
0.000000
0.000000
0.000000
0.000000
0.000000
0.000000
0.000000
0.000000
0.000000
0.046293
0.063916
0.057597
0.061351
0.071112
0.082653
0.063424
0.052782
0.052784
0.053079
0.055291
0.068841
0.055712
0.053181
0.047983
0.013547
0.028313
0.035258
0.000000
0.014907
0.031892
0.033325
0.015954
0.000000
0.000000
0.000000
0.000000
0.000000
0.000000
0.000000
0.000000
0.024915
0.024915
0.053189
0.118205
0.131193
0.163510
0.249615
0.214221
0.129643
0.062562
0.052872
0.069034
0.106862
0.113349
0.109304
0.094877
0.055688
0.049498
0.112195
0.163975
0.073998
0.083743
0.054889
0.054598
0.035228
0.001022
0.000000
0.000000
0.000000
0.000000
0.000000
0.000000
0.000000
0.000000
0.000000
0.027747
0.027747
0.099620
0.244532
0.326781
0.405210
0.529259
0.471534
0.251949
0.123569
0.084327
0.111512
0.223602
0.233571
0.248196
0.237800
0.136540
0.263238
0.524740
0.174167
0.413202
0.317656
0.192132
0.127763
0.040213
0.007334
0.000017
0.000000
0.000000
0.000000
0.000000
0.000000
0.000000
0.000000
0.000000
0.000000
0.000000
0.171052
0.457363
0.603755
0.765013
1.140614
0.810051
0.360050
0.174948
0.206114
0.219268
0.465686
0.430897
0.398269
0.420869
0.330585
0.769557
0.340299
0.569718
0.673122
0.608232
0.437948
0.285821
0.123637
0.057214
0.032798
0.012018
0.000000
0.000000
0.000000
0.000000
0.000000
0.000000
0.000000
0.000000
0.000000
0.000000
0.000000
0.024057
0.024057
0.210653
0.751161
1.286879
1.994534
2.237223
1.677044
0.744287
0.281645
0.461530
0.891277
1.048283
0.722503
0.487023
0.794960
2.061667
1.881070
0.823790
1.098529
1.153231
1.016070
0.688757
0.465768
0.174346
0.061285
0.054438
0.055109
0.011885
0.001337
0.003668
0.002605
0.000000
0.000000
0.000000
0.000000
0.000000
0.000569
0.000073
0.025053
0.025053
0.639705
1.336538
2.221762
3.131853
3.469167
3.389985
2.662170
2.383108
2.925590
3.432089
3.088951
2.958509
1.727555
3.465873
4.776931
1.526539
2.090028
1.788430
2.060333
1.813448
0.970068
0.611850
0.243384
0.115863
0.070802
0.057959
0.052739
0.035725
0.050501
0.042826
0.008197
0.000000
0.011036
0.052455
0.034701
0.053516
0.006961
0.000000
0.000000
0.000000
0.000000
0.659574
1.848760
2.813367
3.336727
3.824438
4.238684
5.047930
5.318042
4.995627
5.259138
5.671896
6.315467
7.229191
6.173195
2.950920
2.746229
2.774128
2.968792
3.366118
2.763290
1.179963
0.513171
0.183478
1.287162
0.257250
0.055450
0.078333
0.056005
0.057486
0.048668
0.034411
0.032391
0.111056
0.094494
0.165420
0.114184
0.024078
0.020194
0.000000
0.012915
0.012915
0.628421
1.839489
2.950427
3.462589
4.034824
4.493992
5.328895
5.676252
5.542527
5.883021
6.593758
6.978204
5.730322
4.545542
2.857172
3.493100
3.457194
3.800866
4.072523
3.345024
1.497546
0.832833
1.922853
2.842563
0.608185
0.213175
0.290244
0.164593
0.121362
0.057794
0.119106
0.299741
0.097586
0.047843
0.050260
0.189882
0.418555
0.237369
0.007452
0.006434
0.047684
0.060414
0.042146
0.004924
0.000374
0.000000
0.000000
0.000000
0.000000
0.036035
0.053558
0.338026
2.447932
6.887498
8.108171
9.233660
9.307173
9.819021
9.372572
0.026601
0.026601
0.642255
1.792080
2.954697
3.538662
4.087345
4.409782
5.046264
5.442669
6.137188
6.223602
6.662111
7.041756
7.322343
7.046462
6.173242
5.602799
8.166295
8.203748
6.929352
6.848152
4.968980
3.619680
3.072396
1.026459
1.419655
1.254107
0.953357
0.846141
1.450027
0.075831
0.045650
0.047740
0.043960
0.000000
0.000000
0.000090
0.292817
0.982166
0.424926
0.282269
0.887911
0.176911
0.101143
0.140324
0.039955
0.000034
0.000000
0.000000
0.000000
0.036714
0.685062
2.851544
6.077879
8.178878
6.857567
3.571660
5.994724
8.726941
1.905951
0.000000
0.000000
0.611190
1.685942
2.798427
3.544298
4.083735
4.361305
4.786210
4.877497
4.830912
5.677846
6.887215
7.304093
7.768975
8.207184
8.098434
8.047342
9.137770
7.916082
6.741556
3.834460
1.899849
1.887280
2.000072
2.068991
1.878200
1.723258
1.437602
2.005544
2.463659
0.081342
0.000000
0.000000
0.000008
0.000000
0.000000
0.000085
0.022537
0.188302
0.667975
0.711822
1.088080
0.171262
0.321579
1.622246
0.814174
0.050035
0.000187
0.000555
0.000000
0.040301
0.928097
2.614791
4.431977
3.590541
1.987727
0.972409
2.942140
7.307379
1.292872
0.045015
0.045015
0.545598
1.574060
2.640315
3.360663
3.838233
3.784086
3.171294
1.735594
1.758120
2.453299
4.392575
6.534993
7.967086
8.196064
8.300743
8.429802
8.512457
7.100450
6.257151
4.000839
4.476289
3.950392
2.490773
2.314325
2.362463
2.171750
2.125002
3.867710
3.707860
0.412524
0.000047
0.000000
0.000000
0.000012
0.000161
0.005862
0.006662
0.039590
0.054374
0.059454
0.111403
0.115951
0.551142
3.299966
3.586877
1.136325
0.187183
0.066483
0.000012
0.000146
0.333139
1.343126
1.562969
0.286737
0.350237
0.951584
1.647847
6.074905
1.438422
0.055634
0.055634
0.465859
1.347385
2.269048
2.678772
1.922569
0.799507
0.157498
0.005923
0.043051
0.117716
2.141337
6.038900
5.492299
6.969365
7.347700
7.470995
7.819612
7.407587
5.833048
5.401590
3.697781
3.221250
3.640203
3.765300
3.332190
3.331031
3.855944
4.873737
3.906029
1.078124
0.060794
0.005438
0.023327
0.150834
0.272549
0.265899
0.083705
0.057643
0.055412
0.053867
0.641048
1.964495
3.995776
7.239382
7.729445
2.772648
2.157540
0.342013
0.013225
0.021375
0.125859
1.865479
3.507014
2.646286
1.311481
2.006090
1.620249
3.317122
2.863104
0.000000
0.000000
0.376188
1.045922
1.811024
2.378888
1.218185
0.127665
0.000000
0.000000
0.009053
0.033519
1.420012
3.938381
1.969429
5.062539
5.875936
6.148896
7.220780
6.261767
5.478491
4.982115
3.904348
3.751137
4.005870
4.069162
3.865115
4.180428
5.076271
5.516111
4.121036
2.073937
0.092340
0.098209
0.772530
1.245433
0.785947
0.481175
0.081540
0.061763
0.056923
0.210991
0.543523
2.640976
6.267060
8.307676
9.145733
5.609246
4.610733
1.906800
0.062107
0.237267
1.044957
3.421611
5.710961
5.672969
6.211802
6.797423
6.571431
6.694916
7.328543
0.090823
0.090823
0.270368
0.708143
0.686108
1.061441
0.796254
0.173882
0.000000
0.000000
0.000000
0.020486
0.924759
1.106529
1.585444
3.949909
4.251894
5.694188
6.755198
5.873664
5.721337
4.721420
3.992016
4.088957
4.296303
4.366821
4.340799
5.051752
6.581211
5.974175
4.433071
2.582513
0.809916
1.921356
3.297615
1.967814
0.685820
0.187277
0.078721
0.083705
0.224099
0.725536
0.158760
2.185522
7.183121
9.035834
9.217485
2.229335
3.614090
1.502879
0.205005
1.001814
1.842065
3.451036
6.154024
6.851400
8.202991
8.124153
8.473492
9.000449
10.072394
0.402749
0.402749
0.168369
0.430792
0.060760
0.000027
0.048816
0.082920
0.000981
0.000000
0.000000
0.000000
0.017140
0.048405
0.113433
0.167393
2.581194
5.419701
5.079061
5.053165
5.642600
5.454287
5.176377
5.212152
5.251194
5.288091
5.674233
6.840499
6.616215
6.073874
6.065107
5.818677
5.544167
6.160002
5.698734
2.154579
1.103308
1.734183
0.490072
0.413839
2.020713
2.315789
0.488464
2.534420
8.659624
11.195214
5.627156
2.059353
3.045673
4.323688
3.452863
3.622248
2.441414
2.802534
4.980163
6.278326
8.433119
10.861750
11.370695
13.078075
13.375163
0.000000
0.000000
0.097873
0.197843
0.015566
0.000010
0.026247
0.044747
0.001039
0.000000
0.000000
0.000000
0.000000
0.000000
0.044930
0.505488
2.456369
3.159500
3.226352
4.230280
5.549186
5.840775
5.670268
5.757826
5.969616
6.085260
6.795858
7.496883
6.762036
7.317397
8.176084
8.011788
8.432218
8.256976
6.861976
5.404190
4.346180
4.180398
0.457867
1.268262
3.115972
3.827847
0.420713
2.638501
9.808528
10.772836
4.191999
2.791791
6.539694
8.750998
5.350765
4.438339
4.452623
5.380904
6.719594
7.998720
9.776803
11.154569
13.092400
14.672500
17.474333
0.178964
0.178964
0.047481
0.056475
0.028365
0.000069
0.000000
0.000297
0.000000
0.000000
0.000000
0.000000
0.000000
0.000000
0.040027
0.328989
0.881034
0.767530
2.749038
4.203525
5.401591
6.185903
6.342386
6.506099
6.929617
7.115843
7.334742
8.689510
8.171917
8.582987
9.324420
9.759594
10.519395
10.641567
9.473841
8.711387
7.854674
4.559171
1.302854
3.426398
4.771071
5.433283
1.915589
3.618857
11.149062
11.621919
7.454952
7.451515
8.763510
8.125903
5.883056
4.522379
6.819333
7.637175
11.108629
11.736638
13.569766
16.188500
16.190130
19.092000
19.613377
0.164450
0.164450
0.043057
0.017773
0.000000
0.000000
0.000000
0.000000
0.000000
0.000000
0.000000
0.000000
0.000000
0.000000
0.000000
0.000000
0.027635
0.604547
2.424631
3.783435
4.646799
5.432009
5.605631
5.271979
7.037891
7.761934
8.210498
8.214629
8.305477
8.905135
10.107504
10.644641
11.138919
11.586517
12.041473
12.317502
10.691031
5.841079
4.885329
5.135365
6.152337
6.857590
5.267886
6.263221
13.534762
12.906734
11.796337
12.329553
10.389045
8.743815
8.483690
6.387843
9.279997
10.268411
11.734103
13.077234
15.549988
16.893300
18.862500
20.431669
22.457853
0.010279
0.000000
0.000000
0.000000
0.000000
0.000000
0.000000
0.000000
0.000000
0.000000
0.000000
0.000000
0.000000
0.000000
0.032317
0.210058
1.665145
3.190273
4.428258
4.800995
4.779567
5.020761
6.417901
8.196397
8.602478
7.542520
7.599104
8.564743
10.534059
10.567836
10.942458
11.605814
12.757653
13.404317
12.306773
9.199833
6.996278
6.524160
7.388021
7.579639
5.338470
9.068840
13.933395
13.962280
14.322436
15.126853
11.897065
9.386915
11.003273
9.167896
11.694926
12.105150
14.206983
15.522805
17.309191
18.559612
20.645312
22.284194
23.964859
0.000000
0.000000
0.000000
0.000000
0.000000
0.000000
0.000000
0.000000
0.000000
0.000000
0.000000
0.000000
0.000000
0.000000
0.037095
0.133444
1.422899
3.320351
4.380778
4.609976
4.711096
5.007236
6.488393
8.239351
8.478883
7.162622
6.989762
8.248747
10.768444
10.347084
10.643404
11.204617
12.979908
14.114894
13.345637
10.993692
8.359104
7.616832
8.850908
8.254253
5.571706
11.319533
14.228225
14.859614
15.305052
15.403225
12.110839
9.591434
12.561700
11.052063
13.098288
13.214575
15.854755
16.840875
18.737339
20.452047
22.445569
23.699242
25.224606
0.000000
0.000000
0.000000
0.000000
0.000000
0.000000
0.000000
0.000000
0.000000
0.000000
0.793460
2.904069
2.608762
4.365491
5.170573
5.171156
5.323378
5.660705
6.471222
7.028577
7.468324
7.022360
6.476317
7.363528
8.857767
9.087481
9.363049
9.708818
12.761383
13.308322
11.757502
10.769900
9.969126
9.888924
10.528753
9.605513
7.926571
15.075903
15.346937
16.127733
15.618872
15.626000
12.535534
9.600782
16.257033
14.726170
13.868813
14.909264
17.140236
18.444023
20.542252
21.936477
23.858638
25.450155
27.040614
0.000000
0.000000
0.000000
0.000000
0.000000
0.000000
0.011959
0.032138
0.000000
0.000000
0.803464
3.634397
4.870865
4.959100
5.650584
5.592435
5.772718
5.922802
6.212445
6.481453
6.648969
6.446180
6.292876
6.640273
7.598285
7.892280
8.161864
8.279168
11.902297
14.389792
12.505372
12.552800
11.731953
11.295158
11.074434
10.934700
10.958581
13.009700
14.508600
15.227544
16.105120
16.265814
14.704936
14.439537
18.607572
16.115181
14.872700
15.581712
17.227900
18.182475
20.468964
22.141019
24.401914
26.268202
28.124491
0.002811
0.010001
0.558118
2.995214
5.274016
5.357168
5.624943
5.739424
5.991473
6.183875
6.185670
6.113700
6.062470
5.847790
5.691820
5.980580
6.622903
6.099229
6.194379
6.673367
8.895156
13.222973
13.439809
13.855858
12.955164
12.268328
11.792144
12.051927
12.112103
12.903602
13.362700
13.556600
14.384367
16.273397
17.130834
16.024600
17.909416
16.312300
16.245858
16.900298
17.487470
17.874603
19.360981
20.698667
23.462425
25.498158
27.453619
0.942021
1.433525
1.599914
2.847572
4.896936
5.559244
5.426895
5.584250
5.857878
6.004713
5.098484
4.732903
4.377235
4.154857
3.929426
3.832484
2.968899
1.955218
1.409192
1.368361
2.692771
6.080170
11.623230
13.109341
13.677622
11.850728
11.139831
11.662713
12.579661
12.322959
13.295169
13.582908
13.886700
14.994998
15.128592
14.950600
15.531300
15.908805
15.149108
15.249164
15.944564
16.429850
17.330288
18.747900
21.531647
25.486238
30.474527
4.406644
4.868941
5.467939
5.490802
5.350116
5.451025
5.441072
4.538701
1.530248
1.035896
1.138237
1.068757
0.677475
0.655433
0.211234
0.045188
0.031850
0.030428
0.146287
1.558733
7.066899
10.455595
12.927488
12.089883
11.541066
11.513722
11.422723
11.555748
13.728616
14.310547
13.320930
12.546648
14.576920
14.430366
14.489488
14.974120
13.260103
12.856147
14.632852
15.133006
17.066030
19.106664
21.129642
24.995264
31.291830
4.875240
5.244119
5.504389
5.341769
5.279570
5.328049
4.827666
2.655942
0.238173
0.058964
0.148125
0.072411
0.029092
0.000189
0.000000
0.000000
0.000000
0.000000
0.000000
0.027314
1.519466
7.844705
11.717363
12.027272
11.734170
11.564558
10.726062
11.302416
13.790727
14.575298
13.777548
13.112848
14.085617
14.002970
13.751873
14.247355
12.642087
11.522514
13.910625
14.498973
16.755698
20.118555
23.264022
25.997861
31.895134
5.112487
4.949841
4.505261
2.139100
0.219842
0.070844
0.053950
0.046064
0.000000
0.000000
0.000000
0.000000
0.000000
0.000000
0.000000
0.000000
0.047025
1.779551
8.948096
10.052689
11.194423
11.795131
10.678959
10.994787
12.350525
13.828542
13.328655
12.602955
13.767073
13.002067
12.690798
12.869669
12.005970
12.168858
13.937205
14.540798
16.609627
19.062400
26.148089
31.676437
37.453394
5.098275
4.640577
3.772020
2.014940
0.517022
0.075792
0.053194
0.026483
0.000000
0.000000
0.000000
0.000000
0.000000
0.000000
0.000000
0.000000
0.014125
0.202982
5.148746
8.653153
10.032748
10.431400
10.610091
10.603400
11.526100
12.447125
13.104792
12.658156
13.147225
11.678917
10.767534
13.641472
12.666386
12.774412
14.024937
14.951250
17.518413
19.661600
23.857756
31.798959
38.800377
0.000168
0.000000
0.000000
0.000000
0.000000
0.000000
0.000000
0.000000
0.000000
0.000073
0.045833
0.218311
3.794298
8.020337
9.275531
9.719600
9.874310
10.260600
11.116145
11.280786
11.339145
12.305719
11.576572
11.335023
9.334705
8.493870
11.472216
14.783839
12.794188
14.190478
18.254763
20.708700
24.976033
31.977500
39.821203
0.000000
0.000000
0.000000
0.000000
0.000000
0.000000
0.000000
0.000000
0.000000
0.004618
0.060918
0.250367
4.329789
7.902538
9.115062
9.719600
9.719600
10.298300
10.260600
9.718665
9.676047
10.143657
11.040861
9.493356
7.663725
6.634968
8.129890
12.763680
12.962589
14.063275
19.563556
24.017914
26.912003
32.150639
40.751400
0.000000
0.000000
0.000000
0.000873
0.056004
0.300224
4.070082
7.628231
8.851252
9.387137
9.508950
10.052550
9.885524
9.146052
8.132809
7.944831
8.706353
8.496742
4.652993
3.735254
6.640456
10.769883
12.350503
13.624947
18.824092
24.477580
29.864042
33.609039
45.514713
0.000000
0.000000
0.000000
0.004602
0.094905
0.565179
5.083214
7.816063
8.677369
9.165721
9.315148
9.572374
9.514020
8.657332
7.320260
6.409915
5.603418
6.065930
4.054183
2.830929
5.294579
9.270297
11.580092
13.003305
18.093522
24.392350
26.148194
31.213375
48.676022
6.635446
7.529741
8.254507
8.845859
8.489128
7.989840
7.283267
6.171211
4.595757
2.920691
3.831194
2.239500
1.631565
2.414231
3.873041
6.279701
9.272042
11.108161
17.653911
24.712013
28.153327
31.172655
50.942259
67.912656
73.391850
6.677818
7.156175
7.702791
8.211489
8.520190
8.060686
6.839243
5.445427
2.486544
1.332455
1.413564
1.803889
1.987277
1.845825
2.151735
3.518147
5.705800
7.510509
15.531220
25.062166
27.208781
33.321892
57.037967
75.158405
85.197698
6.975247
7.402119
8.635133
8.463618
5.999155
3.615169
1.444623
1.585505
1.191976
1.151988
2.001933
2.705308
2.981231
3.339848
6.050897
8.378600
17.526125
28.806153
28.267289
34.923384
54.400213
74.068000
89.206983
6.024911
6.379880
6.972980
7.464468
5.124968
1.557826
0.735042
1.544552
1.690577
1.320899
1.537067
2.531866
4.940827
5.763451
15.778482
19.392313
25.848763
31.078958
30.529602
36.334669
53.547586
84.031170
117.417675
6.412624
6.342107
4.313350
1.683217
0.277120
0.594223
1.675495
2.234232
2.077192
2.316227
4.389832
5.552941
14.548964
20.073711
28.271302
31.587038
38.897564
46.343664
55.820842
88.490277
149.138191
180.086609
234.328797
5.224416
4.820036
4.041206
2.258952
0.238433
0.308380
0.644880
1.105992
2.400271
3.791558
4.773308
6.021193
13.840321
19.417964
28.757723
30.014080
34.384234
42.027842
72.409225
131.276425
227.464000
253.831094
255.883750
0.565808
0.940895
2.214785
4.521497
5.456241
6.748813
14.461803
18.992545
26.172217
27.967227
29.171019
44.286878
88.410283
165.178089
254.263844
255.648250
256.299266
