0.000000
0.000000
0.000000
0.000000
0.000000
0.000000
0.000000
0.000000
0.000000
0.000000
0.000000
0.000000
0.000000
0.000000
0.000000
0.000000
0.000000
0.000000
0.000000
0.000000
0.000000
0.000000
0.000000
0.000000
0.000000
0.000000
0.000000
0.000000
0.000000
0.000000
0.000000
0.000000
0.000000
0.000000
0.000000
0.000000
0.000000
0.000000
0.000000
0.000000
0.000000
0.000000
0.000000
0.000000
0.000000
0.000000
0.000000
0.000000
0.000000
0.000000
0.000000
0.000000
0.000000
0.000000
0.000000
0.000000
0.000000
0.000000
0.000000
0.000000
0.000000
0.000000
0.000000
0.000000
0.000000
0.000000
0.000000
0.000000
0.000000
0.000000
0.000000
0.000000
0.000000
0.000000
0.000000
0.000000
0.000000
0.000000
0.000000
0.000000
0.000000
0.000000
0.000000
0.000000
0.000000
0.000000
0.000000
0.000000
0.000000
0.000000
0.000000
0.000000
0.000000
0.000000
0.000000
0.000000
0.000000
0.000000
0.000000
0.000000
0.000000
0.000000
0.000000
0.000000
0.000000
0.000000
0.000000
0.000000
0.000000
0.000000
0.000000
0.000000
0.000000
0.000000
0.000000
0.000000
0.000000
0.000000
0.000000
0.000000
0.000000
0.000000
0.000000
0.000000
0.000000
0.000000
0.000000
0.000000
0.000000
0.000000
0.000000
0.000000
0.000000
0.000000
0.000000
0.000000
0.000000
0.000000
0.000000
0.000000
0.000000
0.000000
0.000000
0.000000
0.000000
0.000000
0.000000
0.000000
0.000000
0.000000
0.000000
0.000000
0.000000
0.000000
0.000000
0.000000
0.000000
0.000000
0.000000
0.000000
0.000000
0.000000
0.000000
0.000000
0.000000
0.000000
0.000000
0.000000
0.000000
0.000000
0.000000
0.000000
0.000000
0.000000
0.000356
0.000356
0.000000
0.000000
0.000000
0.000000
0.000000
0.000000
0.000000
0.000000
0.000000
0.000000
0.000000
0.000000
0.000000
0.000000
0.000000
0.000000
0.000000
0.000000
0.000000
0.000000
0.000000
0.000000
0.000000
0.000000
0.000000
0.000000
0.000000
0.000000
0.000000
0.000294
0.000294
0.000000
0.000000
0.000000
0.000000
0.000000
0.000000
0.000000
0.000000
0.000000
0.000000
0.000000
0.000000
0.000000
0.000000
0.000000
0.000000
0.000000
0.000000
0.000000
0.000000
0.000000
0.000000
0.000000
0.000000
0.000000
0.000000
0.000000
0.000000
0.000000
0.000000
0.000000
0.000000
0.000000
0.000000
0.000000
0.000000
0.000000
0.000000
0.000000
0.000000
0.000000
0.000000
0.000000
0.000000
0.000000
0.000000
0.000000
0.000000
0.000000
0.000000
0.000000
0.000000
0.000000
0.000000
0.000000
0.000000
0.000000
0.000000
0.000000
0.000000
0.000000
0.000000
0.000000
0.000000
0.000564
0.000564
0.000000
0.000000
0.000000
0.000000
0.000000
0.000000
0.000000
0.000000
0.000000
0.000000
0.000000
0.000000
0.000000
0.000000
0.000000
0.000000
0.000000
0.000000
0.000000
0.000000
0.000000
0.000000
0.000000
0.000000
0.000000
0.000000
0.000000
0.000000
0.000000
0.000000
0.000000
0.000000
0.000000
0.000629
0.000629
0.000000
0.000000
0.000000
0.000000
0.000000
0.000000
0.000000
0.000000
0.000000
0.000000
0.000000
0.000000
0.000000
0.000000
0.000000
0.000000
0.000000
0.000000
0.000000
0.000000
0.000000
0.000000
0.000000
0.000000
0.000000
0.000000
0.000000
0.000000
0.000000
0.000000
0.000000
0.000000
0.000000
0.000000
0.000000
0.000000
0.000000
0.000000
0.000000
0.000000
0.000000
0.000000
0.000000
0.000000
0.000000
0.000000
0.000000
0.000000
0.000000
0.000000
0.000000
0.000000
0.000000
0.000000
0.000000
0.000000
0.000000
0.000000
0.000000
0.000000
0.000000
0.000000
0.000000
0.000000
0.000000
0.000000
0.000000
0.000000
0.000000
0.000000
0.000000
0.000000
0.000833
0.000833
0.000000
0.000000
0.000000
0.000000
0.000658
0.000009
0.000000
0.000000
0.000016
0.001304
0.002447
0.000836
0.000000
0.000021
0.000000
0.000000
0.000000
0.000000
0.000000
0.000000
0.000000
0.000000
0.000000
0.000000
0.000000
0.000000
0.000000
0.000000
0.000000
0.000000
0.000000
0.000000
0.000000
0.000000
0.000000
0.000000
0.000000
0.000348
0.000348
0.000000
0.000000
0.000000
0.000341
0.034591
0.033595
0.014338
0.013706
0.053026
0.034326
0.038212
0.247078
0.078521
0.034391
0.012814
0.000000
0.000000
0.000000
0.000000
0.000000
0.000000
0.000000
0.000000
0.000355
0.000088
0.000000
0.000000
0.000000
0.000000
0.000000
0.000000
0.000000
0.000000
0.000000
0.000000
0.000000
0.000000
0.000000
0.000000
0.000000
0.000000
0.000000
0.000000
0.000000
0.003919
0.047950
0.129600
0.306705
0.200083
0.348512
0.374564
0.614204
1.753167
0.388766
0.072759
0.000287
0.000000
0.000000
0.000000
0.000000
0.000000
0.000000
0.000000
0.004002
0.025664
0.007626
0.000000
0.018833
0.002354
0.000000
0.000000
0.000000
0.000000
0.000000
0.000000
0.000000
0.000000
0.000000
0.000000
0.000000
0.000462
0.000462
0.000000
0.000000
0.000000
0.005095
0.049114
0.145463
0.375382
0.376211
0.819134
1.357769
2.165520
1.801579
0.200921
0.125256
0.022565
0.003371
0.005228
0.003440
0.002033
0.047960
0.030472
0.008951
0.051657
0.299959
0.044289
0.006729
0.035161
0.012507
0.000262
0.000000
0.000000
0.000000
0.000000
0.000000
0.000000
0.000000
0.000000
0.000000
0.000000
0.000000
0.000000
0.000000
0.000000
0.000000
0.000000
0.000000
0.000000
0.000000
0.000000
0.000000
0.035274
0.037059
0.043826
0.088683
0.045658
0.042807
0.043296
0.303883
0.007253
0.000873
0.000873
0.000000
0.000000
0.000000
0.002910
0.042324
0.134594
0.345823
0.579243
1.056076
1.328948
2.065122
2.357736
2.939357
3.160759
1.687218
0.427804
1.951940
1.011075
0.602479
1.355824
0.431786
0.066059
0.186123
0.057121
0.124863
0.075684
0.040338
0.041277
0.014389
0.000000
0.000000
0.000000
0.000000
0.000000
0.000000
0.000000
0.000000
0.000000
0.000000
0.000000
0.000000
0.000000
0.000000
0.000000
0.000000
0.000000
0.000000
0.000000
0.000000
0.000002
0.036198
0.040480
0.062036
0.095699
0.038560
0.039052
0.320864
0.844010
0.034059
0.000000
0.000000
0.000000
0.000000
0.000000
0.002247
0.043030
0.143295
0.297008
0.321265
0.285895
0.699146
1.776602
2.272060
2.635120
4.292220
3.855150
3.253533
3.472173
2.182582
0.899678
0.190793
0.052686
0.074328
0.156456
0.308611
0.215116
0.162778
0.101258
0.218877
0.432112
0.000000
0.000000
0.000000
0.000000
0.000000
0.000000
0.000000
0.000000
0.000000
0.000000
0.000000
0.000000
0.000000
0.000000
0.000000
0.000018
0.000000
0.000000
0.000000
0.000000
0.000015
0.037960
0.041459
0.045150
0.047273
0.037565
0.057626
0.045433
0.206581
0.042219
0.002065
0.002065
0.000000
0.000000
0.000000
0.000000
0.033354
0.054044
0.054011
0.005424
0.025957
0.032901
0.253402
0.471526
2.832496
4.720462
5.050137
5.279310
4.397157
1.255970
0.365436
0.226822
0.461155
0.523842
0.254757
0.244105
0.301806
0.223055
0.200641
0.770814
1.657158
0.036671
0.000000
0.000000
0.000000
0.000000
0.000000
0.000000
0.000000
0.000000
0.000000
0.000000
0.000000
0.000000
0.000019
0.034700
0.133455
0.007954
0.000008
0.000000
0.000000
0.000000
0.024854
0.040495
0.040657
0.028707
0.036430
0.041741
0.040667
0.084336
0.041703
0.002061
0.002061
0.000000
0.000000
0.000000
0.000000
0.000000
0.000000
0.000000
0.000000
0.000000
0.000000
0.037421
1.088302
1.384166
3.150149
4.327756
4.411340
5.143182
4.170489
1.087298
0.901823
0.263687
0.459975
0.772572
0.746223
0.537404
0.332790
1.031920
2.272250
1.553571
0.070582
0.000000
0.000000
0.000000
0.005212
0.000000
0.000000
0.000000
0.000000
0.000000
0.000000
0.000000
0.013285
0.038862
0.179709
0.893456
0.112135
0.078063
0.015404
0.000000
0.000000
0.001099
0.033394
0.059634
0.064525
0.038435
0.044738
0.060978
0.048460
0.048997
0.000000
0.000000
0.000000
0.000000
0.000000
0.000000
0.000000
0.000000
0.000000
0.000000
0.000000
0.000000
0.070677
0.352507
0.027680
1.039140
1.389098
1.458468
5.106835
3.592361
2.453043
1.934072
0.598554
0.833187
1.281600
1.233493
0.865027
0.670495
1.653592
2.699981
1.903410
0.331496
0.000000
0.000000
0.019410
0.024241
0.005961
0.000463
0.000000
0.000000
0.000000
0.000000
0.000000
0.013741
0.103912
0.372968
0.720918
0.566578
0.459095
0.061004
0.000000
0.000000
0.002174
0.032052
0.222463
0.159424
0.114884
0.227613
0.155920
0.060455
0.288274
0.001683
0.001683
0.000000
0.000000
0.000000
0.000000
0.000000
0.000000
0.000000
0.000000
0.000000
0.000000
0.000779
0.000290
0.031182
0.297610
0.051401
0.370395
4.561945
4.441859
4.894366
2.919239
0.956555
1.595835
2.071744
1.973940
1.417715
1.126688
2.661735
2.554685
1.247672
0.077775
0.003062
0.014729
0.044238
0.035669
0.006099
0.000648
0.000000
0.000102
0.000170
0.000000
0.000000
0.013389
0.083324
0.226768
0.545914
0.082592
0.182532
0.050511
0.004468
0.003595
0.004586
0.032328
0.213189
0.205675
0.543830
0.752146
0.575331
0.430306
0.822509
0.005961
0.005961
0.000000
0.000000
0.000000
0.000000
0.000000
0.000000
0.000000
0.000000
0.000000
0.000000
0.000000
0.000000
0.005172
0.000209
0.086982
0.799225
0.941831
3.090651
4.519623
4.033057
2.814124
2.909354
2.890979
2.782238
2.375933
2.434725
2.879715
2.344791
2.545571
1.818079
0.490544
0.620435
0.175899
0.016394
0.000000
0.000000
0.000000
0.002381
0.008295
0.000263
0.000000
0.014044
0.977745
1.969282
0.037796
0.000000
0.024222
0.037267
0.037336
0.039617
0.030961
0.033913
0.037528
0.217817
0.486103
1.070886
1.575474
1.629663
1.738913
0.000000
0.000000
0.000000
0.000000
0.000000
0.000000
0.000000
0.000000
0.000000
0.000000
0.000000
0.000000
0.000000
0.000000
0.000000
0.008423
0.102694
0.199019
0.656204
1.413847
3.641550
4.267402
3.882402
3.794271
3.711442
3.658379
3.382734
3.494987
3.096643
3.210140
3.803508
3.184466
2.824145
1.583418
0.069057
0.008953
0.000537
0.000000
0.000000
0.015672
0.032848
0.023336
0.000196
0.025587
2.101176
1.241118
0.001962
0.011585
0.034688
0.167921
0.049472
0.153476
0.329198
0.101353
0.124561
1.027447
1.316334
1.314898
1.888152
2.084435
2.546206
0.003645
0.003645
0.000000
0.000000
0.000000
0.000000
0.000000
0.000000
0.000000
0.000000
0.000000
0.000000
0.000000
0.000000
0.000000
0.012859
0.029900
0.031460
0.555897
1.729798
3.733595
4.348775
4.463763
4.579905
4.860046
4.900062
4.226162
4.746517
3.922296
4.001411
4.332549
4.475484
4.583668
3.691929
0.922475
0.883428
0.686527
0.019534
0.004235
0.060356
0.076206
0.056765
0.000258
0.017514
1.389344
3.359386
0.097266
0.049652
0.153759
1.188472
0.314702
0.407485
0.418280
0.377339
0.493673
1.392081
2.176982
2.182831
2.378460
2.618938
2.965763
0.006725
0.006725
0.000000
0.000000
0.000000
0.000000
0.000000
0.000000
0.000000
0.000000
0.000000
0.000000
0.000000
0.000000
0.000000
0.000000
0.000000
0.000000
0.125856
0.488167
1.568127
2.138871
2.488811
2.109907
4.522362
3.488375
4.366976
4.540700
3.919768
3.920682
4.670968
4.989843
5.268685
5.505523
5.725748
5.745051
2.313854
0.075840
0.211311
0.325568
1.289500
1.751468
0.061947
0.220272
3.155033
4.091847
2.524807
2.108183
0.425107
0.190275
0.599166
0.321364
1.434202
1.797774
1.617471
2.333870
2.640135
2.868034
3.169005
3.694690
4.063890
0.000000
0.000000
0.000000
0.000000
0.000000
0.000000
0.000000
0.000000
0.000000
0.000000
0.000000
0.000000
0.000000
0.000000
0.000000
0.000000
0.033774
0.234224
0.469846
0.425691
0.326898
0.648674
2.030875
2.485291
2.007637
2.246007
1.888836
3.356789
4.849721
4.781830
5.031317
5.568502
6.417292
7.130093
4.635470
0.976996
0.417765
1.100464
2.921660
2.736386
0.264645
0.621597
3.924255
5.222767
5.186316
5.162043
1.686986
1.467036
2.616203
2.127973
2.737085
2.492298
2.266705
2.566048
3.158291
3.547223
3.882886
5.059840
5.198290
0.000000
0.000000
0.000000
0.000000
0.000000
0.000000
0.000000
0.000000
0.000000
0.000000
0.000000
0.000000
0.000000
0.000000
0.000000
0.000028
0.028994
0.148199
0.352545
0.384081
0.464026
0.602422
0.910715
0.569676
0.580681
1.096221
1.155267
2.947168
4.672349
4.499985
4.749027
5.252425
6.736489
7.915591
5.432514
1.558706
0.702668
2.101924
3.644451
1.681746
0.615580
2.088899
5.513715
5.686260
5.864335
5.857757
1.196246
0.360629
2.644358
3.440665
3.900047
3.705431
2.869286
3.013012
3.474968
3.946916
4.286763
6.025544
6.114933
0.000000
0.000000
0.000000
0.000000
0.000000
0.000000
0.000000
0.000000
0.000000
0.000000
0.014064
0.042756
0.033558
0.252988
0.696854
0.725393
0.553837
0.649510
0.723072
0.904507
0.917821
1.343554
1.373252
1.687069
1.293863
2.544971
3.481886
3.826579
6.331054
5.744861
2.884623
1.259645
2.081200
3.153963
3.839288
3.038330
0.837434
2.881341
5.867678
6.400688
5.932551
6.263208
2.735882
2.574845
5.268378
5.287192
4.350561
3.608923
3.570243
3.660046
3.999960
4.343724
5.098481
7.109076
7.748355
0.000000
0.000000
0.000000
0.000000
0.000000
0.000000
0.000000
0.000000
0.000000
0.000000
0.005971
0.059968
0.302941
0.411711
0.827720
0.748930
0.761711
0.735213
0.714207
0.642769
0.851253
1.018426
1.188601
1.296175
1.267357
1.691913
1.541900
1.987078
4.938203
6.332733
5.275875
5.040108
4.568409
4.309080
4.579908
4.651810
4.585279
6.057126
6.421290
7.226492
8.265324
8.843385
5.736659
5.933661
8.357454
5.723164
3.929450
3.929450
4.117977
4.144910
4.502266
5.097860
5.097860
7.509730
7.618190
0.000000
0.000000
0.000058
0.068769
0.615448
0.753532
0.894307
0.801690
0.907507
0.919664
0.795039
0.544190
0.712079
0.735189
0.891268
0.907183
1.079357
0.626218
0.375445
0.550225
1.227835
5.282025
7.598802
8.138050
6.471030
5.654483
5.332241
5.776146
5.501082
6.390124
5.965090
5.006711
7.646311
9.603083
10.380428
8.509300
9.200885
5.466200
3.929450
3.929450
4.117977
4.144910
4.502266
5.097860
5.359380
7.514548
8.729557
0.000000
0.001853
0.004731
0.006261
0.264476
0.558053
0.440934
0.602660
0.705203
0.511292
0.241199
0.389977
0.095538
0.086634
0.106031
0.032472
0.046035
0.032334
0.000238
0.000000
0.000022
0.772057
5.712248
7.868338
6.776824
4.886594
4.602115
5.172825
5.813307
5.655668
6.321940
4.955942
5.178218
7.699035
8.850712
8.524490
7.564510
6.057460
4.336740
4.449825
4.671736
4.536752
4.348313
4.490850
5.174360
6.841120
8.565000
0.100620
0.138031
0.322741
0.400353
0.347016
0.429111
0.396769
0.097357
0.013971
0.022128
0.013698
0.013700
0.008643
0.000016
0.000015
0.000060
0.000000
0.000000
0.000067
0.039701
1.443308
4.744001
5.293210
4.914057
5.262160
5.120251
4.651389
4.536441
6.786610
6.420520
3.850806
4.193137
7.806395
7.308420
6.622604
6.430047
4.396752
4.336248
4.447278
4.388780
4.211433
4.125838
4.514076
5.874764
7.454434
0.197965
0.153932
0.326835
0.289211
0.234538
0.272757
0.130974
0.022579
0.000000
0.000000
0.000000
0.000000
0.000000
0.000000
0.000000
0.000000
0.000000
0.000000
0.000000
0.000000
0.000000
0.151983
2.647573
5.068662
5.689078
5.253124
3.986592
4.051565
6.674206
7.236446
5.490554
4.854543
6.450745
6.344842
5.883939
6.521357
4.609163
4.321301
4.325290
4.320111
4.164275
3.922551
3.822742
4.899623
6.732354
0.100486
0.042174
0.037473
0.020935
0.000000
0.000000
0.000000
0.000000
0.000000
0.000000
0.000000
0.000000
0.000000
0.000000
0.000000
0.000000
0.000000
0.006992
0.157582
2.547739
5.595300
5.569891
3.570345
3.164196
4.479650
5.401831
5.156572
3.923510
5.050125
5.136158
4.488697
5.550137
5.798535
4.728540
4.620083
4.585578
4.539123
4.123522
3.210964
4.108140
6.729300
0.052233
0.036386
0.035183
0.012708
0.000000
0.000000
0.000000
0.000000
0.000000
0.000000
0.000000
0.000000
0.000000
0.000000
0.000000
0.000000
0.000000
0.006384
0.335154
2.571958
3.472168
3.934954
4.094355
3.415260
3.730160
4.117453
5.281109
4.239952
4.695677
3.622780
3.337018
6.047692
6.009747
4.972505
4.765092
4.680166
4.916343
4.716260
3.106653
4.520121
6.444370
0.000000
0.000000
0.000000
0.000000
0.000000
0.000000
0.000000
0.000000
0.000000
0.000000
0.000000
0.009293
0.112331
2.105056
3.141865
3.197400
3.358610
3.360110
3.277733
3.221651
3.203801
4.009122
3.286652
3.307552
2.306181
4.108944
6.223482
6.119162
3.957471
4.227755
5.285782
5.964760
3.435262
4.415374
7.268420
0.000000
0.000000
0.000000
0.000000
0.000000
0.000000
0.000000
0.000000
0.000000
0.000000
0.000000
0.021251
0.379394
2.209612
2.812844
2.878400
2.842580
2.606378
2.343328
2.162624
1.716116
1.426663
1.393084
0.846848
1.904196
1.842433
3.169687
3.931005
4.245045
4.534953
6.113706
7.989052
4.014919
4.960992
7.922800
0.000000
0.000000
0.000000
0.000000
0.000000
0.021459
0.445091
2.204286
2.664737
2.733500
2.642717
2.353423
1.666198
1.512844
0.687242
0.494360
0.591669
0.714949
0.523943
0.694160
2.108875
3.362732
4.200511
4.426856
6.373593
8.924436
5.092826
5.386736
8.521350
0.000000
0.000000
0.000000
0.000000
0.000000
0.019399
1.031262
2.375743
2.562738
2.632929
2.445961
1.742032
0.756689
1.134238
0.455551
0.424049
0.461876
0.609003
0.760851
0.676561
1.307302
2.813977
3.967326
4.628559
6.471718
9.444017
6.027065
5.516678
8.827518
1.831093
2.206769
2.337028
2.482550
1.768349
0.999890
0.640038
0.284695
0.174656
0.246020
0.428565
0.436381
0.419040
0.611296
0.930543
1.449954
3.106913
4.167645
6.485021
9.581426
9.042865
6.121304
8.612819
12.572527
11.521512
1.850189
2.035252
2.122068
2.145077
1.858137
1.044406
0.378838
0.081277
0.097810
0.118028
0.199145
0.346309
0.455834
0.438946
0.552219
0.834138
1.464444
2.669288
6.108690
10.313722
10.510412
6.884838
9.703420
12.444584
12.485119
1.854010
1.856567
2.014688
1.870189
0.150069
0.042050
0.052957
0.066471
0.087878
0.141769
0.352316
0.524745
0.666587
0.795725
1.907724
3.995974
7.257423
11.986366
10.940880
7.638929
9.390720
11.670952
11.909025
1.603306
1.683885
1.769014
1.605708
0.143486
0.041390
0.042349
0.048658
0.058270
0.061055
0.122614
0.323497
0.782314
1.287341
4.060668
10.542891
15.175950
16.989094
12.118653
8.730416
9.539290
13.244224
13.450012
1.338861
1.282374
0.417995
0.057290
0.016764
0.035251
0.050564
0.068831
0.084158
0.108933
0.256539
0.445720
2.407839
11.429456
18.702591
19.816263
14.231658
11.377598
10.988734
13.786560
13.794731
13.296286
13.332411
1.000469
0.752225
0.577218
0.135062
0.034181
0.002545
0.022229
0.038318
0.057951
0.090742
0.141966
0.280261
1.889672
8.500523
17.941502
19.774850
12.913134
10.796752
13.334213
18.218845
19.257211
19.450533
21.497758
0.050297
0.068822
0.171476
0.380608
0.649312
0.996189
3.001080
6.868041
11.943640
15.819532
10.510441
12.494720
15.041555
22.374181
24.886502
27.211094
37.442691
