0.000000
0.000000
0.000000
0.000000
0.000000
0.000000
0.000000
0.000000
0.000000
0.000000
0.000000
0.000000
0.000000
0.000000
0.000000
0.000000
0.000000
0.000000
0.000000
0.000000
0.000000
0.000000
0.000000
0.000000
0.000000
0.000000
0.000000
0.000000
0.000000
0.000000
0.000000
0.000000
0.000000
0.000000
0.000000
0.000000
0.000000
0.000000
0.000000
0.000000
0.000000
0.000000
0.000000
0.000000
0.000000
0.000000
0.000000
0.000000
0.000000
0.000000
0.000000
0.000000
0.000000
0.000000
0.000000
0.000000
0.000000
0.000000
0.000000
0.000000
0.000000
0.000000
0.000000
0.000000
0.000000
0.000000
0.000000
0.000000
0.000000
0.000000
0.000000
0.000000
0.000000
0.000000
0.000000
0.000000
0.000000
0.000000
0.000000
0.000000
0.000000
0.000000
0.000000
0.000000
0.000000
0.000000
0.000000
0.000000
0.000000
0.000000
0.000000
0.000000
0.000000
0.000000
0.000000
0.000000
0.000000
0.000000
0.000000
0.000000
0.000000
0.000000
0.000000
0.000000
0.000000
0.000000
0.000000
0.000000
0.000000
0.000000
0.000000
0.000000
0.000000
0.000000
0.000000
0.000000
0.000000
0.000000
0.000000
0.000000
0.000000
0.000000
0.000000
0.000000
0.000000
0.000000
0.000000
0.000000
0.000000
0.000000
0.000000
0.000000
0.000000
0.000000
0.000000
0.000000
0.000000
0.000000
0.000000
0.000000
0.000000
0.000000
0.000000
0.000000
0.000000
0.000000
0.000000
0.000000
0.000000
0.000000
0.000000
0.000000
0.000000
0.000000
0.000000
0.000000
0.000000
0.000000
0.000000
0.000000
0.000000
0.000000
0.000000
0.000000
0.000000
0.000000
0.000000
0.000000
0.000000
0.000000
0.000000
0.000000
0.000000
0.000000
0.000000
0.000000
0.000000
0.000000
0.000000
0.000000
0.000000
0.000000
0.000000
0.000000
0.000000
0.000000
0.000000
0.000000
0.000000
0.000000
0.000000
0.000000
0.000000
0.000000
0.000000
0.000000
0.000000
0.000000
0.000000
0.000000
0.000000
0.000000
0.000000
0.000000
0.000000
0.000000
0.000000
0.000000
0.000000
0.000000
0.000000
0.000000
0.000000
0.000000
0.000000
0.000000
0.000000
0.000000
0.000000
0.000000
0.000000
0.000000
0.000000
0.000000
0.000000
0.000000
0.000000
0.000000
0.000000
0.000000
0.000000
0.000000
0.000000
0.000000
0.000000
0.000000
0.000000
0.000000
0.000000
0.000000
0.000000
0.000000
0.000000
0.000000
0.000000
0.000000
0.000000
0.000000
0.000000
0.000000
0.000000
0.000000
0.000000
0.000000
0.000000
0.000000
0.000000
0.000000
0.000000
0.000000
0.000000
0.000000
0.000000
0.000000
0.000000
0.000000
0.000000
0.000000
0.000000
0.000000
0.000000
0.000000
0.000000
0.000000
0.000000
0.000000
0.000000
0.000000
0.000000
0.000000
0.000000
0.000000
0.000000
0.000000
0.000000
0.000000
0.000000
0.000000
0.000000
0.000000
0.000000
0.000000
0.000000
0.000000
0.000000
0.000000
0.000000
0.000000
0.000000
0.000000
0.000000
0.000000
0.000000
0.000000
0.000000
0.000000
0.000000
0.000000
0.000000
0.000000
0.000000
0.000000
0.000000
0.000000
0.000000
0.000000
0.000000
0.000000
0.000000
0.000000
0.000000
0.000000
0.000000
0.000000
0.000000
0.000000
0.000000
0.000000
0.000000
0.000000
0.000000
0.000000
0.000000
0.000000
0.000000
0.000000
0.000000
0.000000
0.000000
0.000000
0.000000
0.000000
0.000000
0.000000
0.000000
0.000000
0.000000
0.000000
0.000000
0.000000
0.000000
0.000000
0.000000
0.000000
0.000000
0.000000
0.000000
0.000000
0.000000
0.000000
0.000000
0.000000
0.000000
0.000000
0.000000
0.000000
0.000000
0.000000
0.000000
0.000000
0.000000
0.000000
0.000000
0.000000
0.000000
0.000000
0.000000
0.000000
0.000000
0.000000
0.000036
0.000036
0.000000
0.000000
0.000000
0.000000
0.000000
0.000000
0.000000
0.000000
0.000000
0.000000
0.000000
0.000000
0.000000
0.000000
0.000000
0.000000
0.000000
0.000000
0.000000
0.000000
0.000000
0.000000
0.000000
0.000000
0.000000
0.000000
0.000000
0.000000
0.000000
0.000000
0.000000
0.000000
0.000000
0.000000
0.000000
0.000000
0.000000
0.000043
0.000043
0.000000
0.000000
0.000000
0.000000
0.000000
0.000000
0.000000
0.000000
0.000000
0.000000
0.000000
0.000000
0.000000
0.000000
0.000000
0.000000
0.000000
0.000000
0.000000
0.000000
0.000000
0.000000
0.000000
0.000000
0.000029
0.000000
0.000000
0.000000
0.000000
0.000000
0.000000
0.000000
0.000000
0.000000
0.000000
0.000000
0.000000
0.000000
0.000000
0.000000
0.000000
0.000000
0.000000
0.000000
0.000000
0.000000
0.000000
0.000000
0.000000
0.000000
0.000000
0.000000
0.000000
0.000000
0.000000
0.000000
0.000000
0.000000
0.000000
0.000000
0.000000
0.000000
0.000000
0.000123
0.006976
0.001577
0.000000
0.000000
0.000000
0.000000
0.000000
0.000000
0.000000
0.000000
0.000000
0.000000
0.000000
0.000000
0.000000
0.000000
0.000037
0.000037
0.000000
0.000000
0.000000
0.000000
0.000000
0.000000
0.000000
0.000000
0.000000
0.000000
0.000345
0.006143
0.002499
0.001940
0.000008
0.000000
0.000000
0.000000
0.000000
0.000000
0.002395
0.002664
0.019015
0.023935
0.010557
0.002372
0.000859
0.000198
0.000000
0.000000
0.000000
0.000000
0.000000
0.000000
0.000000
0.000000
0.000000
0.000000
0.000000
0.000000
0.000000
0.000000
0.000000
0.000000
0.000000
0.000000
0.000000
0.000000
0.000000
0.000000
0.018135
0.019091
0.026785
0.029858
0.022654
0.060623
0.020408
0.073868
0.000528
0.000057
0.000057
0.000000
0.000000
0.000000
0.000000
0.000000
0.000000
0.000000
0.000000
0.000000
0.000000
0.006013
0.021582
0.114935
0.147660
0.049147
0.011189
0.088725
0.032694
0.000326
0.000102
0.015848
0.019258
0.027184
0.023205
0.021262
0.019242
0.018796
0.019447
0.002582
0.000000
0.000000
0.000000
0.000000
0.000000
0.000000
0.000000
0.000000
0.000000
0.000000
0.000000
0.000000
0.000000
0.000000
0.000000
0.000000
0.000000
0.000000
0.000000
0.000000
0.000000
0.017351
0.020346
0.062337
0.028282
0.018723
0.020778
0.099693
0.259554
0.013673
0.000000
0.000000
0.000000
0.000000
0.000000
0.000000
0.000000
0.000000
0.000000
0.000000
0.000000
0.000000
0.003384
0.019107
0.083831
0.326792
0.294273
0.283384
0.246027
0.042043
0.012710
0.001804
0.003334
0.019181
0.044108
0.085923
0.049712
0.033435
0.023336
0.053287
0.084222
0.000000
0.000000
0.000000
0.000000
0.000000
0.000000
0.000000
0.000000
0.000000
0.000000
0.000000
0.000000
0.000000
0.000000
0.000000
0.000008
0.000000
0.000000
0.000000
0.000000
0.000000
0.012264
0.019770
0.020454
0.017063
0.017743
0.053608
0.021109
0.056471
0.020332
0.000112
0.000112
0.000000
0.000000
0.000000
0.000000
0.000000
0.000000
0.000000
0.000000
0.000000
0.000000
0.000000
0.000464
0.128305
0.434162
0.625122
0.665718
0.408144
0.064525
0.035267
0.038321
0.082999
0.121168
0.067883
0.067510
0.087343
0.058784
0.047153
0.226941
0.523133
0.012980
0.000000
0.000000
0.000000
0.000000
0.000000
0.000000
0.000000
0.000000
0.000000
0.000000
0.000000
0.000000
0.000019
0.021579
0.109240
0.003985
0.000005
0.000000
0.000000
0.000000
0.011448
0.020273
0.019850
0.012187
0.014995
0.020724
0.020394
0.023844
0.020747
0.000140
0.000140
0.000000
0.000000
0.000000
0.000000
0.000000
0.000000
0.000000
0.000000
0.000000
0.000000
0.003473
0.018171
0.030068
0.238631
0.341334
0.525677
0.924002
0.645210
0.074467
0.129409
0.065250
0.136032
0.245283
0.254692
0.192096
0.120638
0.339531
0.795897
0.573258
0.025617
0.000000
0.000000
0.000000
0.002509
0.000000
0.000000
0.000000
0.000000
0.000000
0.000000
0.000000
0.010898
0.018780
0.043571
0.666580
0.072322
0.061177
0.007139
0.000000
0.000000
0.000000
0.003009
0.022437
0.021963
0.019777
0.021280
0.027938
0.021257
0.021609
0.000000
0.000000
0.000000
0.000000
0.000000
0.000000
0.000000
0.000000
0.000000
0.000000
0.000000
0.000000
0.002913
0.007227
0.001019
0.029697
0.054335
0.110839
1.084698
0.754363
0.567288
0.375897
0.132996
0.243511
0.431395
0.441343
0.332856
0.224672
0.556199
0.922292
0.670253
0.095979
0.000000
0.000000
0.008572
0.012670
0.001550
0.000193
0.000000
0.000000
0.000000
0.000000
0.000000
0.009540
0.026755
0.106697
0.440745
0.408378
0.314477
0.039007
0.000021
0.000000
0.000000
0.014279
0.064538
0.049411
0.042237
0.080130
0.054363
0.019825
0.065237
0.000159
0.000159
0.000000
0.000000
0.000000
0.000000
0.000000
0.000000
0.000000
0.000000
0.000000
0.000000
0.000000
0.000000
0.000000
0.000193
0.001502
0.020480
0.945669
1.165390
1.503600
0.666987
0.138135
0.503113
0.703530
0.693647
0.562541
0.349894
0.772223
0.788408
0.303802
0.005875
0.001475
0.003409
0.019839
0.018549
0.002178
0.000270
0.000000
0.000032
0.000053
0.000000
0.000000
0.007071
0.033601
0.084393
0.236797
0.056513
0.154518
0.034388
0.002411
0.000230
0.000217
0.016281
0.056847
0.061732
0.167964
0.239387
0.164588
0.102334
0.196217
0.000284
0.000284
0.000000
0.000000
0.000000
0.000000
0.000000
0.000000
0.000000
0.000000
0.000000
0.000000
0.000000
0.000000
0.000000
0.000000
0.007270
0.047410
0.072517
0.749221
1.343320
1.206314
0.651813
0.984985
1.164228
1.177298
1.080139
1.014656
0.993269
0.705298
0.743981
0.322659
0.092646
0.174629
0.046134
0.002139
0.000000
0.000000
0.000000
0.001064
0.002874
0.000061
0.000000
0.007019
0.377511
0.748100
0.017848
0.000596
0.010318
0.019941
0.032218
0.012371
0.006494
0.017028
0.019080
0.071587
0.145508
0.340731
0.459001
0.420768
0.388093
0.000000
0.000000
0.000000
0.000000
0.000000
0.000000
0.000000
0.000000
0.000000
0.000000
0.000000
0.000000
0.000000
0.000000
0.000000
0.000000
0.009109
0.019382
0.063095
0.179991
0.941266
1.374383
1.181234
1.339545
1.427633
1.457704
1.491330
1.536038
1.351977
1.261565
1.353889
0.863331
1.005941
0.505511
0.025299
0.000000
0.000222
0.000073
0.000000
0.007595
0.016674
0.011950
0.000024
0.009275
0.896608
0.476103
0.000583
0.005149
0.013411
0.037284
0.021251
0.046095
0.127152
0.044238
0.053209
0.386025
0.479681
0.447572
0.592149
0.578631
0.550618
0.000192
0.000192
0.000000
0.000000
0.000000
0.000000
0.000000
0.000000
0.000000
0.000000
0.000000
0.000000
0.000000
0.000000
0.000000
0.000000
0.003306
0.016388
0.070479
0.313569
0.941604
1.384331
1.523713
1.628941
1.852508
1.867346
1.754275
1.908968
1.683645
1.704175
1.484344
1.577267
1.817640
1.415487
0.237700
0.084130
0.064111
0.002364
0.002097
0.020884
0.021576
0.019621
0.000095
0.003358
0.567998
1.478195
0.035608
0.020092
0.038349
0.338452
0.065025
0.131234
0.142124
0.133156
0.220197
0.559678
0.853694
0.805996
0.796344
0.773830
0.701913
0.000257
0.000257
0.000000
0.000000
0.000000
0.000000
0.000000
0.000000
0.000000
0.000000
0.000000
0.000000
0.000000
0.000000
0.000000
0.000000
0.000000
0.000000
0.016108
0.040096
0.404197
0.553069
0.792707
0.608777
1.481230
0.836255
1.431533
1.823913
1.696050
1.694022
1.917219
1.901811
1.984143
2.063237
2.118142
1.600391
0.582952
0.022450
0.038075
0.079715
0.288224
0.381056
0.013532
0.032347
1.010377
1.459877
0.728947
0.381360
0.070482
0.036374
0.062172
0.054860
0.381086
0.641404
0.706496
0.995223
1.056929
1.092917
1.111482
1.086046
1.044367
0.000000
0.000000
0.000000
0.000000
0.000000
0.000000
0.000000
0.000000
0.000000
0.000000
0.000000
0.000000
0.000000
0.000000
0.000000
0.000000
0.009388
0.021637
0.076295
0.076892
0.043506
0.140341
0.573758
0.706039
0.634386
0.966872
0.775500
1.494145
2.077259
1.412189
1.592824
2.021464
2.405576
2.622301
1.380362
0.154377
0.085686
0.340324
0.793321
0.673091
0.026077
0.044369
0.834547
1.412712
1.479424
1.153873
0.279556
0.332479
0.463607
0.317504
0.557543
0.842837
1.049998
1.133906
1.226331
1.275521
1.279899
1.281944
1.336918
0.000000
0.000000
0.000000
0.000000
0.000000
0.000000
0.000000
0.000000
0.000000
0.000000
0.000000
0.000000
0.000000
0.000000
0.000000
0.000000
0.002455
0.018615
0.031898
0.052011
0.087506
0.131511
0.250861
0.128281
0.166722
0.385368
0.483418
0.707045
1.608237
0.883134
1.565308
1.869249
2.510390
2.867109
1.744849
0.264436
0.187937
0.719185
1.116505
0.434225
0.012677
0.069978
1.084726
1.556648
1.684621
1.769943
0.149480
0.028013
0.302677
0.459572
0.650455
1.084068
1.290021
1.341405
1.402139
1.412713
1.446535
1.589480
1.736990
0.000000
0.000000
0.000000
0.000000
0.000000
0.000000
0.000000
0.000000
0.000000
0.000000
0.000000
0.000000
0.008549
0.021775
0.074847
0.103014
0.116552
0.145365
0.191283
0.251793
0.296778
0.464826
0.464637
0.489609
0.247833
0.646959
1.235622
1.424325
2.399404
1.604885
0.681867
0.340149
0.859876
1.152146
1.356041
0.787111
0.140985
0.540398
1.863046
1.957519
1.893658
1.995709
0.497103
0.062001
0.359415
0.835500
1.324105
1.549911
1.779380
1.744723
1.727854
1.717808
1.837375
2.341452
2.659044
0.000000
0.000000
0.000000
0.000000
0.000000
0.000000
0.000000
0.000000
0.000000
0.000000
0.000000
0.003144
0.012165
0.028397
0.098336
0.109439
0.163071
0.161755
0.188970
0.190030
0.283298
0.348438
0.383749
0.383574
0.354596
0.484836
0.489995
0.715988
1.635888
2.155652
1.747994
1.874380
1.892042
1.732398
1.858833
1.683207
1.522047
1.953945
2.155503
2.248106
2.246184
2.646715
1.260726
0.709389
1.473796
1.731507
1.754454
2.120979
2.180115
2.162615
2.092237
2.025650
2.096680
3.028700
3.686635
0.000000
0.000000
0.000000
0.011594
0.027208
0.061167
0.110499
0.121624
0.181487
0.216759
0.213868
0.132476
0.246858
0.249781
0.296425
0.288040
0.308869
0.142497
0.105294
0.167458
0.322567
1.750773
2.819131
3.182644
2.486524
2.163394
1.998557
2.123756
1.983430
2.277587
1.960288
1.478823
1.815839
2.731253
3.359082
2.444587
1.823417
2.342570
2.789020
3.124434
3.004676
2.695699
2.154762
2.025650
2.191890
3.028700
4.028960
0.000000
0.000000
0.000000
0.000000
0.016576
0.035043
0.043156
0.091090
0.139506
0.107254
0.060609
0.115625
0.034266
0.039882
0.042492
0.016477
0.018778
0.016454
0.000107
0.000000
0.000000
0.202334
1.888235
2.464185
2.389186
1.656740
1.683517
1.892119
2.051524
2.121403
1.787316
1.439125
1.219273
2.883153
3.156776
3.067879
2.628860
2.704490
2.772825
2.970052
2.910758
2.665246
2.256342
2.171930
2.171930
2.719600
3.812103
0.000000
0.000000
0.017216
0.019933
0.034207
0.056999
0.068407
0.017697
0.007171
0.007469
0.007140
0.007170
0.004484
0.000007
0.000004
0.000013
0.000000
0.000000
0.000000
0.000690
0.314479
1.084020
1.654939
1.555172
1.887037
1.899791
1.716032
1.890432
2.592831
2.093817
1.139030
1.541931
3.004258
3.031331
2.845810
3.174512
2.556734
2.722728
2.795668
2.617357
2.297921
2.171930
2.171930
2.617194
3.933163
0.000000
0.000000
0.006453
0.016958
0.018862
0.029562
0.020982
0.010399
0.000000
0.000000
0.000000
0.000000
0.000000
0.000000
0.000000
0.000000
0.000000
0.000000
0.000000
0.000000
0.000000
0.014841
0.627998
1.658670
2.039408
1.953327
1.486043
1.691727
2.763085
2.427294
1.462728
1.776686
2.977131
2.968975
2.955953
3.380234
2.749419
2.641127
2.686979
2.591028
2.363581
2.210889
2.150865
2.513445
4.140344
0.004360
0.000969
0.004089
0.000000
0.000000
0.000000
0.000000
0.000000
0.000000
0.000000
0.000000
0.000000
0.000000
0.000000
0.000000
0.000000
0.000000
0.000000
0.062504
0.836491
2.104480
2.140604
1.402800
1.675535
2.418206
2.835230
2.291700
1.600450
2.455663
2.674505
2.263071
2.820908
3.422379
3.104995
2.720449
2.714013
2.768786
2.538865
1.991767
2.041966
4.301592
0.000000
0.000000
0.000000
0.000000
0.000000
0.000000
0.000000
0.000000
0.000000
0.000000
0.000000
0.000000
0.000000
0.000000
0.000000
0.000000
0.000000
0.000000
0.122345
1.054754
1.372495
1.565813
1.700833
1.745990
2.161770
2.502530
2.802051
2.262646
2.658553
1.910851
1.796523
3.193985
3.457330
3.137290
3.305348
3.315585
3.266839
2.818082
1.901722
1.808483
4.191479
0.000000
0.000000
0.000000
0.000000
0.000000
0.000000
0.000000
0.000000
0.000000
0.000000
0.000000
0.000000
0.037146
0.874383
1.328249
1.385620
1.501110
1.759580
1.965106
1.873702
1.971981
2.553001
2.120329
2.201305
1.788520
2.496869
3.328793
3.533503
2.221724
2.534766
2.750946
2.404145
1.261568
1.429109
3.781582
0.000000
0.000000
0.000000
0.000000
0.000000
0.000000
0.000000
0.000000
0.000000
0.000000
0.000000
0.000000
0.155784
0.966614
1.276821
1.300410
1.436440
1.781921
1.562677
1.417473
1.400053
1.352199
1.600250
1.138793
1.270697
1.070749
0.767223
1.839790
0.619739
0.996537
2.507319
3.163111
1.793111
1.264480
3.294716
0.000000
0.000000
0.000000
0.000000
0.000000
0.000000
0.207220
1.050219
1.242740
1.271622
1.374494
1.655269
1.276473
1.039305
0.746771
0.516135
0.302470
0.404647
0.176925
0.091063
0.161794
0.396327
0.310961
0.550170
2.227771
3.464325
2.460483
1.292058
3.211076
0.000000
0.000000
0.000000
0.000000
0.000000
0.000000
0.478135
1.130845
1.211252
1.248072
1.247328
1.130218
0.634643
0.825273
0.431330
0.166117
0.024785
0.024040
0.039082
0.025546
0.080580
0.134359
0.257247
0.350483
1.836752
4.179657
3.003595
1.334103
3.164455
0.900024
1.045051
1.127243
1.201406
0.951043
0.654111
0.562663
0.306348
0.100874
0.022922
0.025166
0.024330
0.022283
0.025027
0.032722
0.045665
0.039336
0.074970
0.817481
4.113060
4.153037
1.510121
2.507955
4.027449
2.794879
0.892022
0.982907
1.036732
1.071361
0.979117
0.626832
0.438035
0.153210
0.041610
0.022532
0.022756
0.031163
0.023263
0.022504
0.022396
0.028015
0.056414
0.067420
0.966657
4.806412
4.735802
1.712303
2.734309
3.612312
2.878459
0.931227
0.963861
1.072185
1.035680
0.122039
0.022148
0.009049
0.008893
0.020874
0.021656
0.023169
0.029476
0.044829
0.020693
0.062662
0.261682
2.040977
6.601099
6.053182
1.991317
2.664063
3.084421
2.649844
0.833201
0.875990
0.967126
0.944213
0.096986
0.014711
0.000616
0.000000
0.004851
0.018469
0.020548
0.021078
0.031025
0.043722
0.324155
1.256576
5.592597
8.259866
6.378130
2.500326
2.495378
3.131678
2.796490
0.755482
0.747851
0.262939
0.035030
0.006535
0.000000
0.001819
0.005174
0.012274
0.012546
0.016535
0.019705
0.143141
1.664730
8.429615
9.479078
7.241534
4.897988
2.905514
3.224906
2.886401
2.715863
2.601353
0.547468
0.443595
0.303587
0.090276
0.019909
0.000000
0.000000
0.000000
0.009843
0.009843
0.016014
0.018738
0.092557
1.188934
7.885125
9.683014
6.354180
3.678469
3.572896
4.337390
4.084411
4.042544
4.319877
0.000743
0.002455
0.011935
0.020335
0.025754
0.043600
0.635614
2.638062
5.942967
7.858375
4.823548
3.443070
4.038278
5.420250
6.321733
6.172808
8.029734
