0.000000
0.000000
0.000000
0.000000
0.000000
0.000000
0.000000
0.000000
0.000000
0.000000
0.000000
0.000000
0.000000
0.000000
0.000000
0.000000
0.000000
0.000000
0.000000
0.000000
0.000000
0.000000
0.000000
0.000000
0.000000
0.000000
0.000000
0.000000
0.000000
0.000000
0.000000
0.000000
0.000000
0.000000
0.000000
0.000000
0.000000
0.000000
0.000000
0.000000
0.000000
0.000000
0.000000
0.000000
0.000000
0.000000
0.000000
0.000000
0.000000
0.000000
0.000000
0.000000
0.000000
0.000000
0.000000
0.000000
0.000000
0.000000
0.000000
0.000000
0.000000
0.000000
0.000000
0.000000
0.000000
0.000000
0.000000
0.000000
0.000000
0.000000
0.000000
0.000000
0.000000
0.000000
0.000000
0.000000
0.000000
0.000000
0.000000
0.000000
0.000000
0.000000
0.000000
0.000000
0.000000
0.000000
0.000000
0.000000
0.000000
0.000000
0.000000
0.000000
0.000000
0.000000
0.000000
0.000000
0.000000
0.000000
0.000000
0.000000
0.000000
0.000000
0.000000
0.000000
0.000000
0.000000
0.000000
0.000000
0.000000
0.000000
0.000000
0.000000
0.000000
0.000000
0.000000
0.000000
0.000000
0.000000
0.000000
0.000000
0.000000
0.000000
0.000000
0.000000
0.000000
0.000000
0.000000
0.000000
0.000000
0.000000
0.000000
0.000000
0.000000
0.000000
0.000000
0.000000
0.000000
0.000000
0.000000
0.000000
0.000000
0.000000
0.000000
0.000000
0.000000
0.000000
0.000000
0.000000
0.000000
0.000000
0.000000
0.000000
0.000000
0.000000
0.000000
0.000000
0.000000
0.000000
0.000000
0.000000
0.000000
0.000000
0.000000
0.000000
0.000000
0.000000
0.000000
0.000000
0.000000
0.000000
0.000000
0.000000
0.000000
0.000000
0.051230
0.051230
0.000000
0.000000
0.000000
0.000000
0.000000
0.000000
0.000000
0.000000
0.000000
0.000000
0.000000
0.000000
0.000000
0.000000
0.000000
0.000000
0.000000
0.000000
0.000000
0.000000
0.000000
0.000000
0.000000
0.000000
0.000000
0.000000
0.000000
0.000000
0.000000
0.059194
0.059194
0.000000
0.000000
0.000000
0.000000
0.000000
0.000000
0.000000
0.000000
0.000000
0.000000
0.000000
0.000000
0.000000
0.000000
0.000000
0.000000
0.000000
0.000000
0.000000
0.000000
0.000000
0.000000
0.000000
0.000000
0.000000
0.000000
0.000000
0.000000
0.000000
0.000000
0.000000
0.000000
0.000000
0.000000
0.000000
0.000000
0.000000
0.000000
0.000000
0.000000
0.000000
0.000000
0.000000
0.000000
0.000000
0.000000
0.000000
0.000000
0.000000
0.000000
0.000000
0.000000
0.000000
0.000000
0.000000
0.000000
0.000000
0.000000
0.000000
0.000000
0.000000
0.000000
0.000000
0.000000
0.061804
0.061804
0.000000
0.000000
0.000000
0.000000
0.000000
0.000000
0.000000
0.000000
0.000000
0.000000
0.000000
0.000000
0.000000
0.000000
0.000000
0.000000
0.000000
0.000000
0.000000
0.000000
0.000000
0.000000
0.000000
0.000000
0.000000
0.000000
0.000000
0.000000
0.000000
0.000000
0.000000
0.000000
0.000000
0.060189
0.060189
0.007592
0.006237
0.001041
0.000000
0.000000
0.000000
0.000000
0.000000
0.000000
0.000000
0.000000
0.000000
0.000000
0.000000
0.000000
0.000000
0.000000
0.000000
0.000000
0.000000
0.000000
0.000000
0.000000
0.000000
0.000000
0.000000
0.000000
0.000000
0.000000
0.000000
0.000000
0.000000
0.000000
0.000000
0.000000
0.031989
0.040476
0.018711
0.000473
0.000000
0.000029
0.000000
0.000000
0.000000
0.000000
0.000000
0.000000
0.000000
0.000000
0.000000
0.000000
0.000000
0.000000
0.000000
0.000000
0.000000
0.000000
0.000000
0.000000
0.000000
0.000000
0.000000
0.000000
0.000000
0.000000
0.000000
0.000000
0.000000
0.000000
0.000000
0.000000
0.000000
0.048920
0.048920
0.033056
0.108843
0.130039
0.163289
0.118348
0.033898
0.000012
0.000000
0.000124
0.004678
0.000093
0.000000
0.000000
0.000022
0.000000
0.000000
0.000000
0.000000
0.000000
0.000000
0.000000
0.000000
0.000000
0.000000
0.000000
0.000000
0.000000
0.000000
0.000000
0.000000
0.000000
0.000000
0.000000
0.000000
0.000000
0.000000
0.000000
0.047167
0.047167
0.176069
0.333950
0.628615
1.287714
1.463549
0.934457
0.201402
0.191661
0.201055
0.073012
0.068448
0.583293
0.248239
0.220231
0.064200
0.006137
0.000000
0.000000
0.000000
0.000000
0.000000
0.000000
0.000000
0.000000
0.000000
0.000000
0.000000
0.000000
0.000000
0.000000
0.000000
0.000000
0.000000
0.000000
0.000000
0.000000
0.000000
0.000000
0.000000
0.000000
0.000000
0.193741
0.577675
1.020709
1.377516
1.861341
2.123820
2.162739
1.815248
1.315488
1.198828
1.585132
3.268027
1.573900
0.761363
0.045347
0.005597
0.000000
0.000000
0.000000
0.000000
0.000000
0.000000
0.000000
0.000000
0.000000
0.000000
0.000000
0.000000
0.000000
0.000000
0.000000
0.000000
0.000000
0.000000
0.000000
0.000000
0.000000
0.000000
0.000000
0.063109
0.063109
0.187726
0.594910
1.046847
1.382328
1.866692
2.219575
2.659053
2.366383
2.597302
3.343153
4.329261
3.668810
0.744614
0.365745
0.068134
0.036400
0.008374
0.005568
0.001979
0.035290
0.011238
0.000057
0.000000
0.000000
0.000000
0.000000
0.000000
0.000000
0.000000
0.000000
0.000000
0.000000
0.000000
0.000000
0.000000
0.000000
0.000000
0.000000
0.000000
0.000000
0.000000
0.000000
0.000000
0.000000
0.000000
0.000000
0.000000
0.000000
0.000000
0.000000
0.040552
0.200937
0.970466
1.199458
0.885807
0.461195
2.226325
5.744124
0.225957
0.060464
0.060464
0.192249
0.583789
1.045322
1.385199
1.832022
2.197140
2.631583
2.793713
3.024535
3.333314
4.133141
4.340432
4.489482
4.259944
2.178023
0.609217
2.303684
1.260486
0.308753
0.816682
0.199175
0.000148
0.002174
0.003374
0.000000
0.000000
0.000000
0.000000
0.000000
0.000000
0.000000
0.000000
0.000000
0.000000
0.000000
0.000000
0.000000
0.000000
0.000056
0.000148
0.000148
0.000000
0.003617
0.001255
0.000024
0.000000
0.000000
0.000000
0.000000
0.000447
0.254023
0.895556
0.942815
1.180988
0.149146
0.540234
3.782047
8.850872
0.298449
0.000000
0.000000
0.183165
0.541310
0.987466
1.339687
1.801239
2.211398
2.393748
2.011368
1.263198
1.908018
3.871442
4.573466
4.718754
5.095107
4.635264
3.772511
3.771845
1.926457
0.661201
0.057593
0.017114
0.010377
0.022945
0.032870
0.000000
0.000000
0.000000
0.010321
0.024769
0.000000
0.000000
0.000000
0.000000
0.000000
0.000000
0.000000
0.000000
0.000000
0.000445
0.001187
0.001187
0.000000
0.035092
0.042904
0.009831
0.001602
0.000000
0.000000
0.000000
0.006036
0.147788
0.637839
0.899498
0.120307
0.114412
0.744605
2.316095
5.861483
0.716812
0.011464
0.011464
0.167862
0.478793
0.893583
1.242251
1.539953
1.342742
1.063662
0.157631
0.033437
0.065394
0.797121
1.844093
4.930867
5.407948
5.789184
5.863977
4.600883
1.215106
0.196225
0.080929
0.044499
0.055067
0.037211
0.036343
0.000596
0.000000
0.002772
0.101428
0.418479
0.000088
0.000000
0.000000
0.000000
0.000000
0.000000
0.000000
0.000000
0.000000
0.000445
0.001187
0.006306
0.020648
0.067280
0.520788
0.812469
0.044686
0.002892
0.001124
0.000867
0.015429
0.124507
0.484561
1.095465
0.208119
0.242160
1.095868
2.208453
5.676908
1.674928
0.098706
0.098706
0.118656
0.363967
0.643286
0.526157
0.088910
0.019533
0.000000
0.000000
0.000000
0.000000
0.211965
2.472001
2.525583
3.821031
5.118371
4.856325
5.443477
4.625668
0.893814
0.438169
0.063104
0.112715
0.061385
0.036241
0.000034
0.001817
0.320384
1.223328
0.416612
0.005493
0.000000
0.000000
0.000000
0.000000
0.000000
0.000000
0.004157
0.004751
0.007485
0.014696
0.063717
0.440105
0.836615
1.243288
3.230776
0.480444
0.309692
0.053713
0.039983
0.044984
0.112276
0.562902
2.194572
1.349500
0.757909
1.817263
2.752615
3.117367
2.518119
0.000000
0.000000
0.078877
0.231233
0.381356
0.377625
0.014793
0.000000
0.000000
0.000000
0.000000
0.000000
0.267621
1.132928
0.084340
1.161529
1.577692
1.775040
5.175567
3.975857
2.618826
1.717178
0.160569
0.290753
0.197516
0.064612
0.003788
0.015164
0.533344
1.320152
0.754141
0.048837
0.000000
0.000000
0.000000
0.000000
0.000000
0.000000
0.004157
0.008092
0.018966
0.048327
0.079934
0.815994
2.409781
2.914373
3.603059
2.014562
1.384077
0.239772
0.141090
0.245994
0.192911
0.612264
2.907144
2.134860
2.954545
4.100862
4.681962
3.703795
4.729304
0.168069
0.168069
0.047001
0.118419
0.071873
0.071240
0.005277
0.000000
0.000000
0.000000
0.000000
0.000000
0.013740
0.033610
0.033261
0.227086
0.042726
0.268457
4.257020
4.457106
4.814493
2.611060
0.291093
0.749385
0.511243
0.304512
0.070210
0.068614
1.312156
1.289206
0.234217
0.001357
0.000017
0.004122
0.004564
0.000056
0.000000
0.000000
0.007112
0.016411
0.065168
0.111027
0.254505
1.918951
4.819975
4.747535
3.976558
0.833314
1.069232
0.688639
0.865255
1.144273
0.639353
0.551484
2.569772
2.490479
3.836000
4.968837
5.181423
4.437814
6.204621
0.466093
0.466093
0.031934
0.042946
0.021690
0.000010
0.000000
0.000000
0.000000
0.000000
0.000000
0.000000
0.000000
0.000000
0.024117
0.000383
0.002186
0.032844
0.227943
2.498526
4.354160
3.737550
1.902460
2.109099
1.877638
1.385705
1.208859
1.992639
1.946264
1.313870
0.879746
0.243924
0.133877
0.279277
0.048714
0.000763
0.000000
0.001913
0.028239
0.040363
0.284595
0.239978
0.334998
2.750185
7.972837
10.653204
2.596529
1.702995
2.404234
3.015950
2.986174
2.977314
1.546011
1.178714
2.294142
2.901976
3.343162
4.132660
5.910979
7.550778
8.880201
0.000000
0.000000
0.015429
0.025403
0.005576
0.000000
0.000000
0.000000
0.000000
0.000000
0.000000
0.000000
0.000000
0.000000
0.000000
0.000000
0.000000
0.005671
0.063233
0.635458
3.303174
4.067152
3.553163
3.566744
3.230583
2.640689
2.424811
3.008693
2.848869
2.492023
2.410090
1.252549
1.664395
0.849974
0.047689
0.002864
0.025067
0.030137
0.041931
0.169374
0.615659
0.557092
0.743429
4.899423
9.635273
9.991220
2.925380
3.358099
3.512785
3.662098
2.835905
3.459595
2.940273
1.819158
3.301853
4.172852
4.411493
4.531730
6.238290
7.743960
10.068418
0.257665
0.257665
0.000000
0.000000
0.000000
0.000000
0.000000
0.000000
0.000000
0.000000
0.000000
0.000000
0.000000
0.000000
0.000000
0.000000
0.000000
0.001018
0.036664
0.677197
3.217850
4.249631
4.496652
4.619490
4.636967
4.134548
3.379983
3.424557
3.347495
3.522547
3.151198
2.980662
3.649197
2.536616
0.404629
0.197606
0.199586
0.166059
0.460551
1.272639
1.996776
1.858123
3.315730
8.577457
11.624422
10.326825
4.811958
4.218062
3.681630
4.066646
2.577895
2.529376
2.745987
2.302814
3.128914
3.727532
4.220435
4.450360
5.375940
6.520070
8.072972
0.279720
0.279720
0.000000
0.000000
0.000000
0.000000
0.000000
0.000000
0.000000
0.000000
0.000000
0.000000
0.000000
0.000000
0.000000
0.000000
0.000000
0.000000
0.032028
0.050147
0.864372
1.928259
2.497416
2.259525
4.164696
4.307997
4.150629
3.883603
3.339912
3.402506
3.965732
4.169811
4.419794
4.837415
4.853276
3.799023
1.522830
0.663869
2.412268
3.057793
4.616854
5.171903
3.675659
6.715110
11.342238
9.767953
5.353407
4.027818
3.167518
3.219600
3.396369
2.893817
3.368939
2.562471
2.671988
3.077303
3.354575
3.854110
4.433530
5.889285
6.951491
0.000000
0.000000
0.000000
0.000000
0.000000
0.000000
0.000000
0.000000
0.000000
0.000000
0.000000
0.000000
0.000000
0.000000
0.000000
0.000000
0.031712
0.041476
0.091590
0.156133
0.221324
0.729105
2.469768
3.344213
2.035272
1.927560
1.513713
2.970009
3.951021
3.952919
4.263855
4.904832
5.681912
6.586576
4.031411
1.990743
2.545252
3.557705
5.773584
5.573408
3.768790
6.112216
9.905828
9.438179
6.852285
5.180760
2.886545
2.881794
3.287370
3.114393
3.012461
2.768027
2.610927
2.621296
3.026876
3.640185
4.439117
6.179823
7.363913
0.000000
0.000000
0.000000
0.000000
0.000000
0.000000
0.000000
0.000000
0.000000
0.000000
0.000000
0.000000
0.000000
0.000000
0.000943
0.002515
0.004731
0.056852
0.272014
0.299534
0.457553
0.752258
1.431762
0.977748
0.587123
0.892067
0.766184
1.313208
3.562538
3.672859
4.074814
4.605742
5.907891
7.051002
4.862324
3.067297
2.621754
4.060865
6.091350
4.190229
3.762970
6.011736
8.739671
8.161545
7.613363
6.069504
2.894219
2.769094
3.246124
3.186818
2.927919
2.856312
2.703781
2.679094
2.984538
3.505720
4.495699
6.366850
7.776695
0.000000
0.000000
0.000000
0.000000
0.000000
0.000000
0.000000
0.000000
0.000000
0.000000
0.006602
0.033913
0.006343
0.183686
0.914663
0.694570
0.586546
0.749284
0.879133
1.202958
0.851500
0.969022
0.651597
0.682064
0.464237
1.438831
2.333414
2.628848
5.294822
4.697290
2.717373
3.191761
3.524074
4.272709
5.089046
3.709039
3.664476
7.083580
7.261105
7.094237
5.520440
4.841988
3.803535
3.500545
3.724845
3.241390
2.984606
2.959433
2.893975
2.854625
3.043652
3.443454
4.477078
6.441639
8.540295
0.000000
0.000000
0.000000
0.000000
0.000000
0.000000
0.000000
0.000000
0.000000
0.000000
0.000000
0.033163
0.359159
0.554536
1.282660
0.813517
0.808938
0.726238
0.620863
0.644936
0.629643
0.596077
0.410940
0.198228
0.098945
0.271349
0.386974
0.627464
3.923054
5.046982
5.424859
5.418687
4.295018
4.207522
4.896407
4.496199
4.261745
6.255701
6.270741
6.433914
4.982634
4.380725
4.171578
4.135730
3.943630
3.397140
3.225660
3.225660
3.163929
3.155110
3.212061
3.306980
4.497710
6.782104
9.057421
0.000000
0.000000
0.000000
0.038334
0.958630
1.318820
1.435669
1.111941
0.970835
0.859731
0.601670
0.272056
0.170322
0.154872
0.066494
0.035871
0.038523
0.036301
0.042240
0.043004
0.830351
4.720013
7.320625
7.122235
5.836000
5.481012
4.864515
4.752673
3.973310
4.332545
4.295070
3.634680
3.124490
3.364530
3.442872
3.485960
3.613620
3.397140
3.479290
3.470995
3.362684
3.322649
3.427590
3.671190
5.129977
6.431078
9.282128
0.004438
0.001851
0.008681
0.016299
0.512360
1.047479
0.636362
0.679846
0.747566
0.442751
0.113386
0.055737
0.000059
0.000000
0.000000
0.000000
0.002029
0.000061
0.000000
0.000000
0.005570
0.555135
3.866152
5.319433
6.222722
4.118759
3.476714
3.836320
4.465728
3.925425
3.157304
1.916274
2.304482
2.935152
3.137580
3.209820
3.536750
3.536750
3.548390
3.717597
3.809399
3.819060
3.989156
4.272650
5.275605
6.415868
10.144100
0.258169
0.339140
0.665123
0.779062
0.533076
0.501310
0.432651
0.085667
0.009325
0.013618
0.000000
0.000000
0.000000
0.000000
0.000032
0.000023
0.000000
0.000000
0.006471
0.044228
0.786045
2.131863
4.020834
3.649849
3.627491
3.541475
3.204091
2.638073
3.031813
1.921524
2.064987
2.541597
2.966643
3.066364
3.536750
3.662462
3.548390
3.633477
3.842220
3.898047
4.236877
4.724531
5.542540
6.804257
10.272225
0.513624
0.444863
0.689975
0.598391
0.434088
0.443722
0.209834
0.021118
0.000000
0.000000
0.000000
0.000000
0.000000
0.000000
0.000000
0.000000
0.000000
0.000000
0.009910
0.039825
0.234518
0.988747
1.639249
3.201794
3.666159
3.355419
1.751892
1.559193
1.771944
1.951096
1.904005
2.440717
2.740806
2.942450
3.487377
3.744949
3.582291
3.631869
3.929960
4.010373
4.424148
5.005884
6.064412
7.282410
10.426953
0.257976
0.115118
0.041345
0.000000
0.000000
0.000000
0.000000
0.000000
0.000000
0.000000
0.000000
0.000000
0.000000
0.000000
0.024461
0.039644
0.194480
0.597926
0.709702
1.175090
3.091400
3.622945
1.963154
0.991337
0.929906
1.256749
1.352159
1.522240
2.217515
2.487062
3.184367
3.892815
3.897589
4.013872
4.423341
4.495000
4.750106
5.131884
6.512287
8.162482
10.788895
0.197162
0.087720
0.036708
0.003134
0.000000
0.000000
0.000000
0.000000
0.000000
0.000000
0.000000
0.000000
0.000000
0.000000
0.033764
0.069762
0.279644
0.417296
0.524387
1.012230
1.588299
2.506352
1.910100
1.164718
0.786010
0.881105
1.240455
1.379063
1.756540
2.252043
2.946043
4.430000
4.500354
4.296329
4.542691
4.705634
5.138558
5.512920
6.486113
8.573210
10.473247
0.000000
0.000000
0.000000
0.000000
0.000000
0.000000
0.000000
0.000000
0.025892
0.095661
0.246673
0.447563
0.413639
0.727952
1.425199
1.703526
1.377915
0.885347
0.625247
0.705106
0.924110
1.156732
1.189074
1.510986
2.174959
3.083523
4.459890
5.092169
4.894976
5.009563
5.580336
6.115230
6.687300
8.585600
11.193000
0.000000
0.000000
0.000000
0.000000
0.000000
0.000000
0.000000
0.000000
0.020071
0.038990
0.163622
0.187701
0.269705
0.933273
1.209536
1.247127
0.640762
0.510384
0.606346
0.664605
0.753073
0.881044
1.143986
1.045848
1.263200
1.949860
3.483227
4.413858
4.817414
5.031733
5.951906
7.007550
6.819427
9.134256
11.677500
0.000000
0.000000
0.007527
0.032596
0.065849
0.100319
0.135618
0.894923
1.232180
1.277274
0.609381
0.412861
0.535183
0.677117
0.749673
0.842155
1.053735
1.227673
1.196604
1.256817
2.716083
4.097409
4.699259
4.910555
6.021014
7.358181
7.193838
9.294033
12.371438
0.000000
0.000000
0.000000
0.027850
0.054534
0.095789
0.320779
1.070200
1.186396
1.222245
0.267540
0.267884
0.380672
0.506472
0.732587
0.835158
1.004889
1.160372
1.401477
1.281116
2.010958
3.806700
4.522566
5.039307
6.088467
7.602285
6.927491
8.963580
12.805961
0.833464
0.839063
0.902469
0.903567
0.157602
0.140576
0.196437
0.249329
0.357416
0.523554
0.881181
0.963220
1.002050
1.313760
1.831053
3.158872
4.093601
4.658426
6.227213
7.903282
7.054723
8.760208
12.905634
16.695725
17.710881
0.921151
0.702435
0.710192
0.651452
0.288860
0.101250
0.132731
0.181658
0.245634
0.284408
0.459391
0.772628
1.059277
1.075428
1.232720
1.760109
3.422005
3.878546
5.925008
8.674177
6.937818
8.846352
13.487842
17.233362
19.231802
0.515941
0.469278
0.401893
0.250815
0.050243
0.076741
0.154429
0.203471
0.247655
0.349001
0.748047
1.184652
1.596026
1.843548
4.131095
4.816989
6.937126
9.303750
7.428727
8.841703
12.278800
15.471762
18.850838
0.397361
0.368194
0.332796
0.194281
0.042458
0.045386
0.075147
0.150201
0.202960
0.224187
0.345128
0.658880
1.560414
2.663370
6.470304
7.797853
9.374200
9.452281
8.300668
9.390591
11.414000
16.172600
21.740763
0.183520
0.145374
0.042158
0.025974
0.042468
0.060298
0.145419
0.217767
0.296968
0.393785
0.825057
1.408040
5.397037
8.008253
10.023258
8.757250
9.920672
11.157213
12.141438
15.827616
21.490802
23.945236
29.187153
0.474466
0.298482
0.112504
0.032503
0.028677
0.035062
0.043517
0.061309
0.147421
0.269556
0.467654
0.806132
3.184426
5.660541
7.562129
7.649859
8.834559
10.450922
13.662838
18.882891
26.236263
33.818091
52.799009
0.156408
0.245595
0.481863
0.794040
0.989285
1.267413
2.547850
4.095335
5.648341
6.636243
8.479667
11.153307
14.598542
21.454820
31.693319
41.899091
89.190078
