0.120658
0.085262
0.052892
0.000985
0.000000
0.000000
0.000000
0.000000
0.000000
0.475675
0.549051
0.465719
0.104962
0.070308
0.000000
0.000000
0.000000
0.000000
0.000000
0.000000
0.000000
0.000000
0.000000
0.000000
0.000000
0.000000
0.697401
0.815247
0.582514
0.123868
0.000743
0.000000
0.000000
0.000000
0.000000
0.000000
0.000000
0.000000
0.000000
0.000000
0.000000
0.000000
0.000000
0.521048
0.684266
0.889624
1.119159
0.288610
0.086758
0.000583
0.000000
0.000000
0.000000
0.000000
0.000000
0.000000
0.000000
0.000000
0.000000
0.000000
0.000000
0.000000
0.000000
0.000000
0.000000
0.000000
0.636975
0.852259
1.038042
0.876292
0.490529
0.132729
0.010530
0.007975
0.000000
0.000000
0.000000
0.000000
0.000000
0.000000
0.000000
0.000000
0.000000
0.000000
0.000000
0.000000
0.000000
0.000000
0.000000
0.133572
0.402976
0.688587
0.955137
0.529892
0.485509
0.303629
0.105599
0.044789
0.022896
0.000082
0.000043
0.000000
0.000061
0.000765
0.001768
0.000000
0.000000
0.000000
0.000000
0.000000
0.000000
0.000000
0.000000
0.000000
0.000000
0.000000
0.166983
0.473191
0.654956
0.603007
0.347163
0.596181
0.270054
0.086624
0.156679
0.129778
0.105336
0.115636
0.049176
0.015851
0.016010
0.023031
0.004156
0.000000
0.000000
0.000000
0.000000
0.000000
0.000000
0.000000
0.000000
0.000000
0.000000
0.000000
0.000000
0.206060
0.621755
0.754887
0.472098
0.095055
0.172153
0.280104
0.120215
0.086241
0.105463
0.183355
0.468934
0.087437
0.085326
0.083991
0.083881
0.033382
0.000000
0.000000
0.000000
0.000000
0.000000
0.000000
0.000000
0.000000
0.000000
0.000000
0.000000
0.000000
0.047289
0.047289
0.244057
0.754448
0.391330
0.246424
0.087841
0.084105
0.097971
0.153032
0.109883
0.270747
0.146785
0.195531
0.103664
0.126867
0.085148
0.084073
0.083675
0.052141
0.000000
0.000000
0.000000
0.000000
0.000000
0.000000
0.000000
0.000000
0.000000
0.000000
0.000000
0.056405
0.056405
0.132101
0.165591
0.205707
0.111894
0.084294
0.097561
0.147948
0.231626
0.217477
0.410550
0.937125
0.576470
0.212940
0.237673
0.211514
0.135072
0.084061
0.083522
0.004521
0.000000
0.000000
0.000000
0.000000
0.000000
0.000000
0.000000
0.000000
0.000000
0.000000
0.000000
0.000000
0.000000
0.000000
0.137708
0.135968
0.141957
0.159778
0.157843
0.276828
0.343890
0.343154
0.517227
0.697753
0.814399
0.954137
0.926036
0.629870
0.515508
0.268026
0.094012
0.092734
0.005428
0.000296
0.001957
0.000000
0.000000
0.000000
0.000000
0.000000
0.000000
0.000000
0.000000
0.000000
0.000000
0.033305
0.033305
0.160942
0.147534
0.319733
0.325285
0.424379
0.566752
0.529154
0.414692
0.491412
0.693612
1.004624
1.222821
1.512426
1.431965
0.903877
0.330118
0.519373
0.673637
0.166642
0.138475
0.085010
0.000018
0.000000
0.000000
0.000000
0.000000
0.000000
0.000000
0.000000
0.000886
0.002364
0.002364
0.001245
0.048599
0.048599
0.374100
0.647287
0.817948
0.832842
1.145304
1.164297
0.745671
0.445419
0.193423
0.483788
1.335016
1.603034
2.118674
2.479493
1.890530
2.211835
2.882790
0.685506
1.159579
0.653137
0.350950
0.067325
0.000000
0.000000
0.000000
0.000000
0.000000
0.000000
0.000000
0.007202
0.020756
0.023340
0.013791
0.000000
0.000000
0.671631
1.749332
1.835802
2.485192
3.182752
2.359852
1.213296
0.268149
0.155375
0.730913
2.182291
2.138723
2.971852
3.969171
5.018545
6.417975
1.825486
2.149095
2.571421
2.049964
1.239089
0.278270
0.000000
0.000000
0.000000
0.000000
0.000000
0.000000
0.000000
0.007980
0.066371
0.078133
0.044947
0.009963
0.000076
0.000276
0.011728
0.127768
0.127768
0.908305
3.016734
5.051704
7.370471
7.653099
6.009480
4.190617
2.673127
2.311704
4.136943
4.886228
3.480750
3.608058
7.419674
12.149080
11.779327
3.232151
3.916004
4.575254
3.897127
2.400140
0.879749
0.020857
0.006974
0.011429
0.019297
0.001692
0.002647
0.061309
0.088750
0.096144
0.094045
0.120884
0.163412
0.088587
0.120042
0.101878
0.207865
0.207865
2.760299
5.987087
8.639889
11.309119
13.128819
13.230514
13.180133
13.533477
13.374034
13.612444
13.707177
12.930888
6.828145
10.195950
14.305945
10.003324
7.284116
7.044300
7.993330
6.681247
3.254397
1.857129
0.319973
0.273714
0.138567
0.091193
0.076695
0.087326
0.197721
0.118674
0.139138
0.216056
1.993384
8.803709
7.126155
5.716575
0.465450
0.272174
0.260744
0.000000
0.000000
2.563794
6.916593
9.444174
11.743610
14.033756
14.897295
16.548780
17.118959
16.541605
16.747531
17.700561
19.099758
17.951692
16.010027
11.885238
10.197414
9.444193
9.313737
10.347561
9.043653
3.900306
1.761925
0.634263
4.168773
0.782066
0.089014
0.180046
0.204324
1.216572
0.363112
0.963685
2.711864
11.690648
16.420139
14.444008
13.681040
5.310023
5.827282
3.171529
0.338353
0.338353
2.268037
6.598937
9.919279
11.998516
14.522731
15.494572
17.354895
18.019767
18.118553
18.681389
19.880072
20.292273
17.830328
15.752055
12.130439
11.082025
11.527173
11.578100
12.476950
10.409231
8.313317
6.523590
6.772551
9.287594
1.643293
0.441767
1.033752
2.400399
5.296723
4.570285
9.168123
10.673834
12.799301
7.652268
7.875676
17.989916
18.176012
16.999881
10.531130
8.705005
7.010352
8.036916
6.504925
3.045922
1.300556
1.048574
0.698840
1.084070
2.256863
4.862295
10.070601
19.348191
26.714041
28.168531
28.773195
29.735422
30.697580
30.278403
32.532100
0.430628
0.430628
2.198107
6.482842
10.075987
12.023202
14.520966
15.402800
16.809395
17.673725
19.336452
19.626103
19.721289
20.206616
21.141813
20.787558
19.392050
17.907908
22.488309
20.771148
16.625241
15.950623
14.935709
12.838084
9.805043
4.418227
4.796741
4.778638
4.486420
6.612843
11.275357
3.785712
3.208758
2.710047
0.629272
0.742654
1.559053
3.751825
13.277561
13.879266
13.004319
12.951538
16.657266
11.640619
14.548459
15.384205
8.816013
3.427879
2.258150
1.805668
3.938596
10.446263
20.391692
24.644509
27.682883
27.267250
24.002077
20.840975
20.164911
25.581908
18.221392
0.000000
0.000000
2.170352
6.440236
10.036700
11.978937
14.497887
15.636397
16.844170
17.575769
17.837827
17.348573
19.743250
20.963209
22.919691
23.950819
24.145769
24.438113
25.442466
21.098117
14.827544
10.792691
9.756239
9.465510
7.889678
6.456385
6.412050
6.682460
6.477941
10.691564
10.510537
0.775777
0.648769
0.952696
1.919306
2.605838
3.517770
5.128572
7.070140
9.313520
13.784075
16.047200
16.614500
12.285503
19.879200
21.830713
19.019263
9.733084
3.510119
2.424616
3.992324
12.200737
23.190137
26.129366
24.840938
20.088788
11.413539
13.659500
24.880209
34.590189
22.971053
0.559485
0.559485
2.120330
6.246567
9.734300
11.509325
13.663477
13.847619
12.469243
9.430131
8.564588
9.268800
14.555417
19.425575
22.455420
23.572522
24.567750
25.523584
24.964945
21.436734
16.078655
11.463872
10.145155
10.388307
8.762022
8.126631
9.224220
9.472000
10.684631
16.027356
14.822909
3.491817
3.514937
5.593842
6.722047
6.784694
7.605620
8.615160
8.742203
8.560584
10.267127
14.169041
11.374300
22.217739
28.090400
28.775700
25.460050
21.349066
10.388520
4.466609
3.760174
6.395934
13.869589
16.312538
11.024685
6.955734
10.613116
15.912780
22.976169
35.953897
21.167534
0.118577
0.118577
1.951260
5.815266
9.328820
9.779993
7.335416
3.758842
1.124001
0.068044
0.083969
0.474379
8.200920
17.802777
17.613667
20.197216
21.472645
22.686117
23.955706
23.257256
19.213108
17.347312
12.760480
11.848545
11.340587
11.333900
11.333900
12.198400
14.804880
19.337327
17.816230
8.611085
7.579309
6.537412
5.881339
8.679901
9.787205
10.505938
9.437737
9.314385
12.367237
17.356200
17.356200
33.659094
38.986800
41.585200
38.810442
23.849625
17.555866
8.929540
7.644645
11.524198
11.770544
10.283360
16.734980
12.496578
14.610097
18.471637
18.706400
22.385323
21.113019
0.000000
0.000000
1.655218
4.835717
8.163257
9.391242
5.808489
0.732222
0.021554
0.000495
0.049166
0.073396
4.506599
11.567762
10.623136
15.654959
17.629155
19.050061
22.656773
20.820013
19.315662
17.967287
14.379389
13.005327
12.250439
12.268712
12.058212
14.228587
18.069991
19.193189
15.720958
10.460048
5.936665
5.973947
8.072635
9.355210
9.979440
10.121930
9.348562
9.427239
12.692320
17.721512
19.001012
34.458719
41.346737
44.182427
41.847109
30.378470
22.729522
13.723894
9.587313
17.428787
13.650089
12.743128
14.763402
16.287095
21.216164
25.051342
24.760075
24.391831
27.003053
0.273537
0.273537
1.272164
3.375099
3.385421
5.021127
4.228835
1.095986
0.000000
0.000000
0.000000
0.033727
2.496469
3.175609
6.566833
13.688229
15.423131
17.806913
21.647155
20.779691
20.742036
18.196267
14.694842
13.863066
13.215698
13.263863
12.996425
16.269153
21.755314
18.402797
14.466758
10.690377
6.786107
9.258434
11.248048
9.801503
10.267575
10.070279
9.858984
10.022045
13.415224
18.544913
20.009013
34.526533
44.368555
46.640423
39.314991
20.820886
17.738703
12.209702
10.693643
20.702175
15.165237
13.055623
13.615031
15.920031
22.978616
27.979833
26.609988
26.336838
30.706988
0.606746
0.606746
0.834403
2.096681
0.433423
0.011110
0.131428
0.421436
0.004496
0.000000
0.000000
0.000000
0.027838
0.077695
0.914821
1.789372
11.888005
17.684759
17.997605
19.006914
21.101825
20.485792
16.740670
16.565152
16.646873
16.810225
17.367459
22.564495
22.360839
19.794759
20.048381
19.380953
18.582025
21.183800
14.986277
11.356038
13.627588
14.241236
13.788850
14.070898
17.937686
23.376725
20.127437
33.442289
49.923827
45.138822
28.948795
17.402841
15.889545
16.436725
17.898333
21.430717
17.472328
13.829080
16.638473
17.309105
21.500288
27.919850
30.119863
33.423400
36.554155
0.000000
0.000000
0.481947
0.994302
0.165026
0.011345
0.076378
0.104003
0.024698
0.000000
0.000000
0.000000
0.000000
0.000000
0.095839
2.698852
9.925764
12.787566
13.490261
17.370259
20.914400
21.836945
20.582511
20.392583
20.387142
20.650736
22.031166
24.954000
22.773552
24.207164
26.792536
26.779520
28.134292
27.300117
20.411261
16.762663
16.995733
13.876870
13.665475
16.585288
24.440273
27.593000
19.921900
39.817344
51.965213
47.761842
26.224713
22.584514
23.020853
21.535275
15.774863
19.504542
29.447214
19.997080
24.105537
26.762122
29.338630
29.313200
30.292500
34.169600
41.202617
0.245950
0.245950
0.208093
0.250384
0.073560
0.023504
0.000042
0.000970
0.000396
0.000000
0.000000
0.000000
0.000000
0.000000
0.075022
1.827018
4.455196
6.725435
12.368347
19.434256
23.928592
23.010753
23.184050
23.521667
24.049998
24.050984
24.217434
27.103728
26.725700
29.350612
31.517541
33.166080
35.468298
35.179808
30.129917
28.239711
25.164539
16.339959
20.718958
22.964362
29.202137
36.214527
31.391592
42.958633
57.153314
54.475025
37.760928
28.041459
21.923589
19.646300
18.527116
17.183600
26.360573
20.944289
24.782858
25.271637
25.974050
27.656300
30.335000
34.431005
38.405366
0.199601
0.199601
0.081553
0.053615
0.000000
0.000000
0.000000
0.000000
0.000000
0.000000
0.000000
0.000000
0.000000
0.000000
0.000000
0.001864
0.515056
4.004712
10.554501
14.029691
18.059720
20.098372
20.637884
20.218891
24.234092
26.171270
27.441875
26.656700
27.644294
30.683208
33.654634
34.718350
37.000697
38.206900
40.209625
39.706845
35.413372
25.952672
22.811617
27.001325
36.778030
40.391002
32.297800
39.400400
55.664466
56.684675
49.001314
43.331306
26.931594
21.058536
23.589809
21.330277
25.085306
23.244998
23.270112
23.747850
25.957613
28.581800
31.539100
33.638245
34.682187
0.075176
0.019806
0.000000
0.000000
0.000000
0.000000
0.000000
0.000000
0.000000
0.000000
0.000000
0.000000
0.000000
0.000510
0.368908
1.486380
7.439206
12.847588
16.308800
17.102745
17.378317
18.317445
22.452536
27.708867
29.549345
25.488083
25.496531
29.452527
34.418856
34.773522
36.535127
39.252611
45.786441
46.593222
41.738997
33.515938
25.879456
29.794216
38.868591
38.333292
29.403034
38.865213
51.971178
53.508267
52.640075
49.304520
29.767611
20.636328
22.553553
22.111967
25.516353
24.427644
23.914933
24.206358
25.954152
28.315706
30.603850
34.088811
36.333562
0.043958
0.000157
0.000000
0.000000
0.000000
0.000000
0.000000
0.000000
0.000000
0.000000
0.000000
0.000000
0.000000
0.000000
0.155230
0.764163
6.592711
12.900675
15.625200
15.983633
16.633556
17.695680
22.055130
27.734514
29.932837
24.462475
23.486600
28.218392
34.493591
34.342983
35.869892
38.309995
48.443008
51.193144
45.645270
38.141258
29.795520
32.005117
39.703259
36.599420
26.890400
39.346091
49.699553
51.368600
49.795870
44.364111
26.889177
20.384183
21.861250
22.360788
25.310487
25.511606
25.150667
24.622773
26.056767
28.105520
29.913700
34.950417
38.433428
0.000000
0.000000
0.000000
0.000000
0.000000
0.000000
0.002789
0.000000
0.000000
0.000132
3.488906
10.985665
11.260237
15.945453
19.194411
18.352770
18.264822
19.337489
21.304492
23.123717
25.106912
23.161950
21.272112
24.265630
29.362209
30.907037
32.791825
33.232333
45.992025
47.643756
40.753252
37.865325
35.214858
36.328197
39.568972
35.933586
28.842975
44.310186
45.449287
45.816569
40.912284
36.302839
26.456219
23.597100
23.321738
22.869713
24.058438
26.532533
25.731073
25.766053
26.917989
28.437013
30.828925
36.223588
42.510488
0.000000
0.000000
0.000000
0.000000
0.000000
0.000428
0.231022
0.120102
0.000148
0.021792
4.065823
13.399944
17.611956
18.707508
21.128419
20.499375
20.741378
20.723289
20.983428
21.454314
22.132000
21.174300
20.255100
21.293277
24.421619
25.394763
27.705416
29.792423
43.871080
48.398044
41.305300
41.789634
40.135170
40.567070
41.196898
39.046770
35.476517
39.214000
40.206900
40.297320
38.358894
35.134848
28.389303
28.031600
24.590400
24.590400
26.060000
27.096787
28.279281
27.978564
27.835766
28.641500
31.585800
38.841500
47.606067
0.059401
0.122807
4.266003
13.063483
17.684253
19.543300
20.597939
20.864814
21.160700
21.283775
21.081837
20.505900
19.369800
17.526000
17.012400
18.072298
18.121086
18.559577
21.772875
25.221553
34.257086
45.062758
46.439144
46.364081
42.636234
40.862592
40.537841
40.023450
36.558278
33.784400
32.585266
30.199873
29.709972
31.217698
31.404091
27.490373
25.797886
24.590400
27.629600
29.202325
30.025227
29.825791
30.439853
31.613330
32.726400
41.091262
48.992750
5.924906
7.303466
10.754313
13.515280
17.532980
19.687686
19.779947
20.803241
21.412166
20.906830
18.213206
15.685906
12.976389
11.459804
10.785789
10.632950
9.156964
8.048065
9.327971
11.163178
19.017960
28.713203
37.243055
44.666227
43.880448
37.171937
33.345241
35.031763
35.001364
29.406198
29.174291
26.921841
24.844484
28.417977
27.049428
25.623205
29.144700
29.144700
28.671800
31.675062
30.848563
31.679089
34.554253
36.626841
36.990900
45.823769
54.801900
15.788941
16.591267
19.148045
19.117217
19.277964
20.133127
19.402181
17.979823
11.249153
4.753265
3.295714
2.604882
1.945884
1.920475
1.219432
1.158714
1.787891
2.580262
7.551702
17.489655
29.875783
37.783987
38.528163
35.144484
31.224109
31.230352
29.063922
26.729391
29.855417
28.994511
24.216191
23.194408
25.408748
25.064158
29.144700
31.944575
30.939925
31.763133
31.734406
33.230820
37.299873
40.067019
39.019337
49.028286
58.495337
16.847995
17.686408
18.864430
18.609112
18.746400
19.326973
17.826672
15.483498
5.904421
0.653241
0.406633
0.552812
0.634655
0.742849
1.035460
1.223764
1.500580
1.845118
4.597956
7.028645
15.356153
30.215805
34.462686
32.820144
29.801736
29.494384
25.826380
25.266392
29.436278
29.974862
26.027759
24.848517
23.175973
23.885777
29.106294
33.786563
33.682800
32.597133
32.833683
34.448566
39.582336
42.715741
42.405147
51.668647
62.223519
17.288347
16.076531
14.243784
9.596425
2.769611
1.367049
1.799387
2.134909
2.436374
1.796433
3.022324
1.497845
2.582050
3.237226
4.801851
6.581819
12.886053
20.165069
25.095408
26.141584
27.497498
28.330725
25.222330
23.166625
25.161637
27.140745
25.070388
21.152783
22.373711
22.362875
28.997488
36.329441
36.777852
40.472725
37.846706
39.332656
44.547659
46.917819
45.879303
57.059238
70.634105
16.790991
14.769295
11.685842
5.897489
1.356517
0.535494
0.542719
0.446661
1.456628
4.163650
6.193563
2.979203
2.509376
4.961209
7.216703
10.850200
12.752200
15.079000
18.430988
21.020791
24.508489
25.145200
24.792414
23.237150
23.183700
22.722837
25.231859
25.706420
24.656583
24.046200
29.198934
45.071345
43.205619
44.973016
45.207130
46.195675
50.584534
52.803652
47.152500
61.590783
73.027631
0.000265
0.042677
0.093356
0.483980
2.412547
3.935656
4.458604
8.020789
11.947200
14.848400
15.209100
14.731350
17.296388
19.000375
21.810475
22.544600
23.074500
22.211600
21.156886
18.839842
21.130392
25.435981
24.598528
24.851200
27.422000
34.054266
43.477384
55.383586
46.505072
47.497450
55.463302
61.758102
52.257317
61.254645
80.507600
0.000000
0.000000
0.000000
0.066235
0.191521
1.399411
3.138658
4.359513
10.474032
14.410700
15.851600
16.956812
18.898267
19.507692
20.867837
22.053900
22.053900
22.344777
20.908800
16.651509
16.560428
18.243123
21.920467
20.981600
23.499300
28.641084
38.258300
53.041808
50.818869
52.723388
63.298902
73.901684
60.410136
70.591883
90.050300
1.781520
1.806068
7.936084
12.259387
17.850538
20.810695
20.321223
19.904903
20.230830
21.281150
20.956712
21.039259
18.564862
15.225786
15.684041
16.972977
19.622389
20.468350
22.887175
23.880453
35.219644
49.789408
53.220563
55.326934
67.591992
81.139403
68.750150
78.561339
101.353238
1.604066
2.859571
5.844551
10.928629
19.503031
23.483325
21.314603
20.198047
19.756206
20.774600
20.080234
19.153336
16.693773
14.284856
16.628819
17.104533
18.756039
20.033000
22.670937
21.954625
32.046655
47.280339
54.143077
57.677697
70.793461
86.281391
73.080953
83.572625
109.767641
24.074673
20.175869
18.002130
19.722878
17.358406
14.449394
10.676495
10.344844
11.902183
13.616195
18.523281
18.387125
22.837875
24.341275
28.638502
40.368944
51.469856
57.894311
78.167063
99.422898
87.746459
98.475281
133.680891
164.922578
170.433375
21.910264
17.117569
15.946061
17.282803
17.347039
15.058470
10.952194
11.490589
12.931866
11.572473
11.964631
13.108600
16.605600
18.153800
23.139655
29.249514
39.892297
48.290650
77.991352
109.959812
99.713059
122.236703
177.361141
217.577453
257.786172
13.585650
14.482400
16.567394
16.783680
9.305480
10.706000
14.397836
15.630242
14.622045
14.883100
18.936600
23.199600
29.346800
29.690762
43.073412
53.012988
87.522789
122.235469
123.123922
160.721781
255.281547
397.464391
503.886438
10.990237
12.008800
13.277000
14.328678
8.962757
7.458584
10.810177
16.439409
16.914502
16.567900
18.453600
25.870653
41.712417
42.453650
68.699137
82.471700
113.269000
139.405109
151.004516
208.637828
444.635672
521.075281
529.531766
12.137375
12.097098
7.994905
6.188063
6.723903
9.469388
15.255486
17.639556
21.726780
22.910787
34.864216
39.851091
69.695841
90.960481
128.699000
146.191094
195.704734
300.443328
517.187531
528.758547
530.374687
529.004437
528.754406
14.292600
14.277900
13.290782
8.364519
8.047517
9.420984
13.488573
15.529800
18.936569
22.533338
29.796281
36.135384
62.843803
85.630547
130.454109
156.833609
263.481703
471.715234
528.738469
528.754297
528.793594
528.870156
528.896688
14.586816
15.056862
17.248175
23.690737
30.616237
36.518878
60.132369
77.532656
117.274836
147.751609
376.445266
522.065344
528.776906
528.826016
528.930687
528.958937
529.131609
