0.000000
0.002759
0.000000
0.000000
0.053225
0.082160
0.038043
0.085004
0.000000
0.000000
0.003266
0.000000
0.021913
0.047434
0.040405
0.088254
0.005510
0.000000
0.000000
0.002019
0.087499
0.039623
0.053224
0.042201
0.000000
0.005123
0.000000
0.031129
0.039488
0.073114
0.001901
0.058639
0.013739
0.000250
0.000000
0.035083
0.086612
0.076349
0.061343
0.120646
0.000000
0.000000
0.028096
0.000000
0.089589
0.044378
0.165058
0.044163
0.000000
0.033475
0.000806
0.000000
0.089244
0.082117
0.060231
0.036476
0.000000
0.000000
0.000422
0.000000
0.050650
0.044045
0.050093
0.089015
0.187031
0.906695
0.289398
0.573019
2.083462
1.086373
1.691549
2.296524
0.214338
0.196371
0.556539
0.218332
1.037725
2.068211
2.053750
1.969315
0.157242
0.759497
0.307738
0.523758
1.865142
4.163875
14.826689
1.539856
0.100899
1.056934
0.182458
0.222626
1.778999
2.457147
1.366780
1.776127
0.786911
0.221428
0.147798
0.566907
2.152329
1.414289
1.498497
2.235665
0.241452
0.209273
0.204796
0.216382
1.903931
1.912157
1.411670
6.203034
0.782077
0.236144
0.152230
0.223733
5.052310
1.707378
2.251160
1.149209
0.192611
0.964094
0.159940
0.383159
11.422556
1.118894
1.332484
2.237386
0.000000
0.000000
0.000000
0.000000
0.045403
0.001066
0.041718
0.053248
0.000000
0.000000
0.000000
0.000000
0.000000
0.052327
0.009613
0.055294
0.000000
0.000000
0.000000
0.004556
0.044230
0.058899
0.000721
0.029402
0.000000
0.000000
0.000000
0.000000
0.039341
0.051385
0.054313
0.000940
0.000000
0.000000
0.000000
0.000000
0.064726
0.014396
0.052355
0.000827
0.000000
0.000000
0.000000
0.000000
0.040870
0.053647
0.002902
0.048918
0.000000
0.000000
0.000000
0.000000
0.058414
0.043736
0.000000
0.051299
0.000000
0.000000
0.000000
0.000000
0.002991
0.053803
0.000835
0.050155
0.109022
0.225075
0.243443
0.064916
0.975209
1.748782
1.617739
1.407260
0.055827
0.126988
0.107525
0.159322
1.862206
0.375121
1.902584
0.221359
0.170578
0.104923
0.080809
0.180102
0.642136
1.601846
1.356556
1.244554
0.181714
0.062911
0.334498
0.059536
1.622766
0.857752
0.308963
2.218638
0.167220
0.888427
0.251746
0.187010
1.472331
1.355442
1.170687
2.261066
0.081639
0.149265
0.124885
0.239930
1.157191
1.786959
0.379522
1.712676
0.162862
0.085068
0.274500
0.188975
1.275925
1.347005
1.591296
1.794575
0.196162
0.064644
0.127816
0.115966
0.713639
1.671573
1.173961
1.377082
0.033222
0.000000
0.000000
0.029475
0.064023
0.042662
0.056834
0.004253
0.000000
0.000000
0.000000
0.028943
0.040525
0.008062
0.110075
0.040979
0.000000
0.039741
0.000000
0.036261
0.052782
0.041053
0.000000
0.076526
0.034046
0.000000
0.000000
0.015282
0.042337
0.051431
0.044716
0.051232
0.000000
0.000000
0.001920
0.033346
0.040114
0.060080
0.038485
0.046911
0.000000
0.035131
0.000000
0.000000
0.069217
0.041655
0.000171
0.059798
0.014159
0.000000
0.000000
0.000000
0.037758
0.066360
0.051810
0.047488
0.000000
0.031128
0.000000
0.000000
0.073339
0.000000
0.166993
0.044688
0.121066
1.056439
0.831050
0.069130
1.842100
23.899652
1.191754
3.087532
0.374452
0.133795
0.543816
0.238123
1.113587
2.062396
2.184538
1.142626
0.158420
0.800524
0.452560
0.182640
3.128072
0.598081
1.449427
18.676930
0.067875
0.463166
0.184431
0.162562
1.036155
14.517147
12.871130
0.817136
0.132723
0.488415
0.342241
0.149989
1.604677
2.900592
1.437539
19.171458
0.258751
0.083349
1.018305
0.066674
2.623905
2.482275
1.474079
5.190152
0.131956
0.646919
0.324475
0.193597
0.864800
2.736802
10.071567
1.554314
0.161624
0.294115
0.689468
0.084733
0.882160
2.984436
1.268097
23.757136
0.000000
0.000000
0.000000
0.000000
0.092364
0.000000
0.045529
0.040020
0.000000
0.000867
0.000000
0.000000
0.005950
0.052075
0.012771
0.000000
0.000000
0.000000
0.000000
0.000000
0.039458
0.050525
0.000000
0.025788
0.000000
0.000000
0.000000
0.019091
0.041860
0.000000
0.028515
0.000000
0.000000
0.000000
0.000000
0.032805
0.010822
0.041878
0.050697
0.043318
0.000000
0.000000
0.000000
0.000000
0.038387
0.054935
0.051951
0.042962
0.007592
0.000000
0.000000
0.000000
0.059165
0.000000
0.051742
0.000000
0.000000
0.000000
0.000000
0.000000
0.000299
0.041960
0.001296
0.038810
0.192981
0.152521
0.137303
0.223007
1.093968
1.955004
1.168801
15.109314
0.136408
0.070841
0.097223
0.156256
1.187677
0.444233
1.213992
0.330623
0.060120
0.785459
0.351444
0.059778
21.714317
0.923970
0.555326
2.043426
0.145159
0.060408
0.062523
0.094505
1.091456
0.975723
0.786328
3.244604
0.066400
0.830791
0.157212
0.219369
1.298090
1.533297
0.251516
21.926242
0.293848
0.064043
0.069197
0.261120
1.482866
0.459845
1.395782
8.133798
0.185959
0.075014
0.272103
0.077683
0.727560
1.579477
0.970457
2.954539
0.349842
0.066355
0.058076
0.088371
0.544312
1.796350
0.765813
1.055108
0.000000
0.003786
0.000000
0.031411
0.037070
0.127901
0.076392
0.059817
0.000000
0.035050
0.000000
0.000000
0.074770
0.043052
0.049608
0.048324
0.000000
0.016997
0.032813
0.002001
0.062590
0.094382
0.082798
0.035838
0.000000
0.001100
0.000000
0.030115
0.038025
0.045817
0.036002
0.057545
0.000000
0.005437
0.030972
0.000000
0.039627
0.115465
0.056814
0.095209
0.000000
0.000000
0.000000
0.000000
0.104883
0.065705
0.000133
0.084830
0.060199
0.000000
0.032388
0.000000
0.053634
0.045474
0.129470
0.046780
0.000000
0.002261
0.000000
0.034252
0.040065
0.047748
0.014550
0.080415
0.597258
0.165451
0.568957
0.188013
19.737812
1.429705
2.213924
1.530013
0.245284
0.212187
0.637162
0.081441
1.664531
1.809346
2.367376
1.399371
0.575087
0.191387
0.072407
0.629405
1.288411
2.714531
1.892735
4.393625
0.240699
0.122874
0.562396
0.142416
1.227994
18.260484
1.686950
4.580867
0.271592
0.599525
0.434395
0.374100
1.128225
8.954586
2.111747
1.884329
0.075713
0.369615
0.228142
0.150870
13.903028
1.937146
1.772385
8.300068
0.751985
0.200572
0.148904
0.928517
2.096008
1.634952
1.156923
14.827630
0.161530
0.345229
0.392953
0.116423
1.314598
23.208730
1.534975
2.522402
0.000000
0.000000
0.000000
0.000000
0.044275
0.039310
0.000000
0.052012
0.000000
0.000000
0.000000
0.000000
0.050858
0.043015
0.000000
0.049110
0.000000
0.000000
0.000000
0.000000
0.092100
0.036304
0.048415
0.000344
0.000000
0.000000
0.000000
0.000000
0.051703
0.041910
0.030406
0.045094
0.000000
0.000000
0.000000
0.000000
0.048126
0.022681
0.044219
0.056032
0.000000
0.000000
0.000000
0.000000
0.053961
0.004047
0.039565
0.051842
0.000000
0.000000
0.000000
0.000000
0.047102
0.000000
0.060132
0.010869
0.000000
0.000000
0.000000
0.000000
0.059295
0.000000
0.010542
0.053850
0.234505
0.056633
0.179847
0.058104
1.671814
1.321175
1.567227
1.679844
0.074953
0.203424
0.056880
0.081167
7.821046
1.207819
0.768676
5.024985
0.073594
0.718049
0.228057
0.070580
1.817865
3.266840
1.170011
1.861078
0.067271
0.318287
0.069734
0.088553
1.052787
1.136997
1.107994
2.070399
0.117355
0.080858
0.148200
0.328017
0.849371
5.974112
2.020877
0.834634
0.060185
0.243879
0.136592
0.101991
0.689264
1.470620
0.187224
2.627560
0.657154
0.065302
0.195766
0.248776
1.185978
2.328125
1.713389
1.438947
0.096808
0.061103
0.126696
0.094340
1.217165
1.493801
1.594463
0.986276
0.000000
0.036695
0.000000
0.000000
0.066692
0.045590
0.053908
0.005444
0.000000
0.000000
0.000000
0.032991
0.046836
0.038548
0.074684
0.001980
0.000000
0.037666
0.000000
0.032304
0.000104
0.067205
0.000000
0.050454
0.000000
0.000000
0.029348
0.000000
0.050019
0.000000
0.036772
0.050951
0.000000
0.000000
0.032278
0.014962
0.153502
0.000000
0.131186
0.042695
0.000000
0.028599
0.000000
0.000000
0.047906
0.062333
0.000000
0.099620
0.000000
0.003540
0.045609
0.000000
0.003640
0.059210
0.038619
0.076132
0.032473
0.000000
0.001449
0.000000
0.105735
0.042329
0.042427
0.020457
0.241839
0.274918
0.181013
0.251990
12.520725
1.217745
1.174437
3.076149
0.179959
0.436411
0.235237
0.069714
1.814246
1.797171
16.945512
1.500493
0.204710
0.424529
0.069035
0.608187
18.849600
0.972683
2.023563
0.724387
0.792986
0.058416
0.829298
0.068854
1.416034
12.714658
26.925161
0.959021
0.863857
0.136461
0.120360
0.490977
1.780540
2.170400
0.846113
6.845930
0.171499
0.303297
0.161269
0.253165
1.049010
16.565369
1.920738
1.082186
0.156839
0.423271
0.257184
0.563328
1.518682
17.254377
2.303775
2.552827
0.176574
0.622653
0.383793
0.195845
30.396767
1.021297
9.387055
3.016980
0.000000
0.000000
0.033452
0.000000
0.041690
0.000000
0.000000
0.049373
0.000000
0.000000
0.000000
0.000000
0.000000
0.054677
0.045397
0.000000
0.000000
0.000000
0.000250
0.000000
0.049261
0.000000
0.045835
0.000000
0.000000
0.012962
0.000000
0.000000
0.000000
0.052364
0.000000
0.038473
0.000000
0.028861
0.000000
0.000000
0.000000
0.052431
0.035471
0.056895
0.000000
0.000000
0.000000
0.000000
0.000000
0.047208
0.039632
0.052595
0.000000
0.000000
0.000000
0.000000
0.009173
0.000000
0.053145
0.040843
0.000000
0.031162
0.000000
0.000000
0.000000
0.000000
0.018801
0.048851
0.230240
0.115359
0.194462
0.072186
0.980109
2.485978
1.044717
7.645456
0.118357
0.073247
0.188104
0.064755
1.141702
1.231546
0.474454
1.136240
0.141799
0.056843
0.229581
0.098309
1.507747
1.145916
25.279253
0.579346
0.062981
0.091382
0.078495
0.060581
0.563021
1.269924
1.821690
0.304867
0.064897
0.154505
0.079638
0.734212
1.149157
22.406934
0.717332
2.330126
0.189988
0.112486
0.146600
0.066991
1.432401
0.901159
0.960333
1.605469
0.075236
0.619762
0.072286
0.303304
1.937853
0.634340
1.353335
1.734656
0.060620
0.094832
0.076007
0.277541
1.486732
1.175439
1.572782
3.219945
0.000000
0.000000
0.000000
0.000000
0.000000
0.000000
0.000000
0.000000
0.000000
0.000000
0.000000
0.000000
0.000000
0.000000
0.000000
0.000000
0.000000
0.000000
0.000000
0.000000
0.000000
0.000000
0.000000
0.000000
0.000000
0.000000
0.000000
0.000000
0.000000
0.000000
0.000000
0.000000
0.000000
0.000000
0.000000
0.000000
0.000000
0.000000
0.000000
0.000000
0.000000
0.000000
0.000000
0.000000
0.000000
0.000000
0.000000
0.000000
0.000000
0.000000
0.000000
0.000000
0.000000
0.000000
0.000000
0.000000
0.000000
0.000000
0.000000
0.000000
0.000000
0.000000
0.000000
0.000000
0.000000
0.000000
0.000000
0.000000
0.000000
0.000000
0.000000
0.000000
0.000000
0.000000
0.000000
0.000000
0.000000
0.000000
0.000000
0.000000
0.000000
0.000000
0.000000
0.000000
0.000000
0.000000
0.000000
0.000000
0.000000
0.000000
0.000000
0.000000
0.000000
0.000000
0.000000
0.000000
0.000000
0.000000
0.000000
0.000000
0.000000
0.000000
0.000000
0.000000
0.000000
0.000000
0.000000
0.000000
0.000000
0.000000
0.000000
0.000000
0.000000
0.000000
0.000000
0.000000
0.000000
0.000000
0.000000
0.000000
0.000000
0.000000
0.000000
0.000000
0.000000
0.000000
0.000000
0.000000
0.000000
0.000000
0.000000
0.000000
0.000000
0.000000
0.000000
0.000000
0.000000
0.000000
0.000000
0.000000
0.000000
0.000000
0.000000
0.000000
0.000000
0.000000
0.000000
0.000000
0.000000
0.000000
0.000000
0.000000
0.000000
0.000000
0.000000
0.000000
0.000000
0.000000
0.000000
0.000000
0.000000
0.000000
0.000000
0.000000
0.000000
0.000000
0.000000
0.000000
0.000000
0.000000
0.000000
0.000000
0.000000
0.000000
0.000000
0.000000
0.000000
0.000000
0.000000
0.000000
0.000000
0.000000
0.000000
0.000000
0.000000
0.000000
0.000000
0.000000
0.000000
0.000000
0.000000
0.000000
0.000000
0.000000
0.000000
0.000000
0.000000
0.000000
0.000000
0.000000
0.000000
0.000000
0.000000
0.000000
0.000000
0.000000
0.000000
0.000000
0.000000
0.000000
0.000000
0.000000
0.000000
0.000000
0.000000
0.000000
0.000000
0.000000
0.000000
0.000000
0.000000
0.000000
0.000000
0.000000
0.000000
0.000000
0.000000
0.000000
0.000000
0.000000
0.000000
0.000000
0.000000
0.000000
0.000000
0.000000
0.000000
0.000000
0.000000
0.000000
0.000000
0.000000
0.000000
0.000000
0.000000
0.000000
0.000000
0.000000
0.000000
0.000000
0.000000
0.000000
0.000000
0.000000
0.000000
0.000000
0.000000
0.000000
0.000150
0.000000
0.000000
0.000000
0.000000
0.000000
0.000000
0.000000
0.000000
0.000000
0.000000
0.000000
0.000000
0.000000
0.000000
0.000000
0.001594
0.000000
0.000000
0.000000
0.000000
0.000000
0.000000
0.000000
0.000000
0.000000
0.000000
0.000000
0.000000
0.000000
0.000000
0.000000
0.000000
0.000000
0.000000
0.000000
0.000000
0.000000
0.000000
0.000000
0.000000
0.000000
0.000000
0.000000
0.000000
0.000000
0.000000
0.000000
0.000000
0.000000
0.000000
0.000000
0.000000
0.000000
0.000000
0.000000
0.000000
0.000000
0.000000
0.000000
0.000000
0.000000
0.000000
0.000000
0.000000
0.000000
0.000000
0.000000
0.000000
0.000000
0.000000
0.000000
0.000000
0.000000
0.000000
0.000000
0.000000
0.000000
0.000000
0.000000
0.000000
0.000000
0.000000
0.000000
0.000000
0.000000
0.000000
0.000000
0.000000
0.000000
0.000000
0.000000
0.000000
0.000000
0.000000
0.000000
0.000000
0.000000
0.000000
0.000000
0.000000
0.000000
0.000000
0.000000
0.000000
0.000000
0.000000
0.000000
0.000000
0.000000
0.000000
0.000000
0.000000
0.000000
0.000000
0.000000
0.000000
0.000000
0.000000
0.000000
0.000000
0.000000
0.000000
0.000000
0.000000
0.000000
0.000000
0.000000
0.000000
0.000000
0.000000
0.000000
0.000000
0.000000
0.000000
0.000000
0.000000
0.000000
0.000000
0.000000
0.000000
0.000000
0.000000
0.000000
0.000000
0.000000
0.000000
0.000000
0.000000
0.000000
0.000000
0.000000
0.000000
0.000000
0.000000
0.000000
0.000000
0.000000
0.000000
0.000000
0.000000
0.000000
0.000000
0.000000
0.000000
0.000000
0.000000
0.000000
0.000000
0.000000
0.000000
0.000000
0.000000
0.000000
0.000000
0.000000
0.000000
0.000000
0.000000
0.000000
0.000000
0.000000
0.000000
0.000000
0.000000
0.000000
0.000000
0.000000
0.000000
0.000000
0.000000
0.000000
0.000000
0.000000
0.000000
0.000000
0.000000
0.000000
0.000000
0.000000
0.000000
0.000000
0.000000
0.000000
0.000000
0.000000
0.000000
0.000000
0.000000
0.000000
0.000000
0.000000
0.000000
0.000000
0.000000
0.000000
0.000000
0.000000
0.000000
0.000000
0.000000
0.000000
0.000000
0.000000
0.000000
0.000000
0.000000
0.000000
0.000000
0.000000
0.000000
0.000000
0.000000
0.000000
0.000000
0.000000
0.000000
0.000000
0.000000
0.000000
0.000000
0.000000
0.000000
0.000000
0.000000
0.000000
0.000000
0.000000
0.000000
0.000000
0.000000
0.000000
0.000000
0.000000
0.000000
0.000000
0.000000
0.000000
0.000000
0.000000
0.000000
0.000000
0.000000
0.000000
0.000000
0.000000
0.000000
0.000000
0.000000
0.000000
0.000000
0.000000
0.000000
0.000000
0.000000
0.000000
0.000000
0.000000
0.000000
0.000000
0.000000
0.000000
0.000000
0.000000
0.000000
0.000000
0.000000
0.000000
0.000000
0.000000
0.000000
0.000000
0.000000
0.000000
0.000000
0.000000
0.000000
0.000000
0.000000
0.000000
0.000000
0.000000
0.000000
0.000000
0.000000
0.000000
0.000000
0.000000
0.000000
0.000000
0.000000
0.000000
0.000000
0.000000
0.000000
0.000000
0.000000
0.000000
0.000000
0.000000
0.000000
0.000000
0.000000
0.000000
0.000000
0.000000
0.000000
0.000000
0.000000
0.000000
0.000000
0.000000
0.000000
0.000000
0.000000
0.000000
0.000000
0.000000
0.000000
0.000000
0.000000
0.000000
0.000000
0.000000
0.000000
0.000000
0.000000
0.000000
0.000000
0.000000
0.000000
0.000000
0.000000
0.000000
0.000000
0.000000
0.000000
0.000000
0.000000
0.000000
0.000000
0.000000
0.000000
0.000000
0.000000
0.000000
0.000000
0.000000
0.000000
0.000000
0.000000
0.000000
0.000000
0.000000
0.000000
0.000000
0.000000
0.000000
0.000000
0.000000
0.000000
0.000000
0.000000
0.000000
0.000000
0.000000
0.000000
0.000000
0.000000
0.000000
0.000000
0.000000
0.000000
0.000000
0.000000
0.000000
0.000000
0.000000
0.000000
0.000000
0.000000
0.000000
0.000000
0.000000
0.000000
0.000000
0.000000
0.000000
0.000000
0.000000
0.000000
0.000000
0.000000
0.000000
0.000000
0.000000
0.000000
0.000000
0.000000
0.000000
0.000000
0.000000
0.000000
0.000000
0.000000
0.000000
0.000000
0.000000
0.000000
0.000000
0.000000
0.000000
0.000000
0.000000
0.000000
0.000000
0.000000
0.000000
0.000000
0.000000
0.000000
0.000000
0.000000
0.000000
0.000000
0.000000
0.000000
0.000000
0.000000
0.000000
0.000000
0.000000
0.000000
0.000000
0.000000
0.000000
0.000000
0.000000
0.000000
0.000000
0.000000
0.000000
0.000000
0.000000
0.000000
0.000000
0.000000
0.000000
0.000000
0.000000
0.000000
0.000000
0.000000
0.000000
0.000000
0.000000
0.000000
0.000000
0.000000
0.000000
0.000000
0.000000
0.000000
0.000000
0.000000
0.000000
0.000000
0.000000
0.000000
0.000000
0.000000
0.000000
0.000000
0.000000
0.000000
0.000000
0.000000
0.000000
0.000000
0.000000
0.000000
0.000000
0.000000
0.000000
0.000000
0.000000
0.000000
0.000000
0.000000
0.000000
0.000000
0.000000
0.000000
0.000000
0.000000
0.000000
0.000000
0.000000
0.000000
0.000000
0.000000
0.000000
0.000000
0.000000
0.000000
0.000000
0.000000
0.000000
0.021826
0.000000
0.000000
0.000000
0.000000
0.000000
0.000000
0.000000
0.000000
0.000000
0.000000
0.000000
0.000000
0.000000
0.000000
0.000000
0.000000
0.000000
0.000000
0.000000
0.000000
0.000000
0.000000
0.000000
0.000000
0.000000
0.000000
0.000000
0.000000
0.000000
0.000000
0.000000
0.000000
0.000000
0.000000
0.000000
0.000000
0.000000
0.000000
0.000000
0.000000
0.000000
0.000000
0.000000
0.000000
0.000000
0.000000
0.000000
0.000000
0.000000
0.000000
0.000000
0.000000
0.000000
0.000000
0.000000
0.000000
0.000000
0.000000
0.000000
0.000000
0.000000
0.000000
0.000000
0.000000
0.000000
0.000000
0.000000
0.000000
0.000000
0.000000
0.000000
0.000000
0.000000
0.000000
0.000000
0.000000
0.000000
0.000000
0.000000
0.000000
0.000000
0.000000
0.000000
0.000000
0.000000
0.000000
0.000000
0.000000
0.000000
0.000000
0.000000
0.000000
0.000000
0.000000
0.000000
0.000000
0.000000
0.000000
0.000000
0.000000
0.000000
0.000000
0.000000
0.000000
0.000000
0.000000
0.000000
0.000000
0.000000
0.000000
0.000000
0.000000
0.000000
0.000000
0.000000
0.000000
0.000000
0.000000
0.000000
0.000000
0.000000
0.000000
0.000000
0.000000
0.000000
0.000000
0.000000
0.000000
0.000000
0.000000
0.000000
0.000000
0.000000
0.000000
0.000000
0.000000
0.000000
0.000000
0.000000
0.000000
0.000000
0.000000
0.000000
0.000000
0.000000
0.000000
0.000000
0.000000
0.000000
0.000000
0.000000
0.000000
0.000000
0.000000
0.000000
0.000000
0.000000
0.000000
0.000000
0.000000
0.000000
0.000000
0.000000
0.000000
0.000000
0.000000
0.000000
0.000000
0.000000
0.000000
0.000000
0.000000
0.000000
0.000000
0.000000
0.000000
0.000000
0.000000
0.000000
0.000000
0.000000
0.000000
0.000000
0.000000
0.000000
0.000000
0.000000
0.000000
0.000000
0.000000
0.000000
0.000000
0.000000
0.000000
0.000000
0.000000
0.000000
0.000000
0.000000
0.000000
0.000000
0.000000
0.000000
0.000000
0.000000
0.000000
0.000000
0.000000
0.000000
0.000000
0.000000
0.000000
0.000000
0.000000
0.000000
0.000000
0.000000
0.000000
0.000000
0.000000
0.000000
0.000000
0.000000
0.000000
0.000000
0.000000
0.000000
0.000000
0.000000
0.000000
0.000000
0.000000
0.000000
0.000000
0.000000
0.000000
0.000000
