0.000000
0.163379
0.085138
0.037149
1.011549
3.430479
0.525665
4.820870
0.034085
0.047113
0.205529
0.120113
0.275880
0.630593
0.885670
1.890766
0.110061
0.052459
0.230969
0.090576
4.252345
0.376091
4.861972
0.710577
0.049906
0.066550
0.038333
0.382490
1.264715
1.462825
0.119030
5.275966
0.265583
0.190318
0.077155
0.639267
4.511086
2.245936
1.519694
2.168312
0.051937
0.044809
0.242935
0.042426
3.917573
1.226339
4.466696
0.321348
0.184759
0.382574
0.119726
0.079896
1.539802
3.775083
1.658771
0.475545
0.035437
0.246131
0.098525
0.050315
0.705457
2.807275
3.915052
1.230331
7.950322
17.769125
8.561101
11.315997
45.597125
23.126775
35.501214
56.859300
9.382460
6.731688
16.853038
9.720184
24.046825
49.025717
50.131900
44.955527
6.846375
16.681962
8.967338
10.362357
49.150505
85.890000
75.479094
29.570387
6.863693
25.144097
4.623491
9.500802
37.193213
61.838463
29.881078
45.830031
17.212450
8.072302
5.929788
14.189250
53.485541
22.099400
37.016686
51.402800
10.238653
8.534022
10.154380
7.633056
40.792114
42.904587
26.628259
64.438338
17.607237
11.136339
6.181511
10.924162
59.165025
32.943205
53.267538
29.138912
8.034835
20.248413
8.927366
14.060645
62.678842
22.090262
27.879919
54.860183
0.031000
0.041912
0.050486
0.035166
1.524430
0.106373
0.828077
1.474534
0.033208
0.046011
0.034604
0.044306
0.073180
4.023016
0.800022
4.867908
0.281908
0.042041
0.041418
0.336814
0.718549
5.945433
0.128916
0.766966
0.034560
0.051571
0.033308
0.046266
1.189125
0.834898
5.113847
1.099334
0.060458
0.028199
0.036904
0.104372
4.417028
0.318225
2.809724
0.176122
0.065782
0.036640
0.073733
0.033141
0.373878
1.941486
0.476700
1.197730
0.056201
0.036884
0.044420
0.043200
4.920769
0.550129
0.070000
4.455157
0.028440
0.046821
0.049501
0.032078
0.158361
4.814966
0.138160
4.504866
7.267811
11.247989
11.121539
6.509083
22.758613
39.985989
41.143767
28.509545
5.176801
9.183083
8.723160
9.291038
42.719161
15.257044
55.837163
13.797477
8.248092
8.471685
6.196710
8.187776
20.557563
42.944836
33.076200
28.828925
11.469402
5.059741
18.454336
5.632818
39.996950
23.146070
16.962927
65.717125
7.842869
21.173663
12.753550
8.368295
34.209325
32.839300
26.843528
48.268538
6.640079
13.709686
7.335890
12.374570
26.377288
42.836688
18.546153
40.607188
10.588665
10.211569
15.460275
7.399997
28.063500
41.653713
29.172600
41.216870
12.448409
7.356995
11.665650
6.710130
22.085025
44.083675
29.032900
30.560125
1.119426
0.065850
0.042291
0.566665
4.028916
0.483682
5.302183
0.333122
0.047749
0.040823
0.052051
0.432945
3.229580
0.268899
1.646731
3.083081
0.052465
3.320640
0.050133
2.726006
4.851412
0.576898
0.287876
6.745966
2.492702
0.044310
0.051741
0.453784
3.477675
0.570396
3.456242
0.920989
0.048698
0.210752
0.079350
1.045817
0.435317
5.452168
2.004759
0.464675
0.039522
2.767230
0.034915
0.188362
4.356288
3.557214
0.290200
1.177425
0.186768
0.239125
0.054201
0.047419
0.396438
7.505836
3.312479
0.779625
0.116360
1.548228
0.060910
0.052971
6.034483
0.063871
3.197091
4.649251
5.952617
22.417127
19.408073
6.682157
47.876723
77.493075
34.376245
78.631825
17.288002
8.255095
20.421637
7.169178
35.399506
52.240370
55.030363
27.459000
3.719716
18.555562
13.764855
3.696034
78.086463
24.281337
35.797269
60.008172
8.129336
12.625967
16.676175
6.720770
24.425270
57.517958
54.626225
21.849364
10.576997
9.951876
14.657444
7.431386
35.475756
75.103144
27.520362
72.483912
11.310617
9.756469
21.767788
1.813580
41.179975
56.445792
32.809850
43.682262
9.543152
21.538612
10.364256
6.717593
28.976625
69.629925
45.678600
40.993505
4.492559
13.352180
17.795838
10.011100
24.589838
81.365056
33.861200
52.761888
0.039135
0.067684
0.027562
0.250775
1.895522
0.069915
3.598651
3.359555
0.027220
0.750661
0.045801
0.042758
1.237335
4.316504
0.342074
0.072880
0.039306
0.261955
0.047365
0.148907
3.589515
4.322313
0.141431
0.475342
0.044218
0.042117
0.033899
1.374811
3.510447
0.218609
2.713378
0.106752
0.063476
0.056352
0.036459
1.268992
0.374662
3.232775
0.933732
3.853237
0.041529
0.047468
0.029107
0.051086
1.835865
2.147223
0.845657
3.645810
0.688639
0.051520
0.070826
0.051217
6.933930
0.114285
4.490186
0.063543
0.046271
0.049599
0.049956
0.013702
0.152567
3.562729
0.293770
3.358671
7.877655
11.350386
5.294524
15.249489
25.216575
50.561550
28.942575
57.536077
13.735725
6.754691
5.754199
7.582519
39.180819
18.678588
27.337075
16.643094
5.621420
20.269350
16.317234
0.929726
72.074239
24.740462
17.782578
63.355702
6.895280
5.627626
1.811083
13.893825
26.408613
24.747491
21.857169
28.802950
7.394572
20.659180
8.279341
10.407051
33.987961
39.658950
15.379461
73.891888
17.933150
5.771814
6.201110
15.601697
34.714038
19.115125
33.971216
47.630638
7.139835
10.086759
12.730437
8.191501
23.087687
46.981375
22.394788
79.017938
17.344788
7.486958
1.594611
12.202600
20.813513
53.078030
21.684213
29.553750
0.110149
0.201002
0.037014
0.464022
0.343365
4.992999
2.742073
0.914464
0.049377
0.516660
0.038396
0.044762
1.976535
1.426766
3.224744
1.525270
0.041292
0.192296
0.310315
0.102890
1.301097
1.427040
2.321724
1.145572
0.028000
0.286695
0.051895
0.320883
1.445812
0.747223
0.521510
4.310583
0.072952
0.156785
0.411423
0.053706
1.253899
3.709795
4.872908
1.235274
0.151425
0.048445
0.055458
0.036824
3.754065
1.235889
0.063455
3.982941
1.225716
0.071603
0.418896
0.052285
3.492050
0.515482
1.814593
1.935801
0.035613
0.250118
0.033095
1.040462
0.320411
4.230750
0.349184
3.848716
16.541375
7.519165
14.258613
6.611279
76.383975
36.597356
58.627063
25.564225
11.698436
5.801756
17.603363
6.028780
30.764450
54.219388
45.020022
37.355156
14.386738
5.033270
6.469722
16.478122
27.178711
71.103311
42.719756
46.448320
11.866566
5.963502
14.523175
7.047912
27.677387
54.994738
33.679520
50.001966
8.857043
13.755111
11.517000
12.209702
16.873202
67.031305
69.778575
40.446087
5.457827
13.442294
6.906405
12.249922
77.447153
46.706166
35.646172
76.793225
16.111562
7.469369
7.380829
20.232687
44.390919
44.562325
25.734892
58.778611
11.393569
12.675261
13.877625
5.013863
38.215662
83.512341
32.663972
77.597677
0.033586
0.048367
0.036945
0.075639
0.538613
1.102468
0.146771
1.299335
0.044138
0.035846
0.030777
0.083885
4.331746
1.473251
0.075942
1.390101
0.035880
0.097998
0.027770
0.039766
4.172809
0.828418
4.510534
0.144029
0.036280
0.253769
0.029110
0.041389
2.398328
3.348486
0.243624
4.162986
0.077610
0.040694
0.037525
0.077152
2.739751
0.335189
0.974747
4.089794
0.034764
0.049581
0.054402
0.028153
4.807727
0.219891
0.295254
4.345293
0.058926
0.060288
0.033500
0.182282
1.337017
0.084845
4.449605
1.241949
0.024832
0.140394
0.033702
0.037045
5.271074
0.058652
0.471712
1.491014
10.272975
5.077317
10.549808
5.344180
31.320102
35.350988
29.756387
46.452338
6.617449
11.126350
5.328272
9.934076
76.429905
26.569163
23.283813
63.408963
5.460768
20.800661
12.115902
6.380570
37.420263
42.823163
26.287191
42.225812
5.695680
15.583625
6.356426
11.481095
22.139956
27.884438
30.515517
51.345175
8.801455
8.166480
5.890968
14.997225
26.576387
58.022294
55.672950
19.608625
5.276190
13.157533
13.193369
7.106555
19.560288
48.361363
14.784253
62.849691
19.069498
5.713713
7.061057
14.105975
34.976650
69.875056
39.376622
32.416880
11.872977
5.452823
7.910068
7.235997
30.534564
44.536888
37.888075
31.459388
0.058146
1.543687
0.036530
0.151474
4.488689
3.157513
1.546783
0.297784
0.139450
0.050511
0.036799
2.641086
0.587656
1.538026
3.909326
0.325343
0.143209
3.233122
0.039983
1.461065
0.255277
5.113225
0.300601
4.742656
0.029340
0.180719
1.202662
0.052145
3.894200
0.057162
3.437112
0.975756
0.095640
0.054340
1.220943
0.102982
3.199436
0.173858
4.391420
4.457330
0.158057
0.678147
0.049587
0.122251
4.024743
6.823900
0.083268
1.502879
0.208417
0.094022
2.367175
0.063282
0.259950
3.906204
0.610701
9.553606
2.966330
0.197268
0.097373
0.054465
1.639900
3.343603
3.621645
0.478582
6.707724
15.895525
4.447928
12.518825
55.043625
33.319644
26.583087
76.651597
5.113774
14.904097
12.561872
6.480962
37.254212
49.428123
66.194950
38.040725
6.770467
15.987450
6.935075
15.520856
56.434917
25.708225
56.469566
28.065333
20.308787
1.473404
20.193720
7.538277
34.731750
39.057163
87.924527
27.725613
19.163080
2.913921
7.737611
17.362412
40.515250
58.971525
23.612837
46.847650
12.759987
10.720533
3.224690
9.786563
27.525800
58.420908
46.418287
24.578348
3.596155
14.089263
7.045050
14.778136
33.690127
66.191713
30.367950
67.491988
5.249212
15.041020
14.928063
7.672059
55.199600
32.208762
50.012088
68.552444
0.042993
0.553383
0.824972
0.041103
2.975188
0.066897
0.200421
4.903650
0.307642
0.044341
0.041596
0.034669
0.090320
5.145700
3.950294
0.069503
0.029354
0.052822
0.626557
0.056397
4.195845
0.118630
3.922659
0.097964
0.044675
0.698503
0.049477
0.170286
0.151048
4.946195
0.078619
2.771831
0.045532
1.389718
0.029344
0.038986
0.078989
4.784009
0.896056
2.095669
0.045387
0.027449
0.006797
0.047197
0.103192
3.595492
2.914653
0.782954
0.175699
0.420723
0.108495
0.052492
0.372035
0.068343
4.358900
3.385735
0.037869
0.845106
0.055064
0.040419
0.060520
0.170761
2.860134
4.035500
12.068597
7.532329
9.222600
8.960208
25.562662
65.983077
30.246075
33.691033
10.479722
7.473791
10.486319
3.384666
23.088750
29.924888
17.614300
33.108125
12.511852
5.299532
11.292974
3.702816
40.156005
31.299700
78.188205
20.791237
2.087024
13.381450
8.860510
1.542736
19.658913
44.823100
26.095450
18.271138
7.663451
9.605589
5.344538
19.476637
23.085616
84.089983
23.603075
55.686572
10.476153
5.831779
11.614841
6.131382
39.548225
25.590012
34.049225
33.763673
9.412173
16.986983
7.418184
15.384530
54.977625
25.820550
28.405453
45.122662
1.356474
14.428388
7.080055
13.103252
51.019625
25.387413
39.191639
36.124363
0.024837
0.034439
0.033194
0.046190
0.015835
0.000000
0.029967
0.014492
0.036688
0.033431
0.015046
0.028166
0.032012
0.013808
0.000000
0.000000
0.036097
0.034912
0.024699
0.040158
0.000000
0.021701
0.018399
0.003201
0.020279
0.037127
0.043992
0.017975
0.000650
0.000000
0.020047
0.010516
0.031794
0.029223
0.035602
0.019758
0.014242
0.016197
0.008126
0.003717
0.027856
0.032721
0.025366
0.037218
0.000000
0.015539
0.000000
0.018731
0.029876
0.031779
0.038097
0.029818
0.002638
0.009378
0.012541
0.041204
0.038701
0.016395
0.030662
0.026517
0.000000
0.000642
0.014753
0.000000
0.000000
0.000000
0.000000
0.000000
0.000000
0.000000
0.000000
0.000000
0.000000
0.000000
0.000000
0.000000
0.000000
0.000000
0.000000
0.000000
0.000000
0.000000
0.000000
0.000000
0.000000
0.000000
0.000000
0.000000
0.000000
0.000000
0.000000
0.000000
0.000000
0.000000
0.000000
0.000000
0.000000
0.000000
0.010451
0.000000
0.000000
0.000000
0.000000
0.000000
0.000000
0.000000
0.000000
0.000000
0.000000
0.000000
0.000000
0.000000
0.000000
0.000000
0.010248
0.000000
0.000000
0.000000
0.000000
0.000000
0.000872
0.000000
0.000000
0.000000
0.000000
0.000000
0.000000
0.000000
0.028350
0.022700
0.000029
0.030871
0.000000
0.000000
0.000000
0.000000
0.023348
0.013981
0.023217
0.012641
0.000000
0.000000
0.000000
0.000000
0.015186
0.031615
0.022920
0.000000
0.000000
0.000000
0.000000
0.021032
0.021923
0.000094
0.022475
0.017632
0.000000
0.000000
0.000000
0.006417
0.003814
0.040278
0.023045
0.001872
0.000000
0.000000
0.000000
0.000000
0.009008
0.020507
0.007763
0.022460
0.000000
0.000000
0.000000
0.000000
0.019721
0.034168
0.019808
0.016602
0.000000
0.000000
0.000004
0.000000
0.028311
0.002799
0.000000
0.025557
0.000000
0.000000
0.000000
0.000000
0.000000
0.000000
0.000000
0.000000
0.000000
0.000000
0.000000
0.000000
0.000000
0.000000
0.000000
0.000000
0.000000
0.000000
0.000000
0.000000
0.000000
0.000000
0.000000
0.000000
0.000000
0.000000
0.000000
0.000000
0.000000
0.000000
0.000000
0.000000
0.000000
0.000000
0.000000
0.000000
0.000000
0.000000
0.000000
0.000000
0.000000
0.000000
0.000000
0.000000
0.000000
0.000000
0.000000
0.000000
0.000000
0.000000
0.000000
0.000000
0.000000
0.000000
0.000000
0.000000
0.000000
0.000000
0.000000
0.000000
0.000000
0.000000
0.000000
0.000000
0.000000
0.000000
0.000000
0.000000
0.024084
0.034400
0.065653
0.035870
0.000000
0.014859
0.011217
0.021868
0.029799
0.044378
0.023440
0.022461
0.028926
0.002555
0.000000
0.014774
0.050225
0.033575
0.052670
0.032472
0.011769
0.000000
0.023403
0.000000
0.016921
0.047637
0.022122
0.044458
0.014687
0.001249
0.013676
0.000000
0.040008
0.019785
0.040314
0.033543
0.015136
0.004924
0.025979
0.018122
0.031282
0.017755
0.040746
0.017897
0.000000
0.026680
0.001128
0.002175
0.044424
0.005337
0.032886
0.049649
0.020167
0.000000
0.018949
0.002471
0.010360
0.038183
0.050769
0.021693
0.000000
0.014467
0.000000
0.000000
0.000000
0.000000
0.000000
0.000000
0.000000
0.000000
0.000000
0.000000
0.000000
0.000000
0.000000
0.000000
0.000000
0.000000
0.000000
0.000000
0.002075
0.000000
0.000000
0.000000
0.000000
0.000000
0.000000
0.000000
0.000000
0.000000
0.000000
0.000000
0.000000
0.000000
0.000000
0.000000
0.000000
0.000000
0.000000
0.000000
0.000000
0.000000
0.000000
0.000000
0.000000
0.000000
0.000000
0.000000
0.000000
0.000000
0.000000
0.000000
0.000000
0.000000
0.000000
0.001751
0.000000
0.000000
0.000000
0.000000
0.000000
0.000000
0.000000
0.000000
0.000000
0.000000
0.000000
0.000000
0.024677
0.017923
0.038936
0.021176
0.000000
0.000000
0.000000
0.000000
0.032392
0.015741
0.003934
0.018638
0.000000
0.000000
0.000000
0.000248
0.026142
0.040085
0.018223
0.040237
0.000812
0.000000
0.000000
0.000000
0.017908
0.013873
0.033050
0.015495
0.000000
0.000000
0.008737
0.000000
0.027012
0.017060
0.032798
0.003237
0.000000
0.002102
0.000000
0.000000
0.024006
0.014338
0.028528
0.002927
0.000000
0.000000
0.000000
0.000000
0.008116
0.022236
0.046424
0.003993
0.000000
0.000002
0.000000
0.000858
0.009856
0.029990
0.010035
0.037081
0.000000
0.000000
0.000000
0.000000
0.000000
0.000000
0.000000
0.000000
0.000000
0.000000
0.000000
0.000000
0.000000
0.000000
0.000000
0.000000
0.000000
0.000000
0.000000
0.000000
0.000000
0.000000
0.000000
0.000000
0.000000
0.000000
0.000000
0.000000
0.000000
0.000000
0.000000
0.000000
0.000000
0.000000
0.000000
0.000000
0.000000
0.000000
0.000000
0.000000
0.000000
0.000000
0.000000
0.000000
0.000000
0.000000
0.000000
0.000000
0.000000
0.000000
0.000000
0.000000
0.000000
0.000000
0.000000
0.000000
0.000000
0.000000
0.000000
0.000000
0.000000
0.000000
0.000000
0.000000
0.000000
0.000000
0.000000
0.000000
0.031717
0.027056
0.074677
0.027803
0.029499
0.010865
0.013075
0.000000
0.026588
0.010790
0.032233
0.027694
0.000000
0.025425
0.000000
0.000000
0.053454
0.034178
0.018233
0.039146
0.020869
0.003841
0.000000
0.035511
0.040588
0.003349
0.029671
0.018446
0.014533
0.000000
0.027162
0.000000
0.031699
0.033719
0.026224
0.032529
0.015426
0.013640
0.015452
0.002923
0.029656
0.026817
0.029405
0.030689
0.013106
0.000000
0.031601
0.000000
0.023145
0.028570
0.034388
0.031617
0.014735
0.023010
0.002567
0.026267
0.033046
0.010635
0.094654
0.016950
0.022174
0.012873
0.001651
0.000000
0.000000
0.000000
0.000000
0.000000
0.000000
0.000000
0.000000
0.000000
0.000000
0.000000
0.000000
0.000000
0.000000
0.000000
0.000000
0.000000
0.000000
0.000000
0.007633
0.000000
0.000000
0.000000
0.000000
0.000000
0.000000
0.002136
0.000000
0.000000
0.000000
0.000000
0.000000
0.000000
0.000000
0.000000
0.000000
0.000000
0.000000
0.000000
0.000000
0.000000
0.000000
0.000000
0.000000
0.000000
0.000000
0.000000
0.000000
0.000000
0.000000
0.002054
0.000000
0.000000
0.000000
0.000000
0.000000
0.000000
0.000000
0.000000
0.000000
0.000000
0.000000
0.000000
0.000000
0.000000
0.028563
0.021680
0.026592
0.008465
0.000000
0.000000
0.000052
0.000000
0.017496
0.019408
0.026275
0.000092
0.000000
0.000000
0.013245
0.000000
0.021604
0.001884
0.034882
0.017789
0.000000
0.000000
0.000000
0.000000
0.023485
0.015676
0.026963
0.017038
0.000000
0.000000
0.000000
0.000000
0.003547
0.022213
0.022804
0.016996
0.000000
0.000000
0.000000
0.000000
0.005077
0.002069
0.010460
0.027213
0.000000
0.000000
0.000000
0.000000
0.000000
0.025243
0.033951
0.003760
0.000000
0.000000
0.000000
0.019373
0.032292
0.000000
0.023674
0.018402
0.000000
0.002118
0.014895
0.000000
0.000000
0.000000
0.000000
0.000000
0.000000
0.000000
0.000000
0.000000
0.000000
0.000000
0.000000
0.000000
0.000000
0.000000
0.000000
0.000000
0.000000
0.000000
0.000000
0.000000
0.000000
0.000000
0.000000
0.000000
0.000000
0.000000
0.000000
0.000000
0.000000
0.000000
0.000000
0.000000
0.000000
0.000000
0.000000
0.000000
0.000000
0.000000
0.000000
0.000000
0.000000
0.000000
0.000000
0.000000
0.000000
0.000000
0.000000
0.000000
0.000000
0.000000
0.000000
0.000000
0.000000
0.000000
0.000000
0.000000
0.000000
0.000000
0.000000
0.000000
0.000000
0.000000
0.000000
0.000000
0.031405
0.030313
0.053002
0.027743
0.004917
0.023218
0.013426
0.021381
0.004514
0.033127
0.040745
0.017564
0.002684
0.028126
0.000000
0.000873
0.028301
0.037334
0.194434
0.033599
0.022999
0.000000
0.016043
0.013621
0.050044
0.014207
0.034135
0.024374
0.000562
0.024156
0.015196
0.000000
0.033879
0.032449
0.033209
0.039983
0.005937
0.023684
0.000000
0.031810
0.038054
0.032198
0.030670
0.015845
0.022502
0.000000
0.016779
0.000000
0.015068
0.053460
0.027933
0.042877
0.020431
0.008244
0.002589
0.000000
0.020115
0.021077
0.039611
0.022450
0.002100
0.000552
0.016524
0.000000
0.000000
0.000000
0.002244
0.000000
0.000000
0.000000
0.000000
0.000000
0.000000
0.000000
0.000000
0.000000
0.000000
0.000000
0.000000
0.000000
0.001679
0.000000
0.000000
0.000000
0.000000
0.000000
0.000000
0.000000
0.000000
0.000000
0.000000
0.000000
0.000000
0.000000
0.000000
0.000000
0.000000
0.009751
0.000000
0.000000
0.000000
0.000000
0.000000
0.000000
0.000000
0.000000
0.002074
0.000000
0.000000
0.000000
0.000000
0.000000
0.002243
0.000000
0.000244
0.000000
0.000000
0.000000
0.000000
0.000000
0.000000
0.000000
0.000000
0.000000
0.000000
0.000000
0.000000
0.000000
0.005003
0.025880
0.000000
0.023043
0.002528
0.000000
0.000000
0.000000
0.015787
0.005764
0.016670
0.027620
0.000000
0.000000
0.000000
0.000000
0.036163
0.004460
0.026976
0.003210
0.000000
0.000663
0.000000
0.000000
0.005584
0.017173
0.012518
0.029164
0.000000
0.000000
0.000000
0.000000
0.018875
0.016988
0.030691
0.017564
0.000000
0.000000
0.000000
0.000000
0.015579
0.033492
0.035397
0.018581
0.000000
0.000000
0.000170
0.000000
0.032688
0.025352
0.012608
0.014894
0.000000
0.000000
0.000000
0.015779
0.028160
0.017147
0.000438
0.013820
0.000763
0.000000
0.007935
0.000000
0.000000
0.000000
0.000000
0.000000
0.000000
0.000000
0.000000
0.000000
0.000000
0.000000
0.000000
0.000000
0.000000
0.000000
0.000000
0.000000
0.000000
0.000000
0.000000
0.000000
0.000000
0.000000
0.000000
0.000000
0.000000
0.000000
0.000000
0.000000
0.000000
0.000000
0.000000
0.000000
0.000000
0.000000
0.000000
0.000000
0.000000
0.000000
0.000000
0.000000
0.000000
0.000000
0.000000
0.000000
0.000000
0.000000
0.000000
0.000000
0.000000
0.000000
0.000000
0.000000
0.000000
0.000000
0.000000
0.000000
0.000000
0.000000
0.000000
0.000000
0.000000
0.000000
0.000000
0.000000
