0.000000
0.000000
0.000000
0.000000
0.000000
0.000000
0.000000
0.000000
0.000000
0.000000
0.000000
0.000000
0.000000
0.000000
0.000000
0.000000
0.000000
0.000000
0.000000
0.000000
0.000000
0.000000
0.000000
0.000000
0.000000
0.000000
0.000000
0.000000
0.000000
0.000000
0.000000
0.000000
0.000000
0.000000
0.000000
0.000000
0.000000
0.000000
0.000000
0.000000
0.000000
0.000000
0.000000
0.000000
0.000000
0.000000
0.000000
0.000000
0.000000
0.000000
0.000000
0.000000
0.000000
0.000000
0.000000
0.000000
0.000000
0.000000
0.000000
0.000000
0.000000
0.000000
0.000000
0.000000
0.000000
0.000000
0.000000
0.000000
0.000000
0.000000
0.000000
0.000000
0.000000
0.000000
0.000000
0.000000
0.000000
0.000000
0.000000
0.000000
0.000000
0.000000
0.000000
0.000000
0.000000
0.000000
0.000000
0.000000
0.000000
0.000000
0.000000
0.000000
0.000000
0.000000
0.000000
0.000000
0.000000
0.000000
0.000000
0.000000
0.000000
0.000000
0.000000
0.000000
0.000000
0.000000
0.000000
0.000000
0.000000
0.000000
0.000000
0.000000
0.000000
0.000000
0.000000
0.000000
0.000000
0.000000
0.000000
0.000000
0.000000
0.000000
0.000000
0.000000
0.000000
0.000000
0.000000
0.000000
0.000000
0.000000
0.000000
0.000000
0.000000
0.000000
0.000000
0.000000
0.000000
0.000000
0.000000
0.000000
0.000000
0.000000
0.000000
0.000000
0.000000
0.000000
0.000000
0.000000
0.000000
0.000000
0.000000
0.000000
0.000000
0.000000
0.000000
0.000000
0.000000
0.000000
0.000000
0.000000
0.000000
0.000000
0.000000
0.000000
0.000000
0.000000
0.000000
0.000000
0.000000
0.000000
0.000000
0.000000
0.000000
0.000000
0.000165
0.000165
0.000000
0.000000
0.000000
0.000000
0.000000
0.000000
0.000000
0.000000
0.000000
0.000000
0.000000
0.000000
0.000000
0.000000
0.000000
0.000000
0.000000
0.000000
0.000000
0.000000
0.000000
0.000000
0.000000
0.000000
0.000000
0.000000
0.000000
0.000000
0.000000
0.000091
0.000091
0.000000
0.000000
0.000000
0.000000
0.000000
0.000000
0.000000
0.000000
0.000000
0.000000
0.000000
0.000000
0.000000
0.000000
0.000000
0.000000
0.000000
0.000000
0.000000
0.000000
0.000000
0.000000
0.000000
0.000000
0.000000
0.000000
0.000000
0.000000
0.000000
0.000000
0.000000
0.000000
0.000000
0.000000
0.000000
0.000000
0.000000
0.000000
0.000000
0.000000
0.000000
0.000000
0.000000
0.000000
0.000000
0.000000
0.000000
0.000000
0.000000
0.000000
0.000000
0.000000
0.000000
0.000000
0.000000
0.000000
0.000000
0.000000
0.000000
0.000000
0.000000
0.000000
0.000000
0.000000
0.000581
0.000581
0.000000
0.000000
0.000000
0.000000
0.000000
0.000000
0.000000
0.000000
0.000000
0.000000
0.000000
0.000000
0.000000
0.000000
0.000000
0.000000
0.000000
0.000000
0.000000
0.000000
0.000000
0.000000
0.000000
0.000000
0.000000
0.000000
0.000000
0.000000
0.000000
0.000000
0.000000
0.000000
0.000000
0.000558
0.000558
0.000000
0.000000
0.000000
0.000000
0.000000
0.000000
0.000000
0.000000
0.000000
0.000000
0.000000
0.000000
0.000000
0.000000
0.000000
0.000000
0.000000
0.000000
0.000000
0.000000
0.000000
0.000000
0.000000
0.000000
0.000000
0.000000
0.000000
0.000000
0.000000
0.000000
0.000000
0.000000
0.000000
0.000000
0.000000
0.000000
0.000000
0.000000
0.000000
0.000000
0.000000
0.000000
0.000000
0.000000
0.000000
0.000000
0.000000
0.000000
0.000000
0.000000
0.000000
0.000000
0.000000
0.000000
0.000000
0.000000
0.000000
0.000000
0.000000
0.000000
0.000000
0.000000
0.000000
0.000000
0.000000
0.000000
0.000000
0.000000
0.000000
0.000000
0.000000
0.000000
0.000732
0.000732
0.000000
0.000000
0.000000
0.000000
0.000000
0.000000
0.000000
0.000000
0.000000
0.000000
0.000000
0.000000
0.000000
0.000000
0.000000
0.000000
0.000000
0.000000
0.000000
0.000000
0.000000
0.000000
0.000000
0.000000
0.000000
0.000000
0.000000
0.000000
0.000000
0.000000
0.000000
0.000000
0.000000
0.000000
0.000000
0.000000
0.000000
0.001784
0.001784
0.000000
0.000000
0.000000
0.000000
0.000000
0.000000
0.000000
0.000000
0.000000
0.000000
0.000060
0.003050
0.000832
0.000000
0.000000
0.000000
0.000000
0.000000
0.000000
0.000000
0.000000
0.000000
0.000000
0.000000
0.000000
0.000000
0.000000
0.000000
0.000000
0.000000
0.000000
0.000000
0.000000
0.000000
0.000000
0.000000
0.000000
0.000000
0.000000
0.000000
0.000000
0.000000
0.000000
0.000000
0.000000
0.000000
0.000000
0.000000
0.000000
0.000000
0.005864
0.016568
0.077125
0.004500
0.000000
0.000000
0.000000
0.000000
0.000000
0.000000
0.000000
0.000000
0.000000
0.000000
0.000000
0.000000
0.000000
0.000000
0.000000
0.000000
0.000000
0.000000
0.000000
0.000000
0.000000
0.000000
0.000000
0.000000
0.000000
0.000000
0.001138
0.001138
0.000000
0.000000
0.000000
0.000000
0.000000
0.000000
0.000000
0.000000
0.001825
0.024737
0.090938
0.057677
0.009046
0.006514
0.000008
0.000000
0.000001
0.000000
0.000000
0.000000
0.000000
0.000000
0.000000
0.000000
0.000000
0.000000
0.000000
0.000000
0.000000
0.000000
0.000000
0.000000
0.000000
0.000000
0.000000
0.000000
0.000000
0.000000
0.000000
0.000000
0.000000
0.000000
0.000000
0.000000
0.000000
0.000000
0.000000
0.000000
0.000000
0.000000
0.025343
0.027377
0.034066
0.044292
0.032164
0.028082
0.026444
0.242044
0.022472
0.001130
0.001130
0.000000
0.000000
0.000000
0.000000
0.000000
0.000000
0.000000
0.000000
0.012025
0.032333
0.112161
0.194021
0.390687
0.415570
0.113717
0.016560
0.103861
0.027705
0.000000
0.000000
0.000000
0.000000
0.000000
0.000000
0.000000
0.000000
0.000000
0.000000
0.000000
0.000000
0.000000
0.000000
0.000000
0.000000
0.000000
0.000000
0.000000
0.000000
0.000000
0.000000
0.000000
0.000000
0.000000
0.000000
0.000000
0.000000
0.000000
0.000000
0.000000
0.000029
0.025691
0.027539
0.029749
0.027913
0.022638
0.025421
0.224941
0.632331
0.027872
0.000000
0.000000
0.000000
0.000000
0.000000
0.000000
0.000000
0.000000
0.000000
0.000000
0.005890
0.024265
0.092331
0.160774
0.284436
0.758994
0.573183
0.404729
0.281745
0.020044
0.000000
0.000000
0.000000
0.000000
0.000000
0.000000
0.000000
0.000000
0.000000
0.000000
0.000000
0.000000
0.000000
0.000000
0.000000
0.000000
0.000000
0.000000
0.000000
0.000000
0.000000
0.000000
0.000000
0.000000
0.000000
0.000000
0.000000
0.000000
0.000000
0.000000
0.000000
0.000227
0.026004
0.028060
0.029123
0.021838
0.010561
0.024278
0.028264
0.173288
0.027957
0.001939
0.001939
0.000000
0.000000
0.000000
0.000000
0.000000
0.000000
0.000000
0.000000
0.000000
0.000012
0.008520
0.021496
0.338672
0.889425
1.087149
1.023242
0.487561
0.032403
0.000000
0.000000
0.000000
0.000000
0.000000
0.000000
0.000000
0.000000
0.004316
0.021202
0.024439
0.014931
0.000000
0.000000
0.000000
0.000000
0.000000
0.000000
0.000000
0.000000
0.000000
0.000000
0.000000
0.000000
0.000000
0.000550
0.012282
0.003280
0.000000
0.000000
0.000000
0.000000
0.019742
0.027407
0.029292
0.019080
0.000000
0.022638
0.027859
0.140560
0.028211
0.002096
0.002096
0.000000
0.000000
0.000000
0.000000
0.000000
0.000000
0.000000
0.000000
0.000000
0.000000
0.009174
0.034472
0.091640
0.447501
0.497203
0.638721
1.162804
0.650965
0.002430
0.003068
0.003325
0.012242
0.000308
0.000000
0.000000
0.000035
0.024372
0.040986
0.025103
0.001440
0.000000
0.000000
0.000000
0.000000
0.000000
0.000000
0.000000
0.000000
0.000000
0.000000
0.000000
0.000000
0.000000
0.004971
0.246182
0.053191
0.007420
0.000640
0.000000
0.000000
0.000547
0.022355
0.077917
0.068203
0.008488
0.030931
0.087080
0.123686
0.034424
0.000000
0.000000
0.000000
0.000000
0.000000
0.000000
0.000000
0.000000
0.000000
0.000000
0.000000
0.000000
0.003725
0.009244
0.000882
0.030270
0.059872
0.091857
1.246629
0.824922
0.381925
0.076267
0.024384
0.023974
0.011293
0.003926
0.014119
0.000107
0.025739
0.059277
0.037618
0.000274
0.000000
0.000000
0.000000
0.000000
0.000000
0.000000
0.000000
0.000000
0.000000
0.000000
0.000000
0.000000
0.000000
0.000731
0.179013
0.299663
0.074179
0.003195
0.000087
0.001620
0.001840
0.021799
0.256570
0.182567
0.098510
0.248057
0.310631
0.170499
0.276059
0.001560
0.001560
0.000000
0.000000
0.000000
0.000000
0.000000
0.000000
0.000000
0.000000
0.000000
0.000000
0.000000
0.000000
0.000000
0.000000
0.000016
0.021542
0.965212
1.395747
1.494906
0.211192
0.029193
0.047780
0.023937
0.023922
0.024016
0.017626
0.074973
0.059685
0.024798
0.000016
0.000000
0.000086
0.002978
0.000003
0.000000
0.000000
0.000000
0.000000
0.000000
0.000000
0.000000
0.000002
0.012895
0.068364
0.158879
0.029335
0.031974
0.013873
0.003414
0.007068
0.006764
0.022754
0.213791
0.242524
0.694557
1.085710
1.415120
0.902454
0.947249
0.002907
0.002907
0.000000
0.000000
0.000000
0.000000
0.000000
0.000000
0.000000
0.000000
0.000000
0.000000
0.000000
0.000000
0.000000
0.000000
0.000000
0.000000
0.000013
0.481706
1.557322
1.205321
0.280713
0.286719
0.099869
0.045424
0.080478
0.118747
0.115597
0.217112
0.093592
0.021133
0.011007
0.024274
0.021315
0.000020
0.000000
0.000000
0.000000
0.000000
0.000000
0.000000
0.000000
0.001393
0.364573
0.812305
0.025561
0.026370
0.034748
0.059035
0.080042
0.091198
0.049269
0.038594
0.152521
0.625588
0.671618
1.410957
2.219086
2.287115
2.256385
0.000000
0.000000
0.000000
0.000000
0.000000
0.000000
0.000000
0.000000
0.000000
0.000000
0.000000
0.000000
0.000000
0.000000
0.000000
0.000000
0.000000
0.000000
0.000000
0.023162
1.106266
1.642863
0.946899
0.975157
0.869834
0.468940
0.304312
0.302471
0.332829
0.542259
0.620522
0.186089
0.163424
0.041546
0.001518
0.000000
0.000000
0.000000
0.000000
0.000000
0.000000
0.000000
0.000000
0.011915
0.977625
0.473335
0.029404
0.074209
0.222402
0.366365
0.226875
0.414426
0.329573
0.157189
0.467416
1.638558
1.677675
1.595461
2.370570
2.568190
2.856730
0.001334
0.001334
0.000000
0.000000
0.000000
0.000000
0.000000
0.000000
0.000000
0.000000
0.000000
0.000000
0.000000
0.000000
0.000000
0.000000
0.000000
0.000000
0.000000
0.035637
1.111052
1.820585
1.817724
1.552427
2.186695
1.155194
0.574555
0.409519
0.723131
1.032254
0.956839
0.868259
0.980492
0.422785
0.014848
0.001894
0.000000
0.000000
0.000000
0.000000
0.000012
0.000043
0.001970
0.035429
0.641004
1.524659
0.144666
0.331378
0.589959
0.743597
0.497824
0.563278
0.465156
0.388233
0.887775
1.413504
1.648600
1.559915
1.976293
2.441778
2.535355
0.001539
0.001539
0.000000
0.000000
0.000000
0.000000
0.000000
0.000000
0.000000
0.000000
0.000000
0.000000
0.000000
0.000000
0.000000
0.000000
0.000000
0.000000
0.000000
0.000000
0.136462
0.544412
0.760054
0.610309
1.631308
0.537290
0.866394
1.256053
1.123858
1.206924
1.727560
1.687742
1.460092
1.248628
0.809924
0.328935
0.031614
0.002523
0.020476
0.016073
0.021814
0.031511
0.024944
0.118908
1.697162
2.488907
0.748156
0.718617
0.528377
0.413935
0.425773
0.570285
1.389550
0.677358
0.649417
1.085307
0.975404
1.019698
1.409439
1.671038
1.916600
0.000000
0.000000
0.000000
0.000000
0.000000
0.000000
0.000000
0.000000
0.000000
0.000000
0.000000
0.000000
0.000000
0.000000
0.000000
0.000000
0.000000
0.000000
0.005955
0.022637
0.024850
0.071628
0.506017
0.557110
0.312312
0.476378
0.317639
0.956518
1.511500
0.629604
0.891485
1.396936
1.475390
1.114350
0.183754
0.024162
0.025208
0.076942
0.227133
0.146697
0.081307
0.243104
1.628754
2.655307
2.440720
1.192622
0.873052
1.023683
0.801985
0.598273
1.398598
1.122154
0.555527
0.616033
0.706770
0.913324
1.481195
1.715280
2.011311
0.000000
0.000000
0.000000
0.000000
0.000000
0.000000
0.000000
0.000000
0.000000
0.000000
0.000000
0.000000
0.000000
0.000000
0.000000
0.000000
0.000000
0.002741
0.023959
0.023968
0.027086
0.059640
0.147044
0.078918
0.069437
0.147332
0.219347
0.253143
0.707389
0.409931
0.675491
1.042792
1.661947
1.840805
0.486139
0.027838
0.048582
0.105272
0.497655
0.113805
0.184414
0.810228
2.190077
2.572877
2.608548
1.697781
0.296936
0.370583
0.703056
0.788898
1.088582
0.935606
0.586240
0.545450
0.634365
0.831243
1.552364
1.744179
2.095270
0.000000
0.000000
0.000000
0.000000
0.000000
0.000000
0.000000
0.000000
0.000000
0.000000
0.000000
0.000000
0.000003
0.012676
0.047805
0.028373
0.033714
0.059949
0.090237
0.143283
0.096477
0.095615
0.062214
0.030204
0.024373
0.101516
0.216736
0.663254
1.554534
0.606850
0.133046
0.068751
0.545300
0.352696
0.563514
0.307663
0.594410
1.945565
2.677489
2.323485
2.058376
1.681274
1.018692
1.122130
1.587720
1.456125
0.631486
0.577201
0.558062
0.550387
0.604084
0.759589
1.503919
1.807869
2.376375
0.000000
0.000000
0.000000
0.000000
0.000000
0.000000
0.000000
0.000000
0.000000
0.000000
0.000000
0.000368
0.015067
0.020618
0.084131
0.030835
0.066128
0.051452
0.057610
0.062902
0.049462
0.040818
0.028216
0.024416
0.014230
0.009045
0.017213
0.082092
0.730557
1.072848
1.235592
1.597577
1.944177
1.466132
1.616965
1.243356
1.717700
2.720730
2.563532
1.988965
2.068753
2.386265
1.517287
1.708264
1.879900
0.897145
0.836804
0.691683
0.630450
0.567175
0.615682
0.753840
1.473568
1.939135
2.573255
0.000000
0.000000
0.000000
0.001223
0.043701
0.079466
0.086975
0.059783
0.073923
0.072133
0.061001
0.028920
0.021700
0.021379
0.013447
0.000185
0.000497
0.000000
0.008923
0.026448
0.042996
0.736771
2.968340
4.273642
3.483968
2.389273
1.972890
2.132710
1.710433
2.246706
1.512533
0.995407
1.499791
2.083228
2.751132
2.311140
0.883400
0.777824
0.914528
0.895939
0.711377
0.609393
0.636899
0.760029
1.472677
1.911082
2.692162
0.000000
0.000000
0.000000
0.000000
0.021169
0.042567
0.024258
0.024265
0.042398
0.033614
0.021412
0.021743
0.000706
0.000000
0.000000
0.000000
0.000000
0.000000
0.000000
0.000000
0.000000
0.047807
0.866949
2.262451
3.123116
1.925863
1.499622
1.385822
1.226763
1.603048
1.096757
0.398725
0.503003
1.398141
1.296037
0.969979
0.764614
0.746797
0.686138
0.848062
0.760194
0.685292
0.634791
0.802560
1.406043
1.852607
2.960472
0.000000
0.000000
0.021874
0.024180
0.023986
0.024041
0.025191
0.005849
0.000040
0.002394
0.000000
0.000000
0.000000
0.000000
0.000000
0.000000
0.000000
0.000000
0.000000
0.001863
0.090643
0.646304
1.969195
1.576674
1.277651
1.028181
0.920797
1.642815
1.838610
1.003518
0.454350
0.482275
0.713929
0.656237
0.770327
0.797266
0.807144
0.895763
0.879949
0.784731
0.680757
0.780321
1.399825
1.909554
3.092278
0.000000
0.000000
0.006735
0.003286
0.005657
0.020764
0.012483
0.000000
0.000000
0.000000
0.000000
0.000000
0.000000
0.000000
0.000000
0.000000
0.000000
0.000000
0.000000
0.000000
0.027626
0.133166
0.376759
1.414771
1.289146
0.640532
0.631636
0.946561
1.024098
1.016423
0.335552
0.412452
0.510745
0.605277
0.706225
0.795075
0.843911
0.886904
0.987849
0.881667
0.729178
0.751661
1.417762
1.950880
3.254820
0.000000
0.000000
0.000000
0.000000
0.000000
0.000000
0.000000
0.000000
0.000000
0.000000
0.000000
0.000000
0.000000
0.000000
0.000000
0.000221
0.025285
0.076932
0.128617
0.412039
1.437173
1.479028
0.495233
0.353948
0.366355
0.743079
0.368755
0.288455
0.361251
0.438473
0.646275
0.734320
0.816470
0.783098
0.951882
1.015742
0.847244
0.729430
1.289950
2.008294
3.185144
0.000000
0.000000
0.000000
0.000000
0.000000
0.000000
0.000000
0.000000
0.000000
0.000000
0.000000
0.000000
0.000000
0.000000
0.000000
0.002558
0.025388
0.047351
0.103137
0.380622
0.620664
1.061496
0.555828
0.266665
0.232798
0.252151
0.316847
0.317708
0.329925
0.374245
0.525643
0.762737
0.804010
0.736980
0.895772
1.094930
0.978142
0.744766
1.066893
1.928732
3.184213
0.000000
0.000000
0.000000
0.000000
0.000000
0.000000
0.000000
0.000000
0.000155
0.001229
0.024848
0.045144
0.077682
0.237307
0.507613
0.630178
0.414687
0.214170
0.178297
0.198069
0.258192
0.319794
0.287186
0.311432
0.408352
0.558071
0.797167
0.846850
0.795026
1.106570
1.156778
0.886580
0.957378
1.529498
3.076603
0.000000
0.000000
0.000000
0.000000
0.000000
0.000000
0.000000
0.000000
0.000155
0.000155
0.015664
0.025878
0.039113
0.339115
0.361528
0.391762
0.135270
0.118210
0.152820
0.171425
0.199848
0.247204
0.340445
0.318197
0.292731
0.418813
0.710199
0.873237
0.852311
1.121914
1.376895
1.216183
0.920205
1.430645
2.925533
0.000000
0.000000
0.000058
0.000058
0.004317
0.009787
0.025857
0.273113
0.434519
0.442047
0.170999
0.096704
0.130315
0.168509
0.187388
0.215455
0.296584
0.374151
0.301513
0.329273
0.586838
0.742122
0.861229
1.107401
1.528092
1.470122
0.997862
1.324587
2.970377
0.000000
0.000000
0.000000
0.000000
0.000000
0.000907
0.054850
0.313872
0.364396
0.380302
0.055320
0.061347
0.092765
0.126588
0.185034
0.208590
0.249206
0.322712
0.414948
0.388285
0.514618
0.682163
0.763850
1.128314
1.634028
1.720566
1.023943
1.200522
2.872635
0.200358
0.246903
0.260507
0.255106
0.038243
0.032725
0.045745
0.060335
0.088233
0.130295
0.219151
0.236507
0.249351
0.364689
0.536359
0.700663
0.695656
0.956399
1.631005
1.887175
1.129552
1.203046
2.104758
2.600968
2.454930
0.261295
0.209935
0.199236
0.174454
0.079325
0.029813
0.033834
0.044219
0.059730
0.068338
0.108783
0.182104
0.250713
0.272545
0.365353
0.542550
0.809102
0.854653
1.787838
2.409526
1.186198
1.279458
2.152500
2.425465
2.507936
0.144031
0.126309
0.113221
0.083425
0.026190
0.027824
0.040096
0.051023
0.058226
0.080250
0.165937
0.264935
0.379459
0.494351
1.064255
1.625602
2.145304
1.885203
1.344628
1.361960
2.030473
2.173795
2.370234
0.110728
0.095188
0.085941
0.056662
0.021957
0.023296
0.028125
0.040910
0.053209
0.055597
0.078746
0.143889
0.333200
0.576025
1.352346
2.818193
2.846478
2.511861
1.539301
1.549408
1.912078
2.153115
2.441265
0.044034
0.038232
0.022711
0.008205
0.012939
0.026387
0.041865
0.060413
0.079538
0.099208
0.190469
0.295967
0.962560
2.533654
3.054303
2.375540
1.906204
1.936622
1.951615
2.112104
2.419735
2.618570
3.214384
0.131706
0.078511
0.032992
0.009729
0.009059
0.013055
0.022989
0.026844
0.043705
0.078374
0.136516
0.234847
0.804723
1.633567
2.028020
1.826971
1.898952
2.034302
2.257743
2.533589
2.827835
3.252236
4.568632
0.039713
0.063616
0.132355
0.231064
0.300517
0.405253
0.874688
1.318284
1.713422
1.833325
2.022966
2.328073
2.610156
2.947926
3.189130
3.991658
6.475801
