0.000000
0.000000
0.000000
0.000000
0.000000
0.000000
0.000000
0.001180
0.000000
0.000000
0.000000
0.000000
0.000000
0.000000
0.000000
0.000000
0.000000
0.000000
0.000000
0.000000
0.001191
0.000000
0.001157
0.000000
0.000000
0.000000
0.000000
0.000000
0.000000
0.000000
0.000000
0.051855
0.000000
0.000000
0.000000
0.000000
0.000000
0.000000
0.000000
0.000000
0.000000
0.000000
0.000000
0.000000
0.000000
0.000000
0.001132
0.000000
0.000000
0.000000
0.000000
0.000000
0.000000
0.000879
0.000000
0.000000
0.000000
0.000000
0.000000
0.000000
0.000000
0.000000
0.000000
0.000000
0.144467
3.389850
0.153707
1.257390
43.966281
4.879956
19.427953
59.304270
0.485397
0.071769
1.910951
0.535907
3.904483
38.593492
40.124031
21.705655
0.093000
3.293488
0.151402
0.190125
25.764189
72.401998
69.584325
13.839120
0.108400
4.231611
0.001090
0.164034
29.018500
53.604381
21.103989
42.145659
2.213111
0.109438
0.004463
0.589147
41.941783
5.267795
12.926338
45.897523
0.369059
0.141604
0.913296
0.173057
32.770000
23.871980
8.921105
53.556480
2.504680
1.324067
0.001177
0.937294
49.794684
15.038464
47.117825
4.641587
0.120351
3.222786
0.555449
2.691787
51.661656
3.041935
7.783001
42.258914
0.000000
0.000000
0.000000
0.000000
0.000000
0.000000
0.000000
0.000000
0.000000
0.000000
0.000000
0.000000
0.000000
0.000000
0.000000
0.005940
0.000000
0.000000
0.000000
0.000000
0.000000
0.026816
0.000000
0.000000
0.000000
0.000000
0.000000
0.000000
0.000000
0.000000
0.001080
0.000000
0.000000
0.000000
0.000000
0.000000
0.000000
0.000000
0.000000
0.000000
0.000000
0.000000
0.000000
0.000000
0.000000
0.000000
0.000000
0.000000
0.000000
0.000000
0.000000
0.000000
0.004759
0.000000
0.000000
0.011542
0.000000
0.000000
0.000000
0.000000
0.000000
0.016593
0.000000
0.017769
0.126757
0.466403
1.404562
0.024553
7.404958
28.868041
27.200945
17.973212
0.002043
0.499268
0.623792
0.127150
36.452964
2.803457
48.370950
2.373523
0.081786
0.813366
0.055996
0.106266
4.177903
37.184842
20.703475
11.519462
0.550552
0.000000
4.262287
0.109151
35.756428
12.682002
3.932731
50.438222
0.136247
4.919422
2.514196
0.186494
23.898552
37.798784
12.370162
48.837027
0.081268
2.430820
0.306287
1.462249
15.368825
43.743808
4.796875
38.978950
1.722822
0.921388
0.771690
0.004549
12.714783
49.313852
23.144259
28.246566
1.172893
0.251337
1.317593
0.004879
5.542044
40.533120
22.091070
28.127553
0.000000
0.000000
0.000000
0.000000
0.002245
0.000000
0.018300
0.000000
0.000000
0.000000
0.000000
0.000000
0.000000
0.000000
0.000000
0.000000
0.000000
0.000119
0.000000
0.000000
0.048628
0.000000
0.000000
0.104496
0.000000
0.000000
0.000000
0.000000
0.000000
0.000000
0.002029
0.000000
0.000000
0.000000
0.000000
0.000000
0.000000
0.064370
0.000000
0.000000
0.000000
0.000000
0.000000
0.000000
0.013772
0.000000
0.000000
0.000007
0.000000
0.000000
0.000000
0.000000
0.000000
0.273404
0.000794
0.000000
0.000000
0.000000
0.000000
0.000000
0.333902
0.000000
0.000000
0.056056
0.083926
2.689139
0.952676
0.240013
28.127909
77.911466
14.043729
79.301872
0.645184
0.313210
3.494931
0.014967
10.188912
49.205244
38.672836
15.700992
0.000000
4.095878
2.642073
0.000000
72.205350
5.691605
15.290020
47.478019
0.530403
0.017500
3.007542
0.000000
5.410705
47.396445
63.668194
0.821443
1.016308
0.098536
0.335112
0.326866
9.540073
65.385534
6.531014
71.713337
1.905189
0.593314
4.729893
0.000000
34.304580
54.418611
14.349614
48.618100
0.545642
7.593202
0.094780
0.001223
9.317059
62.273491
41.295775
14.801206
0.001291
2.287203
2.235340
1.681062
1.814545
57.180725
30.341941
61.113044
0.000000
0.000000
0.000000
0.000000
0.000000
0.000000
0.000000
0.000025
0.000000
0.000000
0.000000
0.000000
0.000000
0.063350
0.000000
0.000000
0.000000
0.000000
0.000000
0.000000
0.000341
0.073499
0.000000
0.000000
0.000000
0.000000
0.000000
0.000000
0.011553
0.000000
0.000027
0.000000
0.000000
0.000000
0.000000
0.000000
0.000000
0.000000
0.000000
0.001680
0.000000
0.000000
0.000000
0.000000
0.000000
0.000000
0.000000
0.001576
0.000000
0.000000
0.000000
0.000000
0.221811
0.000000
0.062745
0.000000
0.000000
0.000000
0.000000
0.000000
0.000000
0.052834
0.000000
0.002591
0.004558
2.090803
0.001342
3.293165
7.259360
44.852664
14.430720
54.381750
3.202898
0.783739
0.001379
0.013657
35.493117
2.838089
25.825700
1.622862
0.498690
9.875778
0.270368
0.000000
67.046297
3.091557
5.338259
38.644812
0.001618
0.799811
0.000000
3.855315
9.898323
6.723449
10.945312
28.743047
0.236532
3.463753
1.057451
0.199560
11.832097
23.341206
3.808951
59.746309
4.730057
0.318115
0.001331
0.666214
16.482300
8.301317
22.598936
43.959622
0.001649
1.164209
0.213170
1.460256
7.334067
31.037567
14.444814
54.537930
0.641699
1.352968
0.000000
3.350684
11.242653
42.815664
12.549955
11.588548
0.000000
0.000000
0.000000
0.000000
0.000000
0.004516
0.000000
0.000000
0.000000
0.000000
0.000000
0.000000
0.000000
0.000000
0.000000
0.000000
0.000000
0.000000
0.000000
0.000000
0.000000
0.000000
0.000000
0.000000
0.000000
0.000000
0.000000
0.000000
0.000000
0.000000
0.000000
0.000000
0.000000
0.000000
0.000000
0.000000
0.000000
0.000127
0.000000
0.000000
0.000000
0.000000
0.000000
0.000000
0.000000
0.000000
0.000000
0.000000
0.000000
0.000000
0.000000
0.000000
0.000000
0.000000
0.000000
0.000000
0.000000
0.000000
0.000000
0.000000
0.000000
0.001769
0.000000
0.000147
1.826678
0.087463
1.666895
0.027339
63.525000
23.153744
52.116152
8.527966
1.178569
0.007062
2.446731
0.070861
15.266878
39.868297
40.420836
14.478920
1.912768
0.001242
0.069661
1.391843
5.866873
65.012148
22.786753
41.023236
0.831247
0.001198
1.366975
0.294340
6.507277
54.489561
16.059714
39.285203
0.393266
1.955883
0.392871
1.048574
3.998036
49.289386
58.371664
20.125527
0.006858
0.923844
0.115584
2.522630
67.917000
35.614458
21.558625
59.709603
2.564883
0.007037
0.095690
3.871726
34.712039
26.815466
15.179178
56.657725
1.885765
1.103160
0.624122
0.000000
42.014336
74.998933
14.597070
53.300417
0.000000
0.000000
0.000000
0.000000
0.000000
0.000000
0.000000
0.000000
0.000000
0.000000
0.000000
0.000000
0.000000
0.000000
0.000000
0.000000
0.000000
0.000000
0.000000
0.000000
0.000000
0.000000
0.001203
0.000000
0.000000
0.000000
0.000000
0.000000
0.000000
0.000053
0.000000
0.000068
0.000000
0.000000
0.000000
0.000000
0.000000
0.000000
0.000000
0.001053
0.000000
0.000000
0.000000
0.000000
0.000087
0.000000
0.000000
0.001103
0.000000
0.000000
0.000000
0.000000
0.000000
0.000000
0.003409
0.000000
0.000000
0.000000
0.000000
0.000000
0.073531
0.000000
0.000000
0.000000
0.466221
0.001240
1.678433
0.000000
17.043911
39.162425
14.664989
30.569008
0.106379
1.240232
0.061074
0.685126
64.854289
13.393956
8.167512
50.236589
0.000000
7.939650
0.390775
0.214208
35.361253
44.066964
12.139558
31.788562
0.000000
2.610779
0.246136
1.927789
8.856311
14.556711
23.507302
46.925591
0.147744
0.510938
0.033262
1.013606
10.244795
50.598427
40.034123
4.748158
0.000000
1.717703
1.526738
0.394045
5.107923
41.129598
2.735243
58.843173
8.614056
0.077736
0.180210
0.799765
39.136228
47.927816
29.426478
28.103489
1.743099
0.000000
0.233767
0.669789
19.325456
36.695178
35.349955
21.745998
0.000000
0.000000
0.000000
0.000000
0.005844
0.000815
0.000000
0.000000
0.000000
0.000000
0.000000
0.000000
0.000000
0.000000
0.010278
0.000000
0.000000
0.000005
0.000000
0.000000
0.000000
0.057303
0.000000
0.074401
0.000000
0.000000
0.000000
0.000000
0.024513
0.000000
0.000000
0.000000
0.000000
0.000000
0.000000
0.000000
0.000000
0.000000
0.004416
0.001636
0.000000
0.000000
0.000000
0.000000
0.000920
0.150467
0.000000
0.000000
0.000000
0.000000
0.000000
0.000000
0.000000
0.020788
0.000000
0.425198
0.000000
0.000000
0.000000
0.000000
0.000000
0.004119
0.003144
0.000000
0.003778
3.125798
0.000000
1.283610
48.919731
9.628570
12.841843
59.265464
0.000000
3.380681
0.245219
0.395397
31.365331
26.748606
57.095172
20.608145
0.000000
3.481386
0.256409
0.141151
58.880845
5.577676
38.030587
17.465570
5.037253
0.000000
3.307522
0.394886
13.448444
46.512895
62.608652
5.627113
2.711138
0.000000
0.254565
4.227830
19.404675
54.575986
10.181095
43.825317
3.213695
1.472502
0.001179
0.094340
9.469027
51.203837
34.600852
8.505563
0.000000
3.215395
0.001463
5.020032
10.305535
59.944250
28.756512
55.690984
0.001137
2.782900
3.007160
0.001358
68.310869
10.677593
37.568987
54.551012
0.000000
0.000000
0.000000
0.000000
0.000000
0.000000
0.000000
0.064966
0.000000
0.000000
0.000000
0.000000
0.000000
0.090561
0.004237
0.000000
0.000000
0.000000
0.000000
0.000000
0.061536
0.000000
0.005069
0.000000
0.000000
0.000000
0.000000
0.000000
0.000000
0.321614
0.000000
0.000960
0.000000
0.000000
0.000000
0.000000
0.000000
0.084012
0.000000
0.000000
0.000000
0.000000
0.000000
0.000000
0.000000
0.001835
0.000000
0.000000
0.000000
0.000000
0.000000
0.000000
0.000000
0.000000
0.060360
0.001896
0.000000
0.000000
0.000000
0.000000
0.000000
0.000000
0.000000
0.066656
0.220752
0.989407
0.121774
0.475941
8.661734
52.930855
24.922072
36.856983
1.976378
1.176703
0.119603
0.000000
11.361600
14.135148
6.793531
16.505964
2.297771
0.471449
0.123347
0.000000
24.249145
30.599669
75.602853
1.399039
0.000000
3.764775
1.791412
0.000000
2.418050
35.409272
26.152828
7.190310
0.357051
1.656764
0.000000
4.515828
9.109647
61.571287
8.134835
46.695272
0.219383
0.002281
1.864064
0.458224
33.621503
6.663802
23.340997
32.577550
1.386592
0.383503
0.765740
0.728703
38.070278
20.213834
26.622366
39.421339
0.000000
3.984715
1.391533
0.367744
40.304103
16.509111
24.691283
32.069761
0.000000
0.000000
0.000000
0.000000
0.000000
0.000000
0.000000
0.000000
0.000000
0.000000
0.000000
0.000000
0.000000
0.000000
0.000000
0.000000
0.000000
0.000000
0.000000
0.000000
0.000000
0.000000
0.000000
0.000000
0.000000
0.000000
0.000000
0.000000
0.000000
0.000000
0.000000
0.000000
0.000000
0.000000
0.000000
0.000000
0.000000
0.000000
0.000000
0.000000
0.000000
0.000000
0.000000
0.000000
0.000000
0.000000
0.000000
0.000000
0.000000
0.000000
0.000000
0.000000
0.000000
0.000000
0.000000
0.000000
0.000000
0.000000
0.000000
0.000000
0.000000
0.000000
0.000000
0.000000
0.000000
0.000000
0.000000
0.000000
0.000000
0.000000
0.000000
0.000000
0.000000
0.000000
0.000000
0.000000
0.000000
0.000000
0.000000
0.000000
0.000000
0.000000
0.000000
0.000000
0.000000
0.000000
0.000000
0.000000
0.000000
0.000000
0.000000
0.000000
0.000000
0.000000
0.000000
0.000000
0.000000
0.000000
0.000000
0.000000
0.000000
0.000000
0.000000
0.000000
0.000000
0.000000
0.000000
0.000000
0.000000
0.000000
0.000000
0.000000
0.000000
0.000000
0.000000
0.000000
0.000000
0.000000
0.000000
0.000000
0.000000
0.000000
0.000000
0.000000
0.000000
0.000000
0.000000
0.000000
0.000000
0.000000
0.000000
0.000000
0.000000
0.000000
0.000000
0.000000
0.000000
0.000000
0.000000
0.000000
0.000000
0.000000
0.000000
0.000000
0.000000
0.000000
0.000000
0.000000
0.000000
0.000000
0.000000
0.000000
0.000000
0.000000
0.000000
0.000000
0.000000
0.000000
0.000000
0.000000
0.000000
0.000000
0.000000
0.000000
0.000000
0.000000
0.000000
0.000000
0.000000
0.000000
0.000000
0.000000
0.000000
0.000000
0.000000
0.000000
0.000000
0.000000
0.000000
0.000000
0.000000
0.000000
0.000000
0.000000
0.000000
0.000000
0.000000
0.000000
0.000000
0.000000
0.000000
0.000000
0.000000
0.000000
0.000000
0.000000
0.000000
0.000000
0.000000
0.000000
0.000000
0.000000
0.000000
0.000000
0.000000
0.000000
0.000000
0.000000
0.000000
0.000000
0.000000
0.000000
0.000000
0.000000
0.000000
0.000000
0.000000
0.000000
0.000000
0.000000
0.000000
0.000000
0.000000
0.000000
0.000000
0.000000
0.000000
0.000000
0.000000
0.000000
0.000000
0.000000
0.000000
0.000000
0.000000
0.000000
0.000000
0.000000
0.000000
0.000000
0.000000
0.000000
0.000000
0.000000
0.000000
0.000000
0.000000
0.000000
0.000000
0.000000
0.000000
0.000000
0.000000
0.000000
0.000000
0.000000
0.000000
0.000000
0.000000
0.000000
0.000000
0.000000
0.000000
0.000000
0.000000
0.000000
0.000000
0.000000
0.000000
0.000000
0.000000
0.000000
0.000000
0.000000
0.000000
0.000000
0.000000
0.000000
0.000000
0.000000
0.000000
0.000000
0.000000
0.000000
0.000000
0.000000
0.000000
0.000000
0.000000
0.000000
0.000000
0.000000
0.000000
0.000000
0.000000
0.000000
0.000000
0.000000
0.000000
0.000000
0.000000
0.000000
0.000000
0.000000
0.000000
0.000000
0.000000
0.000000
0.000000
0.000000
0.000000
0.000000
0.000000
0.000000
0.000000
0.000000
0.000000
0.000000
0.000000
0.000000
0.000000
0.000000
0.000000
0.000000
0.000000
0.000000
0.000000
0.000000
0.000000
0.000000
0.000000
0.000000
0.000000
0.000000
0.000000
0.000000
0.000000
0.000000
0.000000
0.000000
0.000000
0.000000
0.000000
0.000000
0.000000
0.000000
0.000000
0.000000
0.000000
0.000000
0.000000
0.000000
0.000000
0.000000
0.000000
0.000000
0.000000
0.000000
0.000000
0.000000
0.000000
0.000000
0.000000
0.000000
0.000000
0.000000
0.000000
0.000000
0.000000
0.000000
0.000000
0.000000
0.000000
0.000000
0.000000
0.000000
0.000000
0.000000
0.000000
0.000000
0.000000
0.000000
0.000000
0.000000
0.000000
0.000000
0.000000
0.000000
0.000000
0.000000
0.000000
0.000000
0.000000
0.000000
0.000000
0.000000
0.000000
0.000000
0.000000
0.000000
0.000000
0.000000
0.000000
0.000000
0.000000
0.000000
0.000000
0.000000
0.000000
0.000000
0.000000
0.000000
0.000000
0.000000
0.000000
0.000000
0.000000
0.000000
0.000000
0.000000
0.000000
0.000000
0.000000
0.000000
0.000000
0.000000
0.000000
0.000000
0.000000
0.000000
0.000000
0.000000
0.000000
0.000000
0.000000
0.000000
0.000000
0.000000
0.000000
0.000000
0.000000
0.000000
0.000000
0.000000
0.000000
0.000000
0.000000
0.000000
0.000000
0.000000
0.000000
0.000000
0.000000
0.000000
0.000000
0.000000
0.000000
0.000000
0.000000
0.000000
0.000000
0.000000
0.000000
0.000000
0.000000
0.000000
0.000000
0.000000
0.000000
0.000000
0.000000
0.000000
0.000000
0.000000
0.000000
0.000000
0.000000
0.000000
0.000000
0.000000
0.000000
0.000000
0.000000
0.000000
0.000000
0.000000
0.000000
0.000000
0.000000
0.000000
0.000000
0.000000
0.000000
0.000000
0.000000
0.000000
0.000000
0.000000
0.000000
0.000000
0.000000
0.000000
0.000000
0.000000
0.000000
0.000000
0.000000
0.000000
0.000000
0.000000
0.000000
0.000000
0.000000
0.000000
0.000000
0.000000
0.000000
0.000000
0.000000
0.000000
0.000000
0.000000
0.000000
0.000000
0.000000
0.000000
0.000000
0.000000
0.000000
0.000000
0.000000
0.000000
0.000000
0.000000
0.000000
0.000000
0.000000
0.000000
0.000000
0.000000
0.000000
0.000000
0.000000
0.000000
0.000000
0.000000
0.000000
0.000000
0.000000
0.000000
0.000000
0.000000
0.000000
0.000000
0.000000
0.000000
0.000000
0.000000
0.000000
0.000000
0.000000
0.000000
0.000000
0.000000
0.000000
0.000000
0.000000
0.000000
0.000000
0.000000
0.000000
0.000000
0.000000
0.000000
0.000000
0.000000
0.000000
0.000000
0.000000
0.000000
0.000000
0.000000
0.000000
0.000000
0.000000
0.000000
0.000000
0.000000
0.000000
0.000000
0.000000
0.000000
0.000000
0.000000
0.000000
0.000000
0.000000
0.000000
0.000000
0.000000
0.000000
0.000000
0.000000
0.000000
0.000000
0.000000
0.000000
0.000000
0.000000
0.000000
0.000000
0.000000
0.000000
0.000000
0.000000
0.000000
0.000000
0.000000
0.000000
0.000000
0.000000
0.000000
0.000000
0.000000
0.000000
0.000000
0.000000
0.000000
0.000000
0.000000
0.000000
0.000000
0.000000
0.000000
0.000000
0.000000
0.000000
0.000000
0.000000
0.000000
0.000000
0.000000
0.000000
0.000000
0.000000
0.000000
0.000000
0.000000
0.000000
0.000000
0.000000
0.000000
0.000000
0.000000
0.000000
0.000000
0.000000
0.000000
0.000000
0.000000
0.000000
0.000000
0.000000
0.000000
0.000000
0.000000
0.000000
0.000000
0.000000
0.000000
0.000000
0.000000
0.000000
0.000000
0.000000
0.000000
0.000000
0.000000
0.000000
0.000000
0.000000
0.000000
0.000000
0.000000
0.000000
0.000000
0.000000
0.000000
0.000000
0.000000
0.000000
0.000000
0.000000
0.000000
0.000000
0.000000
0.000000
0.000000
0.000000
0.000000
0.000000
0.000000
0.000000
0.000000
0.000000
0.000000
0.000000
0.000000
0.000000
0.000000
0.000000
0.000000
0.000000
0.000000
0.000000
0.000000
0.000000
0.000000
0.000000
0.000000
0.000000
0.000000
0.000000
0.000000
0.000000
0.000000
0.000000
0.000000
0.000000
0.000000
0.000000
0.000000
0.000000
0.000000
0.000000
0.000000
0.000000
0.000000
0.000000
0.000000
0.000000
0.000000
0.000000
0.000000
0.000000
0.000000
0.000000
0.000000
0.000000
0.000000
0.000000
0.000000
0.000000
0.000000
0.000000
0.000000
0.000000
0.000000
0.000000
0.000000
0.000000
0.000000
0.000000
0.000000
0.000000
0.000000
0.000000
0.000000
0.000000
0.000000
0.000000
0.000000
0.000000
0.000000
0.000000
0.000000
0.000000
0.000000
0.000000
0.000000
0.000000
0.000000
0.000000
0.000000
0.000000
0.000000
0.000000
0.000000
0.000000
0.000000
0.000000
0.000000
0.000000
0.000000
0.000000
0.000000
0.000000
0.000000
0.000000
0.000000
0.000000
0.000000
0.000000
0.000000
0.000000
0.000000
0.000000
0.000000
0.000000
0.000000
0.000000
0.000000
0.000000
0.000000
0.000000
0.000000
0.000000
0.000000
0.000000
0.000000
0.000000
0.000000
0.000000
0.000000
0.000000
0.000000
0.000000
0.000000
0.000000
0.000000
0.000000
0.000000
0.000000
0.000000
0.000000
0.000000
0.000000
0.000000
0.000000
0.000000
0.000000
0.000000
0.000000
0.000000
0.000000
0.000000
0.000000
0.000000
0.000000
0.000000
0.000000
0.000000
0.000000
0.000000
0.000000
0.000000
0.000000
0.000000
0.000000
0.000000
0.000000
0.000000
0.000000
0.000000
0.000000
0.000000
0.000000
0.000000
0.000000
0.000000
0.000000
0.000000
0.000000
0.000000
0.000000
0.000000
0.000000
0.000000
0.000000
0.000000
0.000000
0.000000
0.000000
0.000000
0.000000
0.000000
0.000000
0.000000
0.000000
0.000000
0.000000
0.000000
0.000000
0.000000
0.000000
0.000000
0.000000
0.000000
0.000000
0.000000
0.000000
0.000000
0.000000
0.000000
0.000000
0.000000
0.000000
0.000000
0.000000
0.000000
0.000000
0.000000
0.000000
0.000000
0.000000
0.000000
0.000000
0.000000
0.000000
0.000000
0.000000
0.000000
0.000000
0.000000
0.000000
0.000000
0.000000
0.000000
0.000000
0.000000
0.000000
0.000000
0.000000
0.000000
0.000000
0.000000
0.000000
0.000000
0.000000
0.000000
0.000000
0.000000
0.000000
0.000000
0.000000
0.000000
0.000000
0.000000
0.000000
0.000000
0.000000
0.000000
0.000000
0.000000
0.000000
0.000000
0.000000
0.000000
0.000000
0.000000
0.000000
0.000000
0.000000
0.000000
0.000000
0.000000
0.000000
0.000000
0.000000
0.000000
0.000000
0.000000
0.000000
0.000000
0.000000
0.000000
0.000000
0.000000
0.000000
0.000000
0.000000
0.000000
0.000000
0.000000
0.000000
0.000000
0.000000
0.000000
0.000000
0.000000
0.000000
0.000000
0.000000
0.000000
0.000000
0.000000
0.000000
0.000000
0.000000
0.000000
0.000000
0.000000
0.000000
0.000000
0.000000
0.000000
0.000000
0.000000
0.000000
0.000000
0.000000
0.000000
0.000000
0.000000
0.000000
0.000000
0.000000
0.000000
0.000000
0.000000
0.000000
0.000000
0.000000
0.000000
