0.000000
0.000000
0.000000
0.000000
0.000000
0.000000
0.000000
0.000000
0.000000
0.000000
0.000000
0.000000
0.000000
0.000000
0.000000
0.000000
0.000000
0.000000
0.000000
0.000000
0.000000
0.000000
0.000000
0.000000
0.000000
0.000000
0.000000
0.000000
0.000000
0.000000
0.000000
0.000000
0.000000
0.000000
0.000000
0.000000
0.000000
0.000000
0.000000
0.000000
0.000000
0.000000
0.000000
0.000000
0.000000
0.000000
0.000000
0.000000
0.000000
0.000000
0.000000
0.000000
0.000000
0.000000
0.000000
0.000000
0.000000
0.000000
0.000000
0.000000
0.000000
0.000000
0.000000
0.000000
0.000000
0.000000
0.000000
0.000000
0.000000
0.000000
0.000000
0.000000
0.000000
0.000000
0.000000
0.000000
0.000000
0.000000
0.000000
0.000000
0.000000
0.000000
0.000000
0.000000
0.000000
0.000000
0.000000
0.000000
0.000000
0.000000
0.000000
0.000000
0.000000
0.000000
0.000000
0.000000
0.000000
0.000000
0.000000
0.000000
0.000000
0.000000
0.000000
0.000000
0.000000
0.000000
0.000000
0.000000
0.000000
0.000000
0.000000
0.000000
0.000000
0.000000
0.000000
0.000000
0.000000
0.000000
0.000000
0.000000
0.000000
0.000000
0.000000
0.000000
0.000000
0.000000
0.000000
0.000000
0.000000
0.000000
0.000000
0.000000
0.000000
0.000000
0.000000
0.000000
0.000000
0.000000
0.000000
0.000000
0.000000
0.000000
0.000000
0.000000
0.000000
0.000000
0.000000
0.000000
0.000000
0.000000
0.000000
0.000000
0.000000
0.000000
0.000000
0.000000
0.000000
0.000000
0.000000
0.000000
0.000000
0.000000
0.000000
0.000000
0.000000
0.000000
0.000000
0.000000
0.000000
0.000000
0.000000
0.000000
0.000000
0.000000
0.000000
0.000000
0.000000
0.000000
0.000000
0.000000
0.000000
0.000000
0.000000
0.000000
0.000000
0.000000
0.000000
0.000000
0.000000
0.000000
0.000000
0.000000
0.000000
0.000000
0.000000
0.000000
0.000000
0.000000
0.000000
0.000000
0.000000
0.000000
0.000000
0.000000
0.000000
0.000000
0.000000
0.000000
0.000000
0.000000
0.000000
0.000000
0.000000
0.000000
0.000000
0.000000
0.000000
0.000000
0.000000
0.000000
0.000000
0.000000
0.000000
0.000000
0.000000
0.000000
0.000000
0.000000
0.000000
0.000000
0.000000
0.000000
0.000000
0.000000
0.000000
0.000000
0.000000
0.000000
0.000000
0.000000
0.000000
0.000000
0.000000
0.000000
0.000000
0.000000
0.000000
0.000000
0.000000
0.000000
0.000000
0.000000
0.000000
0.000000
0.000000
0.000000
0.000000
0.000000
0.000000
0.000000
0.000000
0.000000
0.000000
0.000000
0.000000
0.000000
0.000000
0.000000
0.000000
0.000000
0.000000
0.000024
0.000024
0.000000
0.000000
0.000000
0.000000
0.000000
0.000000
0.000000
0.000000
0.000000
0.000000
0.000000
0.000000
0.000000
0.000000
0.000000
0.000000
0.000000
0.000000
0.000000
0.000000
0.000000
0.000000
0.000000
0.000000
0.000000
0.000000
0.000000
0.000000
0.000000
0.000000
0.000000
0.000000
0.000000
0.000034
0.000034
0.000000
0.000000
0.000000
0.000000
0.000000
0.000000
0.000000
0.000000
0.000000
0.000000
0.000000
0.000000
0.000000
0.000000
0.000000
0.000000
0.000000
0.000000
0.000000
0.000000
0.000000
0.000000
0.000000
0.000000
0.000000
0.000000
0.000000
0.000000
0.000000
0.000000
0.000000
0.000000
0.000000
0.000000
0.000000
0.000000
0.000000
0.000000
0.000000
0.000000
0.000000
0.000000
0.000000
0.000000
0.000000
0.000000
0.000000
0.000000
0.000000
0.000000
0.000000
0.000000
0.000000
0.000000
0.000000
0.000000
0.000000
0.000000
0.000000
0.000000
0.000000
0.000000
0.000000
0.000000
0.000000
0.000000
0.000000
0.000000
0.000000
0.000000
0.000000
0.000000
0.000026
0.000026
0.000000
0.000000
0.000000
0.000000
0.000000
0.000000
0.000000
0.000000
0.000000
0.000000
0.000000
0.000000
0.000000
0.000000
0.000000
0.000000
0.000000
0.000000
0.000000
0.000000
0.000000
0.000000
0.000000
0.000000
0.000000
0.000000
0.000000
0.000000
0.000000
0.000000
0.000000
0.000000
0.000000
0.000000
0.000000
0.000000
0.000000
0.000077
0.000077
0.000000
0.000000
0.000000
0.000000
0.000000
0.000000
0.000000
0.000000
0.000000
0.000000
0.000000
0.000000
0.000000
0.000000
0.000000
0.000000
0.000000
0.000000
0.000000
0.000000
0.000000
0.000000
0.000000
0.000000
0.000000
0.000000
0.000000
0.000000
0.000000
0.000000
0.000000
0.000000
0.000000
0.000000
0.000000
0.000000
0.000000
0.000000
0.000000
0.000000
0.000000
0.000000
0.000000
0.000000
0.000000
0.000000
0.000000
0.000000
0.000000
0.000000
0.000000
0.000000
0.000000
0.000000
0.000000
0.000000
0.000000
0.000000
0.000000
0.000000
0.000000
0.000000
0.000000
0.000000
0.000000
0.000000
0.000000
0.000000
0.000000
0.000000
0.000000
0.000000
0.000000
0.000000
0.000000
0.000000
0.000000
0.000000
0.000000
0.000000
0.000082
0.000082
0.000000
0.000000
0.000000
0.000000
0.000000
0.000000
0.000000
0.000000
0.000000
0.000000
0.000000
0.000000
0.000000
0.000000
0.000000
0.000000
0.000000
0.000000
0.000000
0.000000
0.000000
0.000000
0.000000
0.000000
0.000000
0.000000
0.000000
0.000000
0.000000
0.000000
0.000000
0.000000
0.000000
0.000000
0.000000
0.000000
0.000000
0.000000
0.000000
0.000000
0.000000
0.000000
0.000000
0.000000
0.000000
0.000000
0.000000
0.000000
0.000000
0.000000
0.015355
0.015388
0.009832
0.011936
0.013277
0.009002
0.016802
0.033281
0.000104
0.000121
0.000121
0.000000
0.000000
0.000000
0.000000
0.000000
0.000000
0.000000
0.000000
0.000000
0.000000
0.000000
0.000000
0.000000
0.000000
0.000000
0.000000
0.000000
0.000000
0.000000
0.000000
0.000000
0.000000
0.000000
0.000000
0.000000
0.000000
0.000000
0.000000
0.000000
0.000000
0.000000
0.000000
0.000000
0.000000
0.000000
0.000000
0.000000
0.000000
0.000000
0.000000
0.000000
0.000000
0.000000
0.000000
0.000000
0.000000
0.000000
0.000000
0.000000
0.000000
0.013490
0.015615
0.017459
0.016564
0.015088
0.017779
0.050098
0.147892
0.011297
0.000000
0.000000
0.000000
0.000000
0.000000
0.000000
0.000000
0.000000
0.000000
0.000000
0.000000
0.000000
0.000000
0.000000
0.000000
0.000000
0.000000
0.000000
0.000000
0.000000
0.000000
0.000000
0.000000
0.000000
0.000000
0.000000
0.000000
0.000000
0.000000
0.000000
0.000000
0.000000
0.000000
0.000000
0.000000
0.000000
0.000000
0.000000
0.000000
0.000000
0.000000
0.000000
0.000000
0.000000
0.000000
0.000000
0.000003
0.000000
0.000000
0.000000
0.000000
0.000000
0.000397
0.015488
0.017410
0.010755
0.010367
0.046731
0.017672
0.030137
0.017283
0.000520
0.000520
0.000000
0.000000
0.000000
0.000000
0.000000
0.000000
0.000000
0.000000
0.000000
0.000000
0.000000
0.000000
0.000000
0.000000
0.000000
0.000000
0.000000
0.000000
0.000000
0.000000
0.000000
0.000000
0.000000
0.000000
0.000000
0.000000
0.000000
0.000000
0.000000
0.000000
0.000000
0.000000
0.000000
0.000000
0.000000
0.000000
0.000000
0.000000
0.000000
0.000000
0.000000
0.000000
0.000000
0.004410
0.020785
0.002373
0.000002
0.000000
0.000000
0.000000
0.004255
0.016355
0.016894
0.001283
0.006944
0.017353
0.017390
0.019565
0.017768
0.000700
0.000700
0.000000
0.000000
0.000000
0.000000
0.000000
0.000000
0.000000
0.000000
0.000000
0.000000
0.000000
0.000000
0.000000
0.000000
0.000000
0.000000
0.000000
0.000000
0.000000
0.000000
0.000000
0.000000
0.000000
0.000000
0.000000
0.000000
0.000343
0.000978
0.000416
0.000000
0.000000
0.000000
0.000000
0.000000
0.000000
0.000000
0.000000
0.000000
0.000000
0.000000
0.000000
0.000000
0.001130
0.015300
0.174660
0.028377
0.022044
0.005568
0.000000
0.000000
0.000000
0.000000
0.014582
0.013457
0.016263
0.017434
0.019897
0.018336
0.017958
0.000000
0.000000
0.000000
0.000000
0.000000
0.000000
0.000000
0.000000
0.000000
0.000000
0.000000
0.000000
0.000000
0.000000
0.000000
0.000000
0.000000
0.000000
0.000000
0.000000
0.000000
0.000000
0.000000
0.000000
0.000000
0.000000
0.000000
0.000011
0.008539
0.013358
0.011519
0.000169
0.000000
0.000000
0.000000
0.000000
0.000000
0.000000
0.000000
0.000000
0.000000
0.000000
0.000000
0.000000
0.007751
0.025302
0.112737
0.152994
0.115221
0.020876
0.000000
0.000000
0.000000
0.005644
0.029204
0.024343
0.027286
0.050305
0.027357
0.016900
0.044764
0.000229
0.000229
0.000000
0.000000
0.000000
0.000000
0.000000
0.000000
0.000000
0.000000
0.000000
0.000000
0.000000
0.000000
0.000000
0.000000
0.000000
0.000000
0.000000
0.000000
0.000000
0.000000
0.000000
0.000219
0.001521
0.002428
0.002983
0.009238
0.023637
0.019370
0.012871
0.000145
0.000005
0.001796
0.001122
0.000000
0.000000
0.000000
0.000000
0.000000
0.000000
0.000000
0.000000
0.000003
0.005874
0.039331
0.103425
0.015277
0.053419
0.021032
0.000003
0.000000
0.000000
0.009104
0.020246
0.023350
0.099920
0.161901
0.117472
0.069514
0.141370
0.000614
0.000614
0.000000
0.000000
0.000000
0.000000
0.000000
0.000000
0.000000
0.000000
0.000000
0.000000
0.000000
0.000000
0.000000
0.000000
0.000000
0.000000
0.000000
0.000000
0.000000
0.000814
0.010151
0.016894
0.019728
0.023630
0.020176
0.055541
0.046807
0.084501
0.059141
0.014121
0.013453
0.021285
0.014761
0.000149
0.000000
0.000000
0.000000
0.000000
0.000000
0.000000
0.000000
0.000000
0.181251
0.386319
0.014649
0.000000
0.000050
0.000022
0.000020
0.000008
0.000969
0.009869
0.016053
0.028831
0.062555
0.203559
0.308524
0.308966
0.290494
0.000000
0.000000
0.000000
0.000000
0.000000
0.000000
0.000000
0.000000
0.000000
0.000000
0.000000
0.000000
0.000000
0.000000
0.000000
0.000000
0.000000
0.000000
0.000000
0.000000
0.000771
0.011530
0.027504
0.045015
0.087245
0.099007
0.068974
0.086162
0.146347
0.241488
0.323625
0.139962
0.190207
0.080791
0.002108
0.000000
0.000000
0.000000
0.000000
0.003341
0.002846
0.000000
0.000000
0.000331
0.492652
0.226085
0.000508
0.002091
0.010165
0.010927
0.001352
0.009038
0.043508
0.020523
0.016321
0.205111
0.270594
0.244638
0.404344
0.436637
0.453044
0.000322
0.000322
0.000000
0.000000
0.000000
0.000000
0.000000
0.000000
0.000000
0.000000
0.000000
0.000000
0.000000
0.000000
0.000000
0.000000
0.000000
0.000000
0.000000
0.000000
0.003940
0.016744
0.060373
0.095240
0.276680
0.223846
0.155921
0.104378
0.277133
0.473941
0.437115
0.448186
0.609679
0.474669
0.025971
0.002139
0.001328
0.000000
0.001813
0.016150
0.013076
0.002644
0.000000
0.000897
0.288584
0.784608
0.010357
0.016040
0.019618
0.109005
0.020910
0.055358
0.043264
0.040932
0.071164
0.278036
0.534181
0.504789
0.573107
0.615156
0.587111
0.000628
0.000628
0.000000
0.000000
0.000000
0.000000
0.000000
0.000000
0.000000
0.000000
0.000000
0.000000
0.000000
0.000000
0.000000
0.000000
0.000000
0.000000
0.000000
0.000000
0.000048
0.008928
0.022261
0.026134
0.244005
0.073976
0.305660
0.507111
0.504696
0.585623
0.870581
0.777815
0.789248
0.814254
0.693755
0.325907
0.048765
0.011205
0.017379
0.026556
0.073597
0.098619
0.002449
0.012058
0.518944
0.700331
0.271822
0.066121
0.020911
0.018207
0.021520
0.023401
0.166487
0.314007
0.347641
0.560296
0.651179
0.722000
0.811323
0.917084
0.931961
0.000000
0.000000
0.000000
0.000000
0.000000
0.000000
0.000000
0.000000
0.000000
0.000000
0.000000
0.000000
0.000000
0.000000
0.000000
0.000000
0.000000
0.000000
0.000000
0.000000
0.000000
0.000008
0.058652
0.116585
0.104172
0.216839
0.134979
0.490778
0.825050
0.288528
0.482638
0.826898
0.966134
0.867767
0.195224
0.024704
0.018752
0.110161
0.325269
0.251290
0.015386
0.014112
0.310705
0.505418
0.594677
0.228104
0.021529
0.083854
0.190804
0.128028
0.273368
0.400319
0.461020
0.594232
0.792479
0.880855
1.001118
1.100046
1.216602
0.000000
0.000000
0.000000
0.000000
0.000000
0.000000
0.000000
0.000000
0.000000
0.000000
0.000000
0.000000
0.000000
0.000000
0.000000
0.000000
0.000000
0.000000
0.000000
0.000000
0.000000
0.003402
0.020971
0.018155
0.019390
0.076753
0.112629
0.133349
0.490569
0.249367
0.468754
0.618785
1.156697
1.513706
0.488036
0.049297
0.056573
0.236934
0.472409
0.126895
0.000064
0.006862
0.366526
0.576711
0.481754
0.557588
0.017517
0.017080
0.080592
0.151231
0.275121
0.470221
0.606464
0.723618
0.895116
1.019805
1.152250
1.241189
1.399542
0.000000
0.000000
0.000000
0.000000
0.000000
0.000000
0.000000
0.000000
0.000000
0.000000
0.000000
0.000000
0.000000
0.000000
0.000000
0.000000
0.000000
0.000000
0.011789
0.019113
0.035587
0.074728
0.063483
0.061125
0.037063
0.237043
0.586481
0.742836
1.242721
0.444042
0.209879
0.107188
0.390741
0.383377
0.515866
0.230631
0.061525
0.103454
0.420076
0.371100
0.684070
0.713779
0.045242
0.016078
0.091351
0.261188
0.430935
0.550737
0.743739
0.887535
1.071707
1.168462
1.347346
1.593035
1.817718
0.000000
0.000000
0.000000
0.000000
0.000000
0.000000
0.000000
0.000000
0.000000
0.000000
0.000000
0.000000
0.000000
0.000000
0.000000
0.000000
0.000000
0.000000
0.002716
0.014997
0.017875
0.027010
0.033180
0.039915
0.076708
0.153531
0.165522
0.341091
0.667898
0.870462
0.860864
1.095652
1.182893
0.929891
1.040688
0.865434
0.634406
0.633309
0.585566
0.419635
0.926594
1.215975
0.428538
0.283664
0.456381
0.623163
0.490676
0.515393
0.711891
0.964169
1.195209
1.397090
1.556810
2.171830
2.566212
0.000000
0.000000
0.000000
0.000000
0.000000
0.000000
0.000000
0.000000
0.000000
0.000000
0.000000
0.000488
0.013530
0.015559
0.018296
0.021807
0.052457
0.021780
0.022449
0.071508
0.128625
0.557430
1.923511
2.377175
1.811516
1.415268
1.227113
1.259940
0.849982
0.864822
0.658057
0.279597
0.698354
1.063827
1.357827
1.095578
0.469140
0.664023
0.503088
0.481306
0.708157
1.033988
1.245765
1.397090
1.720559
2.408497
3.731927
0.000000
0.000000
0.000000
0.000000
0.000000
0.000000
0.000000
0.000000
0.000000
0.000000
0.000000
0.000000
0.000000
0.000306
0.001946
0.004774
0.010465
0.000000
0.000042
0.000014
0.000000
0.032061
0.627689
1.191344
1.823569
1.254656
1.053684
0.951724
0.828925
0.978022
0.692622
0.569522
0.336908
1.171124
1.345919
1.364663
0.694344
0.710190
1.016674
1.803315
1.592732
1.355523
1.428206
1.607550
2.013805
3.028361
4.502824
0.000000
0.000000
0.000000
0.000000
0.000000
0.000000
0.000000
0.000000
0.000000
0.000000
0.000000
0.000000
0.000000
0.000000
0.000008
0.000000
0.000000
0.000000
0.000000
0.000004
0.060759
0.398613
1.336604
1.062271
1.016696
0.745741
0.762892
1.166730
1.471003
1.037716
0.352582
0.457590
1.339415
1.342428
1.039405
1.551007
1.342882
1.574847
1.922287
1.603966
1.421238
1.607550
2.196221
3.409192
5.708520
0.000000
0.000000
0.000000
0.000000
0.000000
0.000000
0.000000
0.000000
0.000000
0.000000
0.000000
0.000000
0.000000
0.000000
0.000000
0.000000
0.000000
0.000000
0.000000
0.000000
0.000000
0.000000
0.301778
1.061132
1.124398
0.647310
0.633423
0.987507
1.417437
1.227774
0.545016
0.581255
1.402954
1.708260
1.174258
1.828340
1.995149
1.828661
1.950708
1.534821
1.404077
1.586202
2.162412
3.634217
6.558166
0.000000
0.000000
0.000000
0.000000
0.000000
0.000000
0.000000
0.000000
0.000000
0.000000
0.000000
0.000000
0.000000
0.000000
0.000000
0.000000
0.000000
0.000000
0.026179
0.405140
1.253240
1.579010
0.819421
0.678324
1.068708
1.329334
0.920046
0.410617
0.680769
1.038981
1.558665
0.891724
2.133178
1.950438
1.165104
1.179572
1.300948
1.425085
1.686614
2.875602
5.388437
0.000000
0.000000
0.000000
0.000000
0.000000
0.000000
0.000000
0.000000
0.000000
0.000000
0.000000
0.000000
0.000000
0.000000
0.000000
0.000000
0.000000
0.000000
0.048614
0.562255
0.653881
1.073649
0.991804
0.798632
0.811436
0.849350
0.971430
0.430272
0.795302
0.809611
1.119660
1.408575
1.687974
0.745268
0.870992
1.245864
1.303952
1.328223
1.469501
2.080579
3.971114
0.000000
0.000000
0.000000
0.000000
0.000000
0.000000
0.000000
0.000000
0.000000
0.000000
0.000000
0.000000
0.014486
0.414353
0.702345
0.800785
0.813362
0.736596
0.663310
0.583998
0.267816
0.372995
0.417402
0.999320
0.313302
0.715146
1.164788
0.942111
0.408014
0.817219
1.307092
1.142394
0.896644
1.227907
2.350395
0.000000
0.000000
0.000000
0.000000
0.000000
0.000000
0.000000
0.000000
0.000000
0.000000
0.000000
0.000000
0.039345
0.449583
0.647922
0.666363
0.542971
0.427764
0.345339
0.265817
0.080164
0.032359
0.073291
0.072634
0.242317
0.194521
0.062367
0.185342
0.172370
0.429132
1.273718
1.857857
0.357346
0.424811
1.575135
0.000000
0.000000
0.000000
0.000000
0.000000
0.000000
0.045428
0.441934
0.617667
0.644313
0.535326
0.376701
0.224087
0.144187
0.029008
0.017657
0.025284
0.047115
0.040422
0.018928
0.031881
0.059422
0.090935
0.199414
0.880246
2.258313
0.575081
0.288000
1.348093
0.000000
0.000000
0.000000
0.000000
0.000000
0.000000
0.127851
0.467171
0.538277
0.598649
0.294127
0.190740
0.049752
0.094401
0.032431
0.016378
0.017072
0.049240
0.046156
0.018829
0.024735
0.031059
0.052732
0.123421
0.562353
2.279920
0.833912
0.295976
1.300777
0.306527
0.392773
0.420955
0.431869
0.184886
0.061930
0.066300
0.026355
0.013748
0.008858
0.005128
0.015068
0.019427
0.019704
0.020942
0.026998
0.023472
0.048734
0.412616
1.854842
1.310128
0.366867
1.207096
3.669734
2.881947
0.295929
0.332428
0.347351
0.338747
0.217241
0.056585
0.048348
0.017478
0.000073
0.000149
0.001323
0.004585
0.018563
0.018722
0.019128
0.019104
0.032483
0.043469
0.506279
2.616682
1.437895
0.491425
1.327728
3.306613
2.683188
0.261538
0.248243
0.241087
0.197279
0.013731
0.006406
0.000000
0.000000
0.003584
0.010838
0.017800
0.019944
0.018380
0.017565
0.031926
0.152935
1.253739
3.095955
1.549348
0.795676
1.231123
2.311429
2.314462
0.193350
0.196646
0.181528
0.129990
0.016741
0.003387
0.000000
0.000000
0.000517
0.002486
0.016543
0.018070
0.018566
0.018209
0.107741
0.603186
3.067606
4.442593
1.553311
1.192412
1.285086
1.889126
2.154893
0.106644
0.110249
0.049194
0.017021
0.001251
0.000000
0.000194
0.000517
0.010496
0.010949
0.012195
0.012152
0.047759
0.761014
4.912589
4.838978
1.903929
1.785577
1.618068
1.825217
2.066076
2.348357
3.035957
0.107108
0.090665
0.090167
0.027418
0.012707
0.000000
0.000000
0.000000
0.005272
0.005272
0.012122
0.012122
0.029663
0.529509
2.931043
4.135075
1.642954
1.607160
1.918501
2.235187
2.424109
2.836577
4.600378
0.000000
0.000000
0.004284
0.004997
0.015318
0.017789
0.131618
0.663362
1.113170
1.512837
1.338811
1.731811
2.149296
2.644775
3.119169
3.949778
7.779855
