0.000000
0.000000
0.000000
0.000000
0.000000
0.000000
0.000000
0.000000
0.000000
0.000000
0.000000
0.000000
0.000000
0.000000
0.000000
0.000000
0.000000
0.000000
0.000000
0.000000
0.000000
0.000000
0.000000
0.000000
0.000000
0.000000
0.000000
0.000000
0.000000
0.000000
0.000000
0.000000
0.000000
0.000000
0.000000
0.000000
0.000000
0.000000
0.000000
0.000000
0.000000
0.000000
0.000000
0.000000
0.000000
0.000000
0.000000
0.000000
0.000000
0.000000
0.000000
0.000000
0.000000
0.000000
0.000000
0.000000
0.000000
0.000000
0.000000
0.000000
0.000000
0.000000
0.000000
0.000000
0.000000
0.000000
0.000000
0.000000
0.000000
0.000000
0.000000
0.000000
0.000000
0.000000
0.000000
0.000000
0.000000
0.000000
0.000000
0.000000
0.000000
0.000000
0.000000
0.000000
0.000000
0.000000
0.000000
0.000000
0.000000
0.000000
0.000000
0.000000
0.000000
0.000000
0.000000
0.000000
0.000000
0.000000
0.000000
0.000000
0.000000
0.000000
0.000000
0.000000
0.000000
0.000000
0.000000
0.000000
0.000000
0.000000
0.000000
0.000000
0.000000
0.000000
0.000000
0.000000
0.000000
0.000000
0.000000
0.000000
0.000000
0.000000
0.000000
0.000000
0.000000
0.000000
0.000000
0.000000
0.000000
0.000000
0.000000
0.000000
0.000000
0.000000
0.000000
0.000000
0.000000
0.000000
0.000000
0.000000
0.000000
0.000000
0.000000
0.000000
0.000000
0.000000
0.000000
0.000000
0.000000
0.000000
0.000000
0.000000
0.000000
0.000000
0.000000
0.000000
0.000000
0.000000
0.000000
0.000000
0.000000
0.000000
0.000000
0.000000
0.000000
0.000000
0.000000
0.000000
0.000000
0.000000
0.000000
0.000000
0.000000
0.000000
0.002158
0.002158
0.000000
0.000000
0.000000
0.000000
0.000000
0.000000
0.000000
0.000000
0.000000
0.000000
0.000000
0.000000
0.000000
0.000000
0.000000
0.000000
0.000000
0.000000
0.000000
0.000000
0.000000
0.000000
0.000000
0.000000
0.000000
0.000000
0.000000
0.000000
0.000000
0.002021
0.002021
0.000000
0.000000
0.000000
0.000000
0.000000
0.000000
0.000000
0.000000
0.000000
0.000000
0.000000
0.000000
0.000000
0.000000
0.000000
0.000000
0.000000
0.000000
0.000000
0.000000
0.000000
0.000000
0.000000
0.000000
0.000000
0.000000
0.000000
0.000000
0.000000
0.000000
0.000000
0.000000
0.000000
0.000000
0.000000
0.000000
0.000000
0.000000
0.000000
0.000000
0.000000
0.000000
0.000000
0.000000
0.000000
0.000000
0.000000
0.000000
0.000000
0.000000
0.000000
0.000000
0.000000
0.000000
0.000000
0.000000
0.000000
0.000000
0.000000
0.000000
0.000000
0.000000
0.000000
0.000000
0.004343
0.004343
0.000000
0.000000
0.000000
0.000000
0.000000
0.000000
0.000000
0.000000
0.000000
0.000000
0.000000
0.000000
0.000000
0.000000
0.000000
0.000000
0.000000
0.000000
0.000000
0.000000
0.000000
0.000000
0.000000
0.000000
0.000000
0.000000
0.000000
0.000000
0.000000
0.000000
0.000000
0.000000
0.000000
0.003920
0.003920
0.000000
0.000000
0.000000
0.000000
0.000000
0.000000
0.000000
0.000000
0.000000
0.000000
0.000000
0.000000
0.000000
0.000000
0.000000
0.000000
0.000000
0.000000
0.000000
0.000000
0.000000
0.000000
0.000000
0.000000
0.000000
0.000000
0.000000
0.000000
0.000000
0.000000
0.000000
0.000000
0.000000
0.000000
0.000000
0.000000
0.000000
0.000000
0.000000
0.000000
0.000000
0.000000
0.000000
0.000000
0.000000
0.000000
0.000000
0.000000
0.000000
0.000000
0.000000
0.000000
0.000000
0.000000
0.000000
0.000000
0.000000
0.000000
0.000000
0.000000
0.000000
0.000000
0.000000
0.000000
0.000000
0.000000
0.000000
0.000000
0.000000
0.000000
0.000000
0.000000
0.009292
0.009292
0.000000
0.000000
0.000000
0.000000
0.002778
0.000008
0.000000
0.000000
0.000019
0.000398
0.000000
0.000000
0.000000
0.000000
0.000000
0.000000
0.000000
0.000000
0.000000
0.000000
0.000000
0.000000
0.000000
0.000000
0.000000
0.000000
0.000000
0.000000
0.000000
0.000000
0.000000
0.000000
0.000000
0.000000
0.000000
0.000000
0.000000
0.004358
0.004358
0.000000
0.000000
0.000000
0.011372
0.038338
0.031713
0.010549
0.009606
0.042033
0.021988
0.012676
0.137213
0.050715
0.016311
0.000085
0.000000
0.000000
0.000000
0.000000
0.000000
0.000000
0.000000
0.000566
0.001823
0.000054
0.000000
0.000000
0.000000
0.000000
0.000000
0.000000
0.000000
0.000000
0.000000
0.000000
0.000000
0.000000
0.000000
0.000000
0.000000
0.000000
0.000000
0.000000
0.000086
0.026330
0.073121
0.153763
0.282785
0.153736
0.276384
0.300704
0.543576
1.641763
0.262214
0.027900
0.000254
0.000000
0.000000
0.000000
0.000000
0.000002
0.000700
0.004729
0.014623
0.036593
0.003081
0.000000
0.000000
0.000000
0.000000
0.000000
0.000000
0.000000
0.000000
0.000000
0.000000
0.000000
0.000000
0.000000
0.000000
0.006865
0.006865
0.000000
0.000000
0.000376
0.027268
0.073341
0.179674
0.385799
0.354111
0.818256
1.336478
2.032139
1.614190
0.140784
0.075375
0.004835
0.000495
0.000001
0.000000
0.001521
0.006678
0.005299
0.010877
0.031967
0.074427
0.008743
0.001838
0.000000
0.000000
0.000000
0.000000
0.000000
0.000000
0.000000
0.000000
0.000000
0.000000
0.000000
0.000000
0.000000
0.000000
0.000000
0.000000
0.000000
0.000000
0.000000
0.000000
0.000000
0.000000
0.000000
0.000000
0.031217
0.032795
0.048721
0.111595
0.068208
0.038403
0.074731
0.806495
0.028453
0.011236
0.011236
0.000000
0.000000
0.000092
0.027117
0.071066
0.175932
0.379804
0.608266
1.027865
1.258098
1.869542
2.064717
2.524867
2.573750
0.891817
0.187114
1.065379
0.491381
0.038577
0.169382
0.043693
0.032672
0.036398
0.031912
0.031406
0.031069
0.003541
0.000000
0.000000
0.000000
0.000000
0.000000
0.000000
0.000000
0.000000
0.000000
0.000000
0.000000
0.000000
0.000000
0.000000
0.000000
0.000000
0.000000
0.000000
0.000000
0.000000
0.000000
0.000000
0.000000
0.035629
0.042488
0.040364
0.082158
0.032109
0.033472
0.749410
1.880985
0.036989
0.000000
0.000000
0.000000
0.000000
0.000013
0.024618
0.069822
0.180338
0.318724
0.297350
0.226314
0.570256
1.518575
1.913390
2.160845
3.846655
2.849479
2.196572
2.154482
0.627869
0.100095
0.016291
0.029143
0.031208
0.047964
0.061870
0.033232
0.031332
0.018485
0.007401
0.020575
0.000000
0.000000
0.000000
0.000000
0.000000
0.000000
0.000000
0.000000
0.000000
0.000000
0.000000
0.000000
0.000000
0.000000
0.000000
0.000023
0.000000
0.000000
0.000000
0.000000
0.000000
0.034365
0.040878
0.039907
0.029660
0.022008
0.032645
0.075199
0.581477
0.037260
0.025509
0.025509
0.000000
0.000000
0.000000
0.013040
0.051127
0.049492
0.052296
0.005046
0.000008
0.002553
0.181937
0.241125
2.275974
4.248366
4.371397
4.330840
2.881434
0.351791
0.046663
0.048474
0.044250
0.115791
0.058907
0.044561
0.057448
0.031475
0.007323
0.090185
0.367983
0.000065
0.000000
0.000000
0.000000
0.000000
0.000000
0.000000
0.000000
0.000000
0.000000
0.000000
0.000000
0.000000
0.000000
0.027757
0.092547
0.007506
0.000000
0.000000
0.000000
0.000073
0.032177
0.036576
0.045181
0.029722
0.012305
0.033813
0.036366
0.390288
0.064801
0.038939
0.038939
0.000000
0.000000
0.000000
0.000000
0.006113
0.000000
0.000000
0.000000
0.000000
0.000000
0.018664
0.570396
0.961385
2.671397
3.599812
3.453547
3.840914
2.588773
0.159028
0.157665
0.061290
0.141883
0.245200
0.198645
0.129085
0.044450
0.274530
1.115435
0.379036
0.004458
0.000000
0.000000
0.000000
0.000000
0.000000
0.000000
0.000000
0.000000
0.000000
0.000000
0.000000
0.000000
0.015010
0.067335
0.933301
0.103874
0.050114
0.025169
0.000000
0.000000
0.000884
0.029991
0.146833
0.128238
0.017733
0.060317
0.094542
0.253324
0.188107
0.000000
0.000000
0.000000
0.000000
0.000000
0.000000
0.000000
0.000000
0.000000
0.000000
0.000000
0.000000
0.026421
0.132365
0.002382
0.512568
0.767147
0.774488
3.839900
2.603116
1.532062
0.751433
0.160885
0.314703
0.470864
0.440834
0.278741
0.093265
0.508324
1.221547
0.743675
0.041006
0.000000
0.000000
0.012741
0.000000
0.000000
0.000000
0.000000
0.000000
0.000000
0.000000
0.000000
0.000000
0.013151
0.149437
0.662615
0.571097
0.307789
0.042097
0.000000
0.000000
0.002086
0.028760
0.468713
0.327929
0.221275
0.468049
0.317262
0.319630
1.018748
0.051920
0.051920
0.000000
0.000000
0.000000
0.000000
0.000000
0.000000
0.000000
0.000000
0.000000
0.000000
0.000000
0.000000
0.000000
0.049186
0.021310
0.057846
3.268476
3.636475
4.017401
1.592785
0.200693
0.708955
0.845356
0.840819
0.592992
0.200665
1.141654
1.118927
0.221740
0.000894
0.000013
0.003810
0.023028
0.000035
0.000000
0.000000
0.000000
0.000000
0.000000
0.000000
0.000000
0.000003
0.034279
0.172106
0.370339
0.074229
0.113943
0.035880
0.003594
0.007547
0.008620
0.028985
0.443849
0.446446
1.219710
1.649132
1.499974
1.402762
2.929886
0.065355
0.065355
0.000000
0.000000
0.000000
0.000000
0.000000
0.000000
0.000000
0.000000
0.000000
0.000000
0.000000
0.000000
0.000000
0.000228
0.003763
0.031736
0.184185
1.909822
3.643723
2.943729
1.128917
1.705508
1.797534
1.686980
1.391113
1.815402
1.651094
1.031494
0.927125
0.252905
0.083027
0.171641
0.034766
0.000630
0.000000
0.000000
0.000000
0.000113
0.000189
0.000000
0.000000
0.006844
0.828321
1.741368
0.038375
0.039564
0.078649
0.145336
0.142576
0.149032
0.065924
0.044533
0.109304
0.491646
1.285537
2.544463
3.743140
4.246721
4.983425
0.000000
0.000000
0.000000
0.000000
0.000000
0.000000
0.000000
0.000000
0.000000
0.000000
0.000000
0.000000
0.000000
0.000000
0.000000
0.000000
0.005016
0.013227
0.046208
0.309776
2.513529
3.433537
2.408480
2.720683
2.536588
2.246340
1.929617
2.523474
2.324929
2.059514
2.558044
1.455472
1.308508
0.563556
0.035750
0.000000
0.000000
0.000000
0.000000
0.000910
0.004264
0.000000
0.000000
0.022199
2.030730
1.178501
0.097442
0.292687
0.786094
1.037271
0.426313
0.732455
0.506437
0.173279
0.382755
1.721365
2.483676
2.859527
4.206070
5.326460
6.687140
0.025646
0.025646
0.000000
0.000000
0.000000
0.000000
0.000000
0.000000
0.000000
0.000000
0.000000
0.000000
0.000000
0.000000
0.000000
0.000000
0.000000
0.010397
0.030775
0.303758
2.480349
3.563757
3.514368
3.583649
3.776429
2.956248
2.473348
2.620792
2.711558
2.907040
3.135340
3.059519
3.386475
2.110653
0.211905
0.075469
0.039355
0.000000
0.027106
0.031951
0.029366
0.019534
0.008236
0.099641
1.701153
3.590829
0.780036
1.575211
2.138043
2.121648
1.401811
1.372643
1.080438
0.670105
1.289657
2.270787
3.257350
3.549170
4.397400
5.547807
5.868944
0.047626
0.047626
0.000000
0.000000
0.000000
0.000000
0.000000
0.000000
0.000000
0.000000
0.000000
0.000000
0.000000
0.000000
0.000000
0.000000
0.000000
0.000000
0.024250
0.017512
0.548564
1.427719
1.693695
1.368523
3.129182
1.345947
2.123841
2.912799
2.729585
2.901992
3.389961
3.576400
3.829197
3.909130
3.438409
2.618862
0.797028
0.033794
0.099491
0.211440
0.877824
1.185396
0.219077
1.122020
6.321056
6.970385
3.886018
3.040239
1.855452
2.121054
2.554474
2.035864
3.183303
2.092337
2.156937
2.728253
3.069797
3.343570
3.964870
4.958380
5.359408
0.000000
0.000000
0.000000
0.000000
0.000000
0.000000
0.000000
0.000000
0.000000
0.000000
0.000000
0.000000
0.000000
0.000000
0.000000
0.000000
0.008139
0.029728
0.031813
0.037581
0.045115
0.238200
1.099836
1.206242
0.868860
1.276602
1.002616
2.467387
3.569438
2.344762
2.580218
3.681699
4.249182
4.607637
1.948202
0.205871
0.233931
0.893742
2.589215
2.247543
0.818900
1.772699
6.404175
7.026501
7.055910
4.469935
2.529050
2.738175
2.594014
2.121701
3.008780
2.899312
1.892806
2.177050
2.556507
2.889236
3.563893
4.677961
5.728793
0.000000
0.000000
0.000000
0.000000
0.000000
0.000000
0.000000
0.000000
0.000000
0.000000
0.000000
0.000000
0.000000
0.000000
0.000000
0.000000
0.000425
0.031330
0.043413
0.050236
0.107935
0.201606
0.371944
0.195506
0.227467
0.443894
0.592073
0.866345
2.281231
1.287251
1.877026
2.543645
4.327294
5.009492
2.537101
0.436175
0.468151
1.668310
3.449607
1.221276
1.588791
4.217900
6.585852
6.875114
6.844592
5.421502
1.616683
1.736522
2.415924
2.223316
2.669330
2.682854
1.730238
1.721279
2.054507
2.280412
2.978979
4.555070
6.112435
0.000000
0.000000
0.000000
0.000000
0.000000
0.000000
0.000000
0.000000
0.000000
0.000000
0.000000
0.001119
0.002561
0.033416
0.271737
0.158405
0.150931
0.192713
0.235491
0.328225
0.299858
0.417769
0.264990
0.135623
0.049241
0.489186
0.956989
1.255539
3.667892
2.380237
0.700085
0.282797
1.485150
2.401860
3.098711
1.634351
2.619290
7.189055
7.084801
6.682493
6.440496
5.011442
3.007893
2.903411
3.256362
2.901143
1.946724
1.876237
1.682642
1.611563
1.567942
1.738515
2.870761
4.664150
6.959415
0.000000
0.000000
0.000000
0.000000
0.000000
0.000000
0.000000
0.000000
0.000000
0.000000
0.000000
0.020323
0.064641
0.117645
0.406304
0.189038
0.221727
0.173930
0.177816
0.180834
0.204693
0.226318
0.151170
0.062421
0.040440
0.044028
0.095223
0.420145
1.832180
2.645386
2.767002
2.966367
3.437822
3.376612
4.409690
3.766660
4.333352
5.656564
5.343586
4.443006
5.908421
5.001980
4.535438
4.646390
4.137141
2.767135
2.177316
2.134192
1.907015
1.789024
1.710498
1.742247
2.898746
4.554454
7.240707
0.000000
0.000000
0.000006
0.026280
0.283182
0.417491
0.442459
0.259162
0.252693
0.233614
0.221296
0.097947
0.052320
0.057866
0.029614
0.030458
0.031543
0.030792
0.032091
0.048508
0.184007
1.754783
5.141959
5.873458
4.468777
4.108826
4.118533
4.513573
3.613910
3.826532
3.240053
2.155936
3.462810
4.006404
5.080412
4.600332
2.748163
2.521581
2.318600
2.384754
2.046148
1.979724
1.955798
1.981698
3.247129
4.488615
7.519711
0.000000
0.001494
0.004047
0.004340
0.104976
0.321149
0.100847
0.088148
0.157037
0.104233
0.039799
0.035457
0.004255
0.000014
0.000043
0.000014
0.000174
0.000141
0.000000
0.000000
0.000000
0.228152
2.638529
4.304727
4.970540
3.248162
2.967393
3.413230
4.062830
3.603542
3.011157
1.322932
1.683697
2.833416
3.078239
2.757183
2.509470
2.509470
2.271230
2.314796
2.279606
2.273690
2.301406
2.347600
3.249901
4.361323
8.113110
0.047592
0.066895
0.150450
0.192393
0.094164
0.076921
0.068549
0.013248
0.011845
0.011699
0.000032
0.000000
0.000000
0.000000
0.000062
0.000044
0.000000
0.000000
0.000000
0.000823
0.263886
1.269401
3.076884
2.827637
3.153448
3.158099
2.966143
2.458570
3.133747
2.312611
1.546985
1.836654
2.189727
2.279579
2.515732
2.607164
2.360161
2.298684
2.331137
2.345245
2.445670
2.590219
3.420251
4.607732
8.166366
0.090067
0.087917
0.156480
0.120393
0.054635
0.051209
0.033425
0.017381
0.000000
0.000000
0.000000
0.000000
0.000000
0.000000
0.000000
0.000000
0.000000
0.000000
0.000000
0.000000
0.031049
0.170919
1.773949
3.082431
3.239905
3.035519
1.603381
1.580183
2.461471
2.235744
1.360049
1.774046
2.010593
2.197409
2.498681
2.686760
2.451014
2.324580
2.419349
2.446972
2.572374
2.749421
3.726589
4.901881
8.223219
0.031371
0.030939
0.026079
0.001902
0.000000
0.000000
0.000000
0.000000
0.000000
0.000000
0.000000
0.000000
0.000000
0.000000
0.000000
0.000786
0.025652
0.151018
0.730805
1.286343
2.971303
3.602130
1.871673
1.000952
0.942281
1.646372
1.000755
0.997828
1.557248
1.821193
2.432780
2.919557
2.790851
2.613265
2.842488
2.889877
2.899657
2.884888
3.851391
5.280637
8.292280
0.031264
0.016432
0.001706
0.000000
0.000000
0.000000
0.000000
0.000000
0.000000
0.000000
0.000000
0.000000
0.000000
0.000000
0.000000
0.010289
0.049739
0.152102
0.807907
1.216531
1.429050
2.253659
1.807963
1.254423
0.725741
0.705504
0.835874
0.904311
1.173084
1.564510
2.227672
3.433463
3.372679
2.891459
2.997071
3.109309
3.223482
3.165220
3.630890
5.506269
7.982390
0.000000
0.000000
0.000000
0.000000
0.000000
0.000000
0.000000
0.000000
0.005580
0.022763
0.046381
0.307665
0.649552
0.974397
1.291167
1.509372
1.319499
0.978796
0.661361
0.455119
0.584016
0.726230
0.707377
0.940135
1.524502
2.327211
3.357464
3.583837
3.076806
3.195779
3.574383
3.657981
3.702845
5.187911
8.314280
0.000000
0.000000
0.000000
0.000000
0.000000
0.000000
0.000000
0.000000
0.005580
0.009945
0.040799
0.116217
0.611532
0.897710
1.140881
1.189121
0.599451
0.479509
0.415542
0.439538
0.479172
0.553152
0.707705
0.615502
0.738145
1.216846
2.588162
3.212337
3.308427
3.458786
3.965386
4.392099
3.798250
5.368089
8.256124
0.000000
0.000000
0.002092
0.002092
0.033023
0.077683
0.204459
0.841841
1.210098
1.264463
0.702274
0.364501
0.385846
0.481835
0.500634
0.546771
0.669229
0.760935
0.738082
0.776929
1.913720
2.978230
3.379474
3.516399
4.085213
4.687624
4.068919
5.361392
8.442114
0.000000
0.000000
0.000000
0.000000
0.028365
0.050237
0.239085
0.942172
1.079045
1.148048
0.409177
0.195593
0.265484
0.358788
0.518695
0.566733
0.647235
0.736326
0.915742
0.853709
1.434445
2.752885
3.319008
3.654582
4.207830
4.896906
3.977845
5.091152
8.614055
0.575926
0.766556
0.814982
0.829277
0.186661
0.083685
0.120041
0.155788
0.229347
0.340508
0.576967
0.619193
0.713447
0.941680
1.270562
2.217870
3.050090
3.489800
4.386218
5.253258
4.233214
5.087076
7.778134
11.556752
12.764436
0.671017
0.650204
0.657168
0.607843
0.326311
0.097964
0.076695
0.106416
0.147308
0.172387
0.279711
0.469983
0.619042
0.625853
0.763436
1.164708
2.537713
2.881931
4.385466
6.070106
4.324084
5.267070
7.920493
10.745476
13.077827
0.498166
0.462985
0.432759
0.320767
0.037684
0.043933
0.086056
0.114264
0.136438
0.194354
0.432676
0.691594
0.943045
1.135859
3.142085
3.715169
5.238583
6.874163
4.779098
5.418710
7.249610
9.431930
12.295286
0.379950
0.366115
0.363604
0.253107
0.035423
0.037881
0.042020
0.083931
0.111625
0.118905
0.183447
0.366402
0.913162
1.630363
5.264663
6.754051
7.896184
7.103455
5.588723
5.916896
6.858161
9.532219
12.404730
0.186416
0.202802
0.049063
0.017730
0.031868
0.040268
0.080838
0.122057
0.161685
0.208783
0.435623
0.729688
3.269108
6.862913
8.820553
6.957875
6.887323
7.417148
7.553357
9.476698
12.161627
14.077728
18.548903
0.343439
0.229891
0.097856
0.032403
0.002764
0.013256
0.030520
0.040477
0.081666
0.151472
0.262231
0.471520
1.868286
4.500509
5.898503
5.776338
6.393092
7.344401
8.863199
11.407257
14.187405
17.808997
28.870020
0.078953
0.129682
0.274281
0.487750
0.643735
0.830843
1.766782
3.110105
4.341603
5.058587
6.230341
7.975100
9.660824
13.237639
17.336156
21.756447
43.423344
