0.000000
0.000000
0.000000
0.000000
0.000000
0.000000
0.000000
0.000000
0.000000
0.000000
0.000000
0.000000
0.000000
0.000000
0.000000
0.000000
0.000000
0.000000
0.000000
0.000000
0.000000
0.000000
0.000000
0.000000
0.000000
0.000000
0.000000
0.000000
0.000000
0.000000
0.000000
0.000000
0.000000
0.000000
0.000000
0.000000
0.000000
0.000000
0.000000
0.000000
0.000000
0.000000
0.000000
0.000000
0.000000
0.000000
0.000000
0.000000
0.000000
0.000000
0.000000
0.000000
0.000000
0.000000
0.000000
0.000000
0.000000
0.000000
0.000000
0.000000
0.000000
0.000000
0.000000
0.000000
0.000000
0.000000
0.000000
0.000000
0.000000
0.000000
0.000000
0.000000
0.000000
0.000000
0.000000
0.000000
0.000000
0.000000
0.000000
0.000000
0.000000
0.000000
0.000000
0.000000
0.000000
0.000000
0.000000
0.000000
0.000000
0.000000
0.000000
0.000000
0.000000
0.000000
0.000000
0.000000
0.000000
0.000000
0.000000
0.000000
0.000000
0.000000
0.000000
0.000000
0.000000
0.000000
0.000000
0.000000
0.000000
0.000000
0.000000
0.000000
0.000000
0.000000
0.000000
0.000000
0.000000
0.000000
0.000000
0.000000
0.000000
0.000000
0.000000
0.000000
0.000000
0.000000
0.000000
0.000000
0.000000
0.000000
0.000000
0.000000
0.000000
0.000000
0.000000
0.000000
0.000000
0.000000
0.000000
0.000000
0.000000
0.000000
0.000000
0.000000
0.000000
0.000000
0.000000
0.000000
0.000000
0.000000
0.000000
0.000000
0.000000
0.000000
0.000000
0.000000
0.000000
0.000000
0.000000
0.000000
0.000000
0.000000
0.000000
0.000000
0.000000
0.000000
0.000000
0.000000
0.000000
0.000000
0.000000
0.000000
0.000000
0.000000
0.000000
0.000000
0.000000
0.000000
0.000000
0.000000
0.000000
0.000000
0.000000
0.000000
0.000000
0.000000
0.000000
0.000000
0.000000
0.000000
0.000000
0.000000
0.000000
0.000000
0.000000
0.000000
0.000000
0.000000
0.000000
0.000000
0.000000
0.000000
0.000000
0.000000
0.000000
0.000000
0.000000
0.000000
0.000000
0.000000
0.000000
0.000000
0.000000
0.000000
0.000000
0.000000
0.000000
0.000000
0.000000
0.000000
0.000000
0.000000
0.000000
0.000000
0.000000
0.000000
0.000000
0.000000
0.000000
0.000000
0.000000
0.000000
0.000000
0.000000
0.000000
0.000000
0.000000
0.000000
0.000000
0.000000
0.000000
0.000000
0.000000
0.000000
0.000000
0.000000
0.000000
0.000000
0.000000
0.000000
0.000000
0.000000
0.000000
0.000000
0.000000
0.000000
0.000000
0.000000
0.000000
0.000000
0.000000
0.000000
0.000000
0.000000
0.000000
0.000000
0.000000
0.000000
0.000000
0.000000
0.000000
0.000033
0.000033
0.000000
0.000000
0.000000
0.000000
0.000000
0.000000
0.000000
0.000000
0.000000
0.000000
0.000000
0.000000
0.000000
0.000000
0.000000
0.000000
0.000000
0.000000
0.000000
0.000000
0.000000
0.000000
0.000000
0.000000
0.000000
0.000000
0.000000
0.000000
0.000000
0.000000
0.000000
0.000000
0.000000
0.000040
0.000040
0.000000
0.000000
0.000000
0.000000
0.000000
0.000000
0.000000
0.000000
0.000000
0.000000
0.000000
0.000000
0.000000
0.000000
0.000000
0.000000
0.000000
0.000000
0.000000
0.000000
0.000000
0.000000
0.000000
0.000000
0.000000
0.000000
0.000000
0.000000
0.000000
0.000000
0.000000
0.000000
0.000000
0.000000
0.000000
0.000000
0.000000
0.000000
0.000000
0.000000
0.000000
0.000000
0.000000
0.000000
0.000000
0.000000
0.000000
0.000000
0.000000
0.000000
0.000000
0.000000
0.000000
0.000000
0.000000
0.000000
0.000000
0.000000
0.000000
0.000000
0.000000
0.000000
0.000000
0.000000
0.000000
0.000000
0.000000
0.000000
0.000000
0.000000
0.000000
0.000000
0.000044
0.000044
0.000000
0.000000
0.000000
0.000000
0.000000
0.000000
0.000000
0.000000
0.000000
0.000000
0.000000
0.000000
0.000000
0.000000
0.000000
0.000000
0.000000
0.000000
0.000000
0.000000
0.000000
0.000000
0.000000
0.000000
0.000000
0.000000
0.000000
0.000000
0.000000
0.000000
0.000000
0.000000
0.000000
0.000000
0.000000
0.000000
0.000000
0.000042
0.000042
0.000000
0.000000
0.000000
0.000000
0.000000
0.000000
0.000000
0.000000
0.000000
0.000000
0.000000
0.000000
0.000000
0.000000
0.000000
0.000000
0.000000
0.000000
0.000000
0.000000
0.000000
0.000000
0.000000
0.000000
0.000000
0.000000
0.000000
0.000000
0.000000
0.000000
0.000000
0.000000
0.000000
0.000000
0.000000
0.000000
0.000000
0.000000
0.000000
0.000000
0.000000
0.000000
0.000000
0.000000
0.000000
0.000000
0.000000
0.000000
0.000000
0.000000
0.000000
0.000000
0.000000
0.000000
0.000000
0.000000
0.000000
0.000000
0.000000
0.000000
0.000000
0.000000
0.000000
0.000000
0.000000
0.000000
0.000000
0.000000
0.000000
0.000000
0.000000
0.000000
0.000000
0.000000
0.000000
0.000000
0.000000
0.000000
0.000000
0.000000
0.000048
0.000048
0.000000
0.000000
0.000000
0.000000
0.000000
0.000000
0.000000
0.000000
0.000000
0.000000
0.000000
0.000000
0.000000
0.000000
0.000000
0.000000
0.000000
0.000000
0.000000
0.000000
0.000000
0.000000
0.000000
0.000000
0.000000
0.000000
0.000000
0.000000
0.000000
0.000000
0.000000
0.000000
0.000000
0.000000
0.000000
0.000000
0.000000
0.000000
0.000000
0.000000
0.000000
0.000000
0.000000
0.000000
0.000000
0.000000
0.000000
0.000000
0.000000
0.000000
0.000000
0.000000
0.000000
0.000000
0.000000
0.000000
0.020433
0.025006
0.023404
0.000104
0.000104
0.000000
0.000000
0.000000
0.000000
0.000000
0.000000
0.000000
0.000000
0.000000
0.000000
0.000000
0.000000
0.000000
0.000000
0.000000
0.000000
0.000000
0.000000
0.000000
0.000000
0.000000
0.000000
0.000000
0.000000
0.000000
0.000000
0.000000
0.000000
0.000000
0.000000
0.000000
0.000000
0.000000
0.000000
0.000000
0.000000
0.000000
0.000000
0.000000
0.000000
0.000000
0.000000
0.000000
0.000000
0.000000
0.000000
0.000000
0.000000
0.000000
0.000000
0.000000
0.000241
0.001533
0.001070
0.000840
0.002449
0.024511
0.080848
0.022674
0.000000
0.000000
0.000000
0.000000
0.000000
0.000000
0.000000
0.000000
0.000000
0.000000
0.000000
0.000000
0.000000
0.000000
0.000000
0.000000
0.000000
0.000000
0.000000
0.000000
0.000000
0.000000
0.000000
0.000000
0.000000
0.000000
0.000000
0.000000
0.000000
0.000000
0.000000
0.000000
0.000000
0.000000
0.000000
0.000000
0.000000
0.000000
0.000000
0.000000
0.000000
0.000000
0.000000
0.000000
0.000000
0.000000
0.000004
0.000000
0.000000
0.000000
0.000000
0.000000
0.000000
0.001928
0.013006
0.008561
0.007107
0.021360
0.024637
0.038758
0.023857
0.000425
0.000425
0.000000
0.000000
0.000000
0.000000
0.000000
0.000000
0.000000
0.000000
0.000000
0.000000
0.000000
0.000000
0.000000
0.000000
0.000000
0.000000
0.000000
0.000000
0.000000
0.000000
0.000000
0.000000
0.000000
0.000000
0.000000
0.000000
0.000000
0.000076
0.000442
0.000000
0.000000
0.000000
0.000000
0.000000
0.000000
0.000000
0.000000
0.000000
0.000000
0.000000
0.000000
0.000000
0.000011
0.019059
0.029290
0.003582
0.000005
0.000000
0.000000
0.000000
0.000000
0.002602
0.023826
0.000700
0.008853
0.024428
0.024431
0.026551
0.024969
0.000538
0.000538
0.000000
0.000000
0.000000
0.000000
0.000000
0.000000
0.000000
0.000000
0.000000
0.000000
0.000000
0.000000
0.000000
0.000000
0.000000
0.000000
0.000000
0.000000
0.000000
0.000000
0.000000
0.000000
0.000000
0.000000
0.000000
0.000000
0.003172
0.020204
0.010017
0.000602
0.000000
0.000000
0.000000
0.000000
0.000000
0.000000
0.000000
0.000000
0.000000
0.000000
0.000000
0.000000
0.002552
0.022292
0.200032
0.038666
0.032038
0.007880
0.000000
0.000000
0.000000
0.000000
0.020422
0.016292
0.022015
0.022945
0.023107
0.025803
0.024312
0.000000
0.000000
0.000000
0.000000
0.000000
0.000000
0.000000
0.000000
0.000000
0.000000
0.000000
0.000000
0.000000
0.000000
0.000000
0.000000
0.000000
0.000000
0.000000
0.000000
0.000000
0.000000
0.000000
0.000000
0.001482
0.002347
0.001639
0.002075
0.021284
0.036917
0.028133
0.010731
0.000000
0.000000
0.000000
0.000000
0.000000
0.000000
0.000000
0.000000
0.000000
0.000000
0.000000
0.001418
0.019200
0.043892
0.138703
0.197889
0.159740
0.030031
0.000000
0.000000
0.000000
0.006011
0.043599
0.049189
0.025127
0.029030
0.023022
0.023604
0.031019
0.000320
0.000320
0.000000
0.000000
0.000000
0.000000
0.000000
0.000000
0.000000
0.000000
0.000000
0.000000
0.000000
0.000000
0.000000
0.000000
0.000000
0.000000
0.000000
0.000000
0.000936
0.000555
0.003808
0.013677
0.022903
0.023353
0.022933
0.024117
0.049973
0.033756
0.026714
0.002041
0.000019
0.002567
0.000898
0.000000
0.000000
0.000000
0.000000
0.000001
0.000001
0.000000
0.000000
0.000005
0.019975
0.049091
0.116986
0.023075
0.078092
0.029990
0.000006
0.000000
0.000002
0.008661
0.043418
0.059387
0.057924
0.102140
0.072103
0.040884
0.083736
0.000752
0.000752
0.000000
0.000000
0.000000
0.000000
0.000000
0.000000
0.000000
0.000000
0.000000
0.000000
0.000000
0.000000
0.000000
0.000000
0.000000
0.000000
0.000000
0.000426
0.024387
0.028459
0.026607
0.040655
0.071846
0.081597
0.053176
0.101581
0.104296
0.149386
0.123582
0.031056
0.026061
0.033219
0.022756
0.000217
0.000000
0.000000
0.000000
0.001080
0.001797
0.000004
0.000000
0.000422
0.210072
0.440372
0.020816
0.000000
0.000097
0.000038
0.000025
0.001156
0.002932
0.002899
0.020729
0.027731
0.033120
0.119445
0.197138
0.177090
0.160935
0.000000
0.000000
0.000000
0.000000
0.000000
0.000000
0.000000
0.000000
0.000000
0.000000
0.000000
0.000000
0.000000
0.000000
0.000000
0.000000
0.000000
0.000000
0.000000
0.000034
0.028531
0.058991
0.088501
0.124127
0.214276
0.229459
0.138290
0.151964
0.246044
0.355941
0.470391
0.219485
0.263990
0.120652
0.009673
0.000000
0.000000
0.000000
0.000000
0.009255
0.014969
0.000245
0.000000
0.006607
0.547644
0.248148
0.000745
0.000582
0.014396
0.015679
0.003777
0.012371
0.036531
0.025507
0.022707
0.138906
0.176718
0.145288
0.255762
0.256461
0.268015
0.000811
0.000811
0.000000
0.000000
0.000000
0.000000
0.000000
0.000000
0.000000
0.000000
0.000000
0.000000
0.000000
0.000000
0.000000
0.000000
0.000000
0.000000
0.000000
0.000622
0.030065
0.079357
0.169291
0.207694
0.534819
0.471135
0.298518
0.187053
0.409219
0.649789
0.585466
0.593574
0.760777
0.611450
0.035828
0.003058
0.001978
0.000000
0.002603
0.022928
0.022852
0.016720
0.000008
0.001413
0.314479
0.858898
0.010270
0.022471
0.047628
0.095530
0.026196
0.046733
0.030135
0.034800
0.048625
0.194484
0.381550
0.343985
0.355215
0.347738
0.330820
0.001040
0.001040
0.000000
0.000000
0.000000
0.000000
0.000000
0.000000
0.000000
0.000000
0.000000
0.000000
0.000000
0.000000
0.000000
0.000000
0.000000
0.000000
0.000000
0.000000
0.013034
0.020371
0.059727
0.055343
0.414169
0.147775
0.448617
0.736320
0.703952
0.793032
1.104458
1.001986
0.974512
0.989356
0.812927
0.404374
0.065488
0.020493
0.025063
0.037109
0.105780
0.145610
0.009241
0.023881
0.535730
0.726220
0.284724
0.081824
0.024979
0.021093
0.027093
0.025948
0.138167
0.257476
0.276188
0.451180
0.496547
0.528495
0.525248
0.518454
0.494339
0.000000
0.000000
0.000000
0.000000
0.000000
0.000000
0.000000
0.000000
0.000000
0.000000
0.000000
0.000000
0.000000
0.000000
0.000000
0.000000
0.000000
0.000000
0.000006
0.000039
0.000000
0.003496
0.105989
0.187386
0.165531
0.324046
0.195953
0.637187
1.055184
0.396996
0.607958
0.982836
1.110686
1.005219
0.252980
0.036189
0.028113
0.142366
0.418368
0.331011
0.024795
0.023263
0.324841
0.539013
0.640473
0.274703
0.028621
0.087673
0.186022
0.120069
0.230596
0.351410
0.412282
0.491836
0.586631
0.648371
0.723038
0.764698
0.722791
0.000000
0.000000
0.000000
0.000000
0.000000
0.000000
0.000000
0.000000
0.000000
0.000000
0.000000
0.000000
0.000000
0.000000
0.000000
0.000000
0.000000
0.000000
0.000000
0.000000
0.000000
0.012729
0.032723
0.026893
0.031873
0.111518
0.151248
0.187791
0.665944
0.318112
0.581881
0.701961
1.327961
1.762217
0.607950
0.073436
0.074244
0.305707
0.601389
0.170920
0.001347
0.009893
0.393773
0.632454
0.540766
0.630087
0.025877
0.024122
0.081299
0.156656
0.256352
0.462526
0.540615
0.596968
0.731304
0.882132
1.037978
1.168177
1.192951
0.000000
0.000000
0.000000
0.000000
0.000000
0.000000
0.000000
0.000000
0.000000
0.000000
0.000000
0.000000
0.000000
0.000000
0.000000
0.000000
0.000000
0.005746
0.022890
0.035150
0.061171
0.120616
0.096009
0.086375
0.050199
0.283899
0.677160
0.829127
1.389834
0.517643
0.245132
0.128215
0.466234
0.510155
0.672264
0.317828
0.079215
0.135321
0.546018
0.482859
0.862728
0.942940
0.089592
0.024477
0.120435
0.320847
0.469219
0.541816
0.689698
0.820479
1.025326
1.163555
1.433031
1.848280
2.492434
0.000000
0.000000
0.000000
0.000000
0.000000
0.000000
0.000000
0.000000
0.000000
0.000000
0.000000
0.000000
0.000000
0.000000
0.000000
0.000000
0.000000
0.000690
0.018445
0.022913
0.032606
0.052692
0.055639
0.064485
0.101521
0.187709
0.218291
0.403185
0.746726
0.973851
0.982162
1.235038
1.338117
1.161727
1.262241
1.059953
0.772092
0.794260
0.750171
0.562149
1.163603
1.498600
0.564903
0.411914
0.640658
0.868574
0.743587
0.618158
0.701462
0.940061
1.198724
1.363294
1.803184
2.453380
3.498240
0.000000
0.000000
0.000000
0.000000
0.000000
0.000000
0.000000
0.000000
0.000000
0.000000
0.004848
0.020009
0.022868
0.022977
0.032884
0.041961
0.078205
0.032468
0.034760
0.080050
0.144574
0.624636
2.117526
2.728248
2.230411
1.704934
1.459502
1.469010
1.000494
1.075801
0.865380
0.409654
0.904863
1.361013
1.717782
1.483889
0.700647
1.060292
1.155217
1.052001
1.040581
1.141015
1.309749
1.420332
2.091659
2.975500
4.641870
0.000000
0.000000
0.000000
0.000000
0.000000
0.000000
0.000000
0.000000
0.000000
0.000000
0.000000
0.000000
0.002969
0.012857
0.012565
0.014225
0.019941
0.000042
0.000082
0.000027
0.000000
0.040000
0.728912
1.339101
2.249147
1.578304
1.282007
1.151669
1.022831
1.270823
1.058704
0.808139
0.488021
1.494531
1.720277
1.778290
0.975029
1.101680
1.615344
2.818371
2.443762
1.976175
1.321918
1.457860
2.136807
3.020890
4.831492
0.000000
0.000000
0.000000
0.000000
0.000000
0.000000
0.000000
0.000000
0.000000
0.000000
0.000000
0.000000
0.000072
0.000000
0.000003
0.000000
0.000000
0.000000
0.000000
0.000005
0.078469
0.497675
1.672410
1.366291
1.274657
0.935680
0.937427
1.447356
1.916350
1.498103
0.480618
0.613828
1.699610
1.734753
1.463574
2.175192
1.776825
2.114517
2.407866
1.937061
1.366255
1.418291
1.883458
2.764782
4.581846
0.000000
0.000000
0.000000
0.000000
0.000000
0.000000
0.000000
0.000000
0.000000
0.000000
0.000000
0.000000
0.000000
0.000000
0.000000
0.000000
0.000000
0.000000
0.000000
0.000000
0.000000
0.000038
0.454893
1.345876
1.410825
0.811720
0.795715
1.134641
1.853196
1.662394
0.789986
0.824179
1.820473
2.162123
1.607686
2.455402
2.197860
2.034657
2.314051
1.830770
1.347613
1.384377
1.601742
2.437842
4.340617
0.000000
0.000000
0.000000
0.000000
0.000000
0.000000
0.000000
0.000000
0.000000
0.000000
0.000000
0.000000
0.000000
0.000000
0.000000
0.000000
0.000000
0.000000
0.036149
0.522471
1.560066
1.908029
1.043462
0.879874
1.223000
1.750073
1.289963
0.597423
0.981543
1.372039
2.028071
1.151738
2.459304
2.400016
1.795149
1.449663
1.353955
1.312470
1.305873
1.883690
4.329167
0.000000
0.000000
0.000000
0.000000
0.000000
0.000000
0.000000
0.000000
0.000000
0.000000
0.000000
0.000000
0.000000
0.000000
0.000000
0.000000
0.000000
0.000000
0.066230
0.691397
0.800822
1.300686
1.231224
1.016757
1.066910
1.168437
1.447879
0.735038
1.170282
1.164687
1.562246
1.906523
2.272618
1.200161
1.471087
1.768005
1.545452
1.308114
0.920492
1.758853
4.283019
0.000000
0.000000
0.000000
0.000000
0.000000
0.000000
0.000000
0.000000
0.000000
0.000000
0.000000
0.000000
0.020992
0.509735
0.838580
0.981902
1.022094
0.932658
0.862092
0.806171
0.504329
0.744903
0.730315
1.491829
0.507095
1.088221
1.822969
1.743978
0.687214
1.264756
1.631618
1.287862
0.756747
1.372605
3.815414
0.000000
0.000000
0.000000
0.000000
0.000000
0.000000
0.000000
0.000000
0.000000
0.000000
0.000000
0.000000
0.057775
0.563698
0.792098
0.830558
0.713181
0.567414
0.451962
0.346391
0.153979
0.099623
0.185095
0.155961
0.399087
0.392192
0.182742
0.397627
0.391171
0.760977
1.792937
2.219323
0.858159
1.199403
3.323335
0.000000
0.000000
0.000000
0.000000
0.000000
0.000000
0.069532
0.583127
0.757404
0.815870
0.679884
0.502613
0.298740
0.195441
0.064379
0.029252
0.053713
0.046216
0.029752
0.030843
0.108065
0.193536
0.308596
0.568114
1.792135
2.701506
1.067380
1.176349
3.342885
0.000000
0.000000
0.000000
0.000000
0.000000
0.000000
0.207862
0.646735
0.715506
0.757376
0.416094
0.276464
0.075153
0.139858
0.069816
0.026407
0.027444
0.034736
0.044859
0.036067
0.068981
0.101098
0.183837
0.418336
1.686349
3.085543
1.208849
1.182301
3.321818
0.466434
0.572059
0.595338
0.606915
0.310793
0.120569
0.107230
0.045101
0.025552
0.025643
0.033054
0.028989
0.027502
0.035465
0.055538
0.082781
0.076724
0.171361
1.067279
3.289265
1.507955
1.323689
2.438902
3.571019
3.209912
0.468611
0.517104
0.528006
0.516056
0.371778
0.115931
0.103372
0.028672
0.011977
0.017365
0.027672
0.028232
0.028383
0.027867
0.030153
0.053523
0.100676
0.134688
1.187257
3.904177
1.629705
1.480854
2.563793
3.174673
3.269865
0.450936
0.438704
0.438083
0.368284
0.029849
0.023109
0.002877
0.001239
0.021253
0.024524
0.027922
0.027873
0.026447
0.029200
0.109023
0.402567
1.947450
3.382305
1.842417
1.583726
2.441438
2.739275
2.994461
0.382115
0.400885
0.441182
0.387625
0.055736
0.016884
0.000533
0.000000
0.002128
0.009098
0.024891
0.025804
0.032249
0.049806
0.277849
1.287817
4.156493
5.394162
1.979206
1.745387
2.168606
2.616817
3.066518
0.402565
0.498922
0.305839
0.048197
0.006567
0.000000
0.000798
0.002322
0.015258
0.015448
0.020843
0.024874
0.131883
1.515196
6.550097
6.038432
2.674509
2.180618
2.195455
2.499133
3.017385
3.377266
4.004709
0.571497
0.523763
0.473944
0.136980
0.026146
0.000169
0.000000
0.000000
0.012422
0.012422
0.020205
0.023458
0.102119
1.041699
3.977351
5.725284
2.456273
2.069144
2.394014
2.844115
3.436835
4.224355
5.747212
0.000565
0.001507
0.014956
0.024585
0.030652
0.052484
0.468922
1.285093
1.758998
2.494692
1.885947
2.266504
2.648659
3.216784
3.822031
5.311113
8.146291
