0.000000
0.000000
0.000000
0.000000
0.000000
0.000000
0.000000
0.000000
0.000000
0.000000
0.000000
0.000000
0.000000
0.000000
0.000000
0.000000
0.000000
0.000000
0.000000
0.000000
0.000000
0.000000
0.000000
0.000000
0.000000
0.000000
0.000000
0.000000
0.000000
0.000000
0.000000
0.000000
0.000000
0.000000
0.000000
0.000000
0.000000
0.000000
0.000000
0.000000
0.000000
0.000000
0.000000
0.000000
0.000000
0.000000
0.000000
0.000000
0.000000
0.000000
0.000000
0.000000
0.000000
0.000000
0.000000
0.000000
0.000000
0.000000
0.000000
0.000000
0.000000
0.000000
0.000000
0.000000
0.000000
0.000000
0.000000
0.000000
0.000000
0.000000
0.000000
0.000000
0.000000
0.000000
0.000000
0.000000
0.000000
0.000000
0.000000
0.000000
0.000000
0.000000
0.000000
0.000000
0.000000
0.000000
0.000000
0.000000
0.000000
0.000000
0.000000
0.000000
0.000000
0.000000
0.000000
0.000000
0.000000
0.000000
0.000000
0.000000
0.000000
0.000000
0.000000
0.000000
0.000000
0.000000
0.000000
0.000000
0.000000
0.000000
0.000000
0.000000
0.000000
0.000000
0.000000
0.000000
0.000000
0.000000
0.000000
0.000000
0.000000
0.000000
0.000000
0.000000
0.000000
0.000000
0.000000
0.000000
0.000000
0.000000
0.000000
0.000000
0.000000
0.000000
0.000000
0.000000
0.000000
0.000000
0.000000
0.000000
0.000000
0.000000
0.000000
0.000000
0.000000
0.000000
0.000000
0.000000
0.000000
0.000000
0.000000
0.000000
0.000000
0.000000
0.000000
0.000000
0.000000
0.000000
0.000000
0.000000
0.000000
0.000000
0.000000
0.000000
0.000000
0.000000
0.000000
0.000000
0.000000
0.000000
0.000000
0.000000
0.000000
0.000000
0.001045
0.001045
0.000000
0.000000
0.000000
0.000000
0.000000
0.000000
0.000000
0.000000
0.000000
0.000000
0.000000
0.000000
0.000000
0.000000
0.000000
0.000000
0.000000
0.000000
0.000000
0.000000
0.000000
0.000000
0.000000
0.000000
0.000000
0.000000
0.000000
0.000000
0.000000
0.001162
0.001162
0.000000
0.000000
0.000000
0.000000
0.000000
0.000000
0.000000
0.000000
0.000000
0.000000
0.000000
0.000000
0.000000
0.000000
0.000000
0.000000
0.000000
0.000000
0.000000
0.000000
0.000000
0.000000
0.000000
0.000000
0.000000
0.000000
0.000000
0.000000
0.000000
0.000000
0.000000
0.000000
0.000000
0.000000
0.000000
0.000000
0.000000
0.000000
0.000000
0.000000
0.000000
0.000000
0.000000
0.000000
0.000000
0.000000
0.000000
0.000000
0.000000
0.000000
0.000000
0.000000
0.000000
0.000000
0.000000
0.000000
0.000000
0.000000
0.000000
0.000000
0.000000
0.000000
0.000000
0.000000
0.002290
0.002290
0.000000
0.000000
0.000000
0.000000
0.000000
0.000000
0.000000
0.000000
0.000000
0.000000
0.000000
0.000000
0.000000
0.000000
0.000000
0.000000
0.000000
0.000000
0.000000
0.000000
0.000000
0.000000
0.000000
0.000000
0.000000
0.000000
0.000000
0.000000
0.000000
0.000000
0.000000
0.000000
0.000000
0.002651
0.002651
0.000133
0.002327
0.000000
0.000000
0.000000
0.000000
0.000000
0.000000
0.000000
0.000000
0.000000
0.000000
0.000000
0.000000
0.000000
0.000000
0.000000
0.000000
0.000000
0.000000
0.000000
0.000000
0.000000
0.000000
0.000000
0.000000
0.000000
0.000000
0.000000
0.000000
0.000000
0.000000
0.000000
0.000000
0.000000
0.023217
0.033156
0.009671
0.000058
0.000000
0.000143
0.000000
0.000000
0.000000
0.000000
0.000242
0.000077
0.000000
0.000000
0.000000
0.000000
0.000000
0.000000
0.000000
0.000000
0.000000
0.000000
0.000000
0.000000
0.000000
0.000000
0.000000
0.000000
0.000000
0.000000
0.000000
0.000000
0.000000
0.000000
0.000000
0.000000
0.000000
0.002319
0.002319
0.036808
0.063069
0.091492
0.159363
0.162487
0.073915
0.000027
0.000000
0.000111
0.012078
0.042001
0.013613
0.001040
0.000050
0.000000
0.000024
0.000000
0.000000
0.000000
0.000000
0.000000
0.000000
0.000000
0.000000
0.000000
0.000000
0.000000
0.000000
0.000000
0.000000
0.000000
0.000000
0.000000
0.000000
0.000000
0.000000
0.000000
0.003252
0.003252
0.150480
0.312913
0.573251
1.302799
1.535289
1.025662
0.229863
0.212545
0.361588
0.197761
0.180201
0.797921
0.298072
0.258304
0.088821
0.042520
0.011337
0.000252
0.000000
0.000000
0.000000
0.000000
0.000000
0.000723
0.000118
0.000000
0.000000
0.000000
0.000000
0.000000
0.000000
0.000000
0.000000
0.000000
0.000000
0.000000
0.000000
0.000000
0.000000
0.000000
0.000000
0.164446
0.518829
0.978949
1.379080
1.952517
2.366514
2.557901
2.104070
1.791241
1.714256
2.130446
4.388701
1.928063
0.863384
0.054240
0.056059
0.041797
0.008684
0.000000
0.000000
0.000000
0.000000
0.012456
0.030749
0.003742
0.000000
0.000000
0.000000
0.000000
0.000000
0.000000
0.000000
0.000000
0.000000
0.000000
0.000000
0.000000
0.000000
0.000000
0.002021
0.002021
0.170887
0.532242
1.019538
1.412436
2.037822
2.515107
3.119655
2.798377
3.337094
4.323722
5.554596
4.792983
0.924683
0.428584
0.116504
0.185861
0.062284
0.008666
0.004569
0.103320
0.061207
0.007938
0.045129
0.151414
0.013135
0.005540
0.002819
0.000000
0.000000
0.000000
0.000000
0.000000
0.000000
0.000000
0.000000
0.000000
0.000000
0.000000
0.000000
0.000000
0.000000
0.000000
0.000000
0.000000
0.000000
0.000000
0.000000
0.000000
0.000000
0.000000
0.040728
0.043981
0.059641
0.239991
0.117214
0.051827
0.178871
1.468734
0.046036
0.003139
0.003139
0.158461
0.506652
0.993415
1.391275
2.120278
2.529558
3.111260
3.387693
3.737285
4.320653
5.334498
5.547975
6.082135
5.859113
3.206814
1.390480
4.368095
2.439466
1.282640
2.466279
0.854128
0.045966
0.063776
0.055257
0.045757
0.042906
0.035712
0.006327
0.005844
0.000000
0.000000
0.000000
0.000000
0.000000
0.000000
0.000000
0.000000
0.000000
0.000000
0.000000
0.000000
0.000000
0.000000
0.000000
0.000000
0.000000
0.000000
0.000000
0.000000
0.000000
0.046558
0.051919
0.067641
0.129993
0.047342
0.046948
1.182033
2.900559
0.046888
0.000000
0.000000
0.150199
0.473465
0.923263
1.320245
1.920732
2.444515
2.816369
2.431041
1.512464
2.466032
5.078260
5.916229
6.499076
7.271464
6.677973
6.025585
6.817048
4.110471
1.713332
0.379556
0.068217
0.043801
0.106355
0.174000
0.089926
0.055854
0.027104
0.032396
0.257414
0.000000
0.000000
0.000000
0.000000
0.000000
0.000000
0.000000
0.000000
0.000000
0.000000
0.000000
0.000000
0.000000
0.000000
0.000000
0.001713
0.000000
0.000000
0.000000
0.000000
0.000000
0.047374
0.050880
0.069669
0.040406
0.035199
0.048408
0.123756
1.024727
0.053002
0.006403
0.006403
0.125318
0.409902
0.800988
1.192531
1.605685
1.488929
1.178354
0.179053
0.037593
0.078844
1.013605
2.457382
6.788558
7.641136
8.121624
8.205623
7.745136
3.270511
0.762691
0.278911
0.345625
0.303846
0.143849
0.100338
0.149080
0.050340
0.064944
0.392774
1.660372
0.038345
0.000000
0.000000
0.000000
0.000000
0.000000
0.000000
0.000000
0.000000
0.000000
0.000000
0.000000
0.000000
0.000290
0.065600
0.300652
0.014855
0.000016
0.000293
0.000000
0.000320
0.044725
0.049361
0.071879
0.045500
0.016969
0.047549
0.060652
0.817214
0.134167
0.009413
0.009413
0.085342
0.279347
0.556675
0.433531
0.103574
0.002325
0.000000
0.000000
0.000000
0.000000
0.239138
3.502562
3.536896
5.404243
6.868688
6.667036
7.392659
6.716035
2.239012
1.201558
0.178004
0.319585
0.534484
0.441397
0.290488
0.114972
0.898954
2.729775
1.543897
0.051460
0.000000
0.000000
0.000000
0.000000
0.000000
0.000000
0.000000
0.000000
0.000000
0.000000
0.000000
0.028022
0.049624
0.442579
1.865851
0.218118
0.114801
0.044058
0.000000
0.000000
0.001361
0.040138
0.236853
0.201048
0.054695
0.123392
0.212340
0.518627
0.396501
0.000000
0.000000
0.054861
0.166173
0.300291
0.303077
0.011267
0.000000
0.000000
0.000000
0.000000
0.000000
0.352132
1.578464
0.105942
1.852587
2.185528
2.373699
7.098456
5.875122
3.941787
2.618376
0.432160
0.658140
0.992191
0.915618
0.576074
0.294151
1.770839
3.298284
2.061989
0.242547
0.000000
0.000000
0.023685
0.026010
0.000120
0.000009
0.000000
0.000000
0.000000
0.000000
0.000000
0.031729
0.210256
0.788913
1.611644
1.040796
0.762464
0.082989
0.000000
0.000650
0.019294
0.041520
0.745150
0.520724
0.419150
0.820667
0.696745
0.675509
1.658218
0.013994
0.013994
0.037051
0.075706
0.056626
0.047631
0.004800
0.000000
0.000000
0.000000
0.000000
0.000000
0.015465
0.038673
0.038118
0.461353
0.067790
0.429250
5.952781
5.919198
6.872942
3.830631
0.723663
1.358135
1.775529
1.674483
1.174460
0.986432
3.484139
3.299965
1.073700
0.015464
0.003286
0.012426
0.048228
0.042216
0.000240
0.000013
0.000000
0.000594
0.001011
0.000056
0.002586
0.036822
0.321732
1.019387
1.505781
0.153794
0.299861
0.063455
0.017150
0.035582
0.036305
0.042831
0.782533
0.748724
1.825229
2.454849
2.605309
2.619232
4.363883
0.083437
0.083437
0.024532
0.038266
0.007757
0.000000
0.000000
0.000000
0.000000
0.000000
0.000000
0.000000
0.000000
0.000000
0.030637
0.000403
0.018631
0.341671
0.794784
3.775790
6.152783
5.304969
2.946339
3.365190
3.598810
3.441606
2.618616
3.264607
3.927585
3.308429
3.241397
1.671884
0.562027
0.842393
0.200348
0.029883
0.000000
0.000000
0.000000
0.006463
0.028041
0.005429
0.000068
0.065665
4.482994
6.393899
0.253536
0.230887
0.431345
0.576934
0.467837
0.424634
0.154900
0.086636
0.195117
0.773292
2.006253
3.513498
5.060635
6.274338
6.530223
0.000000
0.000000
0.000000
0.004763
0.000000
0.000000
0.000000
0.000000
0.000000
0.000000
0.000000
0.000000
0.000000
0.000000
0.000000
0.000000
0.021870
0.058560
0.409485
1.257421
4.627946
5.552158
5.010172
5.031917
4.944689
4.778200
4.390270
5.013110
4.293873
4.653141
5.661090
4.208791
4.052086
2.580062
0.104296
0.014294
0.000854
0.000040
0.000000
0.017590
0.077237
0.043534
0.024218
0.464525
9.022634
7.741878
0.862908
1.433104
2.491302
2.332349
0.953896
1.424237
1.089759
0.316650
0.616443
2.560838
3.658241
4.111192
5.734053
7.547480
8.561850
0.029821
0.029821
0.000000
0.000000
0.000000
0.000000
0.000000
0.000000
0.000000
0.000000
0.000000
0.000000
0.000000
0.000000
0.000000
0.000000
0.000774
0.032449
0.238878
1.429944
4.613504
6.070552
6.353020
6.572366
6.886895
6.535931
5.463993
6.157034
5.525194
6.015556
6.730798
7.148814
7.537293
6.694964
1.431111
1.436788
1.102104
0.037452
0.043635
0.222424
0.754566
0.745193
0.400461
2.641167
11.808622
12.840017
3.313453
4.410737
3.780214
3.264068
2.309567
2.304406
1.849907
1.093358
1.843710
3.593633
5.103860
5.857310
6.116420
7.189630
7.189630
0.084406
0.084406
0.000000
0.000000
0.000000
0.000000
0.000000
0.000000
0.000000
0.000000
0.000000
0.000000
0.000000
0.000000
0.000000
0.000000
0.000000
0.000000
0.038946
0.148640
1.646901
2.895463
3.579655
3.222349
6.394405
6.769822
7.217485
6.378797
5.864756
6.377036
7.540777
7.952806
8.187052
8.445255
8.593920
8.651701
3.714093
0.158894
1.109062
1.531062
4.695374
5.063444
2.820075
8.104485
17.080278
15.514786
11.753236
8.682137
4.869230
5.009800
4.450445
3.306507
4.940143
3.397988
3.868377
4.371129
5.305128
5.960490
6.522940
7.189630
7.189630
0.000000
0.000000
0.000000
0.000000
0.000000
0.000000
0.000000
0.000000
0.000000
0.000000
0.000000
0.000000
0.000000
0.000000
0.000000
0.000000
0.036886
0.129537
0.330219
0.353850
0.591579
1.306270
4.046260
6.049691
5.544767
4.017789
4.653823
5.755602
8.202338
7.709612
7.755764
8.670749
9.787669
10.683959
7.265498
1.669500
1.849081
4.160250
7.792136
7.438190
3.623631
10.348746
17.380259
16.629125
15.704734
11.128223
4.917124
4.104461
4.187460
3.338435
4.763014
3.541712
3.920705
4.292021
5.078334
5.774884
6.491615
7.036105
6.982268
0.000000
0.000000
0.000000
0.000000
0.000000
0.000000
0.000000
0.000000
0.000000
0.000000
0.000000
0.000000
0.000000
0.000000
0.000000
0.000031
0.032044
0.186669
0.704478
0.851460
1.095254
1.533580
2.520268
2.195438
1.456747
2.415052
3.437212
5.152477
8.060803
7.286545
7.265214
8.189564
10.368696
11.903257
8.220236
2.913270
2.158058
5.550973
7.982953
6.302024
4.311859
12.146173
17.283477
16.195555
13.306243
10.814639
3.775633
3.315139
4.006423
3.349435
4.594330
3.293938
4.049795
4.241151
4.877512
5.574171
6.376322
6.865561
7.026740
0.000000
0.000000
0.000000
0.000000
0.000000
0.000000
0.000000
0.000000
0.000000
0.000000
0.016245
0.047009
0.010884
0.454842
1.842078
1.764094
1.425928
1.719697
1.918670
2.440012
2.088328
2.944059
2.421673
3.409230
2.663475
3.837905
5.142341
5.678533
9.343735
8.686969
4.290934
2.065162
4.018934
6.342350
8.302934
6.576005
6.565826
15.432805
15.541128
12.702950
11.158270
9.374839
5.541778
4.932439
5.156496
4.399167
3.915990
3.434816
3.502107
3.449974
3.470943
3.577806
4.026835
6.382701
8.546120
0.000000
0.000000
0.000000
0.000000
0.000000
0.000000
0.000000
0.000000
0.000000
0.000000
0.009243
0.068975
0.767030
1.060851
2.278334
1.910035
1.900790
1.891423
1.723645
1.607077
1.729025
1.897986
1.804603
1.541968
1.402782
2.087120
1.860230
2.285137
7.310295
9.112059
7.438906
7.289212
6.864966
7.409930
8.973349
8.426930
7.190900
9.725740
10.931438
10.412631
9.496448
10.175523
6.856911
6.031220
6.074130
4.612487
3.985140
3.819078
3.355264
3.119285
2.926627
2.918324
3.138710
6.845690
9.321479
0.000000
0.000000
0.000025
0.133373
1.742332
2.230084
2.519172
2.187262
2.210713
2.297097
1.968618
1.424530
0.961188
0.892759
0.823414
0.696952
0.996253
0.603768
0.256250
0.285288
1.792727
7.953072
10.736397
11.577052
9.362265
8.822196
8.942456
9.114150
7.714095
7.737122
7.321059
5.751402
6.464051
9.225458
10.099423
7.923190
5.869633
5.546299
5.621603
4.346816
3.370731
3.176320
2.945912
2.900650
3.414402
6.845690
8.955064
0.005710
0.002285
0.021688
0.042081
0.960310
1.827004
1.359775
1.576901
1.820659
1.378401
0.650461
0.732756
0.072882
0.037764
0.037565
0.036718
0.042125
0.000267
0.000000
0.000000
0.000211
1.204334
8.069744
11.023004
9.672452
7.158075
6.657995
7.383850
8.285041
6.436682
5.731583
3.941299
4.303121
7.946775
8.395365
7.800760
7.238360
6.093860
5.785954
6.129872
4.066003
3.973960
3.759235
3.401360
3.480114
6.152610
8.808450
0.528107
0.733359
1.261422
1.430850
1.136429
1.247172
1.201788
0.269586
0.019090
0.041638
0.001997
0.000000
0.000000
0.000000
0.000025
0.000000
0.000000
0.000000
0.000489
0.061519
2.039147
6.691794
7.404289
6.967370
7.187932
7.145412
6.202176
4.977141
6.051419
5.770036
3.831997
4.368679
7.176283
6.744724
5.912580
5.554890
4.595153
4.157112
4.070223
4.055468
3.991468
3.937054
3.723159
6.152610
8.869856
0.984810
0.931648
1.288302
1.159119
0.945902
1.059628
0.548226
0.048151
0.000000
0.000000
0.000000
0.000000
0.000000
0.000000
0.000000
0.000000
0.000000
0.000000
0.000000
0.000060
0.055436
0.539012
4.583054
7.677172
7.483418
7.007266
4.960412
4.258552
6.049708
5.617418
3.142248
3.840375
5.498117
5.800914
4.776602
4.839320
4.409749
4.200220
4.240401
4.224082
4.231190
4.316190
4.206691
6.080052
8.915779
0.611559
0.309419
0.145075
0.024523
0.000000
0.000000
0.000000
0.000000
0.000000
0.000000
0.000000
0.000000
0.000000
0.000000
0.000000
0.004626
0.058503
0.408887
2.076178
4.077413
6.880829
6.720935
4.113334
3.461601
4.514935
4.918494
3.218618
2.499667
3.114641
3.202670
4.603790
5.197054
5.173502
5.113692
5.072915
5.091668
5.020049
4.835295
4.772017
5.789195
8.914449
0.512477
0.280567
0.053828
0.019588
0.000000
0.000000
0.000000
0.000000
0.000000
0.000000
0.000000
0.000000
0.000000
0.000000
0.000000
0.027589
0.117996
0.432563
2.662876
4.166404
4.124504
4.906627
4.703995
3.734500
3.788370
3.419242
2.921211
2.689821
2.854401
2.963196
4.603790
5.837720
6.019018
5.423242
5.142459
5.298991
5.623319
5.640750
4.881277
6.376024
8.460280
0.000000
0.000000
0.000000
0.000000
0.000000
0.000000
0.000000
0.000000
0.013629
0.035728
0.191569
1.109758
2.544539
4.281780
3.599540
3.716120
3.856380
3.509480
3.074128
2.500427
1.801790
2.354045
2.357517
2.517201
2.957707
3.870502
6.237158
7.102759
5.732360
5.887773
6.677904
6.912704
5.404171
6.433198
9.448980
0.000000
0.000000
0.000000
0.000000
0.000000
0.000000
0.000000
0.000000
0.013629
0.032690
0.203370
0.653182
3.036996
3.507395
3.333159
3.391420
3.146343
2.548112
1.499646
1.289694
1.324483
1.522201
2.049159
1.789657
2.108715
3.170588
4.862690
6.450334
6.256195
6.475600
7.675260
8.807632
6.142762
7.558877
9.953110
0.000000
0.000000
0.005111
0.034704
0.145078
0.605767
1.636283
2.552879
3.064297
3.156551
2.878492
2.016360
1.322376
1.558379
1.481685
1.501890
1.782233
2.128000
1.695949
2.128727
3.969054
6.093962
6.297179
6.497896
8.130319
9.925132
7.010864
8.116440
10.905479
0.000000
0.000000
0.000000
0.034950
0.233585
0.702814
1.377994
2.524077
2.834829
2.943982
1.706014
1.152191
1.134821
1.385716
1.749489
1.772909
1.731969
1.978711
2.245687
2.084129
3.218353
5.703702
6.192469
6.572047
8.387877
10.669300
7.387404
8.343440
11.517880
1.751306
2.149405
2.258158
2.283173
0.983151
0.514787
0.646597
0.752162
0.948337
1.257677
1.943059
1.881490
1.516943
1.922186
2.766827
4.618480
5.710319
6.441502
9.011402
11.873017
8.749876
9.174817
12.104000
16.055050
14.747530
1.727953
1.848876
1.881785
1.807696
1.258739
0.529276
0.500199
0.646678
0.786633
0.786531
1.069774
1.682657
1.969202
1.768208
2.013504
2.973898
4.626524
5.372649
8.763575
13.430495
9.601970
10.092895
13.442683
15.975570
16.244486
1.491652
1.429981
1.405939
1.116662
0.176168
0.292793
0.579179
0.715400
0.728354
0.886763
1.646075
2.297783
2.772539
3.082226
5.763511
7.000771
10.903556
15.239948
10.504322
10.851867
13.197000
14.913925
15.965775
1.161988
1.164736
1.163184
0.886823
0.082794
0.122688
0.281802
0.579980
0.732792
0.753902
1.025316
1.745392
3.271370
4.328610
12.306989
15.371625
18.218956
16.977875
11.960998
12.089166
13.642900
17.849550
18.907600
0.723616
0.708828
0.186534
0.053805
0.085059
0.189637
0.531244
0.783720
1.013912
1.289578
2.508342
3.519675
9.923161
14.814227
21.509373
20.234830
14.039300
15.060917
15.034338
18.472300
19.622991
19.792691
21.273039
0.452575
0.235647
0.144126
0.053696
0.054278
0.058753
0.108195
0.195520
0.495805
0.854427
1.346208
2.357842
6.596857
9.984817
18.025367
21.060122
13.998747
15.278097
18.295825
24.387466
27.095178
28.698778
34.211056
0.323431
0.514319
1.054463
1.829625
2.445695
3.014493
5.894220
7.541767
10.774646
12.499862
14.597406
17.953491
20.907219
30.002164
34.736206
38.844478
59.063534
