0.109129
0.083934
0.064455
0.001293
0.000000
0.000000
0.000000
0.000000
0.000000
0.427057
0.489400
0.412688
0.117569
0.101229
0.000371
0.000000
0.000000
0.000000
0.000000
0.000000
0.000000
0.000000
0.000000
0.000000
0.000000
0.000000
0.612163
0.709140
0.511829
0.134448
0.002526
0.000000
0.000000
0.000000
0.000000
0.000000
0.000000
0.000000
0.000000
0.000000
0.000000
0.000000
0.000000
0.464307
0.604193
0.778683
0.957892
0.258060
0.104341
0.003126
0.000000
0.000000
0.000000
0.000000
0.000000
0.000000
0.000000
0.000000
0.000000
0.000000
0.000000
0.000000
0.000000
0.000000
0.000000
0.000000
0.561810
0.743088
0.906431
0.756120
0.411618
0.119054
0.065229
0.008378
0.000000
0.000000
0.000000
0.000000
0.000000
0.000000
0.000000
0.000000
0.000000
0.000000
0.000000
0.000000
0.000000
0.000000
0.000000
0.115018
0.349261
0.598416
0.829178
0.461636
0.408995
0.251563
0.119575
0.104149
0.025877
0.000115
0.000049
0.000000
0.000300
0.002179
0.004476
0.000000
0.000000
0.000000
0.000000
0.000000
0.000000
0.000000
0.000000
0.000000
0.000000
0.000000
0.143027
0.412695
0.566520
0.532192
0.304636
0.486641
0.231469
0.103312
0.131202
0.116001
0.116610
0.120677
0.074652
0.024695
0.043759
0.050031
0.009331
0.000380
0.000000
0.000000
0.000000
0.000000
0.000000
0.000000
0.000000
0.000000
0.000000
0.000000
0.000000
0.190700
0.572088
0.677951
0.418785
0.110157
0.167370
0.234396
0.120647
0.103218
0.109924
0.156741
0.359533
0.106994
0.103631
0.137838
0.114294
0.075626
0.003190
0.000000
0.000000
0.000000
0.000000
0.000000
0.000000
0.000000
0.000000
0.000000
0.000000
0.000000
0.068382
0.068382
0.237399
0.705537
0.370588
0.219955
0.107807
0.102320
0.105649
0.128678
0.114525
0.218450
0.123816
0.147222
0.111249
0.110576
0.133937
0.184525
0.101897
0.101712
0.002855
0.000000
0.000000
0.000000
0.000000
0.000000
0.000000
0.000000
0.000000
0.000000
0.000000
0.427380
0.427380
0.129621
0.177876
0.212342
0.128087
0.102432
0.115282
0.155066
0.213425
0.187734
0.346032
0.741534
0.438386
0.162101
0.189561
0.176370
0.120269
0.102263
0.101847
0.028083
0.000000
0.000000
0.000000
0.000000
0.000000
0.000000
0.000000
0.000000
0.003624
0.004142
0.013859
0.030054
0.000000
0.000000
0.133296
0.154099
0.157186
0.167531
0.170574
0.298263
0.348895
0.333848
0.439175
0.564699
0.631297
0.734272
0.713998
0.489941
0.444207
0.242835
0.112037
0.115163
0.017991
0.000605
0.002715
0.000000
0.000000
0.000000
0.000000
0.000000
0.000000
0.003624
0.010938
0.023229
0.047152
0.059512
0.059512
0.150854
0.161686
0.353979
0.351101
0.452605
0.610422
0.553651
0.416414
0.419586
0.559071
0.780831
0.931721
1.152562
1.119877
0.809520
0.386539
0.770359
1.052076
0.217048
0.185393
0.104579
0.000037
0.000000
0.000000
0.000000
0.000000
0.000000
0.011678
0.023015
0.110767
0.395119
0.551941
0.426078
0.049879
0.049879
0.379522
0.669998
0.829653
0.881614
1.224688
1.283825
0.868708
0.539926
0.195976
0.424661
1.126088
1.245545
1.559399
1.878217
1.824887
2.859224
3.594777
0.983577
1.535021
0.922865
0.560588
0.101005
0.000596
0.000000
0.000000
0.004174
0.006270
0.071461
0.132051
1.188006
2.861544
2.945125
3.495966
0.000000
0.000000
0.649046
1.642251
1.780563
2.557366
3.229433
2.480934
1.570669
0.761907
0.587540
0.906450
2.027844
1.742033
2.018538
2.723647
4.318295
6.825866
2.071851
2.302938
2.746031
2.312805
1.651301
0.546878
0.041679
0.000051
0.000000
0.052988
0.086626
0.144369
0.556193
1.929174
4.065565
2.881361
2.810792
1.998785
1.067992
1.033569
0.658971
0.067011
0.067011
0.858331
2.781557
4.616254
6.821550
7.150526
5.718013
4.321077
3.451575
2.653696
4.063514
4.490611
2.942399
2.221679
4.340516
10.947524
10.655605
3.477169
4.108279
4.677658
4.164595
2.825678
1.387444
0.108811
0.046069
0.118567
0.128356
0.267301
0.500915
1.243785
1.707891
2.602983
2.662538
2.521241
4.120544
5.189749
6.306683
2.997734
0.443155
0.443155
2.578535
5.386108
8.376472
10.594073
11.881625
11.917331
11.892663
12.060553
12.098317
11.909253
11.461380
9.319331
5.617064
10.079327
14.354223
10.057394
7.464525
7.432280
8.062479
6.882742
3.888798
2.527891
0.687805
0.792467
0.502188
0.433976
0.808148
1.453828
5.082302
3.985124
3.436642
3.820992
12.761132
19.123177
16.302600
10.128704
6.311115
7.222014
6.489047
0.000000
0.000000
2.366091
6.221773
9.044123
10.933404
12.946148
13.634520
15.291448
15.815300
14.797747
14.565909
14.944109
16.474725
17.141642
15.525247
12.156327
10.573010
9.753180
9.579042
10.352670
9.471510
4.627824
2.191257
1.698552
6.384216
1.971199
0.687510
1.882114
5.105699
11.505799
6.702442
5.399145
11.201427
24.184180
23.236803
19.574209
18.324784
18.504144
18.315700
14.988575
0.504396
0.504396
2.140764
6.044660
9.286054
11.091580
13.584689
14.424186
15.964084
16.583225
16.105442
16.144050
17.149447
18.201847
17.487575
15.713975
12.296116
11.539475
11.683186
12.223420
12.108475
11.027172
6.596399
4.431755
8.380569
11.501740
3.651935
1.564649
5.703905
13.967078
16.866370
12.443239
21.520873
23.929377
27.851386
22.019444
20.956077
21.272262
25.022495
25.009839
18.581473
18.232388
21.715700
16.562838
19.305839
11.810906
6.120577
4.796875
2.998640
3.373398
4.947793
8.645417
17.270825
26.581525
35.295472
36.834850
38.394758
40.781537
41.422642
39.542653
41.739687
0.624590
0.624590
2.096120
5.971908
9.273337
11.054684
13.497920
14.199714
15.301988
16.126455
17.285794
17.381428
17.488689
18.594417
20.044116
19.862331
18.540938
17.087484
20.783113
19.626019
16.174180
15.174095
14.531324
12.914866
10.696586
6.890179
7.062509
7.715963
9.647528
19.228964
17.644430
11.506343
10.323217
9.234004
6.582144
6.174927
10.996549
12.155737
20.648985
21.816842
22.443920
23.357288
28.433066
20.446108
19.817438
25.747991
13.547683
9.997935
7.110170
5.699115
8.392938
15.505934
24.853703
28.332030
33.918780
34.102905
32.451711
30.522500
30.987973
34.256477
30.717500
0.000000
0.000000
2.058892
5.886833
9.147880
10.851347
12.899037
13.812450
15.195675
15.890850
16.007625
15.001473
17.363183
19.085661
21.510420
22.601122
22.737145
22.615786
23.510461
20.178553
14.273378
10.756612
9.997767
10.001340
9.362510
8.265846
8.871430
9.635680
10.532000
15.981850
14.174516
3.697777
4.431214
4.933353
5.732572
6.380226
6.922226
9.553785
13.552584
16.049269
22.044730
26.617800
28.659798
20.902819
31.535000
33.451075
24.188263
18.562998
9.297895
7.255255
9.638613
18.844048
29.359383
32.176498
31.505639
27.220964
17.114441
19.899300
32.719675
43.299745
29.445719
0.948885
0.948885
1.995410
5.725463
8.788510
10.224289
12.002617
12.536810
11.493867
8.731685
7.797979
7.835765
12.488480
18.427403
21.109333
22.049433
22.958508
23.588330
23.225266
20.524803
15.921083
11.401272
10.100218
9.743504
8.905388
9.567107
11.731800
12.236400
13.967175
18.586937
17.235628
7.947117
9.554687
10.082205
10.149900
10.372000
10.950300
12.129198
13.277413
13.454936
17.074741
23.155217
20.833800
28.946027
39.396411
40.373908
35.301363
29.646731
14.602069
9.706539
8.234635
11.869767
21.358733
25.956580
21.395998
12.363918
13.617411
20.575927
33.113114
46.765041
31.132034
0.652600
0.652600
1.820510
5.272890
8.338620
8.799363
6.880258
3.701303
1.263724
0.095599
0.102963
0.617987
8.582244
17.056808
16.681772
18.983408
20.239589
21.462570
22.371459
21.787931
18.244436
16.396261
12.249650
11.314041
11.630100
13.129600
13.129600
14.713200
17.518500
21.449000
18.232348
14.590650
12.130450
10.719700
14.282300
14.282300
13.165523
14.558570
13.258750
13.045000
16.430012
22.071700
23.319600
44.435886
48.248800
52.918872
49.244047
32.272236
22.074069
16.084644
14.441002
15.889586
15.861420
14.884016
22.758709
16.005748
17.533159
22.508600
23.856470
31.416409
30.970055
0.000000
0.000000
1.515452
4.352100
7.297504
8.352534
4.773991
0.683017
0.041188
0.013326
0.094391
0.104570
4.917066
11.770092
10.822895
14.881902
16.861422
18.193773
21.093702
19.412100
17.992337
16.969747
13.968752
12.630978
12.204256
13.205787
13.986850
16.383325
20.264187
20.417313
16.341836
13.458064
12.270981
11.498825
14.863050
14.422237
13.329545
13.708419
13.133727
13.116156
17.041473
23.386012
23.320287
44.738408
50.262902
53.690170
49.653261
38.913716
26.378987
19.448262
17.192231
21.647125
17.412412
17.104531
21.655094
23.202625
27.761330
31.561808
32.271981
32.581387
35.058009
0.201206
0.201206
1.189239
3.054307
3.082499
4.490241
3.703132
1.009671
0.000000
0.000000
0.001441
0.046922
2.897603
3.633341
7.369314
13.333057
14.983603
16.960967
20.161183
18.949528
19.122277
17.017858
14.486692
13.580578
13.007602
13.761313
14.980038
18.110167
22.673659
19.932208
14.573330
13.519155
13.426450
13.086075
15.395513
14.760550
13.734763
13.572734
13.334983
13.424498
17.642589
24.338925
23.262637
43.956516
52.441700
54.400991
44.885031
27.323991
20.934073
18.546153
17.672000
24.424700
18.709900
18.031020
20.765166
23.987025
31.132009
35.457352
34.602812
34.019450
38.290738
1.164320
1.164320
0.770860
1.952722
0.419988
0.013420
0.146044
0.419427
0.001804
0.000000
0.000000
0.000000
0.073679
0.215352
1.765765
3.581220
14.140478
17.247856
17.570308
18.041684
19.408588
18.651920
15.978952
15.842559
16.679097
17.779238
19.101202
23.592708
23.063916
20.642670
20.123741
20.641153
21.543017
21.539588
17.169950
16.617456
16.450250
16.320400
15.267381
15.445044
19.620253
25.674925
22.856200
40.234080
53.946077
50.846145
34.956780
21.819470
21.237117
21.735063
21.894567
24.544550
22.683050
22.069358
23.649920
23.829414
26.227523
30.409313
34.077937
38.272288
43.768658
0.000000
0.000000
0.460741
0.935439
0.174325
0.013736
0.091966
0.123024
0.000056
0.000000
0.000000
0.000000
0.022943
0.103497
2.042734
6.570676
12.643784
13.592294
17.450641
19.235155
21.266300
20.238897
18.697850
18.893406
20.167361
20.923900
22.792356
25.341558
22.962161
25.535248
24.673500
24.949413
26.557083
26.042716
20.128259
17.420275
18.225597
16.879384
15.256925
16.572088
21.986187
26.975000
22.856200
44.982986
53.973703
50.568522
29.661323
25.161161
25.374255
25.306200
22.422400
22.071100
28.219700
23.853100
27.285337
27.686344
28.754688
32.354000
33.485300
39.918600
48.141700
0.945548
0.945548
0.191851
0.241364
0.089659
0.031644
0.000130
0.001583
0.000000
0.000000
0.000000
0.000000
0.000000
0.009894
1.519321
4.396073
6.373977
10.057444
16.032700
21.558953
26.019792
25.513158
24.052697
24.574942
25.548659
24.464522
24.393355
27.811881
28.079000
30.608362
31.412625
32.845316
34.490206
33.241408
28.254920
28.321006
24.448711
19.416113
21.271675
21.629100
26.186137
33.962642
31.292636
45.338464
55.289497
52.422330
35.675313
29.095100
24.700528
24.285200
23.478700
23.478700
23.207700
23.207700
25.347775
25.620987
28.296763
32.846700
31.375800
40.723594
40.641500
0.981072
0.981072
0.097453
0.065336
0.000000
0.000000
0.000000
0.000000
0.000000
0.000000
0.000000
0.000000
0.000000
0.000000
0.004611
0.050570
2.016618
6.889362
12.801569
16.441500
21.515583
22.011369
20.498750
22.074113
25.615319
26.713095
27.679561
26.802600
27.540667
31.014433
34.138964
34.967075
36.423863
37.180800
38.527098
39.489800
32.751812
23.859803
21.921616
24.539900
32.053275
37.568511
32.781100
37.160063
47.744197
46.220055
36.374998
28.026998
21.231091
21.537700
23.952900
23.478700
24.822600
23.819041
25.787962
25.958787
29.229863
35.097800
32.951600
42.214295
45.063761
0.091255
0.024035
0.000000
0.000000
0.000000
0.000000
0.000000
0.000000
0.000000
0.000000
0.000000
0.000000
0.001729
0.042109
1.508620
3.330657
8.082925
13.772438
17.171275
17.187222
18.330784
19.596269
24.172598
29.812202
31.506745
26.149975
25.298756
29.300970
33.827602
34.010403
35.946316
38.134737
43.287356
44.557237
38.864562
30.343934
26.033992
27.864580
32.535627
34.600259
29.315131
35.349275
41.572009
39.025514
34.204327
30.652917
22.860302
21.734700
23.600900
23.423075
26.630225
26.492511
26.695080
26.727295
30.098339
35.872800
34.572537
45.717506
47.560045
0.056215
0.000205
0.000000
0.000000
0.000000
0.000000
0.000000
0.000000
0.000000
0.000000
0.000000
0.000000
0.000000
0.024516
0.317056
0.869186
6.278143
12.003713
15.024013
15.149105
17.116759
18.129583
23.117042
30.128022
32.405489
25.458550
23.602250
28.092444
32.942584
33.126706
35.386183
38.176300
45.962808
48.032316
42.238764
34.292977
28.475356
29.832927
32.561683
32.015925
26.259075
34.658342
37.673375
35.169234
32.677198
30.447237
22.710552
22.129325
23.389700
23.389700
27.736238
27.613530
27.239350
27.188400
30.687408
36.519088
35.414050
48.430353
48.961288
0.000000
0.000000
0.000000
0.000000
0.000000
0.000000
0.003167
0.000000
0.000000
0.000269
3.651279
10.287726
10.428685
14.050097
17.036930
16.806972
17.393142
18.317342
21.416667
24.007175
25.779575
23.062775
21.201262
25.970647
28.694445
30.158500
32.713352
33.665097
44.640936
44.517822
37.197600
33.174820
28.883466
29.816977
30.667544
28.017200
24.384937
33.247072
32.644725
31.931655
30.191722
29.575400
25.891198
24.981863
23.934750
23.934750
27.920163
27.697902
27.685170
27.687888
31.518372
37.902513
35.022538
49.135738
51.780650
0.000000
0.000000
0.000000
0.000000
0.000000
0.000555
0.188355
0.108338
0.000035
0.029074
4.127161
12.260791
15.666869
16.569028
18.789427
18.462655
18.560777
18.686405
19.994125
21.322500
21.950400
20.985000
20.258100
21.118105
23.765217
24.904433
26.916436
27.920453
40.724414
44.212256
35.790520
35.502523
31.889725
31.092108
30.312950
28.675200
24.252200
28.714200
29.849100
28.764067
26.733708
27.967744
30.006128
31.404800
27.750100
27.750100
28.157200
28.157200
30.805912
31.184300
34.003963
38.703400
38.703400
52.496700
54.195017
0.055170
0.177879
4.403087
11.792021
16.311477
17.136100
18.282500
18.667238
18.825091
18.953788
19.332575
19.591700
19.218300
17.571800
17.099000
17.787625
18.964930
18.879469
21.127573
22.847186
32.021884
39.659327
39.373825
37.326850
33.339745
30.993075
29.568525
29.679900
26.572141
25.543500
25.543500
21.025612
23.450684
25.267720
27.502953
28.896000
27.750100
27.750100
28.157200
28.157200
30.805912
31.184300
34.003963
38.703400
38.703400
52.496700
56.306500
5.467718
7.245286
10.296837
12.604433
16.255955
17.311625
17.499400
18.285150
18.712542
18.100953
16.007258
14.675215
13.342530
12.095192
11.343490
11.355064
10.156682
8.946415
9.759559
10.545206
17.591581
24.534938
30.392716
34.583069
33.139086
28.272570
25.131136
25.989800
26.925714
22.623948
20.344600
19.510025
21.320809
24.328994
26.554814
28.456191
32.899000
33.919800
34.962500
34.962500
37.922100
38.344900
40.773063
44.820000
44.820000
54.540500
62.571000
14.320083
14.911687
16.755555
16.764055
16.978884
17.659306
16.884116
15.671813
10.090355
4.826163
4.412678
3.575805
2.484986
2.485497
1.873524
1.806630
2.492534
3.231879
8.374648
15.186949
24.081759
29.032784
30.160508
27.352102
24.266980
24.175714
22.355114
19.381663
20.011545
20.342337
21.555958
23.283236
25.140791
26.438631
32.899000
33.995362
34.962500
34.962500
38.312186
38.623533
41.114711
45.731062
45.788062
57.446375
66.079437
14.977094
15.530227
16.526456
16.292087
16.395500
16.915108
15.629019
13.636687
5.752351
0.817325
0.820208
1.004014
1.126211
1.212695
1.447259
1.630373
2.065029
2.649775
6.267231
8.764797
15.525812
23.815956
27.192664
25.948627
23.488000
22.917784
19.697497
17.776919
19.150566
20.394302
21.326156
24.458420
23.706047
24.582000
32.332000
34.051013
35.191588
35.417064
39.075713
39.359723
42.014661
47.089700
49.858872
59.970738
69.551888
15.148802
14.786264
13.298669
8.915992
2.869331
1.968356
2.581850
3.069567
3.598661
3.017113
4.400432
2.090300
3.221706
4.390679
6.245182
8.646804
14.350600
18.835019
20.279480
20.356308
20.431152
20.695800
17.592736
15.414262
15.825987
17.664800
18.844083
19.121373
21.281052
21.603450
28.363000
35.267631
36.979575
38.977364
42.832795
43.351013
46.976297
52.995625
56.585608
68.045456
80.327272
14.887564
13.514442
10.986788
5.898184
1.610061
0.753684
0.780348
0.676696
2.111670
5.715387
8.315558
4.242813
3.223246
5.604288
8.413918
12.984100
14.350600
14.685069
15.286023
16.070941
17.272762
17.680200
17.490700
14.844200
14.114400
17.908313
22.311314
22.116133
21.263425
21.103300
28.363000
42.376955
38.372856
41.625825
43.188100
43.408500
47.654663
54.549100
58.875400
72.979270
84.382233
0.000422
0.055250
0.122327
0.947045
3.597354
5.696380
5.538633
9.993435
13.300700
14.576100
14.097300
13.591463
13.236291
13.068175
14.709375
14.849500
14.971900
14.117800
12.785200
15.747600
19.635723
23.926278
23.120747
23.537200
27.163400
33.987089
42.622045
57.970286
51.094263
49.858050
54.476975
61.990563
62.904605
80.074400
89.042900
0.000000
0.035455
0.106445
0.109158
0.734758
2.710389
4.738478
5.275840
11.686180
14.613300
13.102400
13.368575
14.079913
12.547250
13.830987
14.551800
14.551800
14.791700
12.518195
13.096325
15.073219
17.011612
20.682912
19.882600
23.166600
29.368503
38.416000
51.019762
50.198669
51.035063
60.273563
72.324500
70.453344
81.552647
97.795900
3.594136
3.504954
9.642505
12.675675
15.171150
14.705770
13.787464
12.413516
13.168753
13.736987
13.144675
12.954075
11.519180
12.905013
14.086039
15.408544
17.899850
18.811912
21.800662
24.148314
35.805555
48.490734
53.499200
54.809086
64.893008
78.473750
79.110708
87.788338
108.509088
3.856251
5.802157
8.542644
11.684641
16.735394
15.662334
13.849323
12.899025
12.711036
13.200877
12.145048
11.555771
10.715024
12.539273
15.322019
15.606698
17.137252
18.115338
21.062712
21.769400
32.815322
46.383564
54.664283
57.328047
67.857155
82.450225
80.911237
92.412873
117.144562
15.477503
14.073511
11.854859
12.545897
10.394398
8.842598
9.275576
10.067692
11.534233
13.313116
17.812567
17.170200
21.007275
22.772988
28.664575
39.443438
49.798975
54.175339
69.074611
85.289219
88.101928
100.865047
134.777000
173.295891
185.664937
14.401306
12.226184
10.468267
11.200581
10.868588
10.702510
10.714541
11.327961
12.217452
11.261742
12.005927
13.208200
16.620200
17.033600
23.889000
28.447925
37.966314
44.334400
67.432683
92.990006
91.201495
110.974500
153.385859
196.413000
223.092031
9.303881
9.745350
10.704700
10.697947
9.530170
11.435159
14.482625
14.513787
12.964344
13.118000
16.620200
18.440800
24.030500
26.483650
40.180125
48.078225
73.065600
100.121200
95.392691
115.628266
155.994000
204.469000
254.402000
9.797292
9.818580
9.818580
9.481000
9.481000
10.259225
13.677681
18.537691
17.364905
16.933600
18.804800
21.971200
30.345300
32.065900
50.760550
59.736075
80.885950
102.217080
101.203789
122.188750
171.583000
248.074625
323.414250
9.994343
9.615888
9.492875
8.415291
8.748430
11.349145
15.329920
16.273787
18.804800
20.595887
29.304237
30.510830
49.995292
64.825848
89.187145
94.965556
119.652969
139.641609
182.433000
269.931578
430.355031
567.913531
646.769203
16.415925
17.887808
17.814000
12.541114
10.775904
12.368641
17.518494
20.175463
24.021238
25.514075
31.258913
31.595733
51.865341
63.026798
81.799667
83.047425
112.338203
137.042578
212.609875
362.486219
610.601516
649.052063
648.867266
22.567647
23.125769
27.151100
29.029412
32.806500
33.614245
53.591536
60.346486
70.765358
77.686595
100.996536
143.983656
242.831797
454.804781
647.593422
649.390453
647.514672
