4.404151
3.184295
2.432417
1.992340
2.146325
2.425546
1.189163
0.812975
1.434650
10.108566
10.694195
9.785937
5.870008
3.192360
5.541624
8.888900
8.805259
5.906810
4.315012
2.891862
2.191258
1.272528
0.763832
0.170497
0.021581
0.000113
14.368562
14.121187
12.192170
8.438982
5.798210
7.439399
8.807290
9.170426
8.980355
7.296540
5.608419
4.094945
1.568780
1.461206
0.179772
0.053957
0.003643
12.679050
14.870695
16.058820
15.880867
11.334167
6.892272
7.598382
7.988204
8.422316
9.211993
9.572440
8.943161
7.647019
6.390303
3.485876
2.988400
0.775051
0.141315
0.006739
0.000000
0.000000
0.000000
0.000000
15.132775
17.587478
17.077561
15.529272
11.628231
10.322018
7.877620
8.043686
8.392456
11.505460
11.859835
11.197572
9.450590
8.764690
6.660277
5.255817
2.157047
0.230248
0.018602
0.009750
0.006094
0.000000
0.000000
3.942661
10.734832
16.137262
18.608809
17.296894
16.317223
14.584314
13.565316
13.556052
9.577129
9.299977
12.773446
13.347714
12.441727
10.493482
9.806474
9.333834
7.472743
3.097053
0.273380
0.031647
0.022124
0.016839
0.009266
0.012641
0.068926
0.062207
4.531858
11.901583
17.176562
19.229006
18.828534
18.690934
18.046703
17.079937
17.124437
15.858619
16.333816
15.100569
15.700223
15.610944
14.639827
13.926975
12.932787
13.609786
8.147082
3.305383
0.749891
0.522767
0.294701
0.266070
0.489140
0.290459
0.214118
0.000000
0.000000
5.281442
13.267978
18.754800
20.260587
20.835675
20.911400
20.709462
19.636736
19.158200
19.803600
20.734300
20.821012
20.833400
20.179100
19.088600
19.088600
16.495000
16.357100
15.036298
11.394087
9.577331
7.814635
3.358705
1.479956
0.803959
0.600712
1.218789
1.481700
0.548302
1.203840
1.203840
7.002570
16.050200
19.636600
19.595125
20.724862
20.887100
20.978591
21.126022
20.015906
20.020014
21.751600
20.948175
20.833400
20.179100
19.088600
19.088600
18.504500
17.963300
17.253300
15.868875
11.906227
8.129750
3.441115
1.817388
2.384745
3.071675
3.658920
1.943653
2.094943
2.193145
2.193145
6.445036
12.609436
15.729400
17.907362
20.007000
20.262500
21.365975
23.205100
23.205100
25.112000
25.112000
23.957088
23.792100
23.942475
24.193100
24.193100
24.805800
24.805800
22.313800
22.259200
14.746788
12.341123
10.620396
10.873488
14.539075
10.799455
7.267420
7.154117
11.051571
20.822020
15.439041
0.000000
0.000000
4.673793
10.284093
14.030400
16.787394
19.877344
20.262500
21.385827
23.258037
23.555975
25.112000
25.570812
24.014439
23.792100
24.576694
25.942428
26.039225
26.756050
28.104300
25.776003
24.466645
22.838850
24.151862
27.162106
28.378355
30.197178
24.216467
23.647395
20.607156
19.493514
22.771036
21.993941
2.278735
2.278735
3.422393
7.695981
13.258637
16.370411
20.242566
20.732225
21.847841
23.707200
24.124312
25.764850
26.407187
24.906366
24.691962
25.734842
27.622089
27.870612
28.775175
30.201700
29.023089
26.127244
27.283556
28.836758
32.798809
35.648387
36.068725
30.429262
32.033763
25.629025
23.903495
23.962444
26.139673
27.330833
23.576633
2.026325
2.026325
4.163875
8.484687
15.576675
18.608036
23.537231
24.151553
25.051445
26.629000
26.629000
30.334800
30.334800
30.908975
31.220764
31.514528
32.428286
34.973156
35.518553
31.029800
28.332900
28.332900
29.336175
29.542598
34.291964
42.032300
43.542887
37.957930
30.285488
31.878042
32.128853
32.776972
33.892777
33.915362
33.667839
0.000000
0.000000
7.280630
12.779079
19.668700
21.776487
24.892125
25.070325
25.421625
26.629000
26.629000
30.334800
30.334800
30.908975
32.839011
34.205884
35.198525
37.534117
34.813030
31.029800
28.332900
28.332900
29.336175
29.984288
35.028113
42.032300
48.360200
36.797106
30.093600
36.851312
37.897348
38.300475
38.988264
39.273600
35.304145
30.311800
28.782500
25.734175
33.658275
1.676015
1.676015
10.282103
18.229197
24.851300
26.111475
30.274850
30.843900
32.670150
35.713900
35.713900
40.401300
40.401300
42.049450
42.284900
43.006138
44.208200
44.208200
44.208200
44.208200
36.418000
36.418000
36.006225
35.947400
36.236113
36.717300
43.672667
40.833886
35.425705
50.287037
52.795637
50.485892
44.464103
39.546961
42.595800
42.595800
39.803400
39.803400
36.007737
2.107530
2.107530
13.753775
20.631200
24.851300
27.437100
30.464225
31.105275
33.105775
35.713900
35.759236
40.401300
40.813155
42.939356
43.135025
43.498552
44.208200
44.208200
44.208200
44.208200
38.984898
38.335858
36.217461
36.378984
39.110211
43.598041
48.568816
46.076328
38.342800
52.706981
57.967959
54.872287
44.519503
39.295300
48.007500
45.906473
43.116500
40.217538
36.007737
35.728750
42.577112
0.000000
0.000000
14.107209
21.425887
27.038050
28.216741
33.111952
33.885228
35.969408
39.170775
39.306783
44.314550
44.803433
50.297325
51.327456
51.302809
51.443762
51.443762
50.626075
50.626075
44.780077
44.973670
40.991045
41.072802
43.537766
47.685364
49.904014
46.546664
43.604912
57.487878
61.527284
57.019017
47.623292
44.704050
53.774469
51.218070
50.217875
47.216483
44.088972
43.388859
49.566933
2.522385
2.522385
13.844928
21.895750
28.350100
28.742920
34.708930
35.553200
37.818400
41.244900
41.244900
46.662500
47.023950
53.635384
54.925566
55.558244
56.504577
56.461538
55.565938
55.379088
49.390216
47.996286
45.686431
46.179956
47.782345
51.299863
50.277978
48.106870
46.837570
60.430739
63.686953
60.127481
51.516625
51.056464
56.812430
52.788194
54.875125
51.902003
50.408002
50.801467
55.244262
65.224200
65.953200
66.392388
72.165502
72.178161
73.770300
72.401998
65.885442
64.329200
63.489116
64.079850
77.368000
82.092902
88.998817
90.129358
91.421169
95.384027
96.701217
96.340528
85.321298
2.229345
2.229345
12.638194
21.909150
28.481050
29.480508
34.944206
35.759570
37.790061
41.020787
41.171325
46.644475
50.396963
55.958670
59.368006
61.274147
63.305986
62.439105
65.976878
65.720908
54.755555
51.458620
51.764858
54.109928
52.930595
51.296170
50.896800
51.646425
50.733000
61.254437
64.712687
61.691916
52.249945
46.446875
50.604663
50.604663
56.514413
55.301433
61.795978
62.928305
64.333602
66.457053
72.027098
76.341464
79.042009
78.962253
71.200134
68.185263
64.442692
64.060387
59.129050
61.078888
77.550575
79.556972
83.560655
83.211297
83.723589
84.692058
92.560084
90.920359
81.014788
0.000000
0.000000
10.954716
22.343500
29.397700
31.782250
36.203086
37.204163
38.507375
39.452000
40.656300
46.518300
56.297000
63.414687
65.991275
68.006638
71.167070
72.095458
70.629100
66.274400
58.100577
55.254600
51.484213
52.155502
53.353311
52.294839
50.789000
52.382300
53.558200
64.061875
65.636600
61.007250
52.501387
51.213700
64.800400
64.800400
64.800400
64.800400
69.467650
70.134400
71.149600
72.841600
77.344145
77.231942
85.727170
89.486639
77.920053
72.835887
65.237137
62.178700
61.074000
77.048989
78.828600
77.305313
75.353658
72.515100
77.637713
89.015400
98.269700
109.652750
101.090000
2.282225
2.282225
10.044016
20.694000
29.397700
29.491850
33.488508
33.782900
34.868041
36.298900
36.298900
41.202800
53.319469
63.168031
67.447597
69.343225
72.272862
73.028300
71.137200
66.294831
58.214287
55.374444
53.055713
54.837261
54.754400
53.112900
51.904200
53.294100
55.825850
68.665989
66.670244
63.109875
56.486903
53.604109
64.800400
64.800400
64.981020
68.248912
72.458061
72.193750
72.911395
75.190169
70.421533
80.513178
93.166300
94.722925
88.996908
82.143505
72.511630
67.778200
61.074000
68.358787
81.827105
79.039100
70.787330
67.784200
73.037425
92.474697
109.393219
111.331062
113.092469
2.612080
2.612080
10.381142
19.490500
23.203900
24.459787
23.826763
24.176413
24.048064
21.954673
25.440600
33.158200
52.776783
59.687203
62.417047
65.999433
67.789312
71.683670
71.206800
68.698400
63.533695
63.318337
58.804625
58.164200
57.874287
57.391100
57.391100
68.250700
68.250700
76.862023
75.422045
73.367575
70.329109
69.323000
69.418800
75.169400
82.021600
82.334412
77.083075
75.666875
75.063100
75.889100
75.889100
106.050891
103.316000
102.425797
97.598500
88.565064
85.457528
82.225592
75.817192
82.704400
81.495620
82.010537
89.620216
89.808194
94.428828
104.433297
104.796047
111.684391
111.129516
0.000000
0.000000
10.884781
19.388094
21.824963
23.370694
21.509177
20.422030
18.511423
18.367947
21.646850
33.158200
46.524238
50.851841
55.761956
60.465886
66.418953
70.587030
71.970987
68.746275
65.302273
63.625712
58.816961
58.164200
58.197983
58.254287
58.594225
69.890450
75.021075
78.611244
75.758145
74.769672
72.472062
70.272312
75.123112
77.558025
82.904037
83.306155
76.244184
74.979766
76.033108
78.475787
79.079912
107.669922
105.530922
103.014781
97.246089
90.859694
85.421972
84.252164
79.185956
87.565400
85.526011
87.751677
97.065248
101.303403
106.351453
115.041641
112.453641
111.517906
114.671547
2.428795
2.428795
10.673917
18.603345
19.968300
21.718197
20.113197
17.846591
11.165659
11.045547
19.111352
32.554220
41.032795
44.561659
50.368272
55.783700
64.711730
70.682248
72.176562
69.065613
67.302836
64.447689
59.735106
59.112313
59.260269
59.506863
61.204845
72.083181
81.411658
79.838506
76.553516
75.968966
74.999300
73.095519
79.510563
80.690328
84.113425
84.794066
76.678397
75.505125
77.373328
80.487000
81.332775
109.071625
110.356922
102.910125
97.345423
85.172367
90.472131
85.890000
79.709572
91.125725
88.318425
89.271705
99.125080
104.206625
116.643781
125.259750
116.759125
112.716250
117.853375
6.438665
6.438665
9.324856
15.121847
12.057182
13.440985
19.258275
18.705887
6.858907
4.718064
16.833055
26.771586
32.783250
34.257494
38.385923
44.552123
57.949197
66.091500
69.728475
70.584233
70.634100
69.773767
66.457134
66.130041
65.817258
65.273027
69.884733
78.323342
82.770425
82.404336
82.069358
84.508569
88.611216
88.561200
86.673750
91.013308
91.640422
92.333422
83.934005
82.458877
83.196630
84.184513
83.701400
114.844000
118.361938
104.549953
94.587489
99.015023
95.638394
95.761347
90.563313
95.539987
96.119538
95.018022
112.675708
115.436063
119.326875
125.219375
126.448875
126.356875
131.441375
0.000000
0.000000
7.216884
9.819452
6.844326
5.414051
15.856983
16.136794
8.749816
4.406406
12.885619
20.418900
26.498300
33.471875
34.984788
42.648022
53.976850
54.848100
64.985800
66.069586
69.383200
69.913625
68.884888
68.796625
69.441813
70.895845
70.614395
85.181927
83.250333
85.017225
90.573878
91.658413
93.365283
91.795900
89.537800
95.331808
99.325314
99.226472
88.819964
85.191513
87.246792
88.019964
83.708869
114.844000
122.279766
109.247031
101.652031
106.202875
109.221172
105.215000
96.171581
96.028175
112.573922
105.970703
118.184500
124.018672
126.589203
127.791000
133.315000
137.696000
154.503891
3.321060
3.321060
3.130939
3.677163
1.611667
2.132233
13.247764
11.932833
7.811433
4.499890
8.855718
14.618964
14.587900
22.376450
29.657938
38.543155
47.960600
47.960600
54.595350
60.985800
67.606200
70.954913
72.916337
73.743238
74.847889
74.889144
72.824106
84.249100
87.363000
89.231475
91.033586
93.533925
97.016562
95.294500
95.217230
101.085000
104.135000
102.378219
93.051512
91.906300
92.942987
94.670800
96.414534
126.029000
130.966000
118.623250
123.188984
124.172203
120.262844
118.152125
111.469891
105.679000
113.143641
112.237109
125.123375
126.979000
128.445250
130.889000
135.896000
153.784500
148.925000
3.509425
3.509425
0.712819
0.175099
0.169976
0.196757
5.796452
7.626226
3.428265
3.348950
11.039423
14.399806
12.843598
22.164909
25.641863
34.203600
47.960600
47.960600
53.664100
57.970600
66.969000
68.718628
71.251909
72.395925
74.696014
74.343402
73.121400
80.555200
81.861094
87.838798
90.040853
93.168264
96.336388
96.465200
100.321172
107.308828
104.836797
104.970500
95.174162
93.071675
93.996025
97.478900
98.218900
124.580000
133.512078
121.562234
130.253234
129.207094
128.100891
125.248000
131.007531
120.469875
125.815047
119.606312
132.339125
133.943500
139.820250
150.744000
144.684000
158.468437
158.276000
0.796600
0.414055
0.177142
0.165169
1.471032
1.597353
2.969653
3.745747
15.797325
18.514731
16.056270
21.187417
23.022363
30.779436
43.440225
43.440225
50.986038
55.434850
62.169375
64.559798
68.470817
69.827931
73.014395
76.107230
74.852759
73.168911
74.225789
83.871962
87.427070
89.185194
94.178559
99.903223
101.860922
106.321484
103.135391
103.155109
96.526178
95.043941
95.186900
96.153525
96.349088
120.038125
126.304781
127.674359
135.732172
136.726625
130.024641
122.779875
129.535719
125.326125
127.749891
126.007359
134.363281
135.635687
142.188531
153.533375
151.260875
170.359687
169.202250
2.474001
2.720126
1.852016
0.957782
0.641232
0.334041
1.233446
4.571420
19.704766
21.485550
18.635017
20.646708
21.595792
28.828602
40.728000
40.728000
49.379200
53.831894
59.289600
61.903903
66.776525
68.078719
71.379595
75.556831
75.140972
68.140125
68.774761
80.919831
84.602714
86.587062
92.400528
98.963966
101.802953
105.079641
101.151575
101.299341
97.104241
96.244841
95.910695
95.241437
95.077812
117.313000
121.756000
132.056438
136.329437
139.460516
137.064000
124.235281
130.975375
132.007719
131.655016
129.144750
136.684000
137.566859
144.079891
155.558250
155.498375
176.190375
177.591125
4.274842
4.064750
7.233046
15.360818
23.985775
27.437837
24.302913
22.156723
23.309713
30.165794
41.375842
41.593788
49.523338
53.122134
58.652562
58.733052
64.753492
65.583844
66.327591
67.608180
67.627572
63.263325
63.239162
74.452036
76.522898
80.133727
87.735427
90.222861
103.459528
101.551266
96.068850
95.904995
96.081306
96.159975
95.767114
94.973075
95.095634
116.029125
117.270516
129.923937
137.745578
143.861891
149.187438
139.057125
152.632406
141.834000
146.680766
144.777859
149.546688
148.576688
150.727672
161.162125
160.743000
182.395875
193.869625
4.489959
6.899493
13.729848
17.277200
27.370800
26.236200
29.502806
28.368883
28.195800
34.446600
45.910737
47.654300
50.532300
52.753288
54.193300
54.837213
59.197187
59.582350
59.451048
59.745089
58.631116
56.084300
55.891000
58.565350
63.258212
67.437986
77.582883
83.534170
101.337303
101.180437
97.015600
95.704763
95.316337
95.287600
96.612550
98.820800
102.061859
107.042000
110.117297
116.235766
128.525156
140.381063
154.487578
155.760000
168.997969
151.011000
155.913000
159.139125
176.579594
174.087125
174.213000
183.178000
183.178000
204.648000
220.758187
29.038775
34.838577
45.359862
47.934808
49.591600
50.044711
54.193300
54.308713
56.018877
56.243600
55.925042
54.890102
54.818100
53.549000
53.549000
56.065325
56.424800
60.815525
69.557767
75.198788
92.795700
96.239173
96.948739
95.994580
95.316337
95.287600
96.612550
98.820800
102.988000
104.987000
106.417516
114.569672
130.126469
146.337203
160.214594
158.920094
179.812000
160.520000
179.152828
176.362703
191.117969
186.503172
179.317813
185.725000
186.667000
211.865000
226.043000
41.139172
42.463652
44.591464
44.779491
50.376400
51.632255
53.530072
54.429761
54.156995
53.574397
51.411263
49.140636
46.086297
44.391344
43.629784
45.131405
45.364948
46.374170
50.808827
52.518100
71.234450
80.982138
92.025100
99.118637
93.933544
92.710088
92.079413
90.276100
91.566572
98.387200
109.343328
111.884609
128.119891
147.026641
162.672188
165.181578
173.171000
175.304234
200.731000
209.765703
214.213469
207.122937
202.864500
216.652000
219.292000
258.396000
259.472000
46.304050
47.861466
51.202783
52.696142
53.953634
54.378773
53.481134
52.392883
48.846867
45.992945
41.258088
40.416113
40.206825
41.582555
41.892291
42.941152
45.384663
46.588600
69.553988
74.158369
86.957100
93.278559
92.013641
92.032463
92.322655
90.276100
90.276100
98.387200
108.567375
122.861219
129.166750
144.181297
161.712672
160.375516
173.547875
175.617797
205.957875
212.707734
220.573625
217.969422
223.250437
241.833250
233.249500
264.706625
283.535750
48.009405
49.778623
52.347819
53.538773
54.728744
54.540531
53.370653
51.487239
47.607455
44.757150
38.958770
37.843864
37.648512
39.071777
39.275100
40.432837
42.362400
42.362400
68.330387
68.675000
83.388761
89.177445
90.756259
91.280309
92.066155
90.630975
90.630975
98.868300
105.599500
129.020625
137.806750
157.936344
163.091250
160.434516
176.448500
177.687391
217.482172
216.071234
227.877891
229.146516
243.180063
265.322031
251.995891
281.051922
307.223000
55.736480
54.968750
52.912664
52.088908
51.866211
47.190359
37.779527
35.090297
32.722000
34.654175
34.930200
35.962463
37.682900
37.682900
65.104700
67.729008
78.554305
84.272637
88.369520
89.286175
91.236475
93.115100
93.115100
102.236000
105.185750
130.106516
140.194891
147.872828
164.857281
164.131687
195.170000
204.001250
236.024500
240.658391
268.299813
271.770313
281.480109
298.707375
304.659719
335.682797
377.903875
57.344252
56.606219
53.950633
53.305827
52.397508
48.749386
37.247050
32.722000
32.722000
34.654175
34.930200
35.962463
37.682900
37.682900
65.104700
66.612706
77.527700
81.517000
87.954125
88.817088
90.454662
93.115100
93.115100
102.236000
104.813000
118.579375
137.402437
157.225406
165.078422
161.046000
195.170000
247.634000
244.024625
260.662703
293.275453
291.508422
294.275125
311.107000
332.037391
364.216000
419.469000
27.993967
20.531473
20.938800
37.103200
45.915575
46.879363
47.006900
47.122900
70.714600
70.714600
76.643800
76.643800
85.059638
86.261900
88.735625
92.858500
92.858500
96.049100
102.124000
123.548375
141.540109
178.151781
183.030750
185.759578
192.502000
217.999000
271.944328
339.245297
355.892969
356.861000
376.323875
408.762000
421.996000
504.732000
629.144156
12.964955
18.248300
18.784500
36.833912
41.384737
45.750980
47.271725
47.829100
70.714600
71.815700
76.643800
76.643800
85.059638
86.261900
88.735625
92.858500
92.858500
96.049100
96.049100
109.432138
130.150484
152.386734
186.142609
180.043000
193.463000
216.947297
296.265000
347.200500
366.418969
378.384750
427.986250
479.245000
580.699984
809.152781
1028.682656
41.119998
42.975225
58.779162
71.537919
74.151050
74.419511
82.113653
82.780119
84.557773
88.707250
89.369937
100.474194
99.277163
109.010958
124.920812
148.667594
170.508156
173.048625
192.816750
202.082687
308.688125
362.898313
444.794453
457.625531
502.769531
566.230625
900.961922
1056.482188
1089.816563
38.013844
41.316811
52.649284
70.604927
73.479773
73.599505
80.582439
80.865609
81.763850
85.781453
86.872078
99.651361
99.299928
106.951353
117.726641
142.670187
161.863172
169.789141
196.449969
198.830625
316.872625
373.327734
494.668719
514.163203
573.564937
872.968219
1087.034219
1091.642812
1095.450937
79.404867
80.727898
79.815352
80.631503
88.704489
85.825050
90.270214
99.629139
116.992516
142.832125
170.107313
172.753859
218.579453
224.310359
327.084250
379.622203
536.203312
600.426547
971.297812
1087.069219
1100.917969
1095.613594
1096.621250
1104.648906
1103.817813
81.143412
82.101441
82.336891
84.721523
93.134027
95.289659
103.303528
109.205361
129.419031
145.104594
146.552703
153.018156
193.688000
201.683328
362.765000
374.157500
633.192578
786.367141
1081.253281
1096.879062
1099.654687
1096.133594
1092.611094
1091.187813
1091.937188
82.671038
82.068100
89.921900
89.805100
89.931100
99.591888
121.902875
147.726109
148.681187
144.369000
193.688000
204.731000
362.765000
417.537375
741.667609
1038.425781
1091.566719
1099.156250
1090.230937
1091.425781
1088.858594
1088.870469
1092.326563
86.856950
87.779200
87.779200
94.172400
94.172400
104.006175
111.282250
145.908047
175.777203
173.929000
235.528000
252.961000
471.120000
554.510125
959.459062
1089.308750
1100.851094
1101.595000
1094.591562
1089.576875
1088.880000
1094.785156
1089.153437
87.779200
94.172400
97.005713
107.097448
108.358984
128.854109
169.985875
179.512125
240.014563
262.954750
471.120000
617.456531
1044.265969
1090.586094
1096.205000
1099.063125
1092.231719
1088.863750
1088.880000
1090.374063
1089.079375
1089.336250
1095.629531
96.176575
114.994025
120.528388
129.536611
127.055531
135.343313
177.823391
197.016672
261.149688
298.620688
547.166250
736.363125
1083.720625
1095.801094
1097.838281
1092.410781
1089.427656
1089.201875
1088.886250
1089.709844
1094.918594
1093.172031
1091.846250
210.543250
217.242078
273.379000
316.909406
592.794000
820.217547
1087.430156
1098.576094
1098.348906
1096.750781
1091.557187
1089.142344
1088.891250
1090.224531
1089.906563
1097.282031
1093.576719
