0.000000
1.103963
0.516078
0.037402
3.860877
6.750729
1.669876
6.159545
0.031619
0.111817
2.050870
0.731966
0.787831
1.851702
3.960688
4.739540
0.398203
0.130695
1.024983
0.581488
8.676984
1.820240
6.213170
3.322694
0.433551
0.158328
0.025079
3.313965
4.174907
4.536825
0.580321
6.703526
1.354432
1.010052
0.273943
3.950690
5.952504
5.070373
4.263537
4.405033
0.136017
0.282377
1.779829
0.088829
7.413284
1.744755
7.909863
1.229358
0.663645
0.634188
1.183728
0.498595
4.620819
7.819710
4.535208
1.904386
0.039473
1.278497
1.155687
0.050093
1.791833
5.583494
4.552881
3.947670
10.098742
18.338631
13.490423
10.102434
41.797128
29.058158
35.461441
52.854758
8.743363
11.257711
19.477511
16.285079
25.888766
56.633198
52.768627
34.722731
12.132363
20.184467
7.545584
12.168303
43.234016
89.620216
76.210727
28.811116
12.647771
24.588830
7.290098
7.516625
38.368602
60.718644
33.660595
38.935314
19.610908
13.527546
7.967885
13.155864
52.980227
20.751912
34.036641
53.835886
15.039844
7.092213
10.292859
13.253362
43.609331
35.315536
30.959987
68.300914
18.709378
16.389517
6.162277
15.715909
64.111353
30.214431
56.001642
19.129950
7.288986
20.471081
12.095761
18.776262
70.178348
16.384014
28.755623
62.154000
0.030862
0.045751
0.372070
0.087436
1.820556
1.323359
3.006198
3.252359
0.029232
0.196493
0.037114
0.075928
0.613269
3.597480
0.704141
5.998658
0.297195
0.032191
0.248076
1.520000
3.741076
8.048112
0.537189
0.752899
0.047368
0.124631
0.043114
0.063790
1.019616
2.536628
3.837485
0.717674
0.115685
0.030749
0.191179
1.039761
6.179518
2.491832
3.628246
0.345013
0.151726
0.029886
0.671435
0.026158
0.903009
4.338383
0.539965
1.477745
0.142307
0.024403
0.489301
0.141019
7.455722
3.200835
0.311197
5.146735
0.035271
0.077545
0.139518
0.053340
1.609755
5.862652
0.393960
4.932132
6.872247
16.417682
11.686240
7.964055
28.559619
37.612725
38.936261
33.032994
6.289405
7.874087
9.280026
13.408722
47.432873
16.325939
59.827655
19.132942
11.793831
14.247012
9.122198
7.113211
22.656120
51.324227
36.127792
29.979311
13.806040
5.124327
23.012864
6.078501
39.809234
27.893716
20.832656
74.116580
6.751888
24.926067
13.732776
14.079264
40.451416
37.060109
33.519191
49.952934
6.571257
17.630992
9.613419
15.930278
31.988934
50.693723
22.758709
47.682195
12.143992
14.390612
9.412573
9.182986
33.825530
48.083894
36.923208
36.475800
12.600376
9.756975
17.260461
6.461321
25.082777
49.331133
32.058217
35.702619
4.029810
0.221917
0.037058
2.584394
9.873424
3.058240
7.839486
1.548986
0.044789
0.101996
0.281428
2.746754
3.513595
1.052018
4.903662
6.436267
0.117610
5.219032
0.077369
5.858171
8.007645
2.646500
1.012297
13.410537
5.280208
0.033373
0.225207
0.749870
7.449794
1.497979
4.340782
3.315758
0.100543
0.905417
0.246908
3.192720
2.903848
8.281947
4.437103
2.804040
0.028678
5.560774
0.054844
0.781102
10.055776
4.273409
2.238386
2.340751
0.573592
0.708586
0.171375
0.202754
1.503471
10.892847
7.934153
3.354163
0.519791
5.071072
0.222452
0.046185
9.878266
0.189827
4.870675
8.654852
12.542679
20.168555
9.628475
10.323864
40.338898
75.123302
27.434634
74.585767
9.672997
14.273597
23.653759
8.182075
28.951745
47.772091
57.696873
28.075256
4.975784
18.749720
18.578319
4.988930
73.561030
23.000642
29.159661
58.125762
12.014149
7.450855
19.609327
5.324153
22.748833
64.316375
51.507425
10.311621
15.255590
9.827877
7.417229
14.105636
24.057802
76.279295
26.289445
79.006408
16.739933
13.747952
23.328573
2.376056
44.672127
61.606834
36.241353
45.725316
13.802287
23.308264
8.818685
4.431573
26.282611
72.008956
51.340327
29.084906
5.177822
18.174900
16.189584
15.080302
10.315663
81.581873
37.287767
55.999503
0.025998
0.447103
0.065836
0.876861
4.979760
0.306985
3.084818
6.841015
0.043371
0.714660
0.034943
0.050427
1.204524
5.138574
0.907682
0.203215
0.025013
0.665545
0.067131
0.953170
6.819507
4.607322
0.806345
1.356091
0.032643
0.032454
0.155981
1.904269
4.531531
0.906096
2.374551
0.494315
0.173978
0.437571
0.024088
3.178907
0.962887
2.784176
3.692257
6.841453
0.167825
0.039953
0.047291
0.054682
3.531772
2.152056
3.323694
2.895962
2.194572
0.162959
0.319424
0.055160
9.174759
0.519191
4.900601
0.174210
0.041474
0.311366
0.068588
0.083296
0.659802
3.933711
1.205005
4.149007
8.772472
18.510122
5.445369
19.688558
25.426053
53.461216
28.028667
74.071583
18.128150
10.305120
5.894462
7.057094
46.910369
16.038626
31.675717
15.521979
5.655627
24.660728
13.088438
1.784786
80.638739
15.927134
20.679275
68.489234
6.854760
7.464325
3.133622
16.664303
25.809839
25.943847
25.298002
31.748942
9.916652
19.944378
11.804455
7.781299
27.268009
47.067167
20.258550
83.222930
20.581661
6.830300
6.525837
9.544814
36.540445
22.572659
41.161166
52.182386
7.270368
12.787124
11.403012
13.109913
23.679477
44.427702
28.631781
84.745641
15.096722
8.324303
2.262003
12.882735
23.788358
64.113937
27.370783
30.598883
0.877973
0.829623
0.037575
2.328552
1.636046
7.264129
5.122285
3.494201
0.395406
3.724288
0.036871
0.058353
5.770288
2.566137
3.062952
4.747337
0.093610
0.454309
2.033721
1.177094
4.247769
4.178442
5.030186
3.277167
0.033225
2.332522
0.051010
2.423023
4.333702
3.669015
0.722309
3.692571
0.727736
0.966222
1.891740
0.136357
4.196389
6.832067
5.884070
3.830120
0.822849
0.126967
0.099657
0.388096
5.184748
4.274094
0.236853
6.733317
3.361981
0.493580
2.298159
0.096109
5.793006
1.673076
4.031782
3.554186
0.045047
1.528465
0.025203
3.560664
0.802009
4.896215
3.320332
8.711257
17.100459
12.594682
16.433686
10.025199
85.055927
41.298953
60.952936
29.018403
14.732437
8.636446
19.319637
9.991144
35.027747
60.447080
42.378909
31.075686
17.750830
6.814465
9.511140
9.420064
27.221362
74.970017
37.327131
53.755137
17.124450
6.761270
14.784230
11.335823
23.483197
59.118437
38.765570
52.064387
12.093765
15.380083
10.969149
16.734980
20.714642
68.661128
69.539473
40.705225
9.206278
15.446617
11.780014
14.504306
93.258186
53.351620
33.541141
79.291034
16.904427
8.542676
11.661736
22.410934
45.961445
35.997916
32.253430
72.482156
12.761824
15.816409
8.303404
6.883403
42.018348
98.621886
32.243189
83.815531
0.031595
0.105701
0.187881
0.638973
0.796286
4.064990
0.466612
4.830749
0.074446
0.035967
0.027752
0.243538
5.278935
1.136003
0.215023
1.475743
0.146833
0.613458
0.033114
0.041250
6.436815
2.894630
4.553518
0.309732
0.025928
0.398649
0.030670
0.060598
1.993471
2.171971
0.833732
4.502835
0.214421
0.153433
0.231840
0.198448
2.042594
2.700985
2.997932
5.493119
0.036970
0.141676
0.244332
0.024755
5.713690
1.584657
0.711393
1.928074
0.350670
0.573244
0.026965
0.284173
4.603688
0.272224
7.069413
0.871490
0.028192
0.400331
0.024814
0.032059
7.044262
0.169127
1.575686
3.009609
15.280017
4.961638
10.869273
7.166954
36.148073
39.254606
32.412136
49.938792
8.579746
10.767653
5.603346
13.548461
94.006998
32.509672
27.303047
64.306228
7.203566
26.182444
7.337577
6.427082
48.206175
46.129567
29.835287
39.250841
6.710826
16.197972
8.300934
15.539978
27.456802
30.945216
37.577670
57.198659
11.849133
9.058939
9.497661
8.614067
27.805483
71.788452
59.812487
19.580359
5.423657
18.282522
15.571208
9.771402
25.093070
53.708989
18.050812
76.695939
24.924891
7.574930
6.353456
16.667724
38.194047
74.871336
43.272141
41.503472
15.064001
4.807803
10.991500
9.697942
36.623845
49.244784
45.153441
36.349253
0.272446
4.694054
0.083639
0.481445
10.071240
5.638138
4.215372
1.562117
0.523186
0.059634
0.093995
5.015612
1.423982
1.478303
9.563915
2.812347
0.363761
5.627299
0.032876
2.491379
1.002833
12.289061
1.276560
5.892707
0.136791
0.730949
4.394035
0.048858
4.936736
0.137004
6.549732
2.956835
0.202388
0.174035
3.403186
0.179190
5.320394
0.622942
10.268538
5.421160
0.290826
2.920181
0.041373
1.016220
4.150421
10.794300
0.553999
3.507014
1.123157
0.416855
5.093333
0.085125
1.178224
8.991560
2.296197
13.441096
5.773866
0.477778
0.298138
0.072890
3.443478
8.528461
3.940920
3.614187
6.232425
18.597050
5.772294
17.038545
60.078827
22.661694
26.636858
80.439723
7.156284
19.810959
7.274218
10.995985
40.045642
36.292191
68.093720
31.474583
4.663496
18.832972
10.514287
9.783403
68.567358
13.066945
44.890900
27.585233
23.113003
1.940176
18.507078
12.790259
34.054181
45.831727
93.683581
13.442250
12.163662
4.602414
12.745775
19.216298
38.066252
64.133855
26.376012
48.220783
16.942894
16.318791
5.166344
11.552031
28.036337
69.109891
40.143019
20.324712
4.960751
17.337381
5.196488
19.163422
29.003534
71.983639
35.806033
74.193208
4.924984
18.613244
19.008886
6.490967
61.254173
18.501717
50.843883
78.752369
0.029542
0.663353
2.897385
0.064057
2.122883
0.374566
1.109193
6.679560
0.894696
0.034659
0.046114
0.153767
0.393087
6.152424
3.854846
0.230251
0.117422
0.052720
2.191022
0.147358
4.790372
0.901171
5.501758
0.416972
0.028845
1.331692
0.066197
0.537845
0.691773
5.032812
0.455343
3.238767
0.070651
3.654587
0.058973
0.035243
0.338408
5.973647
2.773797
4.809467
0.132772
0.051336
0.045253
0.035817
0.317801
3.707393
3.908836
2.072166
0.461045
1.208008
0.402018
0.052696
3.231769
0.156348
6.292416
3.696483
0.182341
1.651738
0.068480
0.029504
0.169175
0.871116
2.541460
4.392478
11.001632
12.515622
7.411725
12.795151
17.441181
77.969539
34.124308
41.732030
14.949206
9.668925
12.362670
4.545479
27.812028
35.136267
21.862127
36.797131
16.749898
5.679825
6.334677
5.540855
44.900798
33.572962
92.768423
12.670186
4.125475
16.607309
11.269019
3.894988
21.875080
45.825006
31.075202
20.760422
10.526003
14.075004
4.666158
22.010650
24.157591
88.474170
17.885419
68.171528
11.311820
4.828112
14.421308
5.424267
44.233047
26.325933
35.644172
40.933389
12.746878
14.221816
9.606045
7.552064
61.729855
28.322859
36.328261
45.914133
1.925394
17.456637
9.991142
7.518920
55.458309
28.388312
48.225022
40.056462
0.018370
0.024625
0.026853
0.213276
0.000000
0.000000
0.014620
0.000000
0.177474
0.068427
0.001333
0.027467
0.021529
0.011878
0.000000
0.000000
0.038052
0.081913
0.018793
0.032054
0.000000
0.013717
0.011392
0.000000
0.021189
0.040610
0.511735
0.000183
0.000000
0.000000
0.018388
0.000129
0.016917
0.019829
0.048859
0.000178
0.000000
0.000000
0.000000
0.000000
0.024287
0.031545
0.019392
0.043708
0.000000
0.012332
0.000000
0.015373
0.024796
0.024474
0.022630
0.023602
0.000000
0.000000
0.000000
0.020087
0.154192
0.005531
0.022272
0.051767
0.010772
0.000000
0.011623
0.000000
0.000000
0.000000
0.000000
0.000000
0.000000
0.000000
0.000000
0.000000
0.000000
0.000000
0.000000
0.000000
0.000000
0.000000
0.000000
0.000000
0.000000
0.000000
0.000000
0.000000
0.000000
0.000000
0.000000
0.000000
0.000000
0.000000
0.000000
0.000000
0.000000
0.000000
0.000000
0.000000
0.000000
0.000000
0.000000
0.000000
0.000000
0.000000
0.000000
0.000000
0.000000
0.000000
0.000000
0.000000
0.000000
0.000000
0.000000
0.000000
0.000000
0.000000
0.000104
0.000000
0.000000
0.000000
0.000000
0.000000
0.000000
0.000000
0.000000
0.000000
0.000000
0.000000
0.000000
0.000000
0.029042
0.024258
0.000000
0.024171
0.000021
0.000000
0.000000
0.000000
0.021857
0.000800
0.022449
0.000601
0.000000
0.000000
0.000000
0.000000
0.000185
0.114853
0.021621
0.000000
0.000000
0.000000
0.000000
0.014582
0.019780
0.000000
0.020381
0.017871
0.000000
0.000000
0.000000
0.000000
0.015863
0.063709
0.021277
0.000000
0.000000
0.000000
0.000070
0.000000
0.000000
0.020517
0.000000
0.022480
0.000000
0.000000
0.000000
0.000000
0.017777
0.183505
0.019421
0.017575
0.000000
0.000000
0.013093
0.000000
0.022815
0.000625
0.000560
0.021397
0.000000
0.000000
0.000000
0.000000
0.000000
0.000000
0.000000
0.000000
0.000000
0.000000
0.000000
0.000000
0.000000
0.000000
0.000000
0.000000
0.000000
0.000000
0.000000
0.000000
0.000000
0.000000
0.000000
0.000000
0.000000
0.000000
0.000000
0.000000
0.000000
0.000000
0.000000
0.000000
0.000000
0.000000
0.000000
0.000000
0.000000
0.000000
0.000000
0.000000
0.000000
0.000000
0.000000
0.000000
0.000000
0.000000
0.000000
0.000000
0.000000
0.000000
0.000000
0.000000
0.000000
0.000000
0.000000
0.000000
0.000000
0.000000
0.000000
0.000000
0.000000
0.000000
0.000000
0.000000
0.000000
0.000000
0.000000
0.000000
0.000646
0.084276
0.633739
0.026072
0.000000
0.000588
0.000000
0.014270
0.092966
0.086996
0.053680
0.000645
0.016478
0.013935
0.000000
0.000000
0.172527
0.015361
0.181409
0.016901
0.000000
0.000000
0.014592
0.000000
0.000000
0.869978
0.063827
0.031366
0.000000
0.010737
0.009369
0.000000
0.124641
0.020535
0.055180
0.018164
0.000396
0.000000
0.004079
0.011662
0.276569
0.000072
0.127705
0.018788
0.000000
0.015463
0.000015
0.010319
0.035465
0.041930
0.069546
0.087611
0.012742
0.000114
0.000058
0.000000
0.025000
0.019619
0.077804
0.113356
0.000000
0.028307
0.000000
0.000000
0.000000
0.000000
0.000000
0.000000
0.000000
0.000000
0.000000
0.000000
0.000000
0.000000
0.000000
0.000000
0.000000
0.000000
0.000000
0.000000
0.000000
0.000000
0.000000
0.000000
0.000000
0.000000
0.000000
0.000000
0.000000
0.000000
0.000000
0.008668
0.000000
0.000000
0.000000
0.000000
0.000000
0.000000
0.000000
0.000000
0.000000
0.000000
0.000000
0.000000
0.000000
0.000000
0.000000
0.009644
0.000000
0.000000
0.000000
0.000000
0.000000
0.000000
0.000000
0.000766
0.000000
0.000000
0.000000
0.000000
0.000393
0.000000
0.000000
0.000000
0.000000
0.000000
0.000000
0.000000
0.034638
0.018646
0.071591
0.000751
0.000000
0.000000
0.000000
0.000000
0.022405
0.000000
0.018822
0.019615
0.000000
0.000000
0.000000
0.000000
0.099363
0.028532
0.019169
0.022818
0.000000
0.000000
0.000000
0.010311
0.018950
0.077917
0.021040
0.000000
0.000000
0.000000
0.000000
0.000000
0.019108
0.017756
0.213222
0.000000
0.000000
0.000000
0.000000
0.000000
0.019758
0.019262
0.021917
0.000238
0.000000
0.000000
0.000000
0.000000
0.000000
0.086637
0.031827
0.021172
0.000000
0.000000
0.000000
0.000000
0.017523
0.020422
0.018234
0.023177
0.000000
0.000000
0.000000
0.000000
0.000000
0.000000
0.000000
0.000000
0.000000
0.000000
0.000000
0.000000
0.000000
0.000000
0.000000
0.000000
0.000000
0.000000
0.000000
0.000000
0.000000
0.000000
0.000000
0.000000
0.000000
0.000000
0.000000
0.000000
0.000000
0.000000
0.000000
0.000000
0.000000
0.000000
0.000000
0.000000
0.000000
0.000000
0.000000
0.000000
0.000000
0.000000
0.000000
0.000000
0.000000
0.000000
0.000000
0.000000
0.000000
0.000000
0.000000
0.000000
0.000000
0.000000
0.000000
0.000000
0.000000
0.000000
0.000000
0.000000
0.000000
0.000000
0.000000
0.000000
0.000000
0.000000
0.000000
0.000000
0.019760
0.018842
0.262080
0.017885
0.014785
0.000000
0.000000
0.000000
0.024141
0.000129
0.137868
0.033517
0.000000
0.015965
0.008402
0.000000
0.128834
0.036337
0.016521
0.027976
0.000000
0.000000
0.000000
0.018465
0.193568
0.000659
0.111374
0.000000
0.000000
0.000000
0.021218
0.010077
0.020243
0.022501
0.018176
0.079613
0.000030
0.000000
0.010446
0.000000
0.023909
0.023464
0.047134
0.022814
0.010645
0.000000
0.026370
0.000000
0.000069
0.022325
0.022437
0.109888
0.000000
0.014887
0.000000
0.013754
0.079973
0.018006
0.709885
0.000000
0.017968
0.011301
0.000000
0.000000
0.000000
0.000000
0.000000
0.000000
0.000000
0.000000
0.000000
0.000000
0.000000
0.000000
0.000000
0.000000
0.000000
0.000000
0.000000
0.000000
0.000000
0.000000
0.000000
0.000000
0.000000
0.000000
0.000000
0.000000
0.000000
0.007461
0.000000
0.000000
0.000000
0.000000
0.000000
0.000000
0.000000
0.000000
0.000000
0.000000
0.000000
0.000000
0.000000
0.000000
0.000000
0.000000
0.000000
0.000000
0.000000
0.000000
0.000000
0.000000
0.000000
0.000000
0.000000
0.000000
0.000000
0.000000
0.000000
0.000000
0.000000
0.000000
0.000000
0.000000
0.000000
0.000000
0.000000
0.000000
0.032092
0.017455
0.023394
0.000000
0.000000
0.000000
0.000466
0.000000
0.018361
0.019622
0.024044
0.000000
0.000000
0.000000
0.000000
0.000000
0.019930
0.000356
0.118557
0.018806
0.000000
0.000000
0.000000
0.000000
0.028541
0.000000
0.022899
0.017946
0.000000
0.000000
0.000000
0.000000
0.015465
0.021140
0.020699
0.015471
0.000000
0.000000
0.000000
0.000000
0.020836
0.001031
0.000162
0.028361
0.000000
0.000000
0.000000
0.000000
0.000000
0.019690
0.121205
0.000000
0.000000
0.000000
0.000000
0.014634
0.023684
0.000000
0.029430
0.019072
0.000000
0.000000
0.000000
0.000000
0.000000
0.000000
0.000000
0.000000
0.000000
0.000000
0.000000
0.000000
0.000000
0.000000
0.000000
0.000000
0.000000
0.000000
0.000000
0.000000
0.000000
0.000000
0.000000
0.000000
0.000000
0.000000
0.000000
0.000000
0.000000
0.000000
0.000000
0.000000
0.000000
0.000000
0.000000
0.000000
0.000000
0.000000
0.000000
0.000000
0.000000
0.000000
0.000000
0.000000
0.000000
0.000000
0.000000
0.000000
0.000000
0.000000
0.000000
0.000000
0.000000
0.000000
0.000000
0.000000
0.000000
0.000000
0.000000
0.000000
0.000000
0.000000
0.000000
0.000000
0.000000
0.000000
0.000000
0.000000
0.036395
0.007965
0.161588
0.025502
0.000000
0.005789
0.010618
0.015269
0.028597
0.193121
0.077593
0.000398
0.012519
0.016920
0.000000
0.000000
0.100392
0.016071
1.131340
0.022801
0.014998
0.000020
0.014391
0.012296
0.107809
0.017557
0.019957
0.158016
0.011665
0.103646
0.000000
0.000000
0.065373
0.092751
0.016783
0.054334
0.000000
0.021823
0.000000
0.013289
0.024941
0.020523
0.152466
0.016541
0.012737
0.000000
0.018433
0.000000
0.015579
0.073977
0.016554
0.318470
0.016578
0.000000
0.000181
0.000000
0.016580
0.076440
0.046952
0.131345
0.010381
0.000000
0.012937
0.000000
0.000000
0.000000
0.000000
0.000000
0.000000
0.000000
0.000000
0.000000
0.000000
0.000000
0.000000
0.000541
0.000000
0.000000
0.000000
0.000000
0.000197
0.000000
0.000000
0.000000
0.000000
0.000000
0.000000
0.000000
0.000000
0.006464
0.000000
0.000000
0.000000
0.000000
0.000000
0.000000
0.000000
0.000024
0.000000
0.000000
0.000000
0.000000
0.000000
0.000000
0.000000
0.000000
0.009540
0.000000
0.000000
0.000000
0.000000
0.000000
0.000000
0.000000
0.000000
0.000000
0.000000
0.000000
0.000000
0.000000
0.000000
0.000000
0.000000
0.003429
0.000000
0.000000
0.000000
0.000000
0.030799
0.018559
0.000000
0.030818
0.000404
0.000000
0.000000
0.000000
0.000000
0.024264
0.017256
0.002202
0.000000
0.000000
0.000000
0.000000
0.022442
0.023228
0.019553
0.018579
0.000000
0.000000
0.000000
0.012756
0.022852
0.000000
0.016350
0.019507
0.000000
0.000000
0.000000
0.000000
0.020037
0.000045
0.032855
0.023440
0.012820
0.000000
0.000000
0.000000
0.000419
0.022853
0.023499
0.019429
0.000000
0.000000
0.000000
0.000000
0.021230
0.019329
0.028256
0.016019
0.000000
0.000000
0.000000
0.013317
0.020606
0.000000
0.015888
0.022015
0.000215
0.000000
0.000000
0.000000
0.000000
0.000000
0.000000
0.000000
0.000000
0.000000
0.000000
0.000000
0.000000
0.000000
0.000000
0.000000
0.000000
0.000000
0.000000
0.000000
0.000000
0.000000
0.000000
0.000000
0.000000
0.000000
0.000000
0.000000
0.000000
0.000000
0.000000
0.000000
0.000000
0.000000
0.000000
0.000000
0.000000
0.000000
0.000000
0.000000
0.000000
0.000000
0.000000
0.000000
0.000000
0.000000
0.000000
0.000000
0.000000
0.000000
0.000000
0.000000
0.000000
0.000000
0.000000
0.000000
0.000000
0.000000
0.000000
0.000000
0.000000
0.000000
0.000000
0.000000
0.000000
0.000000
0.000000
0.000000
