0.000000
0.000000
0.000000
0.000000
0.000000
0.000000
0.000000
0.000000
0.000000
0.000000
0.000000
0.000000
0.000000
0.000000
0.000000
0.000000
0.000000
0.000000
0.000000
0.000000
0.000000
0.000000
0.000000
0.000000
0.000000
0.000000
0.000000
0.000000
0.000000
0.000000
0.000000
0.000000
0.000000
0.000000
0.000000
0.000000
0.000000
0.000000
0.000000
0.000000
0.000000
0.000000
0.000000
0.000000
0.000000
0.000000
0.000000
0.000000
0.000000
0.000000
0.000000
0.000000
0.000000
0.000000
0.000000
0.000000
0.000000
0.000000
0.000000
0.000000
0.000000
0.000000
0.000000
0.000000
0.000000
0.000000
0.000000
0.000000
0.000000
0.000000
0.000000
0.000000
0.000000
0.000000
0.000000
0.000000
0.000000
0.000000
0.000000
0.000000
0.000000
0.000000
0.000000
0.000000
0.000000
0.000000
0.000000
0.000000
0.000000
0.000000
0.000000
0.000000
0.000000
0.000000
0.000000
0.000000
0.000000
0.000000
0.000000
0.000000
0.000000
0.000000
0.000000
0.000000
0.000000
0.000000
0.000000
0.000000
0.000000
0.000000
0.000000
0.000000
0.000000
0.000000
0.000000
0.000000
0.000000
0.002077
0.004331
0.000541
0.000000
0.000000
0.000000
0.000000
0.000000
0.000000
0.000000
0.000000
0.000000
0.000000
0.000000
0.000000
0.000000
0.000000
0.000000
0.000000
0.000000
0.000000
0.000000
0.000000
0.000000
0.000000
0.000000
0.000000
0.000000
0.000000
0.017793
0.036069
0.004370
0.000000
0.000000
0.000000
0.000000
0.000000
0.000000
0.000000
0.000000
0.000000
0.000000
0.000000
0.000000
0.000000
0.000000
0.000000
0.000000
0.000000
0.000000
0.000000
0.000000
0.000000
0.000000
0.000000
0.000000
0.000000
0.133085
0.133085
0.015342
0.080166
0.078370
0.011604
0.000289
0.000000
0.000000
0.000000
0.000000
0.000000
0.000000
0.000000
0.000000
0.000000
0.000000
0.000000
0.000000
0.000000
0.000000
0.000000
0.000000
0.000000
0.000000
0.000000
0.000000
0.000000
0.000000
0.000000
0.000000
0.069265
0.069265
0.065386
0.074780
0.079489
0.077128
0.013079
0.002761
0.000037
0.000000
0.000000
0.000000
0.013264
0.005543
0.000553
0.000000
0.000000
0.000000
0.001065
0.000735
0.000000
0.000000
0.000000
0.000000
0.000000
0.000000
0.000000
0.000000
0.000000
0.000000
0.000000
0.000000
0.000000
0.000000
0.000000
0.066165
0.075437
0.075629
0.078727
0.052796
0.047824
0.028937
0.000034
0.000000
0.042457
0.051602
0.048955
0.017393
0.007961
0.000000
0.000728
0.049394
0.048594
0.013089
0.041941
0.005758
0.000000
0.000000
0.000000
0.000000
0.000000
0.000000
0.000000
0.000000
0.000000
0.000000
0.120874
0.120874
0.066762
0.076831
0.075553
0.075341
0.075225
0.074813
0.051789
0.007665
0.003837
0.071632
0.074609
0.074787
0.035070
0.017942
0.000238
0.010874
0.086569
0.084726
0.033172
0.072885
0.016995
0.004867
0.000000
0.000000
0.000000
0.000000
0.000000
0.000000
0.000000
0.000000
0.000000
0.000000
0.000000
0.171761
0.171761
0.117355
0.226216
0.169452
0.094079
0.102564
0.085895
0.074689
0.056158
0.055379
0.074577
0.076359
0.075572
0.075034
0.067994
0.020359
0.086858
0.169139
0.111724
0.095879
0.086618
0.076449
0.040173
0.000000
0.000000
0.000000
0.000000
0.000000
0.000000
0.000000
0.000000
0.000000
0.000000
0.000000
0.000000
0.000000
0.291282
0.736971
0.588033
0.574829
0.837768
0.358840
0.076725
0.026727
0.042622
0.074955
0.157332
0.122700
0.075594
0.074627
0.067516
0.176722
0.211460
0.511748
0.570646
0.416211
0.183744
0.065993
0.000867
0.000000
0.000000
0.000000
0.000000
0.000000
0.000000
0.000000
0.000000
0.000000
0.000000
0.000000
0.000000
0.000000
0.000000
0.317850
0.317850
0.406139
1.450957
2.507529
3.889025
3.903707
2.546267
0.587585
0.094858
0.206779
0.511771
1.051721
0.561859
0.090686
0.154689
1.411346
1.251237
0.644641
1.023252
1.268391
1.014793
0.535737
0.125562
0.052791
0.003714
0.000000
0.000000
0.000000
0.000303
0.000347
0.000217
0.000000
0.000000
0.024689
0.024689
0.000242
0.000828
0.000082
0.330685
0.330685
1.443461
3.082973
4.859993
7.251442
7.806542
7.339426
4.522354
3.784839
5.310856
6.124683
5.334708
5.197883
2.934498
5.436185
7.142305
1.424791
2.332154
1.940408
2.200482
2.002073
0.858026
0.405354
0.076743
0.074554
0.022283
0.000000
0.002206
0.000863
0.000397
0.000217
0.000000
0.000000
0.047200
0.158496
0.226648
0.172586
0.011663
0.000004
0.000641
0.000000
0.000000
1.478227
4.179851
6.213978
7.544756
8.655101
9.397155
10.870846
11.039148
10.040665
10.384737
11.116348
12.299733
12.261708
10.057893
4.034577
3.003402
2.693532
2.927043
3.558911
3.368615
1.051426
0.411482
0.079701
0.312250
0.037403
0.001538
0.047360
0.049169
0.053746
0.051567
0.049552
0.054734
1.297416
1.282717
1.557625
1.609561
0.152593
0.232282
0.053368
0.574570
0.574570
1.429932
4.162205
6.393070
7.675959
9.151063
10.120293
11.571095
11.880752
11.274495
11.900417
13.042586
13.322888
9.967460
7.390190
4.549808
5.573268
5.321361
5.853310
6.650245
5.285363
1.570987
0.682807
0.495604
1.405125
0.142815
0.034068
0.075992
0.078323
0.193446
0.396383
1.650269
2.842162
1.461453
0.332227
0.412436
3.123793
4.977470
3.110053
1.001592
1.603539
1.311191
1.645863
1.344619
0.624095
0.260169
0.147744
0.131025
0.292284
0.807453
1.561967
5.468457
10.063898
13.190894
14.072116
15.164944
16.361028
17.476473
18.337902
20.312539
0.819335
0.819335
1.393713
4.111375
6.390679
7.638520
9.056765
9.722306
10.867281
11.343186
12.809917
12.527664
12.991647
13.484952
14.511452
14.011561
12.121480
10.995108
16.238552
15.141516
11.570709
12.604286
7.954930
3.575258
1.448332
0.384566
0.584087
0.500908
0.228552
0.452928
2.331024
0.495360
0.077482
0.139586
0.068510
0.000155
0.055689
0.138979
4.529470
7.274671
6.588441
9.178453
11.438397
5.856321
6.262633
6.117012
4.519316
1.177321
0.905901
0.691192
1.866605
3.941210
12.903184
14.112830
14.690239
14.820053
13.033260
10.595118
11.896394
17.207878
10.917216
0.000000
0.000000
1.384117
4.045128
6.286720
7.496364
9.031719
9.704703
10.722292
10.949116
11.112164
10.953461
13.357613
14.336223
15.700184
16.533141
16.433694
16.860702
18.545984
15.126933
11.150303
5.461741
1.987436
1.114175
1.013497
1.355955
1.200678
1.030828
0.372940
1.062954
3.361536
0.067144
0.000000
0.000432
0.000608
0.000000
0.069456
0.149309
1.330701
3.624540
9.540932
11.230594
12.038800
7.262855
11.714592
14.672369
11.486980
4.976189
1.819675
1.147163
2.051287
3.934463
12.355003
12.071383
11.199465
8.469735
6.168959
8.469617
15.937188
26.508777
13.740865
0.878220
0.878220
1.331260
3.901500
5.967720
6.908415
8.199298
8.391514
7.229687
4.942185
4.070121
4.126582
8.222682
12.940913
16.180295
16.814478
17.401537
17.942952
17.471442
14.152137
7.682669
4.574978
4.242863
3.413679
1.774941
1.322370
1.747117
1.088141
0.748725
2.995566
5.691268
0.311795
0.009854
0.042742
0.086444
0.108721
0.363168
1.068904
2.754935
3.430687
5.440091
7.946194
9.069564
12.902031
17.491878
19.090909
16.451594
12.848394
3.647063
2.425482
1.980154
3.375543
8.290711
8.390145
6.920427
3.352778
5.472367
9.484197
14.911570
25.877883
13.345626
0.257410
0.257410
1.203839
3.508551
5.609210
5.734808
3.873640
1.322761
0.200715
0.000000
0.000000
0.026360
2.998243
12.069102
11.233521
14.294755
15.052780
15.556942
16.130488
14.867520
10.910229
8.222039
2.635756
2.667612
3.832116
3.357125
2.826575
1.909524
4.219019
8.251776
6.056567
0.999887
0.214215
0.290545
0.656686
1.456952
2.790902
3.384418
3.095302
4.147299
7.269820
9.265141
11.286500
23.123000
26.749600
27.534694
24.698561
14.486791
9.158596
6.204874
5.256935
6.875140
7.197874
6.573197
11.849133
7.440150
8.558010
11.614639
12.216317
15.314150
13.953658
0.000000
0.000000
0.972669
2.847024
4.768278
5.481281
2.220674
0.144518
0.000000
0.000000
0.000000
0.000000
2.482513
7.712564
3.162945
9.726311
11.111919
11.772342
14.535686
12.305411
10.355339
8.275525
3.929173
3.905260
5.420304
5.669674
5.071051
3.788209
8.818953
9.216582
5.814211
1.666984
0.659542
1.168843
3.837990
5.342054
5.586943
4.593767
4.253994
5.232297
8.532882
13.171965
12.205375
23.218250
28.556975
29.647236
28.084922
19.022902
14.044484
8.778564
7.249457
12.457938
8.570132
8.157307
10.145341
10.892841
14.874233
18.341584
18.560052
17.892614
19.339344
0.237929
0.237929
0.739810
1.930510
1.682578
2.422741
1.365843
0.193850
0.000000
0.000000
0.000000
0.001602
1.230838
1.586723
1.542761
6.436372
6.915954
10.473677
13.184341
11.794309
11.480864
8.841922
4.486308
5.148208
6.636337
6.865035
6.606467
7.316455
12.488670
9.958529
6.728623
2.364816
1.230505
3.298658
7.206653
4.568437
2.573830
2.207303
3.586472
5.284609
9.070133
14.331325
12.614212
23.146762
30.774722
31.323047
26.721533
11.960063
10.770796
8.801455
8.240580
15.433775
9.902233
8.915066
10.165971
11.730349
16.974414
21.870477
20.403613
20.164975
23.081163
0.883315
0.883315
0.445255
1.136741
0.173541
0.000040
0.017769
0.073677
0.001699
0.000000
0.000000
0.000000
0.000000
0.000000
0.066844
0.086584
3.052646
9.651713
9.338335
9.677622
11.956261
11.308664
8.064949
8.551007
9.127999
9.422209
9.806990
12.767238
12.525912
11.261647
12.086875
11.512435
9.986375
11.966346
8.904895
3.537937
3.850667
6.654586
3.618023
5.477894
13.207922
16.664000
11.760038
23.387863
35.017486
30.845847
18.015467
11.080834
12.083391
12.597778
13.495139
15.417981
12.580288
11.934373
15.360486
16.009483
18.625513
22.583700
22.845088
28.217850
30.258958
0.000000
0.000000
0.260445
0.506242
0.076101
0.002942
0.011994
0.025621
0.003319
0.000000
0.000000
0.000000
0.000000
0.000000
0.000190
0.199906
3.051144
4.332991
4.935607
7.878339
12.251917
12.694239
11.314864
11.466819
12.007870
12.140300
12.939695
14.862013
12.743398
13.721772
15.978764
15.833973
16.895984
16.526320
12.829700
10.243804
8.213560
7.245238
5.966529
10.145723
16.644936
17.845600
12.762700
29.784605
38.163309
32.636992
17.530848
16.545347
17.239186
16.393231
12.145066
14.203448
18.991547
13.869352
16.940823
18.530486
20.777575
22.583700
24.504897
29.248600
35.872941
0.520310
0.520310
0.108421
0.129571
0.065013
0.011217
0.000000
0.000000
0.000000
0.000000
0.000000
0.000000
0.000000
0.000000
0.000000
0.153179
0.511821
0.449111
4.215875
8.117548
11.099194
13.096366
13.763208
14.234133
15.042491
15.187844
14.835652
16.604431
16.081783
17.142211
18.905305
20.168313
22.537817
22.776955
19.892309
18.860917
15.716037
8.501770
13.871860
16.111927
19.749398
23.590614
20.847759
32.900272
44.148533
40.643525
23.935103
18.978239
14.725858
13.771228
13.607600
13.607600
18.072334
14.972517
18.850337
20.230764
22.516100
24.436100
25.995100
29.972795
33.714817
0.635800
0.635800
0.072943
0.046592
0.000000
0.000000
0.000000
0.000000
0.000000
0.000000
0.000000
0.000000
0.000000
0.000000
0.000000
0.000000
0.000000
0.121690
3.264553
6.333315
8.823158
11.258776
11.787213
11.123072
15.216377
16.698334
17.237439
16.449842
16.666797
18.069077
20.201772
21.347638
23.663575
25.414173
26.574883
27.370081
23.410659
15.800295
16.204984
19.656063
26.781700
29.214395
22.759100
29.408800
43.936097
43.526448
35.451058
28.303462
17.281725
13.646600
14.737700
13.920900
18.337500
15.504239
17.850325
19.178850
22.112663
24.436100
25.713300
28.516983
30.007925
0.066471
0.017613
0.000000
0.000000
0.000000
0.000000
0.000000
0.000000
0.000000
0.000000
0.000000
0.000000
0.000000
0.000000
0.000000
0.026154
1.852567
5.138530
8.291651
8.996671
9.185427
9.930728
13.573633
18.392136
18.666642
15.337869
14.981452
17.325370
21.226336
21.638895
23.359895
25.159769
29.465500
31.197619
27.695284
21.495975
16.631350
20.540555
28.544498
27.909811
20.824272
29.332613
40.596514
41.507167
39.528259
32.756250
20.224889
13.273397
14.379200
14.072900
16.938938
15.612678
17.075130
18.012100
20.941584
23.935413
23.948925
27.916605
30.185416
0.003442
0.000169
0.000000
0.000000
0.000000
0.000000
0.000000
0.000000
0.000000
0.000000
0.000000
0.000000
0.000000
0.000000
0.006188
0.022079
1.374094
5.424699
8.282613
8.234465
8.678231
9.609282
13.603109
18.656917
18.997102
14.691320
13.398837
16.573425
21.823480
21.421830
22.623537
24.415439
30.814600
33.718614
30.455489
25.040073
18.276278
21.477069
29.625564
26.436837
19.056000
29.826706
38.361708
38.516211
35.364608
29.584650
18.645408
12.817886
14.205600
14.198863
16.032362
15.505820
16.579967
17.211019
20.217438
23.931313
22.848225
28.231634
31.097834
0.000000
0.000000
0.000000
0.000000
0.000000
0.000000
0.000000
0.000000
0.000000
0.000000
0.740434
3.673983
3.260536
7.840350
10.498884
9.661042
9.806977
10.512240
12.924930
14.611439
15.634287
13.926087
12.148887
14.155427
17.941486
18.503202
19.381453
20.449734
27.930255
31.534647
26.304700
23.968877
21.767183
24.492063
28.455105
24.063738
18.867708
32.596247
33.490587
31.112795
24.912088
22.658073
16.314036
15.210236
14.718150
14.670988
15.588325
15.489023
16.607853
16.769713
20.160894
25.812862
22.792538
30.302439
33.817400
0.000000
0.000000
0.000000
0.000000
0.000000
0.000000
0.000000
0.000000
0.000000
0.000000
0.760847
5.525682
8.623331
9.352720
11.216898
10.904523
10.921437
11.226458
12.121100
12.868855
13.341000
12.466500
11.653900
12.395058
14.819277
15.600805
16.452363
16.777503
26.196836
30.772861
26.557211
26.140067
24.536530
25.975259
27.360775
24.418900
19.480016
24.927973
25.966138
25.842572
22.400291
21.416102
18.984961
19.080000
16.272500
16.272500
15.784500
15.784500
18.275275
18.631100
20.818588
24.464400
24.464400
31.985600
37.061044
0.001365
0.000000
0.243109
3.819102
10.094447
10.424100
10.854500
11.053213
11.333600
11.585975
11.968163
12.004100
11.608900
10.115200
9.770530
10.509168
12.506459
11.743018
12.104017
13.246340
20.287719
29.822047
30.846134
30.321878
26.760053
26.303150
26.591359
25.158000
21.616300
19.591005
18.743702
16.594012
16.607109
18.651663
19.366488
17.552300
16.272500
16.272500
15.784500
15.784500
18.275275
18.631100
20.818588
24.464400
24.464400
34.222800
38.125641
0.834951
0.747185
1.204027
2.870302
8.864090
10.393700
10.362300
10.707138
11.112088
11.226494
9.031048
8.414730
7.088047
5.834470
5.857478
5.895855
4.523388
2.819636
1.662077
1.565058
5.531713
15.901270
26.054366
29.608277
27.048783
22.210937
19.802562
21.077427
22.001244
18.332567
16.842162
14.498592
13.153525
15.369986
16.696566
17.386513
19.922600
20.302700
19.584900
19.584900
21.832862
22.154000
24.396088
28.132900
28.132900
39.082700
46.015875
6.792585
7.826090
10.147248
10.093863
10.024244
10.151748
10.066920
7.798197
1.917587
1.499057
0.967115
0.741285
0.676472
0.700970
0.197676
0.090198
0.050855
0.077569
0.832477
5.964394
17.436461
22.201288
23.736883
21.645031
19.606217
19.272998
17.976141
15.608116
17.064055
16.410972
12.752578
13.747058
15.686363
16.716308
19.883288
20.641825
19.584900
19.584900
22.158417
22.469344
24.854111
28.986275
28.579837
40.350637
48.405069
8.248103
8.777465
10.076844
9.857714
9.778949
9.727763
8.305342
3.388640
0.093001
0.083470
0.072083
0.010149
0.027270
0.067139
0.078041
0.077648
0.078456
0.076242
0.197888
0.806467
5.667930
16.327634
20.766761
21.091262
19.400914
18.435661
15.532792
14.126706
16.496102
17.123858
13.085609
14.097269
14.257625
15.352155
19.499150
20.854200
19.796538
19.983317
22.618189
22.911381
25.603102
29.930814
29.273213
41.484638
50.470114
9.528200
9.062203
7.656722
2.588476
0.088025
0.091432
0.073236
0.079596
0.082522
0.075247
0.141445
0.079331
0.077566
0.078731
0.168036
0.706457
4.761621
10.115868
10.670631
15.176409
18.128734
18.011941
14.671973
12.315230
12.839687
13.737153
12.240153
10.556497
12.038289
12.363091
17.023252
21.653808
21.737447
23.027944
24.498075
24.681200
27.339434
31.769825
32.785845
44.164483
58.353878
9.827582
8.665041
6.009817
1.822614
0.159062
0.089307
0.022593
0.059487
0.076318
0.096399
0.241946
0.199259
0.075757
0.106143
0.332929
1.489819
4.995062
6.406707
9.364297
11.968036
14.774362
15.049300
14.696523
12.532700
11.557200
10.419984
12.136011
12.346639
12.358789
12.352000
16.743514
26.248423
25.209942
24.825309
24.699763
24.681200
27.399875
31.931000
34.982106
45.909669
61.839259
0.000209
0.000000
0.000000
0.041235
0.078193
0.124056
0.082781
0.200892
0.576583
2.846201
6.205972
6.716656
8.323464
10.427009
12.523112
12.926300
12.892800
12.064900
10.592000
8.396782
9.358169
11.623339
11.790650
11.838900
14.198800
19.222108
25.987522
31.969628
28.956788
28.521813
31.331398
35.673308
37.612261
46.160198
61.609600
0.000000
0.000000
0.000000
0.027835
0.031811
0.082778
0.287015
0.129999
0.719007
3.873090
7.213600
7.778422
10.051684
10.383988
11.842287
12.424600
12.424600
12.723500
10.528802
7.507563
6.229159
7.196318
9.111261
8.773970
10.732500
14.576725
20.604100
28.229134
28.522273
29.255088
34.576213
41.165900
41.246644
50.458850
64.850800
0.149963
0.084206
0.568150
3.735050
8.637469
9.798749
10.164677
9.929263
11.157217
11.545350
11.135600
11.114937
9.508925
7.033606
5.664305
6.280716
7.698929
8.196295
9.631812
11.083887
17.793623
25.488527
28.104608
29.192861
35.736673
43.532338
45.502927
53.762669
72.670488
0.116453
0.469199
1.316534
3.616419
9.535788
11.165768
9.930656
10.160575
10.677784
10.953716
10.197678
9.834877
8.632508
6.554269
6.127296
6.317458
7.115722
7.756568
8.968394
9.418482
15.065025
23.390792
27.171769
29.221631
36.534084
45.261350
46.663430
55.241033
78.722470
11.953667
10.920122
9.605833
10.245556
8.411526
6.378048
4.622206
4.221045
4.354541
4.931521
6.944760
6.878164
8.686439
9.702620
11.806179
18.018137
23.513552
26.621013
36.931581
47.686233
49.408697
58.088823
89.141280
117.096567
123.340656
11.341122
9.166857
8.780265
9.244761
8.971668
7.278247
5.584339
5.641367
5.378594
4.426232
4.609746
5.190796
6.860060
6.860060
8.278631
11.365004
16.602200
20.125538
34.213280
50.548937
49.028161
62.934556
100.713492
131.983391
149.972859
7.908721
8.262090
9.123117
9.224854
4.866416
5.695236
6.857387
6.600930
5.525261
5.716809
7.058924
8.445490
10.783000
11.654587
18.038412
21.869825
36.210175
53.068934
50.032813
65.176544
100.675984
136.799953
172.679281
6.829439
7.079620
7.476520
7.851255
4.632847
4.122030
5.833503
8.199691
7.436510
7.099640
7.787290
9.459880
17.037900
15.990000
29.965425
35.508713
45.901898
54.674120
51.850369
66.596072
101.660562
152.602187
205.836859
6.228314
6.379255
3.754040
2.626259
3.234952
4.417779
6.340102
6.937245
8.025571
8.647092
14.154837
14.812586
28.549441
37.829923
52.079850
56.261281
64.814184
79.478522
108.636625
168.854781
275.285375
375.052578
428.349250
5.498445
4.978974
4.062819
3.338694
4.021639
4.975486
7.485139
8.723895
10.715890
11.946126
14.711063
15.341489
24.186537
32.101173
46.326927
47.353220
58.486498
74.314312
123.570250
226.027281
400.300969
428.208156
429.184000
9.866133
10.126887
12.244300
13.892028
16.170450
16.655834
23.079600
28.371280
37.940228
41.871481
49.967036
73.647744
138.408094
266.809734
424.972719
428.975484
427.448625
