0.572541
0.341370
0.073945
0.066280
0.012956
0.002002
0.000000
0.000000
0.000000
1.965190
2.298952
1.990514
0.517417
0.113098
0.112510
0.113352
0.107298
0.090851
0.040042
0.000000
0.000000
0.000000
0.000000
0.000000
0.000000
0.000000
2.815742
3.297906
2.394461
0.904294
0.015117
0.023828
0.111705
0.125781
0.207162
0.098815
0.078960
0.078960
0.000000
0.000000
0.000000
0.000000
0.000000
2.147413
2.664265
3.449163
4.356683
1.547717
0.259458
0.013698
0.010412
0.109734
0.144753
0.180191
0.221333
0.098163
0.097085
0.000000
0.000000
0.000000
0.000000
0.000000
0.000000
0.000000
0.000000
0.000000
2.659345
3.262141
3.547367
3.269721
1.818062
0.809594
0.070753
0.001876
0.102497
0.108650
0.133699
0.174054
0.110114
0.107944
0.039346
0.039346
0.000026
0.000026
0.000003
0.000000
0.000000
0.000000
0.000000
0.627486
1.810432
2.767744
3.360167
2.699494
2.327832
1.721383
0.833825
0.216706
0.019304
0.108104
0.109043
0.109160
0.114769
0.126974
0.108361
0.073372
0.064881
0.000058
0.000044
0.000005
0.000000
0.000000
0.000000
0.000000
0.000000
0.000000
0.762133
2.107898
2.834542
2.609117
1.931003
2.448387
1.489006
0.174397
0.830797
0.736782
0.450231
0.759955
0.381338
0.161941
0.185840
0.192943
0.114735
0.111236
0.005329
0.004879
0.000607
0.000000
0.000000
0.000000
0.000000
0.000000
0.000000
0.000000
0.000000
0.961235
2.752959
3.229980
2.512723
0.484397
0.748857
1.551088
0.678166
0.158866
0.474301
1.147266
2.505545
0.865810
0.319168
0.307828
0.383930
0.134307
0.110252
0.040641
0.038631
0.004820
0.000000
0.000000
0.000000
0.000000
0.000000
0.000000
0.000000
0.000000
0.554137
0.554137
1.186451
3.263653
2.459014
1.797261
0.214203
0.122350
0.373898
0.876885
0.453521
0.805909
0.661428
1.353863
0.832935
1.248146
0.443877
0.412322
0.281024
0.177877
0.108082
0.049250
0.004820
0.000000
0.000000
0.000000
0.000000
0.000000
0.000000
0.000000
0.000000
0.729985
0.729985
0.680851
0.986609
1.771995
0.682227
0.195597
0.754689
1.062155
1.065791
0.935120
1.242890
2.174702
2.038566
1.185486
1.382181
1.513885
1.468114
0.716817
0.401750
0.109703
0.102985
0.005845
0.000000
0.000000
0.000000
0.000000
0.018906
0.018906
0.051914
0.056630
0.071239
0.084164
0.000000
0.000000
0.603102
0.928665
1.099031
1.661889
1.260093
1.711832
2.022594
1.846266
1.863303
2.098440
2.342873
2.582385
2.763722
2.669354
2.816942
2.465729
1.450461
1.431084
0.135090
0.036236
0.061132
0.041346
0.000000
0.000000
0.000000
0.022101
0.039344
0.074182
0.100398
0.312317
0.441249
0.763640
0.763640
0.676423
1.093502
2.091302
2.555127
2.877781
3.127477
3.004093
2.562158
2.201323
2.414109
2.842408
3.158825
3.773190
4.101458
4.248166
4.108287
4.729455
6.154666
0.762420
0.943404
0.185818
0.069784
0.006268
0.006259
0.013980
0.061899
0.160465
0.220392
0.406119
2.056012
2.887815
2.558814
1.246186
0.713055
0.713055
1.170687
2.557533
4.756826
5.875377
5.626074
5.512402
4.836288
3.393807
2.003866
2.384705
3.765689
3.726476
4.538561
5.893218
7.083498
8.923782
9.222138
4.543633
4.514253
3.531297
1.569740
0.441862
0.139686
0.203333
0.461255
0.903351
1.642271
2.083692
2.263379
7.730449
9.908977
6.796004
6.721273
0.000000
0.000000
1.920061
4.666798
7.390163
8.234342
8.648358
8.370706
6.827127
4.961450
3.276484
4.212088
6.207005
4.709198
5.670752
7.151853
9.784247
11.460231
6.759382
5.600204
6.181683
5.223660
3.443158
1.611878
0.422512
0.731799
1.057008
0.971516
1.391781
2.030738
4.682127
7.339306
9.820971
7.903870
6.313987
5.411882
5.007023
5.062262
4.430114
0.663450
0.663450
2.132405
6.094217
10.157400
12.089717
14.016506
14.237400
13.128455
11.310509
8.642638
11.190294
11.680867
9.622992
9.156709
10.698661
14.204416
12.358219
8.913465
8.862210
9.436890
7.823240
5.606929
3.353734
1.153961
1.335251
2.552379
2.827379
4.820817
6.829715
10.633804
10.177533
11.765658
9.043765
9.393918
10.539091
12.109217
12.460019
12.179508
0.671820
0.671820
4.575326
9.032549
11.745600
14.368150
16.911137
17.299181
17.745906
18.378084
18.432320
18.871416
19.188053
19.207303
16.123567
15.200102
14.511381
11.474687
11.054445
11.902800
12.878406
11.368047
7.864576
6.537458
4.312652
5.759614
6.323735
4.917080
8.102402
16.846864
21.818595
21.764106
14.898436
9.999236
19.788444
21.091325
16.669945
12.582191
11.948113
16.218580
20.693858
0.000000
0.000000
3.690376
9.257472
12.617725
15.186080
18.366528
19.406572
21.058989
21.435328
21.300558
21.765772
23.022875
24.615131
21.313637
18.825112
14.950430
13.532183
14.050698
15.577425
16.303194
14.356877
10.456374
8.545948
8.338755
13.627196
7.618345
4.992340
10.965002
21.361096
25.166745
22.979105
18.136630
20.814174
29.195486
27.620520
19.819836
18.499705
20.978089
24.510748
26.408819
0.808580
0.808580
3.224738
8.862545
13.181525
15.703723
19.242880
20.412945
22.336742
22.306525
22.782455
23.115550
24.917437
25.725325
23.024445
20.714145
16.675695
15.697625
17.201270
18.882588
18.997817
16.193059
13.644339
12.930981
15.738630
18.804884
10.653302
5.447395
12.474262
23.791261
27.396728
26.545411
27.260427
29.182448
32.549758
25.545248
21.089037
20.908503
27.380889
29.796431
30.293122
27.545253
28.284525
22.183877
19.172917
17.598923
12.471688
12.370162
10.454117
8.034170
14.519901
16.064200
27.797463
37.597123
45.241020
46.633125
47.722847
49.753975
51.601833
51.813862
55.388984
1.019125
1.019125
3.159507
8.787173
13.462475
15.901691
19.242180
20.077294
21.235083
22.265250
23.649622
24.146591
24.604380
25.503877
26.566745
26.354988
25.006642
23.638145
27.474466
27.574595
23.778392
21.306383
19.843212
20.799170
18.840319
15.531981
12.594225
12.059861
12.920463
22.316431
21.830475
20.516427
20.749693
21.045984
18.415925
14.324828
18.126638
18.260611
30.552467
31.405506
30.219800
30.515175
35.499205
26.115047
23.237313
29.602303
20.004358
13.993417
10.513470
8.532322
12.218167
23.816680
38.736016
41.973353
45.022423
44.068117
41.318347
40.300237
42.387636
48.543131
43.173837
0.000000
0.000000
3.131115
8.712588
13.443400
15.970050
19.094327
20.145263
21.181469
22.111502
22.229206
21.637716
24.278913
25.859925
28.083309
29.131703
29.145383
28.896555
30.119422
27.579778
22.212848
18.046242
17.713520
19.064356
20.092548
18.228919
15.011500
14.811900
16.251500
22.395400
19.634245
9.195776
8.027438
9.494691
12.095986
15.761095
19.379200
20.450987
23.992275
24.726763
28.567570
33.063000
33.873517
29.499834
40.269825
40.258014
30.976164
25.140784
14.605862
12.084300
16.358472
29.065869
39.283481
41.634706
40.579967
34.785472
30.704977
33.969000
45.072530
54.918600
37.035164
0.961190
0.961190
2.979536
8.364540
12.855000
15.198600
16.975786
16.212455
16.608394
14.589563
13.188878
14.022964
19.689350
25.016394
28.708317
29.615956
29.804150
29.953900
30.125400
27.358864
23.947106
19.807802
19.160483
19.689873
19.091944
18.438038
16.910600
17.144600
20.753600
25.292050
23.972470
14.276959
14.330988
14.623300
15.858200
18.068300
19.816200
20.939787
24.502125
24.875937
25.740941
26.550313
26.626708
38.348853
45.926461
47.191558
40.866950
35.084312
20.949791
14.952862
13.544523
21.262416
31.680722
35.598892
30.080433
20.934795
25.608108
35.952712
47.694467
60.376584
42.354262
1.030630
1.030630
2.699380
7.398011
11.384300
12.224836
9.120957
5.896945
4.609748
0.906770
1.220879
3.185815
13.410848
22.268384
23.893670
27.063209
27.710998
28.667284
29.633367
29.345991
26.381459
25.312888
21.518227
20.668086
19.868087
19.664900
18.085900
21.731581
26.644000
31.130125
25.162664
20.711900
18.381031
17.850678
22.198100
22.198100
23.306200
23.306200
22.839737
23.553288
28.475475
32.960100
34.223400
53.549772
56.508600
59.369019
54.107144
38.824467
28.466444
22.639083
21.498903
23.766011
24.865533
22.359714
33.519191
25.774908
30.485986
36.983587
36.299987
46.470917
43.359395
0.000000
0.000000
2.179161
6.085220
10.002975
11.597651
7.489203
1.599766
0.203719
0.110988
0.274069
1.750671
9.702248
17.224855
17.984555
20.989098
24.394511
26.901800
28.961644
27.002800
25.569837
24.803972
22.526798
21.533203
20.684095
20.738837
20.579650
26.232669
30.943250
31.053653
23.869070
19.952712
17.911231
17.742200
23.539475
22.456662
23.306200
23.306200
22.839737
23.065670
28.855459
37.638100
34.229025
54.461891
57.875686
60.129820
54.667692
44.534997
32.904700
27.148648
24.804075
30.886230
26.194381
25.794481
31.868659
35.541145
41.812428
47.927291
46.127089
45.720984
47.978752
0.121373
0.121373
1.738260
4.411820
4.746834
6.799897
5.979884
2.217428
0.016958
0.045975
0.138026
1.128307
5.899284
7.207998
13.911831
17.349641
22.521277
26.789638
28.866392
26.955991
27.110158
24.240070
22.506086
22.001948
21.563230
21.832800
22.793158
29.315122
35.151223
30.486602
22.099431
20.309922
19.179688
19.179688
24.895148
22.870513
23.413050
23.528638
23.072617
23.005113
29.701492
40.862125
34.048062
54.140575
59.337041
61.086538
51.403997
34.686458
29.187320
26.843528
25.856297
34.764525
27.321188
26.538872
30.936305
34.756736
45.359011
53.240633
49.346625
48.147113
51.921763
1.473777
1.473777
1.231417
2.970630
0.758567
0.124313
0.847994
1.335877
0.002080
0.000000
0.031258
0.124187
0.572979
1.795197
5.330735
9.986880
19.495242
26.401123
29.306484
30.025002
30.285756
26.898350
23.789117
24.198141
24.790786
25.437513
27.637522
33.945867
34.168212
30.333711
27.325523
28.074148
30.163116
30.296225
26.855852
25.097448
24.530000
25.134297
24.714186
25.004664
33.218286
44.121513
33.273300
49.811564
60.026141
56.981478
41.527988
32.015847
31.631144
31.336791
31.608713
34.269863
32.328953
31.030453
36.386434
37.262175
42.639314
51.462213
53.739850
57.473575
60.816486
0.000000
0.000000
0.753388
1.486014
0.284933
0.052138
0.205933
0.332323
0.000212
0.000000
0.000000
0.041976
0.141113
0.591647
6.021567
13.069988
19.007523
20.837884
25.317687
28.285355
33.196667
31.635777
29.259563
28.635637
28.333077
29.297202
31.045114
34.047064
32.804083
36.442819
34.213863
34.731370
37.490811
38.092248
29.448403
28.109908
27.314758
25.701319
24.794062
27.632913
37.810012
46.493200
36.882500
53.329730
59.709409
56.403025
39.306811
36.630175
38.385563
38.594500
33.020594
35.273888
47.653909
37.018738
44.099537
46.209430
48.630120
51.542800
54.150400
62.185800
74.220770
0.492827
0.492827
0.324994
0.402432
0.094949
0.058880
0.000000
0.001938
0.000000
0.000000
0.000000
0.000000
0.003159
0.092377
5.306939
9.823692
13.916588
16.709139
23.000845
29.032092
35.462117
36.523925
35.634716
35.796559
35.759608
34.505908
33.322105
37.791361
37.408000
41.300875
41.033200
43.237373
46.336594
44.869586
39.718744
37.873139
31.885041
26.031825
33.335425
34.288450
40.820650
52.411959
46.393967
50.916750
61.434639
57.932392
48.067077
44.181480
38.417289
38.317000
35.996900
35.996900
44.403900
40.378200
45.411541
46.285952
48.875375
52.775000
55.228100
67.979027
69.866997
0.805446
0.805446
0.105057
0.069402
0.000000
0.000000
0.000000
0.000000
0.000000
0.000000
0.000000
0.000000
0.000000
0.000000
0.122508
0.386495
6.187862
14.209913
17.649831
24.067300
31.250633
33.806222
33.339250
33.920414
36.947159
36.061945
36.304714
35.248800
35.872700
42.155987
44.572667
45.820863
48.431575
49.691200
49.964091
50.738231
40.485731
31.519030
33.245544
36.290400
44.049637
50.667594
43.987500
47.264700
59.963214
54.624592
47.017545
40.854531
35.161527
35.814300
39.121400
38.067861
43.755500
41.387302
42.260312
42.548688
47.902063
56.558000
55.407600
64.680752
69.967300
0.097277
0.025687
0.000000
0.000000
0.000000
0.000000
0.000000
0.000000
0.000000
0.000000
0.000000
0.000000
0.025461
0.544192
5.119060
8.626511
13.902058
20.671300
25.844378
27.379375
28.148698
29.525977
33.929684
38.336894
39.185741
33.641863
33.015958
39.695652
44.781205
45.169925
48.488864
51.733762
55.131658
56.177031
47.383637
38.730373
33.354934
36.571127
43.911358
45.611241
39.383750
45.850075
54.517689
51.300189
48.023716
42.473091
35.255511
34.783613
37.106650
36.798489
42.182875
41.514123
44.410531
44.917008
49.527867
57.112750
56.747037
65.965355
71.822737
0.082789
0.000235
0.000000
0.000000
0.000000
0.000000
0.000000
0.000000
0.000000
0.008948
0.000000
0.000000
0.000000
0.051682
1.809090
4.400267
11.734359
18.643900
22.860725
24.147194
25.810195
27.118327
32.068705
38.445352
39.528989
32.343775
30.852900
37.344777
42.681605
44.034897
48.112242
53.253809
58.569689
59.423669
51.785036
43.323438
33.895534
37.030131
43.176344
41.885125
35.398987
44.941945
50.355981
47.356727
43.152352
39.241306
35.129966
34.464388
35.897800
35.897800
41.298163
41.272142
46.024969
46.723534
51.038119
58.207803
58.415125
67.834014
73.785734
0.000000
0.000000
0.000000
0.000000
0.000000
0.105041
0.186039
0.014867
0.000000
0.174920
8.788343
17.129564
15.794447
19.384205
22.377738
23.230294
25.179194
26.018175
28.763186
31.632395
32.524450
29.578112
27.757050
30.745405
35.206470
38.464111
44.438408
46.853702
58.095673
55.704162
46.785175
42.997092
39.689067
39.584652
41.685145
38.209823
34.629423
43.491937
42.218562
40.848619
40.837225
40.837595
37.439177
37.764825
36.572888
36.572888
41.925450
41.743308
48.580755
49.694666
54.978602
63.921253
64.169325
73.741281
81.512277
0.000000
0.000000
0.000000
0.000000
0.000000
0.148735
2.085531
1.034545
0.008893
0.354585
10.145189
17.422153
20.045128
21.414500
24.111200
24.693950
25.593898
25.558013
26.202488
27.352748
27.610100
26.580800
25.916400
27.182722
30.063852
32.045339
35.918119
38.265742
53.633655
55.317837
46.187200
45.594027
43.908602
43.344480
42.125511
39.441233
35.388728
38.209364
37.456900
38.083345
37.357461
39.928192
42.855294
46.207700
41.298500
41.298500
43.432200
43.432200
50.580250
51.601400
55.053688
60.807500
62.091900
77.686000
91.654887
0.374532
1.017617
9.508154
16.187842
21.027980
21.822200
24.111200
24.883738
25.855806
25.799608
25.156187
24.759000
24.040200
22.266000
21.758000
22.518112
24.414752
24.648080
27.501534
28.975261
41.123977
48.886997
49.635936
47.973028
44.912489
42.934937
41.208950
40.342200
36.630700
33.974498
31.875600
30.396106
34.527528
37.377416
40.245466
42.744200
41.298500
41.298500
43.432200
43.582525
50.601725
51.601400
56.394655
64.237944
64.345900
80.309178
92.197936
10.325830
12.285750
15.588505
17.247052
20.833100
22.021745
22.271300
23.792663
24.450842
23.692956
20.930833
19.023170
17.813772
16.373823
15.333271
15.407086
14.574092
13.446175
14.690804
18.030307
25.453320
31.676795
39.594700
46.115462
45.927134
39.527375
35.304005
36.130898
35.514802
30.321766
27.584500
27.646538
30.626703
35.386688
39.049428
41.595125
45.734600
48.714700
50.116200
50.116200
57.132212
58.128087
63.880400
73.485400
73.485400
87.776100
98.039600
18.571214
19.207792
21.362600
21.512769
22.254425
22.824936
22.398747
20.687350
16.041352
12.738155
10.804451
7.291943
5.392024
4.798136
4.261312
4.053104
4.612597
7.321104
13.780268
21.958316
32.460903
38.880955
39.291675
36.776359
33.728288
31.962834
29.685941
26.141163
27.012594
29.594452
30.836839
33.684120
36.829717
38.528411
45.619725
48.680200
50.116200
50.116200
57.934916
59.246369
66.102720
76.989712
75.430337
92.448537
104.918600
19.233989
19.803012
21.105225
21.053450
22.018837
21.985434
20.670822
18.395066
13.187468
9.960799
4.817039
5.822570
5.704762
4.440425
3.647958
3.527660
3.906804
4.813847
8.214380
11.415418
24.759320
31.878606
34.600420
34.222284
32.088534
29.686981
26.310297
24.024562
25.981744
29.971287
31.219491
36.469002
34.647122
35.807575
45.058225
48.526709
50.475963
50.724200
59.113802
60.582908
68.660458
80.490408
77.662625
96.518250
112.405563
20.463939
19.931120
18.030225
16.832722
15.694347
12.280336
7.250375
7.369792
9.935537
9.101095
7.042770
5.704717
6.277518
6.814315
8.807680
10.416364
17.487934
22.981731
25.950687
26.362352
26.530503
26.471737
23.504897
21.620975
22.561955
24.695661
26.196105
27.832098
31.121081
31.693487
41.610200
48.735127
53.191775
55.524263
64.068847
65.402405
72.719345
84.468400
85.661125
107.273234
131.151938
20.580766
20.008147
17.804803
16.833662
17.221466
11.336791
2.657178
1.631066
5.530326
10.546520
10.842051
7.799738
7.027677
8.355423
11.434900
14.108400
16.876900
18.680625
23.626131
24.319673
23.923463
23.393400
23.393400
20.362463
21.188652
24.678930
29.461648
31.106061
30.879922
30.733000
41.610200
58.049987
55.270139
59.388997
64.588225
66.525938
75.207002
86.046900
89.449700
113.623062
137.902641
0.129623
0.163884
0.892147
3.426086
9.431303
9.658942
9.493905
9.959630
16.463300
17.308600
17.196400
17.632062
17.967825
18.800363
20.200650
20.330400
20.428800
19.360600
18.515400
21.695325
26.163597
32.645159
32.059592
32.510600
37.716900
46.068486
57.524034
79.956316
69.634338
71.262288
84.979050
98.112300
104.385156
121.031469
145.029641
0.114575
0.113789
0.180482
0.398798
2.337504
6.188670
8.366414
8.366317
15.448300
17.225100
17.065200
17.458862
18.023694
17.896378
19.280175
20.003300
20.003300
19.386400
18.169400
17.973400
20.494997
22.793573
28.393959
27.499600
33.848295
40.511939
51.551300
72.667959
71.846503
74.660138
87.159425
98.112300
113.230906
127.595047
153.314000
6.418678
6.823548
11.685998
15.104537
18.539200
18.013183
17.195086
16.459847
18.558058
19.324425
18.911800
18.517853
16.452837
17.159127
18.446044
20.263139
23.819819
24.916787
28.956341
32.632075
47.846909
67.539023
75.104266
78.401427
89.022441
102.040238
120.576641
135.194328
166.863375
5.129465
7.079696
9.615983
14.136731
19.733266
18.425755
16.269214
16.381225
18.047902
18.879498
18.080786
17.117752
15.107241
16.405530
18.754502
19.932611
22.097470
23.404212
27.329525
28.715800
43.446103
62.994598
75.684894
79.435430
90.237539
104.558750
124.740266
140.288516
178.373937
16.480755
15.449791
16.647102
18.026941
16.261161
13.908764
11.675961
12.760695
14.834889
17.484131
23.811970
22.769588
27.485300
28.860450
35.928663
51.847111
66.307472
72.851983
90.590203
107.898219
132.197547
148.886469
206.984344
250.390234
271.921797
14.899306
14.444341
14.972987
16.055758
15.964598
14.858405
13.833298
14.278030
15.062903
13.941294
14.922223
16.508700
20.714900
20.714900
26.488900
34.752400
47.856744
57.290163
86.498563
114.007578
138.377984
166.647375
244.079750
289.699562
329.486625
13.120412
13.729600
15.264684
15.105797
13.136900
15.272600
18.815353
18.269402
16.149494
16.362400
20.714900
22.096600
31.514200
34.573725
50.318925
60.189738
92.940188
129.710516
136.674938
176.801484
262.584000
330.302875
596.654484
13.832937
14.043000
14.206100
14.360400
15.043100
17.028038
20.783589
26.335158
24.645483
24.430100
25.628700
25.628700
45.194300
47.512175
76.988675
88.779688
116.421875
143.907906
140.024516
186.030688
301.645344
519.287562
701.116984
14.312475
14.360400
14.616412
13.256991
14.105908
17.678339
22.308498
23.463537
25.628700
25.628700
43.486237
44.355441
75.666191
93.847070
126.389688
144.857687
172.389875
229.194141
398.660766
626.739266
708.067266
707.303578
707.370172
20.158863
22.188900
22.188900
16.047472
13.361270
15.443792
22.450733
26.143038
30.973763
32.026263
42.558088
42.558088
67.640608
85.722398
113.727133
124.120609
174.436219
254.553453
580.189391
703.596719
707.297031
707.352297
707.431703
28.441367
30.486828
34.180800
35.957912
42.644137
43.196525
64.080739
75.306619
96.884311
111.984475
142.111375
257.191297
661.727453
708.304375
707.305672
707.375578
707.446891
