0.000000
0.573322
0.313262
0.000000
2.141620
2.916615
1.187660
2.793503
0.000000
0.089724
0.665699
0.099300
0.807564
1.354316
1.389755
2.670329
0.637077
0.012236
0.280584
0.571360
3.072107
0.968755
2.511033
1.739923
0.009035
0.570435
0.000000
1.079978
1.907438
2.242084
0.551288
2.563910
0.893027
0.429802
0.224188
1.636470
3.071569
2.534793
2.534792
2.526587
0.096129
0.001507
0.799291
0.004778
3.246629
1.279272
3.240436
1.210454
0.215236
0.864075
0.620140
0.153282
2.420222
2.722364
2.456606
1.267519
0.000000
0.377862
0.391915
0.000000
1.327892
2.291640
1.852952
2.099406
4.139114
7.339744
5.067249
5.435230
13.800687
8.379450
10.182609
15.002100
4.272607
3.763479
5.987996
4.693256
7.777062
13.514150
18.122212
13.572575
4.014504
7.021038
4.091541
5.248149
11.181731
21.425887
38.647637
11.216717
3.596848
8.546825
3.337735
4.031727
10.341813
15.136497
10.762033
19.005200
6.286385
4.867196
4.018918
5.125522
15.534275
9.557580
9.415828
14.488597
4.756840
3.765668
4.936502
3.986215
12.062605
11.684172
9.150962
21.926062
5.760699
4.832061
3.620558
5.712174
27.805837
12.574050
14.587637
6.798317
3.357840
6.386051
4.584099
5.372909
36.769466
7.137215
9.134462
13.694794
0.000000
0.000000
0.045276
0.000000
1.294773
0.491129
1.198153
1.514895
0.000000
0.000000
0.000000
0.000000
0.285106
1.342670
0.688912
1.669631
0.406614
0.000000
0.000000
0.546086
1.400582
2.492589
0.478126
0.739968
0.000000
0.000270
0.000000
0.000000
1.031297
1.009522
1.321165
0.476343
0.034998
0.000000
0.000000
0.284554
2.318076
0.813421
1.708506
0.437036
0.047043
0.000000
0.309331
0.000000
0.766201
1.514873
0.561347
0.928661
0.016539
0.000000
0.043054
0.000000
2.533563
1.079790
0.175125
1.660988
0.000000
0.000000
0.000000
0.000000
0.577059
1.599228
0.371739
1.572026
3.249622
4.196125
4.884953
2.780269
7.190390
11.939881
10.640807
9.563709
1.564063
3.395425
3.535582
3.742459
12.860552
5.396799
15.793211
4.962173
3.578528
3.807210
3.281683
3.610065
7.414604
22.428050
9.105944
7.563428
3.797782
1.755495
5.656776
2.293006
10.675270
8.646484
5.821922
14.325027
3.578067
6.862366
5.609764
3.771602
9.653227
11.325708
9.257472
16.018475
3.134836
4.707178
3.013482
3.848459
8.801062
17.231275
6.221773
10.897069
5.093647
3.464412
3.961004
3.811316
7.603265
18.365462
10.831430
10.891070
4.360721
2.931785
3.687825
2.627557
6.610522
10.014646
9.830328
12.627711
1.589262
0.000000
0.000000
1.246409
2.958655
1.185149
2.853602
0.630914
0.000000
0.188899
0.000000
0.822757
1.457330
0.750435
2.452627
2.231961
0.000000
2.185380
0.000000
2.141319
2.714965
1.078502
0.442911
3.580857
1.438495
0.000000
0.000000
0.731978
2.275740
1.080035
1.764718
1.677066
0.000000
0.061306
0.595948
1.593541
1.158594
2.831235
2.110234
1.272845
0.000000
1.691451
0.008006
0.043867
2.874137
1.700026
0.541847
1.787493
0.845496
0.018085
0.000000
0.139049
0.830885
3.952544
2.517269
1.460915
0.001069
1.617978
0.111064
0.000000
3.265391
0.035341
2.615816
2.191089
4.057410
6.293057
5.656084
3.483617
10.568991
48.806537
12.650662
16.658745
4.878337
4.716214
6.993104
3.473636
11.858603
11.418687
12.167287
11.424725
2.838968
7.798011
7.351710
2.716433
15.994322
11.345900
8.576683
38.322262
3.602447
4.111022
6.521829
2.700412
6.096163
39.969025
35.384450
5.538832
4.898167
4.859236
4.218951
4.164292
9.337974
15.566362
11.150378
42.090312
5.237931
4.516840
5.973122
2.462871
24.678100
13.442105
8.858277
30.905637
5.094863
11.571412
4.610102
2.708046
10.616975
14.023787
38.445255
9.261823
3.135424
7.150769
4.689630
4.568347
5.645237
15.262975
17.575712
49.586948
0.000000
0.000000
0.000000
0.245720
2.430504
0.117987
1.359887
1.628982
0.000000
0.469293
0.000000
0.000000
0.603298
1.848998
0.609290
0.106058
0.000000
0.165293
0.000000
0.097253
1.638912
2.084941
0.211609
0.920626
0.000000
0.000000
0.000000
0.785506
1.621445
0.396928
0.811680
0.274131
0.005240
0.000984
0.000000
0.895469
0.769167
1.223855
1.282967
1.814684
0.000000
0.000000
0.000000
0.000000
1.001141
1.099670
1.377527
1.431785
0.577675
0.000000
0.006254
0.000000
3.041572
0.043534
1.817859
0.057288
0.000000
0.008858
0.000000
0.000000
0.404678
1.709208
0.558968
1.220750
3.505041
5.441613
2.730882
5.735411
6.614551
10.966025
11.753395
40.786662
4.881603
3.111828
2.737218
2.872024
18.507425
5.239223
13.009602
4.456849
2.664959
10.878775
4.487008
1.202970
46.296637
6.148681
8.242552
10.849434
2.572195
2.794072
1.507232
5.871621
7.094464
6.347196
14.796937
26.534475
3.443566
5.388227
4.117271
3.998900
7.595714
8.958423
6.962605
42.777889
6.030211
2.600546
2.390146
3.714629
8.726316
8.159550
8.091642
35.442020
3.471259
4.772502
3.378091
4.274657
9.944802
9.041184
13.036975
13.988275
4.497362
3.269731
1.317885
5.615229
10.962814
9.526549
14.332862
7.230906
0.329678
0.517477
0.000000
1.100868
1.189429
2.937482
3.277048
1.742534
0.012030
1.545033
0.000000
0.008916
2.177136
1.530556
1.462915
2.414820
0.000000
0.668948
0.923516
0.773384
2.060263
2.145377
2.946590
1.569786
0.000000
0.693607
0.007269
0.763120
1.935665
1.383223
0.777361
2.376662
0.258641
0.910815
0.996792
0.037341
1.908395
2.606540
2.934697
2.047717
0.283426
0.044070
0.208405
0.026993
2.336815
1.939729
0.518829
3.406422
1.904990
0.042839
1.382826
0.001317
3.163546
1.398121
2.294954
1.740748
0.000000
0.460142
0.000000
1.509103
0.700211
2.089390
1.172919
2.310704
5.417819
4.530210
5.197883
4.482523
43.805987
11.317320
14.510725
9.542442
5.251985
3.333008
5.669772
3.806742
10.146843
21.521900
16.264612
8.311016
5.806548
3.828601
3.582816
5.169284
8.738431
15.570312
11.419599
32.337100
5.700147
3.340539
4.885395
3.352069
7.316948
44.625300
10.113737
24.730537
3.805833
6.521378
3.995046
6.916593
8.632242
29.028350
15.199875
11.390357
3.579794
4.300010
3.444788
5.603452
44.531964
11.864056
11.550818
28.995200
5.221548
4.317847
4.976908
7.686816
13.418748
9.125607
8.940888
47.375462
5.599977
4.735711
4.125866
3.694099
12.922300
54.669487
10.033673
14.566655
0.000000
0.051673
0.000000
0.235408
0.847635
1.434268
0.492184
1.672258
0.000000
0.000000
0.000000
0.173246
1.671808
1.017288
0.169300
0.868768
0.000000
0.080273
0.000000
0.000000
2.995877
0.870129
1.701432
0.359621
0.000000
0.208966
0.000000
0.000000
1.176910
1.128902
0.608764
1.414959
0.218712
0.000000
0.000000
0.445698
1.453243
1.116574
1.078173
1.679503
0.000000
0.000000
0.105476
0.000000
1.814183
0.716048
0.726236
0.994550
0.047455
0.098899
0.000000
0.281621
1.751738
0.201051
2.032305
0.834320
0.000000
0.239425
0.000000
0.000000
1.865017
0.045258
0.989994
1.007787
3.851623
1.638550
5.063705
2.523880
10.429739
11.463197
10.734552
10.497246
2.292781
4.830856
1.558305
3.863874
34.254087
9.932900
7.149657
24.835387
2.879105
7.537992
3.373308
3.440136
17.203275
21.495812
6.850060
11.373631
2.317887
4.022052
2.460018
4.402089
9.762660
7.293712
10.495353
13.226308
4.179851
3.968127
2.776951
3.967896
7.798930
32.159400
16.421962
7.423523
2.039964
3.509407
4.828106
2.364587
6.097204
14.927116
5.596158
21.274012
6.802001
3.255428
2.850314
4.966730
12.965464
13.479698
11.360238
14.666962
4.577727
1.752342
2.350098
2.888311
9.106348
9.491140
18.605925
10.814287
0.004552
1.791482
0.092016
0.091293
3.628754
2.195757
2.253714
0.557592
0.009055
0.000000
0.047126
1.566695
1.060414
1.384779
2.577487
0.787507
0.000000
2.384056
0.000000
1.335894
0.396176
3.099596
0.511786
2.957727
0.000000
0.015415
1.268899
0.000000
2.070020
0.000000
1.869197
1.435712
0.000000
0.042756
1.732455
0.515204
3.618619
0.200096
3.006345
2.336959
0.308200
1.210192
0.000000
0.131569
1.868936
3.729634
0.490892
1.848760
0.264193
0.708273
1.867714
0.000000
0.841801
2.552384
0.888117
4.864329
1.737569
0.000000
0.390749
0.000000
1.912011
1.962821
2.064860
1.190738
3.206917
5.537077
3.623844
6.976138
40.021762
6.851708
10.288458
17.023025
3.735972
6.196698
3.280082
4.050679
23.930712
10.821716
35.454287
8.302082
2.829788
7.152948
4.182797
5.359075
45.887250
5.797295
11.455779
12.044875
7.920618
1.812652
5.035830
4.421877
8.663317
40.392967
49.758173
5.650582
5.350879
3.322829
5.041698
6.919705
10.585416
11.230866
9.745863
35.280437
6.247924
4.801291
2.425784
4.535360
9.755975
47.405789
11.472430
5.921350
3.379774
6.370722
2.877189
9.253923
9.325716
37.091648
27.112637
13.021336
2.521756
8.081755
5.778933
3.791969
61.084687
6.047057
27.319208
15.861506
0.000000
0.411958
0.935784
0.000000
1.080803
0.125742
0.293917
2.131798
0.319091
0.000000
0.000000
0.000000
0.304931
1.802906
1.447757
0.058116
0.000000
0.000000
0.501069
0.000000
1.990571
0.179656
1.510622
0.144219
0.000000
0.543533
0.000000
0.030982
0.248382
2.213894
0.267545
1.169612
0.000000
1.198394
0.000000
0.000000
0.130091
2.262238
0.755748
2.593373
0.000000
0.000000
0.000000
0.000000
0.243658
1.364768
1.263541
0.839319
0.123509
0.194329
0.000000
0.000000
0.979718
0.035953
2.025814
1.708191
0.000000
0.695848
0.000000
0.000000
0.082813
0.268642
0.998010
1.499775
3.252240
3.822549
4.103167
4.249168
6.317199
13.368364
11.340612
33.651112
5.270967
2.982985
4.061496
1.512435
12.431550
8.457891
6.777661
7.204562
4.702143
2.715683
2.928091
2.855652
8.172218
18.298612
56.470639
5.629562
1.688178
6.162208
3.576498
1.382164
5.522315
7.677142
25.084212
10.681138
3.363533
4.161467
3.051376
4.629939
12.391412
41.393820
5.773489
12.914956
4.265224
2.116881
3.723327
3.219224
8.441580
7.390980
10.379602
24.055625
3.210524
5.399985
4.273547
3.213392
10.092367
12.692211
21.590225
10.544236
1.397315
6.584325
3.305984
2.953788
8.541628
25.047130
9.717908
21.168419
0.000000
0.000000
0.000000
0.000311
0.000000
0.000000
0.000000
0.000000
0.000000
0.000000
0.000000
0.000000
0.000000
0.000000
0.000000
0.000000
0.000000
0.014765
0.000000
0.000000
0.000000
0.000000
0.000000
0.000000
0.000000
0.000000
0.058831
0.000000
0.000000
0.000000
0.000000
0.000000
0.000000
0.000000
0.000000
0.000000
0.000000
0.000000
0.000000
0.000000
0.000000
0.000000
0.000000
0.000000
0.000000
0.000000
0.000000
0.000000
0.000000
0.000000
0.000000
0.000000
0.000000
0.000000
0.000000
0.000000
0.000000
0.000000
0.000000
0.000000
0.000000
0.000000
0.000000
0.000000
0.000000
0.000000
0.000000
0.000000
0.000000
0.000000
0.000000
0.000000
0.000000
0.000000
0.000000
0.000000
0.000000
0.000000
0.000000
0.000000
0.000000
0.000000
0.000000
0.000000
0.000000
0.000000
0.000000
0.000000
0.000000
0.000000
0.000000
0.000000
0.000000
0.000000
0.000000
0.000000
0.000000
0.000000
0.000000
0.000000
0.000000
0.000000
0.000000
0.000000
0.000000
0.000000
0.000000
0.000000
0.000000
0.000000
0.000000
0.000000
0.000000
0.000000
0.000000
0.000000
0.000000
0.000000
0.000000
0.000000
0.000000
0.000000
0.000000
0.000000
0.000000
0.000000
0.000000
0.000000
0.000000
0.000000
0.000000
0.000000
0.000000
0.000000
0.000000
0.000000
0.000000
0.000000
0.000000
0.000000
0.000000
0.000000
0.000000
0.000000
0.000000
0.000000
0.000000
0.000000
0.000000
0.000000
0.000000
0.000000
0.000000
0.000000
0.000000
0.000000
0.000000
0.000000
0.000000
0.000000
0.000000
0.000000
0.000000
0.000000
0.000000
0.000000
0.000000
0.000000
0.000000
0.000000
0.000000
0.000000
0.000000
0.000000
0.000000
0.000000
0.000000
0.000000
0.000000
0.000000
0.000000
0.000000
0.000000
0.000000
0.000000
0.000000
0.000000
0.000000
0.000000
0.000000
0.000000
0.000000
0.000000
0.000000
0.000000
0.000000
0.000000
0.000000
0.000000
0.000000
0.000000
0.000000
0.000000
0.000000
0.000000
0.000000
0.000000
0.000000
0.000000
0.000000
0.000000
0.000000
0.000000
0.000000
0.000000
0.000000
0.000000
0.000000
0.000000
0.000000
0.000000
0.000000
0.000000
0.000000
0.000000
0.000000
0.000000
0.000000
0.000000
0.000000
0.000000
0.000000
0.000000
0.000000
0.000000
0.000000
0.000000
0.000000
0.000000
0.000000
0.000000
0.000000
0.000000
0.000000
0.000000
0.000000
0.000000
0.000000
0.000000
0.000000
0.000000
0.000000
0.000000
0.000000
0.000000
0.000000
0.000000
0.043843
0.364354
0.000000
0.000000
0.000000
0.000000
0.000000
0.000000
0.000000
0.000000
0.000000
0.000000
0.000000
0.000000
0.000000
0.301650
0.000000
0.492319
0.000000
0.000000
0.000000
0.000000
0.000000
0.000000
0.264535
0.000000
0.000000
0.000000
0.000000
0.000000
0.000000
0.167749
0.000000
0.000000
0.000000
0.000000
0.000000
0.000000
0.000000
0.000000
0.000000
0.000000
0.000000
0.000000
0.000000
0.000000
0.000000
0.000000
0.000000
0.093338
0.000000
0.000000
0.000000
0.000000
0.000000
0.000000
0.000000
0.000000
0.000000
0.000000
0.000000
0.000000
0.000000
0.000000
0.000000
0.000000
0.000000
0.000000
0.000000
0.000000
0.000000
0.000000
0.000000
0.000000
0.000000
0.000000
0.000000
0.000000
0.000000
0.000000
0.000000
0.000000
0.000000
0.000000
0.000000
0.000000
0.000000
0.000000
0.000000
0.000000
0.000000
0.000000
0.000000
0.000000
0.000000
0.000000
0.000000
0.000000
0.000000
0.000000
0.000000
0.000000
0.000000
0.000000
0.000000
0.000000
0.000000
0.000000
0.000000
0.000000
0.000000
0.000000
0.000000
0.000000
0.000000
0.000000
0.000000
0.000000
0.000000
0.000000
0.000000
0.000000
0.000000
0.000000
0.000000
0.000000
0.000000
0.000000
0.000000
0.000000
0.000000
0.000000
0.000000
0.000000
0.000000
0.000000
0.000000
0.000000
0.000000
0.000000
0.000000
0.000000
0.000000
0.000000
0.000000
0.000000
0.000000
0.000000
0.000000
0.000000
0.000000
0.000000
0.000000
0.000000
0.000000
0.000000
0.000000
0.000000
0.000000
0.000000
0.000000
0.000000
0.000000
0.000000
0.000000
0.000000
0.000000
0.000000
0.000000
0.000000
0.000000
0.000000
0.000000
0.000000
0.000000
0.000000
0.000000
0.000000
0.000000
0.000000
0.000000
0.000000
0.000000
0.000000
0.000000
0.000000
0.000000
0.000000
0.000000
0.000000
0.000000
0.000000
0.000000
0.000000
0.000000
0.000000
0.000000
0.000000
0.000000
0.000000
0.000000
0.000000
0.000000
0.000000
0.000000
0.000000
0.000000
0.000000
0.000000
0.000000
0.000000
0.000000
0.000000
0.000000
0.000000
0.000000
0.000000
0.000000
0.000000
0.000000
0.000000
0.000000
0.000000
0.000000
0.000000
0.000000
0.000000
0.000000
0.000000
0.000000
0.000000
0.000000
0.000000
0.000000
0.000000
0.000000
0.000000
0.000000
0.000000
0.000000
0.000000
0.000000
0.000000
0.000000
0.000000
0.000000
0.000000
0.000000
0.000000
0.000000
0.000000
0.000000
0.000000
0.000000
0.000000
0.000000
0.000000
0.031632
0.000000
0.000000
0.000000
0.000000
0.000000
0.000000
0.000000
0.000000
0.000000
0.000000
0.000000
0.000000
0.000000
0.102036
0.000000
0.000000
0.000000
0.000000
0.000000
0.000000
0.000000
0.000000
0.000000
0.000000
0.000000
0.000000
0.000000
0.000000
0.000000
0.000000
0.000000
0.000000
0.000000
0.000000
0.000000
0.000000
0.000000
0.000000
0.000000
0.000000
0.000000
0.000000
0.000000
0.000000
0.000000
0.000000
0.000000
0.000000
0.000000
0.000000
0.000000
0.000000
0.000000
0.000000
0.000000
0.222853
0.000000
0.000000
0.000000
0.000000
0.000000
0.000000
0.000000
0.000000
0.000000
0.000000
0.000000
0.000000
0.000000
0.000000
0.000000
0.000000
0.000000
0.000000
0.000000
0.000000
0.000000
0.000000
0.000000
0.000000
0.000000
0.000000
0.000000
0.000000
0.000000
0.000000
0.000000
0.000000
0.000000
0.000000
0.000000
0.000000
0.000000
0.000000
0.000000
0.000000
0.000000
0.000000
0.000000
0.000000
0.000000
0.000000
0.000000
0.000000
0.000000
0.000000
0.000000
0.000000
0.000000
0.000000
0.000000
0.000000
0.000000
0.000000
0.000000
0.000000
0.000000
0.000000
0.000000
0.000000
0.000000
0.000000
0.000000
0.000000
0.000000
0.000000
0.000000
0.000000
0.000000
0.000000
0.000000
0.000000
0.000000
0.000000
0.000000
0.000000
0.000000
0.000000
0.000000
0.000000
0.000000
0.000000
0.000000
0.000000
0.000000
0.000000
0.000000
0.000000
0.000000
0.000000
0.000000
0.000000
0.000000
0.000000
0.000000
0.000000
0.000000
0.000000
0.000000
0.000000
0.000000
0.000000
0.000000
0.000000
0.000000
0.000000
0.000000
0.000000
0.000000
0.000000
0.000000
0.000000
0.000000
0.000000
0.000000
0.000000
0.000000
0.000000
0.000000
0.000000
0.000000
0.000000
0.000000
0.000000
0.000000
0.000000
0.000000
0.000000
0.000000
0.000000
0.000000
0.000000
0.000000
0.000000
0.000000
0.000000
0.000000
0.000000
0.000000
0.000000
0.000000
0.000000
0.000000
0.000000
0.000000
0.000000
0.000000
0.000000
0.000000
0.000000
0.000000
0.000000
0.000000
0.000000
0.000000
0.000000
0.000000
0.000000
0.000000
0.000000
0.000000
0.000000
0.000000
0.000000
0.000000
0.000000
0.000000
0.000000
0.000000
0.000000
0.000000
0.000000
0.000000
0.000000
0.000000
0.000000
0.000000
0.000000
0.000000
0.000000
0.000000
0.000000
0.000000
0.000000
0.000000
0.000000
0.000000
0.000000
0.000000
0.000000
0.000000
0.000000
0.000000
0.000000
0.000000
0.000000
0.000000
0.000000
0.000000
0.000000
0.000000
0.000000
0.007608
0.000000
0.000000
0.000000
0.000000
0.000000
0.000000
0.000000
0.000000
0.747272
0.000000
0.000000
0.000000
0.000000
0.000000
0.000000
0.000000
0.000000
0.000000
0.000000
0.000000
0.000000
0.000000
0.116161
0.001185
0.000000
0.000000
0.000000
0.000000
0.000000
0.000000
0.000000
0.000000
0.000000
0.000000
0.000000
0.000000
0.000000
0.000000
0.000000
0.000000
0.000000
0.399684
0.000000
0.000000
0.000000
0.000000
0.000000
0.000000
0.000000
0.000000
0.000000
0.000000
0.000000
0.000000
0.000000
0.000000
0.000000
0.000000
0.000000
0.000000
0.000000
0.000000
0.000000
0.000000
0.000000
0.000000
0.000000
0.000000
0.000000
0.000000
0.000000
0.000000
0.000000
0.000000
0.000000
0.000000
0.000000
0.000000
0.000000
0.000000
0.000000
0.000000
0.000000
0.000000
0.000000
0.000000
0.000000
0.000000
0.000000
0.000000
0.000000
0.000000
0.000000
0.000000
0.000000
0.000000
0.000000
0.000000
0.000000
0.000000
0.000000
0.000000
0.000000
0.000000
0.000000
0.000000
0.000000
0.000000
0.000000
0.000000
0.000000
0.000000
0.000000
0.000000
0.000000
0.000000
0.000000
0.000000
0.000000
0.000000
0.000000
0.000000
0.000000
0.000000
0.000000
0.000000
0.000000
0.000000
0.000000
0.000000
0.000000
0.000000
0.000000
0.000000
0.000000
0.000000
0.000000
0.000000
0.000000
0.000000
0.000000
0.000000
0.000000
0.000000
0.000000
0.000000
0.000000
0.000000
0.000000
0.000000
0.000000
0.000000
0.000000
0.000000
0.000000
0.000000
0.000000
0.000000
0.000000
0.000000
0.000000
0.000000
0.000000
0.000000
0.000000
0.000000
0.000000
0.000000
0.000000
0.000000
0.000000
0.000000
0.000000
0.000000
0.000000
0.000000
0.000000
0.000000
0.000000
0.000000
0.000000
0.000000
0.000000
0.000000
0.000000
0.000000
0.000000
0.000000
0.000000
0.000000
0.000000
0.000000
0.000000
0.000000
0.000000
0.000000
0.000000
0.000000
0.000000
0.000000
0.000000
0.000000
0.000000
0.000000
0.000000
0.000000
0.000000
0.000000
0.000000
0.000000
0.000000
0.000000
0.000000
0.000000
0.000000
0.000000
0.000000
0.000000
0.000000
0.000000
0.000000
0.000000
0.000000
0.000000
0.000000
0.000000
0.000000
0.000000
0.000000
0.000000
0.000000
0.000000
0.000000
0.000000
0.000000
0.000000
0.000000
0.000000
0.000000
0.000000
0.000000
0.000000
0.000000
0.000000
0.000000
0.000000
