0.000000
3.957947
3.181030
0.665564
7.464848
13.510563
5.769482
10.723463
0.395110
1.405016
5.461035
3.115303
5.989906
7.144867
8.785119
10.373200
3.842516
1.640850
3.857161
3.779828
15.953597
5.310423
9.692803
6.692531
2.830161
2.353670
0.315475
7.006985
9.206603
9.442194
3.653263
9.112725
4.615230
3.854463
2.265296
7.063791
11.142708
9.875444
8.261063
9.711344
1.495593
2.508685
4.873385
1.357011
14.855005
6.648181
15.592078
6.063831
3.229993
5.028833
4.368485
3.408356
8.994425
14.130402
8.433619
5.191722
0.738915
4.658669
4.025199
0.780823
6.621615
11.771720
6.843848
8.426475
16.817725
26.070736
23.934011
24.803355
59.151755
40.763578
48.691719
76.626005
22.829975
19.374300
30.393338
23.287217
38.791875
79.736075
70.565578
48.250206
18.645081
25.885872
19.169713
20.541650
62.907956
124.018672
99.473481
39.102484
19.728275
34.803225
15.220958
21.381888
56.720369
87.907505
43.264716
51.602395
28.137092
23.551519
14.506263
23.552050
72.127125
39.928700
49.738391
69.682975
25.961945
20.536813
26.877561
22.365466
59.780466
56.269461
39.514583
94.900853
29.317067
20.854447
12.411450
22.725184
85.294881
42.243000
77.284897
47.812200
15.484291
30.927600
17.036147
29.514791
96.906505
41.038900
39.864475
90.039666
0.408798
0.723521
2.724296
1.132699
7.010906
5.519091
7.128376
8.130535
0.348160
2.153867
0.560763
1.384200
4.387209
8.050955
5.147909
7.977740
3.152100
0.409043
2.117072
5.296129
7.944969
11.399789
3.823492
4.662819
1.153641
1.464240
1.039475
0.942283
5.295436
7.606245
8.294142
4.573391
1.364953
0.440364
1.912346
4.354603
12.612008
6.948304
7.377218
2.897010
1.810811
0.379706
4.979773
0.240149
5.337148
8.925813
4.749022
6.186691
2.159028
0.260510
3.149560
1.737761
12.855889
6.781292
2.640025
6.984837
0.627628
1.111493
1.419391
0.955431
6.160106
7.091348
2.829070
6.098616
15.158900
23.456750
28.150175
12.979288
36.755323
56.425114
57.571592
45.953231
9.335513
21.060200
18.416262
18.973275
60.331158
33.026938
82.163006
28.721514
19.080145
17.939825
16.332327
16.793925
34.479075
71.355420
63.754462
42.794775
20.591878
9.809963
28.310763
9.484724
59.944938
33.292887
32.360483
93.486839
18.236075
33.826458
27.195287
22.344711
53.593992
58.093158
46.209430
67.411592
13.164850
21.236370
17.824506
26.455984
41.484403
70.276336
27.686344
72.285019
23.779119
17.992552
28.334000
16.829813
45.633088
69.761441
50.416747
51.074998
25.546200
12.308070
24.324863
13.667338
34.052611
76.386822
41.815402
46.950936
8.957663
2.045411
0.667712
4.996889
16.844677
6.310810
10.569219
4.838780
0.689317
1.984891
2.461589
6.281101
5.360293
4.466380
10.119156
12.901639
1.526743
8.756091
1.250271
11.543027
9.253888
6.399757
4.134720
19.787169
10.226327
0.493683
2.120300
3.864574
14.370772
5.281754
5.655241
7.570872
1.331478
3.856612
3.464303
7.048709
5.828557
10.594802
9.047031
6.593128
0.420458
11.893773
1.223730
3.282848
16.956630
5.771250
5.258690
6.852158
4.130302
3.187867
1.867041
2.531684
5.025690
14.259639
14.033517
7.102669
3.166241
10.172186
2.741608
0.733171
10.313789
2.080812
10.664713
11.844672
19.535670
35.464061
30.477700
11.432680
66.193512
99.338114
39.077203
100.738378
29.959000
21.645652
30.058869
16.459400
37.764989
77.748475
84.666414
37.858966
10.648000
21.595964
24.867480
10.848747
103.093672
26.564108
56.251713
78.425814
17.079042
18.919038
22.298000
12.210563
38.088575
90.278447
67.526822
33.196300
17.622689
20.447888
23.830000
22.752986
51.899700
110.448281
32.151448
102.996766
22.578350
19.177428
36.683030
7.960477
60.628673
84.455200
53.302283
56.136845
18.672994
28.909539
20.349822
11.786863
34.383145
103.759766
70.144512
58.935900
11.542688
26.340277
29.239450
17.327370
36.302400
123.884703
48.854008
70.533408
0.283573
2.825524
1.422290
4.730736
11.078575
2.385325
5.528820
12.262888
1.241047
4.232327
0.417417
0.863916
4.530914
5.899328
4.674324
2.043027
0.273051
3.276879
1.066987
4.702207
12.253219
4.911685
3.917321
5.261954
0.435697
0.476910
2.195227
3.620554
5.261981
4.419938
4.512942
3.112788
2.523150
3.004267
0.249908
5.777496
5.019409
5.217478
8.440190
11.172003
2.432225
0.582316
1.129568
0.921420
5.578087
7.265335
8.301396
5.220630
4.172852
1.759437
2.867962
0.921150
13.708731
3.049563
5.867935
2.084421
0.626169
2.066556
0.981842
1.728420
3.544648
4.097423
5.379758
4.818840
18.339225
22.046261
10.878331
24.136225
39.877575
78.703281
41.717653
95.158041
20.124605
13.024112
10.730181
16.503100
59.187331
34.206400
43.027308
27.709305
9.289431
29.039017
24.596025
6.269048
112.434109
43.434400
30.030112
95.676450
15.989938
9.454492
9.192091
19.773594
55.748200
41.050627
31.881191
42.093300
15.650378
32.229481
18.939937
21.226725
54.996700
66.550172
26.415728
110.235531
26.198533
11.083537
12.008300
28.857100
53.941066
34.543050
57.620766
65.284430
12.664050
18.488794
21.490300
14.574750
31.062244
74.535945
35.312670
123.787563
25.538050
11.659400
7.227484
17.053800
35.861791
85.521928
31.263191
45.211523
3.901872
3.475012
0.685925
5.424104
5.633760
12.809475
10.415850
7.736137
2.474006
7.796420
0.558553
0.911292
12.106966
5.974571
8.218923
9.073088
1.444649
4.253808
4.949412
4.605712
9.270908
8.419781
10.138113
6.597003
0.544732
5.407096
0.808693
6.396923
8.963994
8.079362
4.855018
7.649563
3.939804
4.903989
4.899705
1.335541
7.531819
12.278600
9.989638
8.208081
3.210078
1.614702
1.167555
3.175603
8.398988
9.794283
2.560838
13.441264
7.790535
3.446665
6.140908
1.123684
11.834933
8.020589
8.756943
7.251244
0.886893
4.161707
0.315314
7.818881
4.144793
7.578198
6.758130
15.864634
29.361345
18.484819
25.937711
18.766938
116.465375
53.351916
85.665236
38.409909
22.337930
17.482252
30.659719
18.228731
48.760086
85.257000
54.053809
52.578141
26.031997
15.124563
13.705181
33.688200
38.965128
100.708422
53.465567
74.432134
27.936494
11.497013
25.563688
15.047572
46.992500
77.379556
60.648148
71.746850
19.949650
25.673286
20.852138
26.762122
27.950031
94.299548
100.507123
53.985809
17.244300
25.216309
21.416678
19.948025
122.852422
70.568394
40.457486
108.114219
26.983675
16.131116
20.724731
31.278383
68.410780
65.054600
43.562158
96.686825
23.833538
28.422306
28.057200
14.338386
60.823148
130.986266
36.760755
119.122563
0.376933
1.695279
1.532276
4.382873
4.897080
8.064419
4.237252
9.878050
0.981595
0.499958
0.336306
2.282143
8.935073
5.602620
2.561463
6.540614
1.721365
3.151390
0.534278
0.613905
12.733491
6.757737
7.287633
2.187920
0.289296
3.705713
0.363255
0.972312
7.803034
5.136734
4.313994
6.272176
1.800460
1.429156
2.436120
2.635045
7.610983
6.866039
7.466900
7.832899
0.478157
1.352877
3.009387
0.259061
7.820918
6.615754
4.578338
7.455715
2.280685
4.346518
0.328035
2.617343
8.580988
1.970130
10.361513
5.647469
0.444531
3.000639
0.269007
0.466932
7.559758
2.003024
5.177371
8.791783
23.516042
8.447781
22.429813
11.728994
54.600548
63.467462
45.327998
68.243430
14.513963
24.290363
9.437163
16.305675
120.179078
40.870163
47.603300
89.566231
12.683663
35.076597
22.913100
13.042942
68.216470
68.677000
41.025428
52.223197
10.073881
33.593375
11.966737
18.094978
36.622367
55.927583
49.650645
72.393717
18.530486
15.684038
15.654213
28.422900
44.683477
96.992450
82.530772
25.773578
8.657300
29.172838
21.591522
16.123587
38.720469
76.538225
21.405614
97.437895
32.572878
10.923338
14.916475
24.734339
55.210123
100.803234
49.662980
55.022988
18.524017
8.380669
20.261413
15.958800
45.012408
72.509630
53.991270
46.868739
2.531530
10.159358
1.886811
2.769410
18.267713
10.922206
8.937558
4.503823
2.697109
1.027447
1.636879
10.324614
5.006725
5.702939
16.282905
5.890333
2.325824
9.965342
0.620933
4.924663
3.957725
18.303541
5.016718
7.910014
2.443670
3.820935
9.573986
0.794675
5.180238
1.814113
13.317170
7.133739
1.725521
2.035587
7.094454
2.213235
10.866569
3.201937
17.281328
7.653760
3.632374
6.958322
0.671976
4.440174
6.301466
15.093330
4.024747
7.998720
4.680666
4.242164
9.274203
1.129215
5.167687
13.275153
5.655681
17.977161
11.210091
2.581038
2.469979
1.166334
8.228136
14.901947
6.109365
7.112629
15.580200
22.658531
11.958739
24.060445
72.768552
53.494842
38.043384
113.515844
15.827091
27.983425
22.027237
11.412762
53.281831
55.667978
95.030941
61.715800
11.838900
23.506430
11.945600
21.322725
91.322391
43.140800
65.976130
38.196775
30.213105
7.418609
32.497888
17.640813
53.921259
53.849856
123.976156
39.080500
36.609463
10.612219
19.859825
24.519448
58.138303
91.782742
35.395483
63.365813
20.441775
25.793450
9.928800
19.723538
37.681233
89.276423
52.229531
44.249456
10.936538
23.099033
13.812438
21.213603
45.425383
93.328270
46.541138
109.080391
12.434330
25.608030
24.543427
13.522100
75.370606
49.090300
70.529634
111.410703
0.358611
4.098701
6.615519
1.052332
4.597363
2.948385
4.005833
9.291675
5.260191
0.430285
0.738950
2.033551
3.048022
8.443468
5.393189
1.893156
1.834666
0.919801
5.370614
1.527005
6.072283
4.282186
6.408903
2.601423
0.349060
3.282044
1.102499
2.997261
3.640843
8.563796
3.343778
3.662087
0.954397
6.749608
1.149799
0.574651
2.175027
5.816123
5.166453
8.880056
1.802361
1.241173
1.200709
0.426681
2.936249
4.616496
5.760990
6.698759
2.831715
4.271471
2.354197
0.948473
6.490030
1.486396
10.005045
5.265349
2.510536
3.321396
0.951471
0.434476
2.144672
3.896101
4.953168
4.700317
22.236575
15.047487
18.875438
18.616336
48.302588
107.118719
44.469838
50.026953
19.883837
14.007289
19.688556
9.613094
32.480578
51.794603
33.126497
55.818106
21.218291
7.260856
16.250775
12.303288
68.118453
49.217900
116.996547
27.967700
10.196727
20.855862
16.220061
9.401391
31.546648
73.421622
38.524789
30.068102
14.804219
20.180581
8.830513
36.290103
29.207637
119.795219
42.824200
97.338400
18.978888
9.848656
21.978703
11.746112
70.666125
35.536692
54.766630
49.885872
16.185095
24.732388
12.066762
22.875425
88.552627
41.513141
45.465527
56.385691
8.106599
20.084470
13.208037
24.634412
88.151591
33.111720
62.837991
51.027759
0.126757
0.410683
0.528696
1.910667
0.045770
0.021237
0.238617
0.051421
1.759375
1.091543
0.055262
0.431186
0.446355
0.186447
0.024434
0.016062
0.744783
1.264403
0.174999
0.659856
0.020573
0.097806
0.084666
0.031734
0.188782
0.740152
3.156611
0.070240
0.039838
0.013202
0.328366
0.071486
0.275055
0.211392
0.870464
0.064218
0.052636
0.047242
0.031152
0.037592
0.478298
0.502465
0.146361
0.692837
0.016632
0.150664
0.012305
0.257838
0.387243
0.557776
0.355659
0.373443
0.026796
0.033557
0.032283
0.374162
1.485141
0.056070
0.190292
0.774197
0.071981
0.033103
0.135389
0.019143
0.027775
0.006069
0.008568
0.009828
0.000000
0.004435
0.000000
0.000000
0.014388
0.009281
0.009422
0.007852
0.005873
0.000000
0.000000
0.000000
0.023197
0.004889
0.012026
0.004016
0.000514
0.000000
0.000000
0.000044
0.011073
0.006177
0.010817
0.024618
0.000000
0.000279
0.000000
0.000000
0.006479
0.010561
0.027790
0.002831
0.000000
0.002039
0.000459
0.000000
0.006553
0.027388
0.013710
0.010370
0.000000
0.000000
0.000198
0.000000
0.002828
0.015931
0.050054
0.011890
0.000000
0.000472
0.000000
0.010442
0.040022
0.000736
0.020090
0.002914
0.000000
0.012223
0.002128
0.000000
0.382519
0.323260
0.038413
0.298947
0.054893
0.020469
0.019525
0.038300
0.203576
0.060762
0.233212
0.060627
0.028629
0.013469
0.021202
0.012390
0.067611
1.249946
0.232047
0.036997
0.016957
0.013647
0.023229
0.205111
0.129157
0.034585
0.116863
0.069544
0.030089
0.012738
0.012854
0.035741
0.077843
0.881649
0.171092
0.045718
0.011781
0.027613
0.047554
0.039487
0.039870
0.192503
0.035435
0.274954
0.025107
0.012983
0.028133
0.015735
0.108982
1.955068
0.103352
0.059056
0.013104
0.016441
0.052964
0.027964
0.188551
0.044573
0.045997
0.175969
0.017241
0.014000
0.023770
0.018800
0.008883
0.004778
0.007107
0.011591
0.000000
0.000000
0.000000
0.000000
0.012220
0.000687
0.005112
0.007977
0.000000
0.000000
0.000000
0.001308
0.006229
0.013048
0.011838
0.007503
0.000205
0.000000
0.000000
0.000000
0.002721
0.009883
0.000000
0.014783
0.000000
0.000000
0.000045
0.000000
0.009234
0.000000
0.002908
0.007772
0.000000
0.000000
0.000000
0.000000
0.008937
0.001217
0.007418
0.000000
0.000000
0.000000
0.000000
0.000000
0.009540
0.007506
0.009427
0.008122
0.000000
0.000000
0.000000
0.000000
0.000974
0.012079
0.001054
0.008737
0.000000
0.000000
0.000000
0.000000
0.084556
1.700807
3.414154
0.510002
0.029046
0.053805
0.046987
0.131112
1.136186
1.274827
1.150551
0.088266
0.292473
0.181617
0.012293
0.048816
2.635622
0.160981
2.541384
0.129307
0.060496
0.023921
0.205066
0.025215
0.057810
4.357763
1.423344
0.626351
0.053724
0.107843
0.100793
0.014969
1.832406
0.299819
0.934364
0.216111
0.049463
0.053534
0.089677
0.094967
2.275203
0.067196
1.586420
0.152642
0.019770
0.226069
0.031947
0.117544
0.726203
1.239489
1.320501
1.361836
0.154253
0.038556
0.078904
0.026796
0.684953
0.202745
1.088304
1.334188
0.039542
0.468103
0.011254
0.030503
0.020459
0.000008
0.007605
0.032931
0.000000
0.000000
0.000000
0.000020
0.015961
0.012957
0.008148
0.001332
0.001569
0.002305
0.000000
0.000000
0.030462
0.008417
0.006741
0.011917
0.000000
0.002467
0.000000
0.000000
0.012414
0.000000
0.010299
0.051052
0.003246
0.000000
0.000000
0.015123
0.016982
0.008827
0.017195
0.017305
0.005292
0.000000
0.002197
0.000000
0.011559
0.011343
0.003391
0.053420
0.000000
0.000000
0.000000
0.000000
0.021138
0.000000
0.009364
0.040026
0.001957
0.000000
0.000000
0.005069
0.031118
0.004619
0.007444
0.015793
0.013736
0.000000
0.000000
0.000000
0.708057
0.087440
1.129578
0.080792
0.010983
0.027082
0.030278
0.035222
0.192830
0.051287
0.132919
0.117228
0.036301
0.025479
0.014758
0.023235
1.687556
0.589325
0.103290
0.201278
0.035149
0.036967
0.018411
0.049954
0.267965
1.638558
0.169385
0.065076
0.029784
0.014145
0.051401
0.016088
0.177302
0.069952
2.211595
0.044141
0.014586
0.060423
0.012361
0.026971
0.133116
0.121250
0.153677
0.038616
0.029570
0.011307
0.012329
0.033483
0.053370
1.654457
0.637574
0.520936
0.016561
0.052042
0.035611
0.027740
0.078272
0.138906
0.095861
0.225935
0.014582
0.052429
0.013459
0.035462
0.009250
0.008819
0.019394
0.000952
0.000000
0.000000
0.000000
0.000000
0.001454
0.009353
0.006834
0.008970
0.000000
0.000000
0.000000
0.000000
0.023071
0.000000
0.000029
0.009079
0.000000
0.000000
0.002917
0.000000
0.008747
0.018788
0.009886
0.000025
0.000000
0.000000
0.000000
0.000000
0.014468
0.000000
0.014979
0.000147
0.004420
0.000000
0.002202
0.000000
0.000000
0.015965
0.009117
0.000106
0.000000
0.000000
0.000000
0.000000
0.004984
0.011006
0.001822
0.014730
0.001255
0.000000
0.000000
0.000000
0.000000
0.008249
0.010761
0.000000
0.000000
0.000000
0.000000
0.000000
0.254109
0.347589
1.994101
0.166525
0.192274
0.046931
0.027583
0.031360
0.325249
0.048529
1.726529
0.543954
0.017520
0.284280
0.074878
0.023534
1.517161
0.771910
0.092990
0.500116
0.060180
0.041445
0.016347
0.302415
1.586101
0.042165
1.509786
0.066988
0.044906
0.015147
0.454614
0.065294
0.233242
0.397022
0.210918
1.345303
0.045174
0.045937
0.074941
0.030280
0.376373
0.416010
0.879483
0.239721
0.096422
0.025000
0.510325
0.014734
0.085331
0.289099
0.386025
1.694478
0.035992
0.235512
0.022338
0.188053
1.318593
0.092015
2.885590
0.053685
0.342306
0.104787
0.027066
0.020834
0.015272
0.019553
0.006086
0.012250
0.000000
0.000192
0.000000
0.005997
0.018403
0.009638
0.011276
0.012442
0.000000
0.000000
0.000000
0.007213
0.009414
0.011225
0.031589
0.015233
0.002939
0.000000
0.000011
0.000000
0.007075
0.054429
0.000936
0.028410
0.010262
0.000000
0.000000
0.000000
0.015757
0.011456
0.010019
0.007843
0.006469
0.000000
0.000000
0.000066
0.011762
0.020186
0.008955
0.010726
0.000000
0.000000
0.000167
0.000000
0.000616
0.015138
0.013939
0.006380
0.000000
0.000377
0.000344
0.000000
0.009408
0.007566
0.021132
0.011903
0.000000
0.000000
0.004987
0.000000
0.488954
0.231499
0.275195
0.033995
0.022635
0.027722
0.041040
0.014833
0.075178
0.146449
0.265534
0.038531
0.014347
0.021066
0.038596
0.014912
0.134039
0.045475
1.499915
0.182076
0.012518
0.032565
0.039629
0.025414
0.367548
0.052722
0.214406
0.077967
0.013694
0.025261
0.017509
0.020692
0.147891
0.146158
0.175550
0.117050
0.032511
0.028257
0.016660
0.040947
0.148543
0.050312
0.045203
0.301319
0.013451
0.020759
0.024988
0.013799
0.029363
0.118369
1.213513
0.060685
0.015938
0.036583
0.013953
0.173715
0.208848
0.051281
0.401861
0.119713
0.013590
0.031754
0.039312
0.011777
0.004688
0.014665
0.010092
0.011707
0.000000
0.000000
0.000000
0.000000
0.008543
0.000506
0.012125
0.007637
0.000000
0.000000
0.000000
0.000000
0.010855
0.000000
0.007074
0.017708
0.000000
0.000000
0.000000
0.000129
0.009634
0.000000
0.012147
0.002771
0.000000
0.000000
0.000000
0.000000
0.009390
0.014716
0.008947
0.002342
0.000000
0.000000
0.000000
0.007746
0.011120
0.000000
0.006830
0.007558
0.000000
0.000000
0.002253
0.000000
0.000000
0.023522
0.013380
0.007953
0.000000
0.000000
0.000000
0.000000
0.004036
0.010670
0.003191
0.009544
0.000000
0.000000
0.000000
0.000000
0.733298
0.107114
1.528529
0.556159
0.031797
0.098291
0.102890
0.163846
0.630595
2.001742
1.352881
0.067370
0.193640
0.274027
0.022110
0.025577
2.063220
0.161883
4.517360
0.432083
0.263125
0.039999
0.095288
0.092236
1.299177
0.301634
0.160346
2.085075
0.067373
1.268016
0.057443
0.017682
1.573774
1.261663
0.146916
1.133359
0.015485
0.489584
0.026443
0.122250
0.514546
0.209284
1.995128
0.058734
0.175556
0.017190
0.311260
0.015961
0.102709
1.037054
0.161296
3.857544
0.295571
0.075780
0.060038
0.031435
0.093300
1.696213
0.956824
1.419916
0.102382
0.046391
0.130528
0.020700
0.011076
0.011337
0.019011
0.010219
0.000000
0.004091
0.000416
0.000000
0.010230
0.002115
0.021606
0.037477
0.000000
0.006798
0.000000
0.000000
0.035201
0.006123
0.032262
0.008030
0.000000
0.000000
0.001490
0.000743
0.005450
0.035209
0.000000
0.015893
0.000000
0.000000
0.000000
0.012023
0.000000
0.035700
0.017333
0.008785
0.000000
0.000000
0.000258
0.000000
0.009605
0.007347
0.058432
0.010188
0.003222
0.000000
0.003871
0.000000
0.017829
0.006753
0.015134
0.007780
0.006473
0.000000
0.000000
0.000000
0.003219
0.005195
0.010603
0.032219
0.000000
0.009661
0.000000
0.000000
0.608043
0.224886
0.040337
0.735105
0.070149
0.019787
0.026457
0.019918
0.045183
0.719722
0.070350
0.122177
0.018381
0.015694
0.024880
0.027160
0.347918
0.326493
0.126270
0.148173
0.034646
0.027979
0.022575
0.068787
0.598653
0.078028
0.070138
0.130334
0.018241
0.017746
0.016105
0.045501
0.114142
0.060014
0.657114
0.312988
0.056510
0.029652
0.034268
0.012831
0.039692
0.194705
0.206747
0.200127
0.020679
0.022700
0.028824
0.011284
0.358461
0.113594
1.038945
0.124858
0.016092
0.032570
0.017768
0.123807
0.119531
0.077862
0.052233
0.421429
0.028172
0.015812
0.045932
0.028365
0.000000
0.016743
0.006923
0.012461
0.005094
0.000000
0.000000
0.000000
0.004945
0.008230
0.008780
0.005389
0.000000
0.000000
0.000000
0.000000
0.003004
0.031530
0.012405
0.005591
0.000000
0.000000
0.000000
0.007783
0.009757
0.000924
0.004189
0.005673
0.000000
0.000000
0.000000
0.000000
0.012950
0.008407
0.022363
0.000000
0.000205
0.000000
0.000000
0.000000
0.008301
0.008117
0.001524
0.014792
0.000000
0.000000
0.000000
0.000000
0.008285
0.008225
0.019126
0.000000
0.000000
0.000000
0.000000
0.000072
0.010181
0.000000
0.012641
0.001199
0.000000
0.000000
0.000000
0.000000
