0.062470
0.062448
0.027619
0.000000
0.000000
0.000000
0.000000
0.000000
0.000000
0.189596
0.242113
0.221539
0.102090
0.013750
0.000000
0.000000
0.000000
0.000000
0.000000
0.000000
0.000000
0.000000
0.000000
0.000000
0.000000
0.000000
0.303253
0.356608
0.265207
0.113319
0.015921
0.000000
0.000000
0.000000
0.000000
0.000000
0.000000
0.000000
0.000000
0.000000
0.000000
0.000000
0.000000
0.244634
0.328101
0.422209
0.533769
0.153099
0.056954
0.004976
0.000000
0.000000
0.000000
0.000000
0.000000
0.000000
0.000000
0.000000
0.000000
0.000000
0.000000
0.000000
0.000000
0.000000
0.000000
0.000000
0.348303
0.449086
0.534380
0.442971
0.228595
0.106770
0.029761
0.004754
0.000000
0.000000
0.000000
0.000000
0.000000
0.000000
0.000000
0.000000
0.000000
0.000000
0.000000
0.000000
0.000000
0.000000
0.000000
0.095034
0.269964
0.429761
0.548320
0.281952
0.265345
0.167952
0.110907
0.099471
0.019104
0.000072
0.004356
0.000619
0.000732
0.001220
0.000000
0.000000
0.000000
0.000000
0.000000
0.000000
0.000000
0.000000
0.000000
0.000000
0.000000
0.000000
0.141773
0.391839
0.516639
0.441306
0.228888
0.351120
0.204301
0.096214
0.123717
0.109218
0.101260
0.100974
0.022096
0.021518
0.019261
0.006863
0.000000
0.000000
0.000000
0.000000
0.000000
0.000000
0.000000
0.000000
0.000000
0.000000
0.000000
0.000000
0.000000
0.197919
0.571472
0.691989
0.415843
0.108009
0.150769
0.233053
0.131176
0.090628
0.101580
0.112696
0.210621
0.095587
0.095695
0.089741
0.068094
0.000622
0.000000
0.000000
0.000000
0.000000
0.000000
0.000000
0.000000
0.000000
0.000000
0.000000
0.000000
0.000000
0.134856
0.134856
0.241763
0.700426
0.396210
0.283717
0.102235
0.095672
0.102344
0.125031
0.108173
0.158249
0.101955
0.114048
0.104501
0.101722
0.096413
0.095311
0.094375
0.000542
0.000000
0.000000
0.000000
0.000000
0.000000
0.000000
0.000000
0.000000
0.000000
0.000000
0.000000
0.135506
0.135506
0.149833
0.196397
0.278754
0.143138
0.097720
0.131080
0.156282
0.166621
0.218117
0.206765
0.397472
0.337690
0.175622
0.123696
0.102350
0.097431
0.095329
0.047150
0.000000
0.000000
0.000000
0.000000
0.000000
0.000000
0.000000
0.000000
0.000000
0.000000
0.000000
0.000000
0.000000
0.000000
0.000000
0.130434
0.209113
0.188959
0.222125
0.175723
0.327112
0.339700
0.286514
0.313068
0.349937
0.376308
0.492410
0.424552
0.290786
0.190086
0.104903
0.096714
0.090617
0.000000
0.000964
0.050945
0.036028
0.000000
0.000000
0.000000
0.000000
0.000000
0.000000
0.000000
0.000000
0.000000
0.202529
0.202529
0.148724
0.281035
0.439953
0.460186
0.637054
0.647576
0.510933
0.365555
0.326612
0.398815
0.497281
0.584522
0.621902
0.579369
0.344798
0.131370
0.301645
0.473212
0.158069
0.154275
0.098486
0.063189
0.000063
0.000000
0.000000
0.000000
0.000000
0.000000
0.000000
0.000000
0.000000
0.000000
0.000000
0.221452
0.221452
0.261120
0.668104
0.887206
0.994006
1.229683
1.149622
0.691633
0.444663
0.311497
0.329987
0.639132
0.740371
0.897607
0.958368
0.673646
0.909309
1.490882
0.449349
0.911764
0.639023
0.364290
0.151851
0.063696
0.001505
0.000000
0.000000
0.000000
0.000000
0.000000
0.000000
0.000000
0.000000
0.000000
0.000000
0.000000
0.431905
1.088420
1.410560
1.814575
2.459975
1.819954
0.851915
0.379235
0.513919
0.500273
1.022822
1.065647
1.212389
1.509621
1.385025
2.388905
0.916131
1.296278
1.468515
1.271319
0.917045
0.476121
0.105826
0.064294
0.001522
0.000000
0.000000
0.000000
0.000000
0.000000
0.000000
0.000000
0.000000
0.000000
0.000000
0.000000
0.000000
0.083628
0.083628
0.497191
1.622346
2.785493
4.179148
4.580018
3.573034
2.017803
1.012551
1.143102
1.944218
2.216692
1.675311
1.316196
2.604022
5.091566
4.658251
1.783341
2.372727
2.454440
2.148978
1.474659
0.930229
0.248237
0.101948
0.100039
0.099395
0.021742
0.000282
0.051064
0.055761
0.055107
0.049687
0.077715
0.077715
0.005977
0.047641
0.006651
0.206874
0.206874
1.217365
2.749504
4.559875
6.308697
6.901194
6.763254
5.844499
5.546618
5.756983
6.320973
5.964019
5.946249
4.902461
7.550268
9.580982
4.039095
4.502985
4.026575
4.223409
3.641751
1.965994
1.293435
0.504033
1.000360
0.808654
0.117438
0.110857
0.055812
1.081660
0.550447
0.087970
0.051132
0.145112
0.370663
0.588475
0.864393
0.032179
0.001884
0.027298
0.000000
0.000000
1.370362
3.714629
5.518745
6.596204
7.511169
8.189773
9.695708
9.976244
9.222063
9.503769
10.215890
11.302030
12.514886
10.969800
7.528463
6.388672
5.920574
6.365920
6.486570
5.370423
2.345341
1.108586
1.472805
5.173111
2.257372
0.254144
0.778705
0.385852
3.173252
1.256787
0.101967
0.151254
2.551576
2.952256
2.864041
3.274892
0.510844
0.467949
0.358540
0.325352
0.325352
1.363555
3.769132
5.688368
6.755258
7.898095
8.783343
10.045322
10.458562
10.117873
10.653414
11.632172
12.166042
10.281776
8.554991
6.425016
7.335373
7.085966
7.733958
7.947295
6.275554
3.471220
2.868687
6.075468
8.490576
3.886250
1.767314
2.601503
2.619046
5.874232
1.140262
2.590916
4.135400
3.078999
1.152544
1.136912
5.132845
6.423985
4.000683
2.816439
3.824875
3.677004
4.577987
4.569263
2.949943
1.915911
0.666214
0.307143
0.457539
0.897773
1.255406
3.890940
5.044965
11.231027
12.294884
13.984033
15.485716
17.756947
17.409702
18.833580
0.347722
0.347722
1.380444
3.791570
5.785965
6.851129
8.028364
8.701364
9.639528
10.128308
10.800319
11.098705
11.573320
12.203553
12.690781
12.323719
11.071022
10.626878
13.379213
13.223653
11.627984
11.086524
9.828612
8.655778
7.319880
4.917943
5.847471
6.212689
6.606531
8.028321
8.929747
2.390898
0.145514
0.522975
0.093274
0.038366
0.098983
0.414488
6.377514
9.011881
8.431878
11.722012
13.629559
9.809731
10.565778
13.278112
8.539568
3.829540
1.791016
1.123013
2.163102
3.110029
7.817881
11.814934
12.909466
14.439164
14.476925
13.823085
13.803388
18.436563
13.999216
0.000000
0.000000
1.418186
3.793636
5.814140
6.897495
8.111507
8.743606
9.558079
9.832142
9.901045
9.822102
11.574556
12.341736
13.269289
13.927448
13.874822
14.090548
14.997347
12.833720
10.675087
8.309268
6.784634
6.682144
6.542574
6.122399
6.750960
7.378200
8.297650
12.035869
10.200098
1.379141
0.000214
0.003021
0.001259
0.036031
0.101908
0.286164
2.498763
5.683077
11.120536
11.815920
12.700900
9.650516
15.053300
17.755388
16.215503
10.046491
4.924386
2.529043
2.488656
3.700831
6.706037
10.365591
13.348130
10.760538
7.016692
11.197660
16.804900
27.628000
17.440466
0.557410
0.557410
1.348594
3.683969
5.647580
6.542434
7.620019
7.859828
7.101375
5.286913
4.961277
5.262070
7.807696
11.321838
13.506170
13.909587
14.178531
14.487478
14.405967
12.512712
10.492341
8.161292
8.728391
8.564464
7.126963
7.448690
8.003580
8.705570
10.750358
13.026936
11.837161
3.367540
0.204642
0.139930
0.129565
0.203248
0.611957
1.534128
3.351431
6.090549
8.935915
10.998367
10.820311
13.933100
18.508900
23.023463
21.147963
18.573497
11.141658
4.519659
2.714531
3.474217
5.644084
6.118761
6.518252
3.192408
5.913450
12.436370
20.466541
29.436442
17.460358
0.720610
0.720610
1.182437
3.221930
5.267611
5.836831
4.659738
2.452592
0.787319
0.090433
0.096993
0.402892
4.567775
10.559929
10.012811
12.133395
12.785358
13.300014
14.082300
13.757280
12.011758
11.708144
9.048578
8.313113
8.232528
9.178460
9.178460
9.969630
11.664997
13.540666
12.306103
8.733315
3.102590
0.791796
1.000149
2.138276
3.732782
5.603657
4.199312
4.392076
6.840973
9.088678
11.316400
23.628700
24.773900
31.403163
30.631481
20.514122
15.898970
8.934970
7.039886
7.247536
5.957970
6.149111
9.544814
5.904249
8.869670
15.254295
15.299231
20.044970
17.475408
0.000000
0.000000
0.954832
2.588952
4.351685
5.483034
3.332219
0.548473
0.037333
0.005427
0.063975
0.068339
3.172649
7.336365
4.494873
9.016511
10.585105
11.301250
13.280544
12.335170
11.790136
11.542228
9.787615
9.067542
8.767597
9.259997
9.658497
10.901799
12.950366
13.652052
11.402169
8.938296
2.583049
1.907575
4.052242
5.872783
6.991645
7.448387
4.392876
5.345318
9.090230
14.012527
12.988025
23.628700
27.957837
33.623342
31.497961
24.226223
19.070728
14.552666
9.241684
11.206388
8.642120
11.566469
12.550687
11.969087
17.224930
24.051278
22.088272
19.817048
21.737783
0.204813
0.204813
0.748948
1.875407
1.946975
2.919677
2.606564
0.810790
0.000000
0.000000
0.000000
0.050451
2.451097
3.026703
4.233741
8.000164
9.142529
10.584940
12.635683
12.094502
12.268739
11.203142
9.931545
9.541582
9.260198
9.506405
10.179943
11.871800
14.684286
12.982525
10.160085
8.295622
5.396700
8.314148
8.478435
7.025238
6.683563
5.311313
4.005623
5.750935
10.136032
15.781238
14.139770
24.349425
30.776750
35.599722
29.227295
19.403377
17.138025
15.601697
9.968189
13.680878
13.995867
13.831870
14.503575
15.686961
20.910038
26.586663
23.621288
21.292525
24.960088
1.419650
1.419650
0.473201
1.231842
0.286033
0.012559
0.272460
0.472876
0.000717
0.000000
0.000000
0.000000
0.034859
0.196743
0.830738
1.371868
7.332211
10.552393
10.739310
11.136595
12.066950
11.779031
10.527961
10.507270
10.789908
11.121400
12.292688
14.989813
14.569839
13.198922
13.095448
13.487344
14.606522
16.575669
11.308564
8.317910
8.184664
10.894797
5.323961
6.017081
14.171772
18.670287
14.988198
29.394500
37.484588
34.275986
23.907092
16.877773
14.614706
15.257956
15.201464
15.972123
21.463750
21.316542
27.911902
28.857100
29.093125
29.486500
29.486500
29.390300
29.390300
0.000000
0.000000
0.290597
0.584769
0.138618
0.012986
0.093538
0.157897
0.000109
0.000000
0.000000
0.000000
0.000000
0.000000
0.217895
2.348788
6.589495
7.971721
8.574097
10.125833
11.814880
12.256714
11.866711
11.997086
12.456725
12.879538
14.566266
16.081375
14.768445
15.927186
17.230481
17.874444
21.378284
21.767628
15.095452
13.180402
14.008241
12.815950
7.789854
9.668888
14.338350
16.680100
14.082300
29.394500
38.664414
37.983594
25.554334
20.556823
22.680675
22.204800
16.830575
17.459373
23.895900
22.718238
28.068712
28.857100
29.093125
29.486500
29.486500
29.390300
29.390300
1.209330
1.209330
0.126830
0.162200
0.083988
0.024148
0.000000
0.002352
0.000000
0.000000
0.000000
0.000000
0.000000
0.000000
0.186525
1.583944
3.446427
4.183783
7.460918
9.633498
11.456797
12.622966
13.034356
13.300636
14.116058
14.583103
15.322436
17.255923
17.052500
18.587512
19.995337
21.132750
23.472572
23.200769
20.181209
18.884700
17.733780
13.372170
14.515825
15.045338
16.099575
17.128287
17.110700
28.429100
41.996125
42.147161
31.881592
27.880675
23.838684
21.380700
18.179100
18.179100
22.138700
21.560675
24.592487
25.488975
26.862975
27.898600
27.898600
28.766900
28.766900
0.581070
0.581070
0.093442
0.060000
0.000000
0.000000
0.000000
0.000000
0.000000
0.000000
0.000000
0.000000
0.000000
0.000000
0.000000
0.000000
0.369800
2.749036
6.666103
8.559438
10.339739
11.481089
11.989220
11.589594
14.319138
15.776594
16.775673
16.595737
17.316450
19.025170
20.943100
21.760913
23.165825
24.086188
24.264236
24.523767
22.366033
18.410288
16.196850
16.820363
19.391087
20.812400
19.877850
30.221700
43.677511
43.330425
38.378200
35.977128
26.645891
21.353778
20.683800
19.170808
22.789500
21.717975
24.592487
25.087275
26.193475
27.898600
27.898600
28.766900
28.766900
0.085627
0.022730
0.000000
0.000000
0.000000
0.000000
0.000000
0.000000
0.000000
0.000006
0.000000
0.000000
0.000000
0.000000
0.397549
1.373839
5.052915
8.006538
10.097100
10.431230
10.761489
11.121734
13.558152
16.988005
18.838995
15.924125
17.068161
18.602045
21.872256
21.906608
22.689950
23.762614
24.969669
27.072502
25.252650
21.450506
21.170605
21.236308
22.360728
23.147900
22.051700
32.133825
42.367309
42.462170
42.323891
39.742995
26.197323
20.147003
18.671464
17.354311
22.033938
21.653750
22.484675
22.667041
24.936264
28.666350
28.666350
28.991962
28.991962
0.020809
0.000245
0.000000
0.000000
0.000000
0.000000
0.000000
0.000000
0.000096
0.011934
0.003392
0.000000
0.000000
0.000000
0.148799
0.824144
4.406016
7.959138
10.022798
10.062949
10.554015
10.952788
13.688194
17.383105
19.581380
15.487275
16.565394
18.181667
22.128878
21.717187
22.118675
23.006544
25.256103
28.286686
27.176630
23.392105
23.851175
24.064305
24.869452
24.840350
23.497388
33.895078
41.472386
42.133011
40.181439
35.295733
23.746595
19.058650
17.027900
15.999888
21.558100
21.293413
21.219988
21.214900
24.181938
29.127000
29.127000
29.127000
29.127000
0.000000
0.000000
0.000000
0.000000
0.002060
0.091776
0.071951
0.001493
0.000000
0.000000
2.452571
6.754168
6.879597
9.338328
10.877283
10.962083
11.083700
11.503719
13.650473
15.951594
16.993109
14.826650
15.095808
16.756437
18.922891
19.256848
19.662150
20.276917
25.298961
28.107500
25.296775
24.275891
24.576770
25.261536
26.993334
26.776975
25.194334
37.357516
37.412025
37.375373
33.076819
29.086250
21.582913
17.333038
17.214875
16.333050
21.172512
21.061497
21.004841
20.999012
24.059303
29.159788
29.159788
29.601525
29.674938
0.000000
0.000000
0.000000
0.000000
0.000000
0.043509
0.488071
0.171042
0.000000
0.027338
2.710627
7.888048
10.376109
10.766861
11.821041
11.681186
11.780483
11.955528
12.607463
13.467206
14.103541
13.707000
13.496800
14.199862
16.009159
16.430489
16.895200
17.448814
24.546067
28.833345
24.706500
24.706500
24.566062
24.899100
25.704875
26.067000
26.742800
30.553100
31.001600
31.449173
29.545850
27.201220
23.093447
22.665900
18.166000
18.166000
19.575900
19.575900
19.498813
19.487800
23.200863
29.389300
29.389300
32.923200
33.510500
0.055936
0.142580
2.810266
7.427087
10.553478
11.169125
11.719827
11.933042
12.250878
12.466234
12.456650
12.465400
12.410700
11.880300
11.803700
12.483575
12.617100
12.699513
13.735759
15.732952
21.754377
27.734864
27.099461
25.674359
25.060764
24.774137
24.933987
25.865300
25.865300
27.901300
27.901300
25.712258
24.232878
23.229689
21.723816
19.728800
18.166000
18.166000
19.606800
19.579763
19.498813
19.487800
23.200863
29.389300
29.389300
32.923200
36.745869
3.893735
4.804670
6.718162
8.230958
10.678108
11.666252
11.658500
11.975863
12.152395
12.146797
10.767039
9.548700
9.049745
8.653683
8.365161
8.630695
7.795064
6.829514
6.994754
7.451667
11.901247
17.549953
22.306061
24.889203
24.605234
22.469275
21.534100
20.913600
22.222905
21.039400
23.547900
20.000781
17.723631
18.567917
17.836031
16.915000
19.448600
19.448600
25.576400
25.576400
24.228900
24.036400
28.942525
37.119400
37.119400
38.183300
40.412600
9.879760
10.222854
11.563155
11.543206
11.518344
11.779042
11.480011
10.214974
6.427426
3.075411
3.316134
3.092551
1.805452
1.747058
1.165381
1.115353
1.659900
1.884518
4.768845
11.330309
17.053986
21.321944
22.844867
22.117478
21.496389
20.813038
21.111725
20.740150
21.680838
19.485200
16.957289
14.941259
16.396469
16.147938
19.448600
19.448600
25.576400
25.576400
24.228900
24.036400
28.942525
37.119400
37.119400
38.183300
43.579537
10.460803
11.001966
11.466039
11.319691
11.354337
11.522261
10.467680
8.818073
2.774834
0.287419
0.576438
0.408378
0.100422
0.097543
0.120724
0.249144
0.105982
0.102188
0.638191
3.213560
8.048127
17.704665
21.306942
21.451012
21.080148
20.499142
20.288062
20.028875
20.046212
19.303884
16.835859
15.731825
14.987959
15.353442
19.150500
19.354650
25.625738
25.625738
24.411948
24.238550
29.068869
37.119400
37.119400
39.022050
46.055900
10.930503
10.651297
9.759812
5.553017
1.390894
0.295429
0.114313
0.111770
0.110665
0.111895
0.438875
0.266455
0.172197
0.390566
0.530780
1.891997
6.518718
10.959249
16.229091
17.115364
17.799525
18.142411
16.972569
16.171600
16.292962
17.212664
16.113702
13.586792
13.255958
12.821262
17.063800
18.918838
25.971100
25.971100
25.693288
25.653600
29.973994
37.174650
39.267934
44.893300
50.290788
10.759634
9.937191
8.176673
4.905077
1.814403
0.249520
0.104441
0.102181
0.105461
0.360487
0.666696
0.445017
0.098286
0.411917
1.427506
3.499384
7.055172
7.823786
11.519825
13.910444
15.933150
16.462400
16.462400
15.225200
15.225200
15.344288
15.150152
13.462606
13.048630
12.653700
17.063800
20.471700
25.971100
25.971100
25.693288
25.653600
30.119025
37.561400
41.838455
46.295519
51.701200
0.010434
0.000000
0.005229
0.080863
0.193144
0.446937
0.225066
0.813447
2.521633
5.902703
8.777680
9.417191
12.168769
13.065288
13.979387
14.068200
14.051400
13.813900
13.676500
13.062075
12.459680
14.396337
13.637170
13.351100
14.855900
16.488000
29.748100
32.370475
31.213850
30.995100
35.349338
42.606400
42.912908
47.810800
59.159000
0.000000
0.000000
0.000000
0.039413
0.045043
0.198553
0.722799
0.640236
2.694068
6.319327
9.123310
10.368251
12.267400
12.625913
13.249275
13.975400
13.975400
13.877100
13.583700
11.466025
10.592059
11.341562
13.645086
12.677500
14.855900
15.830000
29.748100
29.889062
30.859362
30.995100
38.078438
49.884000
46.069058
49.813730
60.463300
0.372802
0.167382
1.651939
5.517466
9.779366
11.784688
12.657369
12.695920
12.722830
13.371337
13.345837
13.419592
12.676075
10.865142
10.103034
10.862131
12.273992
12.681250
14.203962
14.656750
26.762162
28.245867
34.584120
35.276038
40.684695
49.699125
50.170411
54.851955
67.922175
0.241431
0.791554
2.139729
4.370093
10.319234
12.672644
13.091067
12.827420
12.358420
12.971480
12.877930
12.649873
11.887840
10.359394
11.207776
10.957114
11.964953
12.620625
13.812800
14.178487
24.970600
27.234455
36.558758
37.844600
42.603425
50.534800
51.308459
55.662033
73.128169
14.993319
12.402059
11.426650
12.261539
11.744567
10.486941
8.276471
7.178494
7.861899
8.953586
12.517581
11.766118
13.558200
15.409075
24.293513
26.118227
35.934677
37.353117
44.777530
57.003413
54.997498
60.803112
81.073267
118.915191
128.852875
13.326697
10.660754
10.427528
11.090625
11.461180
10.688246
8.223744
8.094295
8.582897
7.668056
7.926947
8.865440
11.776000
12.964500
19.553900
19.553900
31.744575
33.912738
42.602488
55.900300
56.395300
69.557302
90.869094
131.550914
155.905313
9.425171
9.921190
11.433472
11.157394
7.154148
7.774175
9.647939
10.042013
8.870855
8.880260
11.776000
12.879600
19.553900
19.604125
32.096062
34.615763
47.054750
66.873630
59.973000
70.106200
88.573400
140.537003
177.686344
8.220674
8.609430
9.287610
9.850652
6.497506
5.406538
7.714140
11.055159
10.929130
10.634200
12.070600
14.482400
20.514900
24.166100
47.563175
50.831100
56.546663
66.072600
66.072600
93.210100
93.672300
155.073959
204.595078
8.595479
8.353367
5.480402
3.935764
4.700687
6.458906
9.540876
10.480942
12.888225
14.258025
20.168087
21.537287
47.193823
51.700116
57.995022
66.072600
72.299975
100.367538
103.896566
164.483952
244.530734
306.032813
423.759781
9.976763
9.463383
10.893663
7.237912
6.780158
8.071263
11.833929
13.842238
17.554113
19.231150
28.960438
28.960438
49.310509
53.323673
60.118038
68.369725
79.548213
124.411375
133.103625
216.198484
376.840047
518.055172
592.057469
15.806586
16.211562
20.059300
22.382012
34.360700
34.360700
50.713487
53.877595
60.669081
69.688238
81.957153
136.261000
155.240250
264.463328
534.432141
592.749641
594.655453
