0.000000
0.000000
0.000000
0.000000
0.003629
0.000000
0.000000
0.000000
0.000000
0.000000
0.000000
0.000736
0.000000
0.006140
0.000000
0.005096
0.000000
0.001869
0.003314
0.000000
0.000000
0.020113
0.000000
0.019006
0.000008
0.000000
0.000000
0.000000
0.000000
0.010656
0.000000
0.000000
0.000000
0.001072
0.000000
0.000000
0.000000
0.000000
0.004247
0.008011
0.000000
0.000000
0.000184
0.000000
0.000000
0.000000
0.005956
0.000000
0.002556
0.000000
0.000000
0.001223
0.007866
0.000000
0.005189
0.000000
0.000000
0.001366
0.000000
0.000000
0.005321
0.000000
0.000000
0.014086
0.003161
0.530878
0.076823
0.089043
15.095400
1.046028
12.336900
21.513400
0.007352
0.039408
0.088738
0.001603
0.401057
18.336997
22.737000
12.672800
0.000000
0.787768
0.083183
0.101663
15.085117
38.342800
29.950900
10.435700
0.000000
2.507938
0.004255
0.054430
13.309800
26.167400
11.559300
16.229900
0.126134
0.004252
0.002422
0.118208
19.077600
5.195451
7.957377
18.252300
0.075705
0.009097
0.000414
0.004609
13.422700
14.218800
5.640048
25.200200
0.208572
0.069523
0.006104
0.047012
24.763600
11.199166
19.868906
5.006856
0.003468
1.590090
0.000275
0.385237
30.259200
2.948183
6.698202
23.551300
0.000000
0.000000
0.000000
0.000000
0.000000
0.000000
0.000000
0.009156
0.000000
0.000000
0.000000
0.000000
0.000000
0.000000
0.000000
0.000000
0.000000
0.000000
0.000000
0.000000
0.005696
0.000000
0.000000
0.000000
0.000000
0.000000
0.000000
0.000000
0.000000
0.001300
0.004007
0.000000
0.000000
0.000000
0.000000
0.000000
0.007323
0.000000
0.000000
0.000000
0.000000
0.000000
0.000000
0.000000
0.000000
0.000000
0.000000
0.000000
0.000000
0.000000
0.000000
0.000000
0.000000
0.020586
0.000000
0.000000
0.000000
0.000000
0.000000
0.000000
0.000000
0.000000
0.000000
0.000000
0.000000
0.046610
0.025608
0.000000
2.456426
12.326730
12.575330
10.183400
0.000000
0.009049
0.000186
0.005356
15.218300
0.129301
23.689200
0.154297
0.008794
0.005637
0.000000
0.010195
1.361013
19.386400
10.456148
5.543764
0.010712
0.014188
1.402650
0.000000
12.786500
8.603283
1.269456
28.369000
0.005860
0.414664
0.132197
0.004993
12.342217
12.677000
8.102402
20.372700
0.000000
0.117045
0.000000
0.081705
9.905000
21.703500
0.808148
14.002800
0.111055
0.040407
0.095227
0.015054
5.404941
19.808600
12.199000
15.453300
0.006762
0.000000
0.049114
0.014092
0.494164
15.158200
11.794919
14.675500
0.000000
0.012280
0.000000
0.000000
0.000000
0.041492
0.000000
0.034221
0.000000
0.000000
0.002435
0.000000
0.000000
0.027244
0.018304
0.000000
0.001192
0.000000
0.001303
0.000000
0.000000
0.047135
0.031198
0.000000
0.000000
0.000000
0.001155
0.000000
0.000000
0.059046
0.000000
0.053458
0.005542
0.006092
0.000000
0.000000
0.024161
0.000000
0.000000
0.033773
0.000000
0.000000
0.000000
0.014334
0.000000
0.000000
0.004601
0.058234
0.000000
0.033937
0.002651
0.000000
0.049408
0.000000
0.000000
0.054505
0.009490
0.000000
0.000000
0.002250
0.000000
0.014364
0.066344
0.000000
0.000000
3.378541
0.326259
0.000000
17.953400
36.531681
11.239700
36.484681
0.115618
0.000000
1.358733
0.086192
10.256575
21.733000
21.316200
10.721131
0.069413
4.252541
1.551808
0.081338
35.991742
9.476592
13.473570
30.723400
0.039486
0.378184
2.070228
0.074429
5.960868
30.638200
27.139200
0.547975
0.041924
0.131152
0.104609
0.000000
12.850136
32.522944
8.804357
32.319500
0.143191
0.039674
4.534902
0.045509
21.258300
27.621077
8.197854
24.836600
0.046709
8.968378
0.138202
0.081943
8.577417
31.833142
26.654800
13.857567
0.073656
1.567390
2.001284
0.702993
2.983875
36.352500
16.037700
29.848400
0.000000
0.006837
0.000000
0.000000
0.023939
0.003556
0.000000
0.000000
0.000000
0.000000
0.000000
0.000000
0.000000
0.000000
0.004928
0.004690
0.000000
0.000000
0.000000
0.000000
0.000000
0.000000
0.017135
0.060582
0.000000
0.000000
0.000000
0.000000
0.000000
0.021452
0.000000
0.017143
0.000000
0.001797
0.000000
0.000000
0.007659
0.000000
0.025465
0.000000
0.000000
0.000000
0.000000
0.000000
0.000000
0.014845
0.008729
0.000000
0.000000
0.000485
0.000000
0.000000
0.000000
0.042769
0.000000
0.016231
0.000000
0.000000
0.000000
0.000000
0.022225
0.000000
0.011903
0.000000
0.067636
0.800465
0.005794
1.877619
4.137356
20.707169
11.618428
30.712300
1.062686
0.040917
0.009934
0.027630
18.691000
0.402270
15.614000
0.128548
0.000000
9.455140
0.323897
0.068322
36.816683
3.514741
7.456354
24.430903
0.073119
0.066811
0.042748
3.728844
5.859768
4.195550
11.342000
20.799800
0.000000
1.939214
0.049562
0.087660
8.507665
12.588003
3.082203
36.253900
3.062977
0.000000
0.010829
0.110857
10.960919
8.089005
11.257556
30.534000
0.080698
0.175879
0.118733
0.599883
10.205400
18.577183
9.974710
34.504448
0.298113
0.188756
0.039118
3.260328
10.247400
20.246200
11.943100
6.367969
0.000000
0.001228
0.000000
0.000534
0.000000
0.000000
0.000000
0.006186
0.000000
0.000000
0.000000
0.000000
0.005701
0.000000
0.004140
0.005419
0.000000
0.000000
0.016467
0.000000
0.000000
0.017680
0.005147
0.000000
0.000000
0.002275
0.000000
0.000000
0.000000
0.018643
0.000000
0.006438
0.000000
0.000000
0.001104
0.000527
0.000000
0.000000
0.000000
0.007689
0.000837
0.000000
0.000000
0.000000
0.003290
0.003777
0.000000
0.007529
0.000000
0.000000
0.000000
0.003701
0.000000
0.007868
0.006094
0.000000
0.000000
0.019058
0.000000
0.000000
0.003157
0.000000
0.003182
0.000000
0.119749
0.001825
0.094531
0.004777
45.469400
11.739645
20.868600
6.442084
0.001933
0.063327
0.126350
0.000000
7.471566
20.879400
17.894500
10.491834
0.087213
0.053757
0.000000
0.225004
5.406783
30.929783
14.684259
26.005400
0.027039
0.006570
0.169291
0.000000
4.826461
35.654700
8.809306
19.256200
0.069464
0.097341
0.084547
0.076695
0.732722
26.586600
23.716088
12.724473
0.000000
0.089200
0.002345
0.115566
42.764500
18.542819
12.453200
30.872700
1.596785
0.044266
0.000000
3.690602
15.188700
15.071570
9.303268
40.571700
0.109085
0.061222
0.104931
0.007775
14.165000
47.625200
7.384493
30.222813
0.000000
0.000000
0.000000
0.000000
0.000000
0.000000
0.000000
0.006310
0.000000
0.000000
0.000000
0.000000
0.000000
0.000000
0.000000
0.000000
0.000000
0.002203
0.000000
0.000000
0.005140
0.000000
0.000000
0.003557
0.000000
0.000000
0.000000
0.000000
0.000000
0.000000
0.000793
0.000000
0.000000
0.000000
0.000000
0.000000
0.000000
0.000000
0.000000
0.000000
0.000000
0.000000
0.000000
0.000000
0.000000
0.000000
0.000000
0.004000
0.000000
0.000000
0.000000
0.000000
0.003351
0.001790
0.000000
0.000000
0.000000
0.000000
0.000000
0.000000
0.000000
0.000000
0.000000
0.009105
0.006590
0.009043
0.020831
0.005217
9.592834
12.854700
13.521300
13.989009
0.005580
0.000539
0.000000
0.000569
37.892500
12.076300
5.860199
22.434400
0.006962
4.642274
0.060490
0.000000
16.021000
18.310500
5.360322
15.096100
0.014024
0.154750
0.000000
0.161520
10.973400
8.923795
11.523600
24.686300
0.002206
0.000000
0.004768
0.096281
6.820511
30.040100
19.266388
0.489196
0.000000
0.086963
0.042037
0.000000
3.271858
20.081800
0.136933
33.986400
3.225903
0.000000
0.004001
0.090595
12.276800
26.360736
16.199800
15.114400
0.090604
0.010223
0.017823
0.000000
7.664755
14.436077
26.093900
10.909500
0.001750
0.000000
0.000000
0.015823
0.000000
0.000000
0.013323
0.041595
0.004353
0.000000
0.000000
0.000000
0.017927
0.000000
0.000000
0.010042
0.025766
0.000000
0.000000
0.000000
0.043729
0.000000
0.016322
0.000000
0.000000
0.001864
0.000000
0.003104
0.000000
0.006564
0.000000
0.051319
0.016289
0.002045
0.000000
0.000000
0.031630
0.022088
0.000000
0.000000
0.000000
0.000000
0.004002
0.003796
0.000000
0.000000
0.002354
0.052739
0.011308
0.000000
0.000000
0.027473
0.010932
0.000000
0.044406
0.021980
0.000000
0.031835
0.000000
0.000072
0.061168
0.000000
0.000000
0.051179
0.086394
1.053840
0.060405
0.348141
32.419300
7.036450
8.354144
37.038800
0.045066
1.308756
0.085033
0.000000
14.632800
17.426500
29.954400
15.235941
0.082012
2.665981
0.000000
0.344864
40.530000
6.340728
20.540200
10.539303
4.974968
0.065444
4.149592
0.006655
9.465621
29.201700
36.810402
5.643714
4.148739
0.044120
0.000000
2.957464
14.105048
22.663880
7.631395
30.175000
1.337814
0.112643
0.064905
0.090800
6.314154
35.618000
16.044300
6.398304
0.063673
1.654359
0.115560
7.235169
10.452113
27.763500
19.109200
29.681506
0.070213
3.238436
1.487391
0.076953
46.999900
6.930304
22.546800
35.070683
0.000000
0.000000
0.000000
0.000000
0.000000
0.002751
0.017446
0.000000
0.000000
0.000000
0.000000
0.000000
0.000649
0.000000
0.000000
0.005144
0.000000
0.000000
0.000000
0.002244
0.000000
0.008685
0.000000
0.049130
0.000000
0.000000
0.000000
0.000000
0.023049
0.000000
0.006698
0.000000
0.000000
0.000000
0.000000
0.000000
0.003283
0.000000
0.000000
0.028059
0.000000
0.000000
0.000000
0.000000
0.000000
0.000000
0.000000
0.039958
0.000000
0.000000
0.031374
0.000000
0.021345
0.024906
0.000000
0.000000
0.000000
0.000000
0.005192
0.000000
0.003829
0.050762
0.000000
0.000000
0.083930
0.070762
0.028728
0.000000
4.901485
27.889798
11.689000
28.130400
0.435650
0.078247
0.020759
0.039426
12.139200
8.327073
5.213119
9.131078
0.896413
0.000000
0.091444
0.067607
16.254400
16.415500
45.035100
0.507574
0.041924
4.229819
0.480271
0.068493
0.362976
15.854095
20.555800
9.165030
0.000000
0.135085
0.007926
3.013404
13.289500
33.897111
4.680096
22.266600
0.018494
0.006542
0.112831
0.000000
12.700364
4.041067
10.814800
21.395900
0.106429
0.428152
0.039474
0.293066
22.476164
11.762000
17.705300
17.915800
0.048581
4.679801
0.157950
0.123931
17.226791
21.617100
13.287428
17.313000
0.000000
0.000000
0.000000
0.000391
0.000000
0.000000
0.000000
0.000000
0.000000
0.000000
0.000000
0.000000
0.000000
0.000000
0.000000
0.000000
0.000000
0.000000
0.000000
0.000000
0.000000
0.000000
0.000000
0.000000
0.000000
0.000000
0.000000
0.000000
0.000000
0.000000
0.000000
0.000000
0.000000
0.000000
0.000000
0.000000
0.000000
0.000000
0.000000
0.000000
0.000000
0.000000
0.000000
0.000000
0.000000
0.000000
0.000000
0.000000
0.000000
0.000000
0.000000
0.000000
0.000000
0.000000
0.000000
0.000000
0.000000
0.000000
0.000000
0.000000
0.000000
0.000000
0.000000
0.000000
0.000000
0.000000
0.000000
0.000000
0.000000
0.000000
0.000000
0.000000
0.000000
0.000000
0.000000
0.000000
0.000000
0.000000
0.000000
0.000000
0.000000
0.000000
0.000000
0.000000
0.000000
0.000000
0.000000
0.000000
0.000000
0.000000
0.000000
0.000000
0.000000
0.000000
0.000000
0.000000
0.000000
0.000000
0.000000
0.000000
0.000000
0.000000
0.000000
0.000000
0.000000
0.000000
0.000000
0.000000
0.000000
0.000000
0.000000
0.000000
0.000000
0.000000
0.000000
0.000000
0.000000
0.000000
0.000000
0.000000
0.000000
0.000000
0.000000
0.000000
0.000000
0.000000
0.000000
0.000000
0.000000
0.000000
0.000000
0.000000
0.000000
0.000000
0.000000
0.000000
0.000000
0.000000
0.000000
0.000000
0.000000
0.000000
0.000000
0.000000
0.000000
0.000000
0.000000
0.000000
0.000000
0.000000
0.000000
0.000000
0.000000
0.000000
0.000000
0.000000
0.000000
0.000000
0.000000
0.000000
0.000000
0.000000
0.000000
0.000000
0.000000
0.000000
0.000000
0.000000
0.000000
0.000000
0.000000
0.000000
0.000000
0.000000
0.000000
0.000000
0.000000
0.000000
0.000000
0.000000
0.000000
0.000000
0.000000
0.000000
0.000000
0.000000
0.000000
0.000000
0.000000
0.000000
0.000000
0.000000
0.000000
0.000000
0.000000
0.000000
0.000000
0.000000
0.000000
0.000000
0.000000
0.000000
0.000000
0.000000
0.000000
0.000000
0.000000
0.000000
0.000000
0.000000
0.000000
0.000000
0.000000
0.000000
0.000000
0.000000
0.000000
0.000000
0.000000
0.000000
0.000000
0.000000
0.000000
0.000000
0.000000
0.000000
0.000000
0.000000
0.000000
0.000000
0.000000
0.000000
0.000000
0.000000
0.000000
0.000000
0.000000
0.000000
0.000000
0.000000
0.000000
0.000000
0.000000
0.000000
0.000000
0.000000
0.000000
0.000000
0.000000
0.000000
0.000000
0.000000
0.000000
0.000000
0.000000
0.000000
0.000000
0.000000
0.000000
0.000000
0.000000
0.000000
0.000000
0.000000
0.000000
0.000588
0.000000
0.000000
0.000000
0.000000
0.000000
0.000000
0.000000
0.000000
0.000000
0.000000
0.000000
0.000000
0.000000
0.000000
0.000000
0.000000
0.000000
0.000000
0.000000
0.000000
0.000000
0.000000
0.000000
0.000000
0.000000
0.000000
0.000000
0.000000
0.000000
0.000000
0.000000
0.000000
0.000000
0.000000
0.000000
0.000000
0.000000
0.000000
0.000239
0.000000
0.000000
0.000411
0.000000
0.000000
0.000000
0.000000
0.000000
0.000000
0.000319
0.000000
0.000000
0.000000
0.000000
0.000000
0.000000
0.000000
0.000000
0.000000
0.000000
0.000000
0.000000
0.000000
0.000000
0.000000
0.000000
0.000000
0.000000
0.000000
0.000000
0.000000
0.000000
0.000000
0.000000
0.000000
0.000000
0.000000
0.000000
0.000000
0.000000
0.000000
0.000000
0.000000
0.000000
0.000000
0.000000
0.000000
0.000000
0.000000
0.000000
0.000000
0.000000
0.000000
0.000000
0.000000
0.000000
0.000000
0.000000
0.000000
0.000000
0.000000
0.000000
0.000000
0.000000
0.000000
0.000000
0.000000
0.000000
0.000000
0.000000
0.000000
0.000000
0.000000
0.000000
0.000000
0.000000
0.000000
0.000000
0.000000
0.000000
0.000000
0.000000
0.000000
0.000000
0.000000
0.000000
0.000000
0.000000
0.000000
0.000000
0.000000
0.000000
0.000000
0.000000
0.000000
0.000000
0.000000
0.000000
0.000000
0.000000
0.000000
0.000000
0.000000
0.000000
0.000000
0.000000
0.000000
0.000000
0.000000
0.000000
0.000000
0.000000
0.000000
0.000000
0.000000
0.000000
0.000000
0.000000
0.000000
0.000000
0.000000
0.000000
0.000000
0.000000
0.000000
0.000000
0.000000
0.000000
0.000000
0.000000
0.000000
0.000000
0.000000
0.000000
0.000000
0.000000
0.000000
0.000000
0.000000
0.000000
0.000000
0.000000
0.000000
0.000000
0.000000
0.000000
0.000000
0.000000
0.000000
0.000000
0.000000
0.000000
0.000000
0.000000
0.000000
0.000000
0.000000
0.000000
0.000000
0.000000
0.000000
0.000000
0.000000
0.000000
0.000000
0.000000
0.000000
0.000000
0.000000
0.000000
0.000000
0.000000
0.000000
0.000000
0.000000
0.000000
0.000000
0.000000
0.000000
0.000000
0.000000
0.000000
0.000000
0.000000
0.000000
0.000000
0.000000
0.000000
0.000000
0.000000
0.000000
0.000000
0.000000
0.000000
0.000000
0.000000
0.000000
0.000000
0.000000
0.000000
0.000000
0.000000
0.000000
0.000000
0.000000
0.000000
0.000000
0.000000
0.000000
0.000775
0.000000
0.000000
0.000000
0.000000
0.000000
0.000000
0.000000
0.000000
0.000000
0.000000
0.000000
0.000000
0.000000
0.000000
0.000000
0.000000
0.000000
0.000000
0.000000
0.000000
0.000000
0.000000
0.000000
0.000000
0.000000
0.000000
0.000000
0.000000
0.000000
0.000000
0.000000
0.000000
0.000000
0.000000
0.000000
0.000000
0.000000
0.000000
0.000000
0.000000
0.000000
0.000000
0.000000
0.000000
0.000000
0.000000
0.000000
0.000000
0.000000
0.000000
0.000000
0.000000
0.000000
0.000000
0.000000
0.000000
0.000000
0.000000
0.000000
0.000000
0.000000
0.000000
0.000000
0.000000
0.000000
0.000000
0.000000
0.000000
0.000000
0.000000
0.000000
0.000000
0.000000
0.000000
0.000000
0.000000
0.000000
0.000000
0.000000
0.000000
0.000000
0.000000
0.000000
0.000000
0.000000
0.000000
0.000000
0.000000
0.000000
0.000000
0.000000
0.000000
0.000000
0.000000
0.000000
0.000000
0.000000
0.000000
0.000000
0.000000
0.000000
0.000000
0.000000
0.000000
0.000000
0.000000
0.000000
0.000000
0.000000
0.000000
0.000000
0.000000
0.000000
0.000000
0.000000
0.000000
0.000000
0.000000
0.000000
0.000000
0.000000
0.000000
0.000000
0.000000
0.000000
0.000000
0.000000
0.000000
0.000000
0.000000
0.000000
0.000000
0.000000
0.000000
0.000000
0.000000
0.000000
0.000000
0.000000
0.000000
0.000000
0.000000
0.000000
0.000000
0.000000
0.000000
0.000000
0.000000
0.000000
0.000000
0.000000
0.000000
0.000000
0.000000
0.000000
0.000000
0.000000
0.000000
0.000000
0.000000
0.000000
0.000000
0.000000
0.000000
0.000000
0.000000
0.000000
0.000000
0.000000
0.000000
0.000000
0.000000
0.000000
0.000000
0.000000
0.000000
0.000000
0.000000
0.000000
0.000000
0.000000
0.000000
0.000000
0.000000
0.000000
0.000000
0.000000
0.000000
0.000000
0.000000
0.000000
0.000000
0.000000
0.000000
0.000000
0.000000
0.000000
0.000000
0.000000
0.000000
0.000000
0.000000
0.000000
0.000000
0.000000
0.000000
0.000000
0.000000
0.000000
0.000000
0.000000
0.000000
0.000000
0.000000
0.000000
0.000000
0.000000
0.000000
0.000000
0.000000
0.000000
0.000000
0.000000
0.000000
0.000000
0.000000
0.000000
0.000000
0.000000
0.000000
0.000000
0.000000
0.000000
0.000000
0.000000
0.000000
0.000000
0.000000
0.000000
0.000000
0.000000
0.000000
0.000000
0.000000
0.000000
0.000000
0.000000
0.000000
0.000000
0.000000
0.000000
0.000000
0.000000
0.000000
0.000000
0.001413
0.000000
0.000000
0.000000
0.000000
0.000000
0.000000
0.000000
0.000000
0.000000
0.000000
0.000000
0.000000
0.000000
0.000000
0.000000
0.000000
0.000000
0.000000
0.000000
0.000000
0.000000
0.001220
0.000000
0.000000
0.000000
0.000000
0.000000
0.000000
0.000000
0.000000
0.000000
0.000000
0.000000
0.000000
0.000000
0.000000
0.000000
0.000000
0.000000
0.000000
0.000000
0.000000
0.000000
0.000000
0.000000
0.000000
0.003097
0.000000
0.000000
0.000000
0.000000
0.000000
0.000000
0.000000
0.000000
0.000000
0.000000
0.000000
0.000000
0.000000
0.000000
0.000000
0.000000
0.000000
0.000000
0.000000
0.000000
0.000000
0.000000
0.000000
0.000000
0.000000
0.000000
0.000000
0.000000
0.000000
0.000000
0.000000
0.000000
0.000000
0.000000
0.000000
0.000000
0.000000
0.000000
0.000000
0.000000
0.000000
0.000000
0.000000
0.000000
0.000000
0.000000
0.000000
0.000000
0.000000
0.000000
0.000000
0.000000
0.000000
0.000000
0.000000
0.000000
0.000000
0.000000
0.000000
0.000000
0.000000
0.000000
0.000000
0.000000
0.000000
0.000000
0.000000
0.000000
0.000000
0.000000
0.000000
0.000000
0.000000
0.000000
0.000000
0.000000
0.000000
0.000000
0.000000
0.000000
0.000000
0.000000
0.000000
0.000000
0.000000
0.000000
0.000000
0.000000
0.000000
0.000000
0.000000
0.000000
0.000000
0.000000
0.000000
0.000000
0.000000
0.000000
0.000000
0.000000
0.000000
0.000000
0.000000
0.000000
0.000000
0.000000
0.000000
0.000000
0.000000
0.000000
0.000000
0.000000
0.000000
0.000000
0.000000
0.000000
0.000000
0.000000
0.000000
0.000000
0.000000
0.000000
0.000000
0.000000
0.000000
0.000000
0.000000
0.000000
0.000000
0.000000
0.000000
0.000000
0.000000
0.000000
0.000000
0.000000
0.000000
0.000000
0.000000
0.000000
0.000000
0.000000
0.000000
0.000000
0.000000
0.000000
0.000000
0.000000
0.000000
0.000000
0.000000
0.000000
0.000000
0.000000
0.000000
0.000000
0.000000
0.000000
0.000000
0.000000
0.000000
0.000000
0.000000
0.000000
0.000000
0.000000
0.000000
0.000000
0.000000
0.000000
0.000000
0.000000
0.000000
0.000000
0.000000
0.000000
0.000000
0.000000
0.000000
0.000000
0.000000
0.000000
0.000000
0.000000
0.000000
0.000000
0.000000
0.000000
0.000000
0.000000
0.000000
0.000000
0.000000
0.000000
0.000000
0.000000
0.000000
0.000000
0.000000
0.000000
0.000000
0.000000
0.000000
0.000000
0.000000
0.000000
