0.000000
0.112861
0.126159
0.073456
1.484652
2.428195
1.280607
4.043108
0.075421
0.129157
0.371218
0.064668
1.255928
2.333837
0.644401
2.344409
0.406320
0.091990
0.085920
0.144995
2.814212
0.616011
2.946467
0.794700
0.069546
0.641963
0.040373
0.456014
0.662622
2.990357
1.111645
3.307085
0.455573
0.093719
0.103668
0.588377
4.177397
1.484014
1.487387
3.769786
0.345703
0.036034
0.107684
0.170519
3.183032
1.741005
4.807272
1.881485
0.099797
0.848853
0.095636
0.129382
2.894558
1.578847
2.619963
0.874845
0.118890
0.121205
0.099375
0.149150
3.013364
1.422170
3.259765
1.601481
6.475638
13.397495
10.872983
10.525855
48.524073
18.322056
32.744563
77.128356
9.187204
7.632806
12.102747
9.468254
16.775606
38.636873
40.131183
34.227609
6.028706
12.344355
8.584354
11.090439
44.528305
147.726109
111.442141
20.504161
5.117253
15.382708
4.975028
8.898101
31.408911
65.899303
20.900441
43.069206
12.521039
8.805134
6.438255
10.939016
54.118461
22.237045
24.946261
63.434364
11.099974
7.115337
10.228377
6.920022
31.389439
37.920373
19.800114
75.371198
13.089364
8.103849
6.550128
10.485422
71.580641
31.554788
65.665723
17.075089
6.577586
14.881883
7.678927
9.639128
57.337798
21.931892
18.388105
61.151563
0.042124
0.086261
0.136685
0.043442
2.022722
0.482980
1.613863
2.489529
0.058221
0.150694
0.051782
0.173585
0.343461
3.090880
1.664364
3.376321
0.559701
0.041418
0.036109
0.184561
0.410823
3.735571
1.071312
0.589104
0.130130
0.200222
0.120771
0.087322
0.963322
1.694058
3.332846
0.497506
0.184372
0.041533
0.039325
0.136080
2.255211
0.450588
3.396678
0.834159
0.237023
0.080595
0.203056
0.055809
0.723292
2.209546
1.401675
1.811846
0.178525
0.031916
0.061795
0.057418
2.944122
0.573295
0.445845
2.031072
0.068419
0.194058
0.166254
0.097189
0.633514
3.164847
1.440940
2.793904
6.406714
8.547787
11.532132
3.902953
15.707455
37.103344
35.376575
18.440783
3.371225
8.037163
8.317031
6.164472
28.642537
14.735441
45.566278
11.901781
5.723612
7.788393
4.598000
6.977976
16.648470
32.208350
36.360744
21.942503
7.718850
3.900822
10.390112
3.890154
35.371109
15.729881
14.544817
56.438609
6.771733
14.607864
14.258136
6.133270
25.857378
34.112814
18.269402
58.045316
5.730239
9.247289
5.825652
7.722015
19.111212
40.114991
14.513787
37.701608
9.996989
5.473701
9.511864
6.893479
21.232462
45.972820
19.632861
43.661834
10.995458
4.476152
7.370485
4.725720
17.181391
39.185009
18.827519
26.168477
0.392333
0.035700
0.035694
0.414643
2.004213
0.658520
3.691412
0.390798
0.110470
0.281786
0.036303
0.399386
1.774114
2.149041
1.797134
0.980359
0.032833
1.942777
0.035742
0.994707
2.756618
0.828866
0.550016
3.860827
0.698677
0.055269
0.037296
0.634005
1.040904
3.906234
2.127409
1.780010
0.034498
0.071468
0.273018
0.731454
1.046915
3.278732
1.298329
1.723544
0.048222
0.433682
0.253118
0.081584
3.060700
2.111885
0.188119
3.882045
0.304904
0.052106
0.042131
0.245168
1.547968
5.395553
1.921264
2.611349
0.075639
0.394732
0.284279
0.134479
4.390250
0.496987
4.990610
1.476127
5.056516
18.575273
14.414837
5.371331
49.548797
111.512531
26.996573
123.533078
12.315961
6.655212
12.912602
6.985576
20.326114
54.297372
37.316044
19.239494
6.724169
11.069577
11.850622
5.559362
135.701891
15.185469
36.616383
70.236263
4.587617
10.083621
11.152147
6.391774
17.741158
39.400041
49.833341
14.915617
7.717017
12.302406
9.390349
5.588853
36.644725
131.174063
18.698042
78.112734
10.265650
6.731417
16.576872
4.361006
34.284570
88.251905
24.131942
45.372303
7.247271
15.905439
11.682006
6.744332
15.792606
106.585391
50.637322
45.798528
6.240375
11.747873
11.449211
6.557817
15.900569
78.343048
23.900145
61.745592
0.035122
0.071216
0.058959
0.128438
3.681803
0.545981
1.415167
1.262585
0.088550
0.448440
0.097412
0.053574
0.683073
2.599146
1.857278
1.005845
0.031646
0.293588
0.075915
0.063465
1.247780
2.855729
0.419124
3.558225
0.079320
0.034649
0.112572
0.482361
0.981263
1.586584
0.606190
1.328697
0.156099
0.100201
0.030966
0.335197
2.263335
1.140240
3.050448
1.792140
0.148173
0.079381
0.089609
0.155300
0.450316
3.525281
3.225306
1.963949
0.203471
0.035835
0.131135
0.073633
3.377912
0.161427
2.673600
1.021647
0.113975
0.151310
0.071199
0.091428
2.002751
1.980700
1.935165
0.598019
7.017844
9.947577
5.362872
10.166519
19.053594
55.871297
22.295836
42.747402
7.981587
4.705196
5.798346
6.188618
25.051330
16.310998
25.966355
12.034334
3.600964
12.550117
10.506468
3.901546
46.104281
24.312809
13.835842
48.330608
5.935183
3.989192
4.481412
8.072278
28.511455
20.796762
15.725209
27.015378
5.219988
13.384331
7.953292
12.449052
27.500502
31.158273
15.848556
49.022892
10.660647
3.783689
5.101702
10.042013
32.463023
15.073817
26.727017
39.348559
7.342612
5.475382
8.203949
6.034478
17.145319
50.234447
13.948372
61.107791
11.574667
4.694273
4.168579
9.625871
17.486220
42.196172
15.556031
30.977466
0.101575
0.452701
0.055938
0.441187
0.981970
4.826865
3.082595
0.934408
0.041699
0.450389
0.216611
0.374700
2.605896
2.538353
3.320262
1.939371
0.038189
0.357597
0.387120
0.108394
1.340469
3.347265
3.652060
1.303657
0.069484
0.161882
0.133545
0.520958
0.981792
0.810041
0.989453
4.400754
0.095761
0.466404
0.468189
0.085158
1.244034
4.103298
4.110882
1.336078
0.069939
0.334538
0.434102
0.083881
4.142621
0.870543
0.715400
5.165900
1.519067
0.076373
0.799327
0.083770
2.407028
2.611250
2.501182
2.579154
0.125025
0.097111
0.065638
0.820798
1.742190
2.643680
0.487905
2.941823
11.738123
7.592575
9.794903
9.265930
140.429516
28.361608
71.461742
30.258583
11.672169
6.607852
10.619986
4.554446
26.180045
39.308358
51.360452
21.617564
9.653921
7.858699
5.603874
10.934606
17.905377
109.811813
49.800775
60.437658
11.335295
5.258122
9.666807
4.977034
18.842200
80.012422
28.917600
41.318902
6.328104
15.253378
6.292484
15.630242
22.452227
79.894847
70.128420
47.336763
5.943479
9.362559
5.271832
11.316383
68.172466
38.477497
34.190692
77.538975
12.535072
9.543135
8.361193
12.161645
50.250763
42.295991
18.446269
107.333172
11.174444
7.647174
9.056318
5.508618
28.632709
72.611894
36.738977
94.312602
0.045866
0.395576
0.033674
0.297623
1.181369
1.296311
0.901077
1.173218
0.142500
0.087673
0.067858
0.369362
3.051784
1.142272
0.390283
1.875358
0.114264
0.131788
0.038483
0.115918
4.031049
0.560338
2.472631
1.276740
0.033675
0.382300
0.063629
0.115476
2.952985
1.776969
1.147041
1.667354
0.516027
0.109665
0.058654
0.856989
3.104140
0.602246
2.170986
3.165376
0.088470
0.152126
0.498723
0.031765
3.506062
0.988396
1.230424
1.986108
0.153909
0.090948
0.037409
0.340232
1.529105
1.224369
3.409102
0.740929
0.050560
0.363842
0.031298
0.099337
3.642838
0.494936
0.529821
2.800152
6.192233
3.551957
9.757320
3.291688
24.294866
35.613497
31.328003
30.204272
4.299610
11.291766
3.309581
7.417668
57.199150
23.905186
20.087961
42.926409
3.642998
13.453244
7.834697
5.032132
29.176883
41.544311
18.723381
45.508289
5.159186
10.181231
3.859321
8.889327
21.587123
27.624477
20.943575
43.834909
6.600930
7.135649
5.075290
10.641544
19.920930
47.082613
39.891561
19.299789
4.036027
8.190282
8.625720
4.808800
16.574027
32.545744
12.365059
45.663084
12.221570
4.343599
5.625118
11.649761
31.118820
45.974511
36.287062
25.539158
9.195779
4.088181
5.542203
5.827582
30.528055
35.745683
37.319547
17.446494
0.049900
0.766622
0.117889
0.103523
2.798566
1.843074
3.875655
0.538363
0.051593
0.066471
0.299601
0.455071
2.579640
1.488644
1.799422
0.277519
0.035863
1.566064
0.033663
1.296299
0.931623
2.882712
0.449630
2.954604
0.107664
0.063190
0.383960
0.079359
2.703954
0.115524
0.933920
1.554637
0.033315
0.341980
1.038413
0.348317
6.175550
0.378156
3.361128
2.356936
0.457087
0.326067
0.060850
0.132370
2.664116
4.528012
1.323106
1.585505
0.238095
0.257830
1.816624
0.041598
1.986895
2.468603
0.715869
5.719608
0.453531
0.044685
0.424696
0.373688
4.582566
1.192052
2.263164
1.823369
5.814192
10.218652
7.394826
12.841891
69.174886
23.380348
19.797808
120.598484
7.358938
10.316869
7.711349
5.632619
30.155594
46.072297
71.652478
33.553027
5.840381
10.671727
5.793233
14.723511
90.753883
18.530917
70.035703
18.856845
12.001309
5.112943
13.717402
4.795243
29.659569
46.460675
94.186523
17.865358
14.662725
6.574414
7.741843
10.781558
43.547619
66.836334
15.632103
62.636939
11.002269
8.097208
4.276191
10.737128
16.197134
49.608153
49.574861
17.502734
6.968431
10.880816
5.297143
15.417920
45.430997
62.946122
36.233247
99.021961
4.746189
13.721167
9.370310
8.323307
88.699161
20.299911
29.806155
102.382203
0.039686
0.464366
0.449052
0.034866
1.311844
0.645638
0.500642
3.018262
0.227176
0.043495
0.147321
0.136179
0.796624
3.141610
1.618688
0.463347
0.098865
0.157911
0.169096
0.041908
2.668777
0.595216
1.725004
1.180748
0.045110
0.293257
0.152905
0.166418
0.458851
2.492448
1.395181
0.605972
0.054190
0.631110
0.085523
0.079171
0.530856
3.512047
0.293322
3.802370
0.151470
0.082397
0.067326
0.075867
1.623324
1.631806
0.860060
2.489180
0.163414
0.123094
0.040328
0.131001
1.280145
0.544104
2.795052
1.823907
0.131007
0.333325
0.142340
0.059693
1.212757
0.539902
0.935817
1.829733
6.329052
5.535098
9.169080
5.443290
20.898959
47.994363
19.775287
46.209580
10.621960
4.863803
8.712971
4.155875
19.228377
35.154028
14.876572
26.898714
7.956518
3.486659
7.291468
4.968743
29.543705
27.982488
54.038434
18.956962
4.840451
8.561777
5.520936
3.941412
14.115752
31.145369
27.681395
11.499625
4.243132
7.101544
5.585232
11.892411
25.123364
61.629020
17.975442
49.781702
9.975439
4.465837
7.682206
4.501587
28.335558
25.883208
22.001411
26.523717
4.078768
14.586206
5.722528
9.138468
41.342475
19.351895
23.261758
58.360092
4.460978
9.933417
5.581603
8.481950
46.298159
21.541537
37.232252
22.197578
0.024841
0.026303
0.024932
0.031978
0.000000
0.000000
0.001704
0.000000
0.030282
0.023444
0.001629
0.040400
0.000000
0.000000
0.000000
0.000000
0.023238
0.045776
0.025235
0.027154
0.000000
0.008911
0.000450
0.012211
0.026651
0.013343
0.070194
0.000000
0.000000
0.000000
0.000000
0.000000
0.014390
0.025632
0.028974
0.010422
0.000000
0.000000
0.001028
0.000000
0.002452
0.083447
0.025388
0.007370
0.000000
0.000000
0.000000
0.000000
0.026180
0.002625
0.026634
0.024034
0.000000
0.000000
0.000000
0.008102
0.028047
0.014004
0.029040
0.015883
0.000000
0.000000
0.000000
0.000000
0.000000
0.000000
0.000000
0.000000
0.000000
0.000000
0.000000
0.000000
0.000000
0.000000
0.000000
0.000000
0.000000
0.000000
0.000000
0.000000
0.000000
0.000000
0.000000
0.000000
0.000000
0.000000
0.000000
0.000000
0.000000
0.000000
0.000000
0.000000
0.000000
0.000000
0.000000
0.000000
0.000000
0.000000
0.000000
0.000000
0.000000
0.000000
0.000000
0.000000
0.000000
0.000000
0.000000
0.000000
0.000000
0.000000
0.000000
0.000000
0.000000
0.000000
0.000000
0.000000
0.000000
0.000000
0.000000
0.000000
0.000000
0.000000
0.000000
0.000000
0.000000
0.000000
0.000000
0.000000
0.029509
0.023252
0.000000
0.032293
0.000000
0.000000
0.000000
0.000000
0.027885
0.001053
0.028970
0.002209
0.000000
0.000000
0.000000
0.000000
0.000000
0.026926
0.027885
0.000000
0.000000
0.000000
0.000000
0.000000
0.007483
0.002019
0.007270
0.010813
0.000000
0.000000
0.000000
0.000000
0.000688
0.032899
0.026905
0.000000
0.000000
0.000000
0.000000
0.000000
0.000308
0.021231
0.000000
0.028462
0.000000
0.000000
0.000000
0.000000
0.003549
0.032091
0.005901
0.013987
0.000000
0.000000
0.000000
0.000000
0.030233
0.005335
0.000303
0.015348
0.000000
0.000000
0.000000
0.000000
0.000000
0.000000
0.000000
0.000000
0.000000
0.000000
0.000000
0.000000
0.000000
0.000000
0.000000
0.000000
0.000000
0.000000
0.000000
0.000000
0.000000
0.000000
0.000000
0.000000
0.000000
0.000000
0.000000
0.000000
0.000000
0.000000
0.000000
0.000000
0.000000
0.000000
0.000000
0.000000
0.000000
0.000000
0.000000
0.000000
0.000000
0.000000
0.000000
0.000000
0.000000
0.000000
0.000000
0.000000
0.000000
0.000000
0.000000
0.000000
0.000000
0.000000
0.000000
0.000000
0.000000
0.000000
0.000000
0.000000
0.000000
0.000000
0.000000
0.000000
0.000000
0.000000
0.000000
0.000000
0.003993
0.086575
0.090873
0.016272
0.000000
0.005468
0.001461
0.018317
0.022305
0.027692
0.058368
0.000336
0.001391
0.000000
0.000000
0.000000
0.122726
0.007004
0.107287
0.007428
0.002282
0.010536
0.019105
0.000000
0.000000
0.077966
0.027553
0.013472
0.000000
0.000000
0.000936
0.000000
0.071376
0.041379
0.024713
0.000000
0.007173
0.000424
0.000390
0.005659
0.028216
0.000000
0.029556
0.014607
0.000000
0.004542
0.000610
0.000000
0.029514
0.062046
0.071386
0.030220
0.016121
0.000000
0.001057
0.006528
0.018275
0.013131
0.026452
0.016433
0.000000
0.009875
0.000000
0.000000
0.000000
0.000000
0.000000
0.000000
0.000000
0.000000
0.000000
0.000000
0.000000
0.000000
0.000000
0.000000
0.000000
0.000000
0.000000
0.000000
0.000000
0.000000
0.000000
0.000718
0.000000
0.000000
0.000000
0.000000
0.000000
0.000000
0.000000
0.000000
0.000000
0.000000
0.000000
0.000000
0.000000
0.000000
0.000000
0.000000
0.000000
0.000000
0.000000
0.000000
0.000000
0.000000
0.000000
0.000000
0.000000
0.000000
0.000000
0.000000
0.000000
0.000000
0.000000
0.000000
0.000000
0.000000
0.000000
0.000000
0.000000
0.000000
0.000000
0.000000
0.000000
0.000000
0.000000
0.000000
0.035695
0.023007
0.023453
0.000000
0.000000
0.000000
0.000000
0.000000
0.023769
0.000000
0.018082
0.024074
0.000000
0.000000
0.000000
0.001184
0.057246
0.007892
0.022866
0.018659
0.000000
0.000000
0.000000
0.000000
0.022821
0.051023
0.011162
0.000000
0.000000
0.000000
0.000000
0.000000
0.006192
0.017819
0.032767
0.000000
0.000000
0.000000
0.000000
0.000000
0.003856
0.023839
0.022431
0.014347
0.000000
0.000000
0.000000
0.000000
0.000000
0.042907
0.015811
0.013545
0.000000
0.002050
0.000000
0.003716
0.021905
0.001239
0.011976
0.021306
0.000000
0.000000
0.000000
0.000000
0.000000
0.000000
0.000000
0.000000
0.000000
0.000000
0.000000
0.000000
0.000000
0.000000
0.000000
0.000000
0.000000
0.000000
0.000000
0.000000
0.000000
0.000000
0.000000
0.000000
0.000000
0.000000
0.000000
0.000000
0.000000
0.000000
0.000000
0.000000
0.000000
0.000000
0.000000
0.000000
0.000000
0.000000
0.000000
0.000000
0.000000
0.000000
0.000000
0.000000
0.000000
0.000000
0.000000
0.000000
0.000000
0.000000
0.000000
0.000000
0.000000
0.000000
0.000000
0.000000
0.000000
0.000000
0.000000
0.000000
0.000000
0.000000
0.000000
0.000000
0.000000
0.000000
0.000000
0.000000
0.025282
0.021718
0.044985
0.012590
0.006435
0.000000
0.000000
0.001649
0.032254
0.001162
0.029834
0.020230
0.000000
0.000000
0.000000
0.000000
0.057929
0.023887
0.022665
0.026962
0.003345
0.000000
0.000000
0.005540
0.029758
0.009712
0.025887
0.001098
0.000000
0.000000
0.000000
0.000000
0.025980
0.020557
0.022042
0.027020
0.006184
0.000000
0.000000
0.000000
0.052827
0.014333
0.023471
0.029251
0.000000
0.000000
0.000000
0.000000
0.000000
0.025735
0.008893
0.031267
0.000000
0.000000
0.000000
0.000000
0.028779
0.023152
0.076772
0.000000
0.000000
0.000000
0.000000
0.000000
0.000000
0.000000
0.000000
0.000000
0.000000
0.000000
0.000000
0.000000
0.000000
0.000000
0.000000
0.000000
0.000000
0.000000
0.000000
0.000000
0.000000
0.000000
0.000000
0.000000
0.000000
0.000000
0.000000
0.000000
0.000000
0.000000
0.000000
0.000000
0.000000
0.000000
0.000000
0.000000
0.000000
0.000000
0.000000
0.000000
0.000000
0.000000
0.000000
0.000000
0.000000
0.000000
0.000000
0.000000
0.000000
0.000000
0.000000
0.000000
0.000000
0.000000
0.000000
0.000000
0.000000
0.000000
0.000000
0.000000
0.000000
0.000000
0.000000
0.000000
0.000000
0.000000
0.000000
0.000000
0.030600
0.005800
0.031505
0.000000
0.000000
0.000000
0.000000
0.000000
0.005783
0.025927
0.028473
0.000000
0.000000
0.000000
0.000299
0.000000
0.007782
0.004092
0.031379
0.012493
0.000000
0.000000
0.000000
0.000000
0.038669
0.000000
0.028867
0.017410
0.000000
0.000000
0.000000
0.000000
0.000000
0.024812
0.026734
0.000000
0.000000
0.000000
0.000000
0.000000
0.026074
0.002122
0.000000
0.036582
0.000000
0.000000
0.000000
0.000000
0.000000
0.014168
0.037172
0.000325
0.000000
0.000290
0.000000
0.000000
0.032055
0.000000
0.056587
0.017165
0.000000
0.000000
0.000000
0.000000
0.000000
0.000000
0.000000
0.000000
0.000000
0.000000
0.000000
0.000000
0.000000
0.000000
0.000000
0.000000
0.000000
0.000000
0.000000
0.000000
0.000000
0.000000
0.000000
0.000000
0.000000
0.000000
0.000000
0.000000
0.000000
0.000000
0.000000
0.000000
0.000000
0.000000
0.000000
0.000000
0.000000
0.000000
0.000000
0.000000
0.000000
0.000000
0.000000
0.000000
0.000000
0.000000
0.000000
0.000000
0.000000
0.000000
0.000000
0.000000
0.000000
0.000000
0.000000
0.000000
0.000000
0.000000
0.000000
0.000000
0.000000
0.000000
0.000000
0.000000
0.000000
0.000000
0.000000
0.000000
0.041333
0.007228
0.029751
0.023826
0.000000
0.002107
0.000000
0.019751
0.028408
0.028786
0.030484
0.000000
0.000000
0.004073
0.000000
0.000286
0.070344
0.009866
0.277104
0.012678
0.019258
0.000000
0.019453
0.004216
0.028819
0.030376
0.005657
0.024012
0.000000
0.019647
0.000000
0.000000
0.093105
0.025100
0.004555
0.027878
0.000000
0.020224
0.000000
0.008847
0.004292
0.026854
0.032269
0.011949
0.000000
0.000000
0.000000
0.000000
0.021647
0.031641
0.001851
0.185446
0.015504
0.000189
0.019111
0.000255
0.001235
0.026749
0.018072
0.018516
0.000000
0.000000
0.004169
0.000814
0.000000
0.000000
0.000000
0.000000
0.000000
0.000000
0.000000
0.000000
0.000000
0.000000
0.000000
0.000000
0.000000
0.000000
0.000000
0.000000
0.000000
0.000000
0.000020
0.000000
0.000000
0.000000
0.000000
0.000000
0.000000
0.000000
0.000000
0.000000
0.000000
0.000000
0.000000
0.000000
0.000000
0.000000
0.000000
0.000000
0.000000
0.000000
0.000000
0.000000
0.000000
0.000000
0.000000
0.000000
0.000000
0.000000
0.000000
0.000000
0.000000
0.000000
0.000000
0.000000
0.000000
0.000000
0.000000
0.000000
0.000000
0.000000
0.000000
0.000000
0.000000
0.000000
0.000000
0.000000
0.027099
0.000909
0.000000
0.031150
0.000000
0.000000
0.000000
0.000000
0.000000
0.026530
0.007743
0.008254
0.000000
0.000000
0.000000
0.000000
0.019066
0.005713
0.001867
0.018389
0.000000
0.000384
0.000000
0.000000
0.027325
0.000000
0.005821
0.004927
0.000000
0.000000
0.000000
0.000000
0.025329
0.000000
0.030080
0.016809
0.000000
0.000000
0.000000
0.000000
0.003462
0.020769
0.030980
0.022871
0.000000
0.000000
0.000000
0.000000
0.002326
0.001410
0.027206
0.004250
0.000000
0.004291
0.000000
0.003559
0.007349
0.000000
0.012310
0.025552
0.000497
0.000000
0.000000
0.000000
0.000000
0.000000
0.000000
0.000000
0.000000
0.000000
0.000000
0.000000
0.000000
0.000000
0.000000
0.000000
0.000000
0.000000
0.000000
0.000000
0.000000
0.000000
0.000000
0.000000
0.000000
0.000000
0.000000
0.000000
0.000000
0.000000
0.000000
0.000000
0.000000
0.000000
0.000000
0.000000
0.000000
0.000000
0.000000
0.000000
0.000000
0.000000
0.000000
0.000000
0.000000
0.000000
0.000000
0.000000
0.000000
0.000000
0.000000
0.000000
0.000000
0.000000
0.000000
0.000000
0.000000
0.000000
0.000000
0.000000
0.000000
0.000000
0.000000
0.000000
0.000000
0.000000
0.000000
0.000000
