1.334521
0.864924
0.117625
0.094583
0.115343
0.106077
0.008402
0.000739
0.000000
4.186200
4.884773
4.325545
1.312352
0.160969
0.191855
0.456998
0.330205
0.146163
0.090553
0.007718
0.000000
0.000000
0.000000
0.000000
0.000000
0.000000
5.947826
6.959580
5.173781
2.352110
0.204949
0.262445
0.298537
0.633427
0.201132
0.147572
0.131196
0.115354
0.000000
0.000000
0.000000
0.000000
0.000000
4.419054
5.627965
7.265563
8.962308
3.876250
0.830008
0.172042
0.235325
0.204036
0.285576
0.230212
0.175268
0.139574
0.129115
0.000000
0.000000
0.000000
0.000000
0.000000
0.000000
0.000000
0.000000
0.000000
5.310576
6.979345
7.994966
7.703965
5.007169
3.298110
0.175214
0.159577
0.143137
0.255902
0.384836
0.338881
0.184607
0.139831
0.051947
0.048549
0.000031
0.000031
0.000004
0.000000
0.000000
0.000000
0.000000
1.221703
3.448644
5.584411
7.225668
6.486695
5.792432
5.355909
3.657072
0.715215
0.170552
0.266735
0.671852
0.650347
0.399341
0.405604
0.157411
0.096097
0.078554
0.000068
0.000052
0.000006
0.000000
0.000000
0.000000
0.000000
0.000000
0.000000
1.514798
4.025035
5.486536
5.596927
5.503983
5.986063
4.201028
0.982026
2.905716
2.497446
1.469284
2.812168
2.875805
1.818679
0.630354
0.367736
0.148942
0.143886
0.005355
0.004994
0.008085
0.008954
0.010746
0.012556
0.012333
0.013696
0.013696
0.000000
0.000000
1.963434
5.237705
6.143111
4.821958
2.130466
2.621964
4.717599
2.556355
0.755543
1.944305
3.566386
6.017697
4.252993
2.409940
1.171869
0.643571
0.189998
0.142579
0.039868
0.039474
0.109286
0.129930
0.162268
0.170825
0.135724
0.134669
0.189646
0.190426
0.133058
0.071046
0.071046
2.228486
5.903989
5.057805
3.457097
0.575449
0.199496
1.408142
3.341157
2.010890
2.842057
3.031084
4.547647
3.773919
4.261203
2.071305
0.875538
0.457028
0.183463
0.079853
0.073878
0.090904
0.115618
0.157229
0.168132
0.319636
0.500911
0.595322
0.353572
0.382068
0.095132
0.095132
1.498052
1.711182
3.403542
1.690279
0.581979
1.627695
2.358752
2.636010
2.567763
3.685594
6.256625
5.903792
4.615070
5.067335
4.411771
3.430226
1.822888
0.984579
0.151592
0.158286
0.186587
0.220951
0.367055
0.616280
1.479357
1.490296
1.614611
1.889988
3.696888
9.499758
5.998727
0.000000
0.000000
1.117342
1.635618
2.267848
3.671322
3.292312
3.947660
4.571999
4.176406
4.596851
5.724705
7.283462
7.501563
7.562667
7.933666
7.560812
6.033924
3.660954
3.403757
0.802958
1.181057
1.874422
2.359985
2.831025
3.693437
4.550520
4.282504
8.125814
7.490720
9.294020
13.535825
13.721149
0.052045
0.052045
0.991747
1.725237
3.337675
4.721755
6.780365
7.242651
6.871381
5.592126
5.205679
6.158541
7.959276
8.580267
9.016775
9.369183
10.328087
10.475502
8.470132
9.838390
3.849097
5.108926
6.254706
6.817855
7.522810
8.738676
10.374668
11.416065
15.877723
12.278433
12.009842
15.362397
18.104373
15.068252
11.054670
0.272482
0.272482
1.786959
3.768519
8.921746
10.874234
10.837464
10.799223
9.079633
7.027788
4.771625
6.007529
9.639621
9.879774
10.928637
11.816169
13.748752
14.921120
14.678831
10.156717
9.764577
9.461840
11.091875
12.778283
15.416420
16.805630
28.095272
19.940705
16.179562
17.597752
17.307484
21.987306
21.283453
18.717812
19.984525
0.000000
0.000000
3.192133
8.009622
12.558759
14.379903
15.521437
14.820555
12.043937
10.567759
8.700104
8.991998
12.870841
11.979105
13.651644
15.261123
17.870400
20.383217
16.792416
11.220400
11.920200
13.223250
15.455325
17.364825
20.756425
21.916800
31.618700
20.713100
18.326200
23.398487
26.645112
28.225313
26.674962
20.702400
21.094958
18.020000
16.560500
16.362838
26.059350
0.266979
0.266979
5.576038
11.859094
16.650600
18.992647
21.563211
21.863900
20.441862
18.082038
16.790031
17.931539
19.641028
18.804514
18.676389
19.874014
22.322523
20.689056
15.152905
14.549500
16.926400
16.926400
17.947350
18.093200
18.438725
19.014600
20.857745
18.579845
23.819100
36.960112
38.878437
35.409400
27.668420
19.718438
25.769400
25.769400
24.478184
24.894253
26.808763
0.186019
0.186019
11.814972
15.404900
19.879519
22.424258
25.027731
25.447077
26.028653
26.818780
26.304603
27.457420
28.433278
29.249272
26.842158
25.755322
23.860520
21.074000
19.671027
19.661602
20.671067
19.107491
18.159313
18.093200
18.531950
19.673652
25.218000
20.584000
21.703500
37.745312
43.513828
39.198706
25.006312
16.472500
29.422547
32.291000
31.598100
26.278505
24.478850
29.509175
37.759259
0.000000
0.000000
12.030900
17.231275
21.676169
23.537344
27.073214
28.284798
30.391875
31.205489
30.040317
30.677773
33.128306
35.152806
33.622850
30.101697
26.315461
24.812342
23.634592
24.881367
26.219289
24.233108
20.924455
20.337606
20.736637
24.344320
23.961047
18.828563
24.855812
41.647117
43.811183
39.142991
30.672703
28.723812
40.429092
36.207750
35.711662
31.063805
35.720741
39.528902
44.015392
0.497640
0.497640
11.837536
18.350775
22.674700
24.167111
28.255514
29.740061
32.485534
32.539972
31.970048
32.514461
35.690873
36.973569
34.200227
32.061467
28.575692
28.075075
27.996270
30.416928
30.505933
27.349272
24.490478
24.145416
26.016017
28.591817
23.015995
17.959763
26.477262
43.447603
43.285969
39.944108
35.468886
36.454037
44.309336
37.521322
37.564125
33.793116
42.603469
45.996452
48.297434
46.787542
44.034850
44.774267
48.201314
48.343758
47.746792
43.743808
35.036286
29.147012
28.169712
37.986475
49.653400
55.831261
60.166770
61.197092
62.756827
63.976720
59.885837
51.513475
50.280561
0.794685
0.794685
11.413992
18.328925
22.534814
24.636581
28.453498
29.723017
31.547242
32.322878
33.298430
35.291811
37.080427
37.538522
38.325497
38.994547
39.083120
38.320511
41.200822
41.330653
36.465423
32.913844
31.419566
32.637256
30.318997
27.209788
22.083663
19.787663
24.457275
38.708903
35.393787
32.322036
27.631470
26.071400
30.539325
29.283788
33.272738
33.272738
42.731225
45.129194
47.899262
49.367888
53.945008
50.929213
52.013309
52.100963
45.788006
36.804320
24.456116
20.120725
22.293275
32.647125
49.468062
52.831530
54.810834
53.159489
50.566622
50.624450
54.091488
46.864850
44.141325
0.000000
0.000000
9.131708
17.015900
21.486753
25.211122
29.154544
30.147314
31.295423
31.987456
31.449102
33.452103
40.166105
41.186252
42.624525
43.130213
44.505972
46.150003
46.065500
39.283167
34.136000
29.861028
29.015309
30.443905
30.975030
27.922680
23.581409
23.544300
23.544300
32.027250
28.321075
25.514525
22.007900
22.007900
33.401100
33.401100
33.401100
33.401100
40.163933
41.676925
45.826867
49.438500
52.130773
54.945200
62.875275
62.307889
50.185598
43.210512
30.822570
24.368273
31.206200
44.573064
48.170700
48.219700
48.226284
44.114767
44.666842
54.565100
58.525900
61.463700
46.742000
1.017715
1.017715
7.178302
15.438300
20.706400
23.962362
26.339728
25.091231
26.139931
23.315080
23.265559
23.676220
36.278800
40.004287
43.666375
45.130950
47.818350
49.471100
48.373300
41.592509
38.193139
33.531880
30.916463
30.929598
29.428031
28.155709
25.614500
24.650900
27.668389
38.274483
31.460748
26.160150
22.007900
22.007900
33.401100
33.401100
34.897100
36.166025
40.687825
41.214375
42.358944
42.765106
44.439003
55.175900
66.330900
66.598388
60.147764
53.862644
37.143439
30.113877
25.464517
34.238556
46.189805
43.686731
35.957919
31.421561
43.638441
57.792920
58.052025
62.301728
47.352375
1.415520
1.415520
6.337516
14.343945
18.089300
19.121012
17.655425
13.053902
11.519396
8.986167
14.677915
17.363700
34.880661
35.539666
38.401209
42.618875
47.761089
51.228736
50.468000
48.023467
44.292414
40.634323
34.148638
32.355845
30.439162
29.880100
27.631600
34.736128
38.658100
47.024762
38.872670
33.323362
26.324133
26.108498
37.427000
37.539644
39.801800
39.801800
36.648387
36.197900
39.721137
45.593200
46.077200
71.346600
74.228100
78.274975
71.387067
58.816436
45.657234
41.158098
38.154512
43.529219
44.862775
41.313906
50.693723
45.502839
50.004186
59.787720
53.087584
53.343481
46.685808
0.000000
0.000000
5.763197
12.977672
15.931753
18.069755
13.216953
4.315046
1.994812
2.509742
10.786458
18.108692
30.867170
29.900255
33.215119
38.457130
46.751862
48.857238
51.422250
48.379437
45.820062
41.495659
37.058272
34.761812
32.121389
31.513850
30.646662
39.723622
43.558600
46.643927
38.697397
33.190097
26.003197
25.891150
38.460008
39.258369
39.801800
39.801800
36.648387
36.197900
39.768177
45.718637
45.856138
71.346600
74.840491
78.568498
71.822411
60.202989
48.770170
44.939958
43.301788
47.787320
50.724780
49.084056
57.942655
58.458562
60.799573
69.049444
59.600789
53.702544
48.822503
0.972512
0.972512
5.245610
11.699795
11.328293
13.968983
11.734394
6.111219
0.527096
1.548442
8.172888
19.087736
27.573661
25.693298
29.103641
35.253530
45.465584
48.024563
51.991756
50.533406
49.234975
42.623355
38.285716
36.418047
33.751244
33.129775
33.391728
42.818559
48.380061
46.352691
39.031953
34.016513
27.425538
27.558913
41.574869
40.720300
40.707438
40.707438
36.535033
35.938975
39.122397
44.428100
44.366500
70.377875
74.861634
78.246394
69.101617
52.160909
46.082641
42.836688
42.653625
50.254225
54.461213
52.347169
58.743725
60.002636
64.770608
71.878412
62.940025
54.312350
51.126563
4.118535
4.118535
3.883748
7.867417
3.714116
3.652547
5.183948
5.337786
0.389863
0.567361
7.392697
17.789833
19.195075
16.989272
21.809933
26.259091
37.672519
46.368330
51.161227
51.952259
52.039938
47.180220
41.932770
40.573052
39.033838
38.438650
39.386470
47.291466
48.168428
45.505956
43.478881
41.445475
39.530577
41.697463
47.046900
47.046900
47.380088
47.088548
35.741550
34.126500
34.404375
34.867500
34.867500
63.600013
73.793481
72.632736
60.899394
48.737536
46.810400
46.487838
49.029400
49.029400
65.849600
65.849600
66.949289
66.936053
68.317170
71.164475
71.031500
58.830500
58.830500
0.004194
0.004194
2.381450
4.653817
1.460291
0.552554
2.384260
2.976423
0.688445
0.611527
2.299489
6.939584
6.894093
10.715166
24.347173
28.256300
36.234895
40.189200
45.107205
49.835014
53.986900
52.402450
49.738700
48.231150
45.859348
45.293013
44.895117
49.665800
50.448175
51.814050
50.821400
49.035837
46.860025
47.731900
47.046900
47.046900
49.712400
47.380088
35.741550
34.126500
34.404375
34.867500
34.867500
63.622500
71.315356
69.595445
54.443764
50.731495
50.522286
49.276200
49.029400
49.029400
65.849600
65.849600
70.400650
70.276336
68.971050
72.095300
71.031500
58.830500
58.830500
2.363125
2.363125
1.031666
1.326101
0.144434
0.146532
0.337448
0.317069
0.530095
0.877459
2.032685
2.575337
3.043457
6.946983
17.378858
21.968983
27.053125
29.715702
37.641800
47.450489
54.691134
55.630505
55.016100
54.991620
53.772969
51.212883
47.664469
54.255823
56.873200
56.640188
57.362287
57.788941
56.229381
52.766600
54.071234
54.816722
52.344800
50.339278
35.939025
34.040900
36.736362
41.228800
41.228800
65.978400
70.523666
65.664773
56.050705
56.847444
51.628627
52.847400
49.223800
49.223800
54.224400
54.224400
55.195825
55.334600
61.037263
70.541700
70.541700
69.983200
69.983200
0.934423
0.934423
0.201096
0.090384
0.052839
0.056492
0.161704
0.392729
0.499610
0.616363
4.278311
7.141206
7.101385
9.660809
15.550794
19.634225
26.850437
29.543948
33.824919
41.936600
49.668350
51.986969
52.976625
54.041770
55.111897
53.191033
49.922375
51.841300
55.560300
57.139150
57.037013
57.817825
58.615537
57.646100
60.164987
63.122400
54.069000
49.831288
36.623548
35.819450
39.700612
41.228800
41.228800
64.508900
65.058794
56.466961
55.865413
49.812011
46.757972
47.650800
49.223800
49.223800
54.224400
54.224400
55.195825
55.334600
61.037263
70.541700
70.541700
69.983200
69.983200
0.126270
0.056965
0.071597
0.071597
0.105027
0.140203
0.348756
0.597373
6.553148
9.738606
8.247745
9.367688
15.769213
19.680959
25.770055
27.458802
31.281013
39.617452
44.458939
45.843025
48.387838
49.613894
52.463619
54.789687
52.241966
46.877503
49.543058
54.332564
55.058825
55.688223
57.036264
57.492295
62.446250
65.379900
56.304875
50.076100
39.173311
37.997817
38.740511
37.535370
35.881363
60.378525
61.779338
56.612069
55.282861
51.446561
47.760894
46.939988
48.409488
48.409488
59.072962
59.072962
59.437247
59.489287
65.858630
76.474200
76.474200
76.264762
76.264762
0.126561
0.088277
0.133134
0.096737
0.113271
0.126366
0.192170
0.794725
7.537652
11.081595
9.543788
9.495908
16.366433
20.017117
25.567752
26.554838
30.414200
37.783553
41.512975
42.810862
46.016797
47.311042
50.453958
54.947412
52.720411
43.355125
43.356694
51.344203
52.867344
53.715059
55.707337
56.996937
63.440902
66.492127
57.832234
50.145000
40.681202
39.482291
37.969459
35.171608
32.672900
57.900300
59.888412
56.256320
50.284625
49.664322
47.895364
46.880763
47.920900
47.920900
61.982100
61.982100
61.982100
61.982100
68.751450
80.033700
80.033700
80.033700
80.033700
0.242979
0.248745
0.881819
3.403260
9.424321
12.531844
11.027855
10.457886
17.534588
22.146645
29.251472
30.211122
31.045642
36.549603
40.061012
40.808514
44.059547
45.410586
46.531381
47.259544
46.112308
39.684625
37.322262
42.165311
44.792461
47.490781
51.691167
51.944381
61.743612
62.588323
52.394862
49.521417
42.618053
40.923353
39.652636
35.679292
33.160800
55.804100
55.723887
49.417916
52.580070
53.440952
52.093588
51.025713
48.555000
48.555000
61.982100
61.982100
62.228927
62.264188
69.258252
80.915025
80.915025
82.214000
82.560238
0.179499
0.275365
0.974310
2.923021
9.731959
13.913462
13.348510
9.134873
16.270613
21.955600
32.523605
35.836742
35.430428
37.438100
39.468200
39.964500
41.172025
41.454630
40.794577
40.382369
38.194948
34.305300
32.461900
32.943412
35.548708
37.469025
41.352011
43.435794
57.277372
62.408061
50.572500
48.977725
44.357991
42.373283
41.342023
40.062522
36.700358
41.130700
38.978400
44.107650
50.909302
53.899514
57.935156
62.044500
52.993700
52.993700
61.982100
61.982100
63.956712
64.238800
72.805863
87.084300
87.084300
97.476100
101.048969
10.476879
17.578419
25.702687
30.957036
34.752300
35.333000
38.229000
38.548638
39.130205
37.981937
36.527287
34.681100
34.681100
28.923200
27.530900
29.337687
29.595800
29.650728
31.691716
33.852138
48.331000
55.015544
51.290859
49.728416
46.007367
43.220625
41.109163
40.956100
38.877400
38.870900
38.870900
41.548138
49.895572
53.309048
56.015066
58.866800
52.993700
52.993700
61.982100
61.982100
63.956712
64.238800
72.805863
87.084300
87.084300
97.898470
105.994500
16.106011
18.665703
23.738014
26.813048
31.801700
33.135400
34.177800
35.075988
34.387531
33.197200
29.556516
27.926616
22.724739
21.357339
20.903681
20.138669
19.199634
19.016217
20.979100
22.166584
30.967700
34.477288
41.386700
47.758537
45.962475
40.341337
36.187028
37.272100
37.377792
38.011200
38.011200
44.094725
48.388298
53.487159
58.159048
59.565400
63.090000
63.090000
83.297600
83.297600
87.145412
87.695100
97.633313
114.197000
114.197000
114.294000
116.754000
26.381998
28.029761
31.565075
32.065213
33.357550
33.694370
32.467952
30.299725
25.424903
21.461044
17.159778
16.779538
15.707500
16.658625
18.004012
19.227663
20.979100
20.979100
30.967700
31.680800
36.614013
40.496803
40.399623
37.431431
33.753184
33.432825
33.240125
38.011200
38.011200
46.433108
50.991644
52.826223
56.602697
57.599400
63.090000
63.090000
83.297600
83.297600
87.145412
87.695100
97.633313
114.197000
114.197000
114.681656
124.737750
27.193181
28.172275
31.106712
31.144200
32.476783
32.462786
30.002800
27.862970
22.615973
18.567138
13.927219
14.855100
16.087675
16.762781
18.102906
19.223541
20.795150
20.795150
30.967700
30.967700
33.914025
35.618153
36.351031
34.967764
32.155014
31.453725
31.228675
37.379900
37.379900
46.562008
50.020058
55.759011
53.624494
55.245587
62.265937
62.265937
82.952400
82.952400
88.100856
88.836350
98.569391
114.791125
114.791125
118.127344
132.401500
29.746953
29.322066
27.330695
26.436973
25.080244
20.939059
14.302281
14.815391
17.379600
17.320712
17.312300
18.135500
19.507500
19.507500
30.967700
30.967700
35.059400
35.059400
30.583162
29.943700
30.047500
30.220500
30.220500
32.960800
32.960800
37.984864
41.969214
44.263056
46.884009
47.035588
56.497500
56.497500
80.536000
80.772742
94.822783
96.825100
105.368500
119.607500
122.871000
135.351875
153.006375
29.677725
29.343567
27.241128
26.921350
27.686938
23.491255
9.287753
9.605417
13.630400
16.852062
17.312300
18.135500
19.507500
19.507500
30.967700
30.967700
35.059400
35.059400
30.583162
29.943700
30.047500
30.220500
30.220500
32.960800
32.960800
40.377213
46.897444
48.475577
47.584250
47.102000
56.497500
56.497500
80.536000
82.429937
95.059525
96.825100
107.094438
124.210000
130.198688
145.277062
153.961000
3.546160
5.452970
9.650490
14.442695
19.590353
19.612487
18.603800
18.603800
26.182800
26.182800
23.803600
23.803600
29.094813
29.850700
29.950675
30.117300
30.117300
34.599900
34.599900
43.061500
50.885573
59.434820
56.042352
55.027500
61.292300
61.292300
99.955400
118.091175
114.631375
113.767000
123.479125
139.666000
139.826125
146.193859
174.903000
5.334969
6.984285
9.361824
10.964931
16.778306
17.762925
18.603800
18.603800
26.182800
26.182800
23.803600
23.803600
29.094813
29.850700
29.950675
30.117300
30.117300
34.599900
34.599900
39.284388
44.843920
47.861281
57.810877
54.861400
61.292300
61.292300
99.420800
113.613475
114.001250
116.299000
134.241375
157.112000
146.649547
157.407328
174.885000
15.742433
16.060362
21.495862
25.194737
25.039788
24.877803
26.236594
26.123489
25.900644
26.391800
28.054987
33.858712
33.859837
38.010630
42.191045
47.080864
52.322275
52.918212
58.975612
58.830550
91.959995
117.403350
125.773125
127.868375
146.739891
172.528875
163.856000
172.637453
189.640625
14.238523
15.430444
19.451895
24.849862
25.909059
25.323075
24.424827
23.589023
23.218003
23.818597
26.158552
32.105255
32.624355
36.710923
41.619066
47.502203
50.686527
51.938862
57.426363
57.678775
85.669570
118.191023
132.298875
136.583437
155.989641
183.872375
177.237734
188.472766
203.394344
22.072989
21.752891
21.560747
22.378958
23.581133
22.860822
25.035038
28.405725
34.585514
40.544513
53.571855
51.427925
55.149350
58.685950
82.585773
107.791423
128.792763
138.058516
168.035484
200.454109
203.456844
218.745047
245.643937
281.390359
299.893094
23.984667
23.748173
24.128891
24.878877
25.144709
25.519023
25.851548
27.307284
32.165842
33.316075
36.229175
38.709800
47.012900
49.797700
74.669170
82.486111
101.078803
115.836250
165.849219
216.382281
203.097000
243.776828
290.530906
325.054391
344.507797
24.836413
24.564600
25.410500
25.425700
26.445800
30.115113
37.671948
40.114991
37.531750
38.151000
47.012900
49.044900
74.366700
75.710700
104.997250
121.976375
176.069000
233.127875
214.583000
260.117000
312.287000
389.472500
535.821250
30.624800
30.466800
30.466800
30.738500
30.738500
33.906525
39.100091
49.892137
52.419333
53.724700
56.016600
56.850500
88.492000
95.470562
148.540062
168.684750
217.810500
269.414516
267.711000
364.687000
397.199125
594.436750
871.835313
30.466800
30.738500
30.738500
30.448525
31.329131
38.279794
49.182216
54.049622
56.016600
56.329312
87.935625
90.552586
145.258523
177.858578
235.790813
266.599672
307.259359
364.687000
510.284063
763.345688
969.162391
972.583000
972.583000
44.696238
46.308313
46.308313
42.797561
38.508117
41.166281
54.222719
61.509370
71.409475
71.409475
95.743175
95.743175
142.220397
168.227953
231.308844
270.952469
328.111812
465.520625
797.173172
966.828187
972.583000
972.583000
972.583000
68.344078
68.552594
80.645200
80.645200
100.628000
101.463187
143.189078
161.022250
216.541391
274.936000
327.050625
578.957687
948.262375
972.617234
973.218156
972.660156
972.618766
