0.804178
0.455864
0.075915
0.068045
0.082869
0.075115
0.003417
0.000000
0.000000
2.369313
2.769467
2.410400
0.667481
0.113182
0.110228
0.139237
0.110705
0.101093
0.062495
0.001219
0.000000
0.000000
0.000000
0.000000
0.000000
0.000000
3.359357
3.943405
2.835411
1.157033
0.111745
0.166692
0.185952
0.144605
0.109040
0.105320
0.094560
0.082238
0.000000
0.000000
0.000000
0.000000
0.000000
2.437456
3.119745
4.147017
5.218753
1.976923
0.351697
0.103989
0.197444
0.105351
0.110141
0.111362
0.108004
0.100695
0.095072
0.000000
0.000000
0.000000
0.000000
0.000000
0.000000
0.000000
0.000000
0.000000
2.896767
3.712698
4.452255
4.206838
2.562283
1.367905
0.107469
0.103583
0.103406
0.103346
0.187195
0.142490
0.104749
0.102296
0.043073
0.043073
0.000020
0.000020
0.000002
0.000000
0.000000
0.000000
0.000000
0.712291
1.984375
3.098065
3.902134
3.356684
3.029179
2.560907
1.362776
0.255922
0.108366
0.106228
0.145217
0.201196
0.111092
0.149246
0.103509
0.076758
0.072996
0.000044
0.000033
0.000004
0.000000
0.000000
0.000000
0.000000
0.000000
0.000000
0.944475
2.488666
3.273007
3.153414
2.654879
3.158036
2.128247
0.318438
1.159004
1.071111
0.630237
1.095874
0.797748
0.387896
0.238362
0.250454
0.110334
0.105274
0.003408
0.003017
0.000375
0.000000
0.000000
0.000000
0.000000
0.000000
0.000000
0.000000
0.000000
1.252452
3.455450
3.954933
2.820242
0.764171
1.102933
2.205133
1.003518
0.213962
0.727208
1.599592
3.079937
1.543234
0.643351
0.486243
0.478789
0.178350
0.104920
0.024692
0.023832
0.002972
0.000000
0.000000
0.000000
0.000000
0.000000
0.000000
0.000218
0.000249
1.436545
1.436545
1.641059
4.039206
3.171636
2.029769
0.233050
0.125436
0.520283
1.285116
0.635417
1.160938
1.048858
1.889403
1.424990
1.818780
0.748242
0.549665
0.390451
0.181516
0.082675
0.031133
0.002972
0.000000
0.000000
0.000000
0.000000
0.000000
0.000000
0.000218
0.000903
0.813855
0.813855
0.960959
1.187617
2.117935
0.961324
0.257150
0.980389
1.449986
1.444606
1.222776
1.647920
2.844737
2.753808
1.766364
2.065633
2.130124
2.036463
1.048579
0.559246
0.105127
0.080734
0.002804
0.000000
0.000000
0.000000
0.000000
0.038242
0.038242
0.081726
0.089784
0.173406
0.126389
0.000000
0.000000
0.693935
1.145498
1.545475
2.278937
1.794157
2.327307
2.654448
2.377165
2.340403
2.661798
3.095575
3.469719
3.560934
3.656280
3.889407
3.543027
2.047837
1.816599
0.194746
0.061411
0.039886
0.023521
0.000000
0.000000
0.016751
0.051192
0.082576
0.099939
0.222793
1.008811
1.348987
0.898790
0.898790
0.760993
1.343847
2.676915
3.388533
3.787815
4.164972
3.941437
3.339818
2.754428
2.970263
3.676015
4.274516
4.861272
5.239680
5.942216
6.050821
6.037984
6.534070
1.074625
0.927690
0.175068
0.043609
0.009443
0.013536
0.108840
0.175826
0.579864
0.796603
1.350970
4.871615
5.560726
3.582169
1.856692
0.875335
0.875335
1.366780
3.055138
6.548027
7.656897
7.209915
7.047567
6.074260
4.309153
2.670438
2.702897
4.549964
5.056648
5.856598
6.607704
8.244748
10.017038
10.430353
5.462573
4.844076
3.455088
1.544926
0.475110
0.325082
0.700427
1.477939
2.663716
4.026349
4.693549
5.070264
11.519761
11.081690
7.933519
8.351163
0.000000
0.000000
2.486171
5.680923
8.661770
9.771611
10.373295
9.907061
7.772509
5.988762
4.827840
4.587105
7.032288
6.282573
7.262845
8.187938
10.358519
12.478267
10.339681
6.478739
6.432979
5.285780
3.562833
1.850574
1.435092
2.312266
3.439291
3.032967
3.651807
4.602226
6.738904
10.463505
11.834079
9.335043
8.453637
7.136891
6.530445
7.129573
9.101313
0.648200
0.648200
2.679872
7.697871
11.552000
13.370786
15.241878
15.458000
14.404048
12.695533
11.543322
11.869997
13.065806
11.855148
11.231094
11.834691
13.308506
11.524195
8.759700
8.661247
9.521410
8.127816
5.675595
4.088050
3.505183
5.716600
8.561549
6.583900
9.152531
12.711539
15.330048
16.910241
17.168161
11.087827
11.130100
11.764302
14.652100
13.913698
13.367086
0.680655
0.680655
4.902205
10.182231
13.815183
16.136986
18.116962
18.399158
18.749575
19.364633
19.220431
19.474347
20.100736
20.164234
17.516039
16.489153
14.812378
12.763784
12.152569
12.601947
13.266881
12.093202
8.794411
8.049071
10.886130
14.258620
15.164270
11.622836
11.559300
20.904300
22.381020
21.777978
15.401255
10.569638
20.440333
19.820633
17.489000
12.577964
13.065813
17.183397
22.355591
0.000000
0.000000
4.648521
10.762033
15.023250
16.919784
19.535212
20.507044
22.004483
22.372977
21.821556
22.160891
23.419064
24.808361
22.337898
19.927216
16.506745
15.153777
15.086206
16.564603
16.497731
15.078136
12.141242
11.316060
12.674531
16.769111
15.646134
10.374745
13.817487
23.959667
25.521758
22.828900
19.662130
20.548356
28.295106
24.723048
19.674062
17.093698
21.099203
24.199419
26.806739
0.833290
0.833290
4.653983
11.206287
15.661800
17.376516
20.388422
21.506888
23.446134
23.361864
23.236656
23.380513
24.961175
25.802137
24.080919
21.999731
18.303539
18.056816
18.173278
19.738864
19.137167
16.987697
15.096572
14.958869
17.673105
20.015475
15.663219
9.897606
14.933800
25.349527
27.433837
23.892380
23.286134
27.655030
31.199347
24.523847
20.647300
21.080075
28.677931
30.782447
29.890100
28.203472
28.481550
24.248858
25.620955
25.986158
22.921195
21.103989
15.113741
9.758455
18.371037
25.905600
30.171863
35.857897
42.977067
44.650789
47.765580
50.300814
49.712534
48.094756
48.600661
0.955575
0.955575
4.679532
11.258008
15.582087
17.496259
20.422680
21.371692
22.684727
23.289273
23.928252
24.003641
24.566470
25.583444
26.544780
26.359347
25.569973
24.598056
27.487956
28.094308
23.968020
21.957997
21.029755
22.218752
20.337388
17.751530
14.796625
13.103123
13.670300
22.297428
20.831023
18.825925
18.774041
19.476087
19.431825
15.759888
18.584000
19.476106
29.726042
31.349464
31.648970
31.410775
35.254564
30.858867
30.240950
35.321856
27.288720
21.779892
12.200384
10.155545
14.026550
21.876202
33.471489
38.279841
41.467403
41.378216
40.965241
40.638662
42.378423
46.357091
42.240972
0.000000
0.000000
4.671335
11.023287
15.024100
17.559500
20.551775
21.530866
22.527433
22.973995
22.435973
21.116642
23.900652
25.875767
27.702500
28.421128
28.788237
29.563927
30.215802
26.959970
22.803869
19.636591
19.600750
20.880105
21.622516
19.616575
16.328309
15.476900
16.517200
22.657425
21.597719
11.482747
11.044186
12.391584
16.508800
17.319075
20.693100
20.941775
26.362488
28.190463
31.974056
34.129400
34.748325
32.751159
46.804056
46.746484
35.689713
29.700687
20.108189
14.353392
16.884300
29.837112
36.692483
38.365298
39.894614
35.863862
30.241100
31.437600
41.236100
49.633900
39.683748
0.725915
0.725915
3.828900
9.754521
14.582400
16.734725
18.275222
16.973600
17.534741
15.667315
14.103190
14.215880
20.223875
25.062302
27.935600
29.252833
30.767173
31.202400
30.495000
27.184341
24.620341
21.456186
20.958859
21.442047
20.690477
19.874320
18.379800
20.026000
21.413100
24.562750
23.365619
18.546125
16.822625
16.969500
17.907600
19.296500
20.784500
21.921650
26.500838
27.173659
28.201436
29.033486
30.745973
38.269928
50.122445
52.868698
45.660895
39.937773
26.742231
19.981336
14.934827
22.477334
31.868181
34.525856
29.682442
21.018331
21.218897
33.458627
45.261353
52.422873
42.093603
0.817875
0.817875
3.211638
8.597116
12.857900
13.852458
11.822229
7.972169
6.409444
1.972668
4.034066
7.118911
18.806567
23.146016
23.582770
27.686794
30.833237
32.385763
31.189200
30.567684
29.129692
26.166417
22.871242
22.128233
21.379775
21.238400
19.510100
29.540700
29.540700
31.851455
25.102416
21.971225
20.428089
19.557055
24.018400
24.018400
24.177500
24.177500
23.707362
23.433612
27.623425
35.180300
35.180300
53.421542
60.646300
62.739038
56.084509
44.546912
32.155445
26.590141
24.906137
28.532109
29.406742
26.861878
33.660595
24.816983
26.584284
33.040711
39.722064
50.651873
46.571509
0.000000
0.000000
2.717702
7.189182
11.366576
13.239100
9.170637
2.394830
0.736396
0.695502
2.694981
6.134176
16.141997
18.990005
19.299341
23.851655
29.644366
31.803259
32.086137
30.738275
29.516450
26.768261
24.349192
23.429100
22.359752
22.359275
21.994600
30.215887
34.239700
32.043658
24.712877
21.524912
19.879155
19.468100
25.006712
24.069025
24.177500
24.177500
23.406089
23.218417
28.017667
36.240472
35.848862
52.960141
60.887441
62.902358
55.937634
45.713803
35.140488
31.514183
29.662086
34.213073
31.925345
31.039913
35.038453
36.587327
39.320027
44.196653
45.171717
45.569597
47.610142
1.050687
1.050687
2.480558
5.967420
6.439576
9.784537
8.231008
4.016480
0.108242
0.188639
0.922192
3.614927
13.638902
15.032823
16.291063
21.300478
28.498830
31.973656
33.450969
32.419519
31.337584
26.819587
24.798152
24.086877
23.320641
23.470625
24.382992
31.031975
37.055877
31.582556
24.252511
22.231475
20.844986
20.633400
25.751386
23.955258
24.038962
24.116334
23.186598
23.052200
28.278345
37.424917
35.542631
51.627550
60.667045
62.366664
52.863380
37.704875
32.798277
29.881078
29.170450
36.810463
33.174550
31.235834
34.674956
36.889500
43.065717
49.556291
47.613525
46.950881
51.525175
2.183255
2.183255
2.247779
5.178541
2.208158
2.302113
3.231054
3.471894
0.087157
0.040705
0.102998
1.201506
3.489519
5.685047
11.441309
14.991408
23.863291
31.673608
32.460686
33.149303
33.193720
29.384423
26.314328
26.292930
26.526973
27.281184
28.620131
33.803502
34.450137
32.084028
31.501548
30.701705
29.714341
29.640808
27.123081
24.304870
23.419753
23.680414
22.893752
23.110580
28.973152
37.860550
30.747275
47.069489
58.684698
57.545177
44.156848
33.587722
32.316552
32.447950
34.904191
37.810186
37.354238
36.574394
38.729967
38.972219
41.842286
46.869013
50.807875
53.940400
56.179992
0.000000
0.000000
1.607569
3.002342
0.795510
0.265949
1.268149
1.661217
0.048320
0.000000
0.033801
0.185289
0.595404
3.311495
13.764849
17.566567
24.342080
26.594970
28.396216
31.280414
35.117836
34.441308
32.660648
31.774792
30.670456
31.120964
32.049539
34.127020
33.131944
36.276350
35.424130
34.407559
34.579183
35.231050
28.916945
27.939645
25.808781
23.272970
22.741425
25.337138
32.654287
37.781100
32.597656
47.532884
57.891039
55.979761
39.864350
36.553602
37.165802
37.685700
34.706766
34.330638
44.113700
38.797200
42.481552
43.264716
44.269077
48.647100
50.710400
57.452300
67.139578
1.490000
1.490000
0.704419
0.870219
0.090550
0.089576
0.096609
0.103525
0.060542
0.000000
0.000000
0.002714
0.099044
1.276290
11.418310
14.385453
17.727503
18.679244
24.033200
30.975108
36.893650
37.246000
37.193391
37.547056
37.441367
35.996562
34.375991
36.528383
36.414600
40.195387
41.207737
42.127673
42.468248
40.527312
37.383914
37.714103
30.672480
24.157313
26.723202
28.444755
34.888420
43.835083
44.020989
51.459800
57.563841
54.577806
41.954870
42.719481
37.534778
37.774200
35.775200
35.775200
39.269500
39.269500
41.641887
41.980800
45.434288
51.190100
51.025000
63.356278
64.197192
1.569144
1.569144
0.138267
0.065808
0.000000
0.000000
0.000000
0.000000
0.000000
0.000000
0.000000
0.000000
0.000000
0.069209
1.430455
2.940583
11.892333
15.489509
20.925309
26.963000
33.992083
35.894252
36.236295
37.101778
38.892006
37.802097
36.296864
34.824000
35.067183
40.052030
41.977387
42.961050
44.435075
44.652200
44.708009
47.155400
39.657400
30.528361
30.240659
32.541300
39.286389
43.255834
39.696402
45.075500
53.627644
48.795517
43.081794
37.437728
33.293928
33.322100
35.987500
35.775200
42.630600
40.476623
43.425487
43.762312
48.488663
56.915600
55.480000
65.160194
66.399242
0.092019
0.024454
0.000000
0.000000
0.000000
0.000000
0.000000
0.000000
0.000000
0.000005
0.000003
0.054750
0.355305
3.033698
10.067345
12.284075
16.797278
24.551195
30.105425
31.103106
32.932681
34.042108
36.829689
39.248920
38.338795
33.233727
32.512364
37.317033
42.000114
42.241573
44.345403
46.434005
48.434716
49.447400
43.075798
35.038161
30.365480
33.142292
39.630295
40.238556
36.346525
44.381250
50.000894
46.957520
43.322234
38.717416
34.417287
33.766662
35.992625
35.913012
45.485287
45.189548
44.494495
44.436680
48.770123
56.198663
55.660312
68.666719
69.646127
0.078921
0.000206
0.000000
0.000000
0.000000
0.000000
0.000000
0.000000
0.000000
0.009136
0.010619
0.046648
0.125492
2.414936
8.737624
10.748800
14.673542
22.638125
27.451212
28.463073
30.932741
32.182300
35.209861
39.062312
38.401459
31.947962
30.478462
35.430787
40.088002
41.075873
43.928964
47.196403
51.308650
51.616072
46.017756
38.378145
30.951927
33.814067
39.481012
38.245700
33.156575
44.062491
47.586900
45.056367
40.247664
38.505772
35.211695
34.373188
35.995700
35.995700
47.365050
47.244388
45.139531
44.841300
49.054402
56.076238
55.839975
70.831286
72.316725
0.000000
0.000000
0.000000
0.000000
0.000000
0.152514
0.314005
0.102258
0.285699
3.130142
12.479241
17.648744
17.343298
21.604600
26.260537
26.520052
29.180339
30.156689
31.626633
32.883297
32.481737
29.384525
27.506937
32.532894
33.622112
35.718709
40.442375
42.590133
51.296584
49.828341
41.745550
38.418942
35.598953
36.518422
38.039594
34.665441
31.218713
43.078908
43.613700
39.267706
41.474927
43.528088
39.437556
38.291275
37.250525
37.250525
48.384500
47.539863
46.122373
45.937113
50.656881
58.523163
56.869325
76.038538
80.235525
0.000000
0.000000
0.000000
0.000000
0.000000
0.271677
2.397208
1.194773
0.202095
2.461811
13.007313
17.857278
21.960400
23.012300
25.422200
25.937050
27.348205
27.535200
27.858348
28.358778
27.642900
26.220700
25.235000
25.984098
28.099333
29.550547
33.174186
35.833998
47.611708
49.584737
41.899900
41.226336
39.712912
39.377256
38.847538
37.175200
34.175373
36.575136
36.547900
37.234534
40.121195
44.436112
46.331503
49.068300
46.034300
46.034300
47.340100
47.340100
52.824337
53.607800
56.219563
60.572500
60.572500
82.473200
88.261964
0.772711
1.739472
9.997630
16.574688
21.134163
22.351000
25.293800
25.860625
26.511067
26.605080
26.326866
25.729005
23.721481
21.787600
21.146000
21.480687
22.607703
22.925583
25.860931
27.625486
37.100800
44.175686
44.658708
43.801189
41.322123
39.774350
38.422338
37.881900
35.628100
34.118083
32.910800
32.442588
36.760106
40.261127
43.123803
45.668600
46.034300
46.034300
47.340100
47.340100
54.855650
55.155112
57.090728
62.257909
60.926400
82.473200
91.236172
11.201818
12.208002
15.064236
16.718742
20.893305
22.169700
23.090644
24.377506
24.653650
23.895216
21.238027
19.220220
16.147119
16.294455
15.424932
14.819094
13.607859
12.543437
13.970721
17.064730
23.170480
29.004217
36.036500
42.082575
42.506887
37.562225
34.131217
34.762725
34.687044
30.942373
30.291405
29.631819
32.187344
37.076817
41.082159
42.211800
46.807300
46.807300
57.196900
57.196900
63.261525
64.288888
67.515566
72.216794
71.527400
87.761105
99.987600
17.903977
18.878714
21.205309
21.789013
22.950450
23.438634
22.951383
21.663005
18.080995
15.018394
11.974094
9.395680
7.898699
7.508701
7.469784
8.254730
10.181147
11.790763
16.816963
21.805631
29.507414
35.583052
36.951164
34.468467
31.905050
31.329698
29.357175
26.896780
28.395769
31.206930
32.922606
34.997906
39.241816
40.349878
46.807300
46.807300
57.196900
57.196900
68.136205
68.535614
71.869552
79.969494
75.363150
93.777527
104.110975
18.936437
19.658108
21.022025
21.438000
22.672419
22.652636
21.372714
19.798917
15.755025
12.631650
5.689579
6.466886
7.025359
7.321350
7.644797
8.407248
10.286162
11.411338
15.740825
18.074200
24.838925
30.226562
32.644089
31.812105
29.851472
29.067087
26.025344
24.474067
26.851555
31.406955
32.998691
36.773384
36.752941
38.232237
45.773387
45.773387
56.921637
56.921637
71.064241
71.371406
75.737311
85.857361
79.352764
99.276900
109.657250
21.103003
20.717847
19.102000
18.215088
17.315395
14.436217
9.153559
6.318544
8.437667
8.857308
8.631151
8.927795
10.933656
12.202250
18.338000
19.330412
24.606700
26.928031
25.148133
25.069161
25.777417
26.213300
23.532639
21.868600
23.256953
26.373736
28.230345
29.531497
32.211172
31.835312
38.536000
39.234113
54.994800
54.994800
71.106600
73.385700
80.591466
92.601075
90.485036
116.250781
135.668813
21.030530
20.590737
19.107206
19.182003
20.212789
13.420070
4.572945
2.973721
5.975219
9.484507
9.633815
8.718500
10.489900
11.018900
18.338000
18.960900
24.606700
24.613087
21.908741
22.005448
23.143978
23.387400
23.387400
21.228800
21.238372
26.458228
32.150903
33.732678
32.290858
31.321600
38.536000
44.120900
54.994800
54.994800
71.146125
73.385700
83.679188
100.835000
103.229728
125.774609
145.334609
0.240449
0.554787
2.320921
6.102127
10.774586
10.557097
10.305175
10.418300
16.255500
16.255500
17.145300
16.522563
17.212438
18.291913
20.166862
20.602300
20.646900
20.319600
20.319600
25.853275
30.489600
38.700222
37.385025
37.166900
41.067100
41.067100
58.447900
84.938612
82.506475
81.618400
93.805000
114.116000
115.987078
147.393000
157.860000
0.117024
0.200371
0.482843
1.014406
3.916713
8.868440
9.758751
9.533010
16.255500
16.584500
16.433600
16.433600
17.212438
17.724350
18.982912
19.967600
19.967600
20.319600
20.319600
23.019238
27.718169
29.580641
37.411050
34.974300
41.067100
41.590623
60.151300
82.231050
82.089263
81.618400
95.991250
119.946000
134.246703
152.117250
181.488000
6.852669
7.320638
12.460500
15.112437
18.016725
16.369647
16.176437
16.290170
18.197327
19.266975
18.935162
18.839866
18.677537
21.350870
24.427053
27.001627
30.858558
31.429300
36.984100
36.618162
57.455652
78.351269
87.787763
89.312923
105.076211
128.522250
141.395984
166.825578
206.776125
4.869215
6.918364
10.464205
14.354345
19.107136
16.410052
15.275016
15.684459
17.668295
18.803061
18.185438
17.140313
17.183222
19.856211
24.710748
25.934525
28.074270
29.243450
34.365400
34.267850
53.794317
74.558658
90.536419
95.040495
111.559023
134.683875
143.108281
174.839594
226.096437
15.924433
14.759270
16.519245
17.949889
16.544114
14.027703
12.708364
14.239008
17.301064
21.271236
28.799820
27.780000
32.279350
35.306100
49.187988
65.157930
86.500336
95.098381
118.564695
143.023562
169.439469
197.399797
292.054750
393.769187
641.841328
13.952786
13.662598
14.942656
16.183922
16.128972
14.583962
13.953292
14.748016
16.691778
17.002528
18.556180
20.419500
25.953100
26.940400
41.921200
45.954512
62.342945
75.277488
115.899516
153.059047
181.910891
235.912609
394.316625
608.102641
684.074484
13.108812
13.762000
15.509373
15.048091
13.424900
15.884175
20.246598
20.900441
19.779417
20.156300
25.953100
26.672900
41.921200
41.921200
66.674250
82.862000
135.350125
192.751062
234.254016
339.511719
646.706187
683.841953
685.565859
11.346725
11.664600
12.238000
13.670900
15.242000
17.211100
21.404328
27.756691
28.572589
28.685800
31.388200
37.272000
48.519500
54.869200
99.564537
121.270375
169.809000
212.783391
275.569438
465.248422
682.710016
685.179578
680.931609
11.900250
12.966587
13.555750
12.786384
14.625104
18.789067
24.788987
26.462612
31.388200
35.021125
48.519500
53.343419
99.546725
132.286156
194.116500
223.702453
328.760094
609.743359
681.698203
682.118562
680.604063
680.655578
681.064828
17.156288
18.789750
18.789750
13.345364
11.688290
14.434330
22.869364
27.107450
34.141763
37.682975
48.303937
50.078919
87.557952
120.152109
196.721859
242.668219
492.682531
673.563234
680.610609
680.656281
680.683813
680.735672
680.790016
28.458333
28.849137
35.793900
40.028150
48.174600
49.358180
81.481869
108.762461
177.907984
231.789688
586.453109
680.551125
680.631453
680.681266
680.714172
680.778984
680.839969
