0.000000
0.000000
0.000000
0.000000
0.000000
0.000000
0.000000
0.000000
0.000000
0.000000
0.000000
0.000000
0.000000
0.000000
0.000000
0.000000
0.000000
0.000000
0.000000
0.000000
0.000000
0.000000
0.000000
0.000000
0.000000
0.000000
0.000000
0.000000
0.000000
0.000000
0.000000
0.000000
0.000000
0.000000
0.000000
0.000000
0.000000
0.000000
0.000000
0.000000
0.000000
0.000000
0.000000
0.000000
0.000000
0.000000
0.000000
0.000000
0.000000
0.000000
0.000000
0.000000
0.000000
0.000000
0.000000
0.000000
0.000000
0.000000
0.000000
0.000000
0.000000
0.000000
0.000000
0.000000
0.000000
0.000000
0.000000
0.000000
0.000000
0.000000
0.000000
0.000000
0.000000
0.000000
0.000000
0.000000
0.000000
0.000000
0.000000
0.000000
0.000000
0.000000
0.000000
0.000000
0.000000
0.000000
0.000000
0.000000
0.000000
0.000000
0.000000
0.000000
0.000000
0.000000
0.000000
0.000000
0.000000
0.000000
0.000000
0.000000
0.000000
0.000000
0.000000
0.000000
0.000000
0.000000
0.000000
0.000000
0.000000
0.000000
0.000000
0.000000
0.000000
0.000000
0.000000
0.000000
0.000000
0.000000
0.000000
0.000000
0.000000
0.000000
0.000000
0.000000
0.000000
0.000000
0.000000
0.000000
0.000000
0.000000
0.000000
0.000000
0.000000
0.000000
0.000000
0.000000
0.000000
0.000000
0.000000
0.000000
0.000000
0.000000
0.000000
0.000000
0.000000
0.000000
0.000000
0.000000
0.000000
0.000000
0.000000
0.000000
0.000000
0.000000
0.000000
0.000000
0.000000
0.000000
0.000000
0.000000
0.000000
0.000000
0.000000
0.000000
0.000000
0.000000
0.000000
0.000000
0.000000
0.000000
0.000000
0.000000
0.000000
0.000000
0.999681
0.999681
0.000000
0.000000
0.000000
0.000000
0.000000
0.000000
0.000000
0.000000
0.000000
0.000000
0.000000
0.000000
0.000000
0.000000
0.000000
0.000000
0.000000
0.000000
0.000000
0.000000
0.000000
0.000000
0.000000
0.000000
0.000000
0.000000
0.000000
0.000000
0.000000
0.670785
0.670785
0.000983
0.018087
0.000000
0.000000
0.000000
0.000000
0.000000
0.000000
0.000000
0.000000
0.000000
0.000000
0.000000
0.000000
0.000000
0.000000
0.000000
0.000000
0.000000
0.000000
0.000000
0.000000
0.000000
0.000000
0.000000
0.000000
0.000000
0.012938
0.014786
0.014786
0.014786
0.000000
0.000000
0.043511
0.036840
0.000000
0.000000
0.000000
0.000000
0.000000
0.000000
0.000000
0.000000
0.000000
0.000000
0.000000
0.000000
0.000000
0.000000
0.000000
0.000000
0.000000
0.000000
0.000000
0.000000
0.000000
0.000000
0.000000
0.000000
0.000000
0.012938
0.014786
0.014786
0.014786
0.660750
0.660750
0.068030
0.047175
0.000000
0.000000
0.000000
0.000000
0.000000
0.000000
0.000000
0.000000
0.000000
0.000000
0.000000
0.000000
0.000000
0.000000
0.000000
0.000000
0.000000
0.000000
0.000000
0.000000
0.000000
0.000000
0.000000
0.000000
0.000000
0.012938
0.014786
0.016228
0.018632
0.018632
0.005340
0.743815
0.743815
0.073247
0.060722
0.005963
0.000044
0.000000
0.000000
0.000000
0.000000
0.000000
0.000000
0.000000
0.000000
0.000000
0.000000
0.000000
0.000000
0.000000
0.000000
0.002864
0.000358
0.000000
0.000000
0.000000
0.000000
0.000000
0.000000
0.000000
0.012938
0.018909
0.044869
0.060593
0.052122
0.050675
0.000000
0.000000
0.169955
0.325837
0.085152
0.119546
0.099323
0.030888
0.000000
0.000000
0.000000
0.000000
0.000000
0.000000
0.000000
0.000000
0.007887
0.043729
0.009381
0.002145
0.043201
0.003341
0.000000
0.000000
0.000000
0.000000
0.000000
0.000000
0.000000
0.012938
0.060500
0.099915
0.185970
0.109194
0.079546
0.079056
0.038689
0.021560
0.061307
0.764365
0.764365
0.321817
0.931585
1.311297
2.272911
1.763718
0.607112
0.014246
0.010939
0.020177
0.028279
0.011290
0.037344
0.010848
0.038742
0.497286
0.352361
0.080390
0.044408
0.075426
0.075027
0.022539
0.011333
0.000000
0.000000
0.000000
0.029395
0.030734
0.068889
0.080912
0.092357
0.132974
0.102287
0.145552
0.266876
0.307498
0.221755
0.730064
0.708345
0.708345
1.010997
2.048369
3.565310
5.049094
5.181762
4.307017
2.072819
1.702973
2.059458
1.404233
0.945198
2.799685
1.651632
2.885293
3.423148
0.392868
0.455137
0.162501
0.281631
0.299213
0.077143
0.034392
0.008637
0.036925
0.074520
0.043539
0.078247
0.106442
0.229162
0.209551
0.203801
0.329843
2.233399
7.186695
7.252633
5.899669
0.768302
0.515153
0.452790
0.000000
0.000000
1.146712
2.982985
4.440096
5.243880
6.110036
6.614748
7.032685
6.858377
5.890252
5.093507
5.564245
8.099005
7.740877
6.045156
1.799925
1.306941
0.953987
0.744311
1.160986
1.472925
0.116804
0.010969
0.061337
0.216357
0.087588
0.079460
0.108610
0.371893
1.448361
0.441824
1.159761
2.893908
9.651134
12.153028
11.293100
9.641323
4.582469
5.594274
3.911045
0.844320
0.844320
1.103753
3.026472
4.537923
5.328524
6.273115
6.831355
7.688375
7.675625
7.429661
8.612435
10.028431
9.724403
7.083071
4.740478
1.589797
2.535370
2.866149
2.864913
3.040556
3.168896
0.994637
0.395379
0.252284
0.878253
0.105931
0.100042
0.557570
2.782258
5.680166
3.860698
7.223018
7.119685
9.093037
6.170187
6.935578
13.420845
13.877144
13.988295
10.632184
9.978673
8.678034
9.745201
7.837021
3.188281
1.435788
1.176703
0.644216
0.846133
1.265501
2.672586
4.852585
5.820162
11.920550
12.547341
13.639358
15.085370
16.727337
16.437820
14.683378
1.015255
1.015255
1.109204
3.010257
4.546859
5.341806
6.174436
6.625612
7.277767
7.701527
8.393792
8.828474
9.742909
9.806979
10.255997
9.668776
7.829293
7.719909
11.730139
11.736552
8.932992
8.700526
4.988818
2.004681
0.529259
0.665244
0.841327
1.439752
2.881393
6.360455
10.413083
3.905363
3.411604
2.276729
0.370884
0.421805
1.002928
2.717580
11.039232
11.621533
11.638437
11.811313
12.242612
11.534313
9.774131
12.677237
6.125790
3.395573
2.043997
1.500834
2.627605
4.259919
10.651969
12.095991
12.066375
11.811793
10.161847
9.976514
13.729047
16.945745
12.377884
0.000000
0.000000
1.096616
2.944445
4.523540
5.376131
6.163219
6.513118
6.996351
6.730011
5.803791
7.304009
9.852353
10.396980
10.989289
11.383686
11.182292
11.786144
13.148697
11.662395
8.410951
4.055255
0.941581
0.620716
0.827245
0.932341
1.286182
1.575590
2.003739
4.011980
9.246032
0.961481
0.547976
0.683911
1.297876
1.743201
2.360042
3.310001
4.745061
6.959173
9.874074
11.980100
11.626673
12.161600
15.910000
16.782025
12.906833
6.541051
3.264651
2.134477
2.828162
3.733694
8.727216
10.146434
9.308588
5.990037
5.294619
10.525108
17.730138
23.107353
14.388141
1.095410
1.095410
1.047583
2.796504
4.338657
5.148035
5.851542
5.358085
4.328929
2.017947
1.243139
2.174679
5.974856
9.176200
11.303154
11.721597
12.116459
12.687748
12.685266
10.616836
6.247967
2.875152
2.066937
1.084373
1.286447
1.496489
1.348255
1.143012
1.498118
4.681936
8.713655
2.070022
2.462679
3.688864
4.164838
4.241778
4.896206
5.789140
5.996672
7.143353
8.089569
9.940888
8.740240
12.443131
19.640400
20.756113
17.563331
12.320761
5.151676
3.629108
2.870492
3.502587
5.907700
6.809396
4.650784
2.670867
5.372352
10.805596
16.166334
23.661709
14.473122
0.377777
0.377777
0.889092
2.372383
3.919761
4.020013
2.271510
0.596185
0.082496
0.000000
0.000000
0.000009
2.375260
8.330769
7.823085
9.854849
10.328734
11.017200
11.669734
10.963055
8.525352
6.119379
1.446820
0.810513
1.030984
1.246014
1.845298
2.717352
6.466122
8.656872
6.409640
5.144470
5.779744
5.383014
5.193957
7.058910
7.142650
7.049515
6.441875
6.400646
7.604879
9.490610
9.521200
20.991700
24.356300
26.114088
22.399045
13.732345
8.704380
6.581406
5.643743
5.670809
5.259088
5.783522
9.668925
5.868241
7.501950
11.826058
12.344397
16.315300
14.955222
0.000000
0.000000
0.696296
1.816207
3.069935
3.615540
1.311678
0.066136
0.000000
0.000000
0.000000
0.012575
1.835245
5.121378
2.198260
6.365654
7.365782
8.190890
10.562394
9.720581
8.282127
6.623414
2.336510
1.415865
1.688658
2.302607
3.796768
5.421731
9.158762
10.368962
6.206520
5.502188
5.598777
5.824537
6.613845
7.063683
6.783105
6.370164
6.573053
6.599339
7.739787
9.693135
9.583250
20.616200
25.297112
25.661298
22.905300
17.802347
11.659216
7.930635
6.875696
8.925606
7.248928
8.005522
10.914235
10.942900
13.321510
15.102170
14.548270
15.673100
15.915905
0.603230
0.603230
0.530075
1.238639
1.041298
1.580638
0.895090
0.124767
0.000000
0.000000
0.000000
0.030019
0.922175
1.018974
0.799384
3.844130
4.914015
8.277749
9.779438
10.317617
9.206003
7.388710
3.110289
2.699279
3.247725
3.942287
5.526568
7.236438
10.304798
8.324225
6.235919
5.923165
6.182584
6.994862
8.153770
6.726304
6.217920
6.180479
6.804411
6.868636
7.932647
9.777314
9.417551
20.067330
25.986325
25.115092
20.215333
10.474228
8.951251
7.473791
7.088533
10.743103
9.242812
8.904395
10.733891
12.379639
15.257394
16.511378
15.227513
15.758813
16.716288
1.628280
1.628280
0.314244
0.737499
0.107676
0.000023
0.021668
0.071181
0.001944
0.000000
0.000000
0.000000
0.010120
0.069513
0.248381
1.023305
6.681810
9.083637
9.077774
9.447841
10.129285
9.113056
6.402037
5.925490
6.782615
7.676011
8.302708
9.862812
10.092062
10.337806
10.366722
9.996795
9.738472
10.275300
8.592884
8.574570
8.429059
8.767767
7.864938
7.992739
8.825983
9.453794
7.997050
18.024588
23.946430
20.581880
13.283699
8.485867
8.466363
8.557671
8.572538
11.050821
13.920388
13.882511
13.629048
13.575247
14.325125
15.666500
16.389875
17.145363
18.386875
0.000000
0.000000
0.177362
0.330808
0.068379
0.004154
0.000000
0.013707
0.000111
0.000000
0.000000
0.000000
0.000724
0.054466
0.718554
3.115967
6.493486
6.834960
9.416582
10.685648
13.443822
11.367598
8.621034
8.204521
8.290351
9.125071
9.816582
9.430730
10.054700
11.808725
12.009775
12.027900
11.773706
10.842331
8.918270
8.771760
8.868440
8.429059
7.808705
8.507501
9.534457
8.998307
7.997050
19.932702
24.266389
19.310172
11.139999
10.010295
9.715540
9.659130
8.717040
9.112216
14.223400
13.920388
14.078087
14.007289
14.325125
15.666500
15.847900
17.991400
19.027200
1.166730
1.166730
0.074966
0.096091
0.066070
0.012838
0.000000
0.000000
0.000000
0.000000
0.000000
0.000000
0.000000
0.018061
0.449453
1.759888
2.988465
6.489144
10.150929
12.907856
15.431994
14.686881
12.027288
11.601212
11.101837
10.518400
11.279000
12.427127
13.398700
13.831912
14.446012
15.275463
15.288384
13.187148
11.507116
11.496000
8.028478
8.001430
8.866298
9.037644
9.414251
9.909170
9.909170
19.302200
21.425538
19.055847
13.238492
11.462800
9.568031
9.533930
9.572060
9.572060
9.494040
9.330654
9.592920
9.631390
11.562306
14.780500
14.780500
16.658200
16.658200
1.146045
1.146045
0.075043
0.048167
0.000000
0.000000
0.000000
0.000000
0.000000
0.000000
0.000000
0.000000
0.000000
0.000000
0.000000
0.023623
1.227868
4.266237
7.884308
9.955252
12.952623
12.809613
11.632263
12.412778
13.398445
10.990264
11.102445
10.947319
12.509300
11.890675
13.544364
15.226567
15.792025
15.762400
15.333075
13.140442
9.382618
8.694091
8.965159
9.305056
9.859939
9.909170
9.909170
15.865700
18.682770
17.967902
12.574955
10.370844
9.082311
9.227740
10.399600
9.795410
10.086500
9.418989
9.592920
9.631390
11.562306
14.780500
14.780500
16.828600
16.711200
0.067449
0.017806
0.000000
0.000000
0.000000
0.000000
0.000000
0.000000
0.000000
0.000000
0.000000
0.000000
0.000000
0.013786
0.843814
1.752623
4.283548
8.196026
10.692928
9.506484
8.935004
10.182102
12.583861
12.145409
12.045577
10.269083
10.473320
11.198105
13.052316
13.121297
14.649955
14.799619
16.138000
15.053102
12.807934
9.216815
7.587096
8.505009
9.762597
9.295426
8.704359
14.004700
15.451694
14.764578
12.859463
10.955001
9.500899
9.301590
10.252163
10.025591
10.738062
10.487746
10.552970
10.567396
12.876334
16.724562
16.724562
19.749350
19.705325
0.006580
0.000172
0.000000
0.000000
0.000000
0.000000
0.000000
0.000000
0.000000
0.000000
0.000000
0.000000
0.000000
0.000000
0.082581
0.125851
1.090801
4.492426
7.931797
7.635246
7.489520
8.135483
10.326913
12.228359
12.346242
8.908613
7.736699
9.576479
12.386442
12.101082
12.450657
13.402434
16.199680
16.294017
14.468345
11.044511
7.187974
8.100476
9.893568
8.707409
7.894477
12.876342
13.483395
13.576484
12.582508
11.120841
9.835299
9.462838
10.280775
10.203575
11.129000
11.129000
11.129000
11.129000
13.664750
17.891000
17.891000
21.589100
21.696875
0.000000
0.000000
0.000000
0.000000
0.000000
0.000000
0.000000
0.000000
0.000000
0.000000
0.161615
1.213313
0.675649
3.480010
6.305321
5.772398
5.605634
6.326852
8.500728
10.284950
10.496296
8.084757
6.643221
7.712162
9.393208
9.623512
9.785330
10.114018
14.086827
15.420600
12.462998
10.747134
8.684855
8.856584
9.452808
7.434195
7.514805
12.484500
12.428423
12.231278
12.147722
12.320567
11.093438
10.553813
11.160850
10.620450
11.213163
11.213163
11.260194
11.266913
13.750945
17.891000
17.891000
22.345488
23.099913
0.000000
0.000000
0.000000
0.000000
0.000000
0.000000
0.000000
0.000000
0.000000
0.000000
0.145867
2.231686
4.432410
5.702425
7.457700
6.890800
6.589525
6.752289
7.400337
8.026593
7.894369
6.689500
5.804350
5.805064
6.481921
6.386650
5.302845
5.752788
13.868088
15.578311
13.008630
12.460903
11.022844
10.535067
10.558064
9.565510
8.408247
10.132877
10.920764
11.303834
10.568311
11.406798
12.204380
12.460700
11.584700
11.584700
11.802300
11.802300
12.178550
12.232300
14.354313
17.891000
17.891000
23.362500
23.362500
0.000193
0.000000
0.051747
1.624493
6.069652
6.973710
7.239856
7.308832
7.348736
7.377491
7.445506
7.357219
6.095095
4.511839
3.839077
3.265460
3.608008
2.782924
1.495438
1.935302
7.878366
13.217513
14.273372
13.967987
12.506159
11.534075
10.926775
10.904400
9.143942
10.146919
9.866544
8.087921
8.957861
10.294157
11.099691
11.478800
11.584700
11.584700
12.573800
11.912738
12.180550
12.232300
14.354313
17.891000
17.891000
23.362500
23.362500
0.108324
0.118974
0.333627
0.897454
5.341233
6.760090
6.661529
7.207056
7.409316
7.067465
5.025343
3.988056
1.622080
0.583750
0.128969
0.136211
0.220431
0.198021
0.342519
0.772362
2.558950
5.702221
10.565499
13.339218
12.506337
10.264074
9.126412
9.491938
9.648053
8.181343
7.750292
7.121660
7.871875
9.362414
10.330173
10.805900
12.227100
12.227100
14.327100
14.327100
15.171037
15.291600
16.336425
18.077800
18.077800
26.859100
27.265200
2.952775
4.201794
6.024672
6.316203
6.459533
6.975719
6.708759
4.517268
0.875964
0.586649
0.115726
0.084792
0.101291
0.140822
0.213225
0.257777
0.358748
0.655448
2.068586
3.701435
6.276400
9.156707
11.035951
10.188403
9.217153
8.965088
7.643818
6.935880
7.111719
7.281069
7.724973
8.761995
9.937134
10.314338
12.227100
12.434287
14.327100
14.327100
15.171037
15.291600
16.336425
18.077800
18.112987
26.859100
29.164637
4.400998
5.350054
5.762304
5.960384
6.119322
6.595617
5.399728
1.264623
0.085893
0.082719
0.082249
0.101412
0.136025
0.176516
0.252300
0.336541
0.481111
0.657728
1.843574
2.833396
5.482489
5.548772
9.389786
9.927764
9.294172
8.683899
6.405265
6.264127
6.674322
7.228815
7.657271
8.832510
9.237574
9.778311
12.073125
12.587450
14.365688
14.365688
15.356702
15.498275
16.666222
18.612800
19.087236
27.232200
31.183242
5.166369
4.350916
2.908250
0.633670
0.232697
0.242940
0.346747
0.414563
0.386877
0.275662
0.440863
0.344249
0.671699
0.945780
1.878083
3.074070
4.936703
5.170691
4.574216
6.942030
8.610406
8.453852
5.600577
5.334090
5.654003
6.259632
6.821574
7.010051
8.060245
8.064611
10.995300
12.859263
14.635800
14.678423
16.662439
16.945000
19.008283
22.447088
23.754936
29.889683
37.407725
4.593130
4.082575
2.484145
0.475905
0.129367
0.137097
0.130689
0.107158
0.295454
0.759621
1.151144
0.536890
0.593609
1.132337
2.059298
4.411504
5.166340
4.547390
4.594150
5.316205
6.715631
7.043720
6.138200
5.334090
5.727870
6.190833
7.459452
7.660134
7.873408
7.882060
10.995300
13.348300
14.635800
14.976787
16.705062
16.945000
19.242663
23.072100
24.848855
30.841967
36.061800
0.000027
0.008667
0.066030
0.078584
0.287595
0.570791
0.763880
2.165788
3.868106
5.635690
5.136631
4.806994
4.518464
4.575291
5.201575
5.332980
5.192423
4.734020
5.086030
5.699361
6.735736
7.942147
7.944333
7.780110
9.069860
10.719700
16.237400
19.250112
18.833850
18.712900
21.323425
25.674300
26.520589
30.022305
38.697400
0.000027
0.008667
0.008667
0.053396
0.080143
0.204736
0.445156
0.746245
1.762240
3.563691
4.408732
3.612901
4.014467
4.007298
4.630902
4.734580
4.259454
4.734020
4.734020
5.261383
5.831423
6.385282
7.669294
7.361940
9.069860
9.548360
16.237400
18.421575
18.715488
19.083850
22.917650
28.276900
29.107130
34.623080
42.236000
0.275998
0.321158
1.094697
2.485861
2.958829
2.813357
3.053744
3.630244
4.438893
4.515755
4.131602
4.688343
4.635895
5.268826
5.816242
6.155288
6.919467
7.156221
8.238016
8.417454
12.728587
17.940481
19.669136
20.155663
24.790838
31.112275
32.399086
37.182183
45.675438
0.273452
0.503750
1.050534
1.685056
2.595874
2.301107
2.355543
3.778317
4.147224
4.309909
3.454175
4.253360
4.438926
5.120068
6.050067
6.224962
6.663561
6.988169
7.768244
7.900320
10.633612
17.328948
19.994112
20.871495
26.044716
32.836762
33.274583
37.476856
48.454992
2.530363
3.084584
3.282234
3.372811
3.020325
3.226618
3.591785
3.794553
4.071812
4.686831
6.489250
6.470063
7.744869
8.726478
10.500434
14.404501
18.935950
20.734239
26.669728
33.143837
35.593409
40.463219
53.477614
76.677155
82.251220
2.451344
2.616011
2.682483
2.634212
2.297786
2.775863
3.487981
4.058405
4.358566
3.964648
4.241896
4.873810
6.143890
6.600490
9.062870
9.961346
13.983800
16.208925
24.676500
34.153500
37.919888
45.816666
61.466541
83.619969
94.381672
2.048903
1.978032
1.930724
1.568072
1.953380
2.732577
4.249597
4.863803
4.752296
4.942591
6.265155
6.955640
9.062870
10.209146
15.857750
17.570550
26.436080
39.149172
38.341972
45.574652
55.981500
82.651937
101.028125
1.637518
1.647403
1.625400
1.178390
1.150636
1.633872
2.798220
4.495923
5.215869
5.205893
6.005084
7.577993
11.824900
13.535262
22.927025
24.294813
30.233075
39.960700
41.496400
49.404953
61.145897
99.212403
120.022500
1.365278
1.199791
0.992054
1.083872
1.466022
2.321892
4.414028
5.419212
6.602755
7.201995
11.278900
12.369762
22.778330
25.711680
33.024786
41.108075
45.834945
55.014581
63.526828
99.528352
125.727172
150.312578
214.275375
3.989143
3.864783
3.664358
3.275543
3.649659
4.345610
6.087283
7.276863
8.997911
10.106954
13.079050
13.673580
23.643748
25.928925
31.676461
38.830687
44.783050
54.097483
70.913100
114.985231
171.077281
228.546984
386.524781
8.570386
8.764557
10.362000
11.953937
14.355700
15.114959
24.258478
25.549200
29.686823
36.799688
41.860572
56.242480
77.294387
130.177955
212.725937
372.582453
422.861000
