0.000000
3.317770
2.886350
1.243588
6.077190
7.391190
4.329680
6.628010
0.615085
2.035056
3.371450
3.096080
2.914070
4.721580
4.047420
7.581440
2.212208
2.616200
4.185577
2.691700
7.101020
5.602620
5.508750
6.478770
2.263630
0.849850
0.681183
3.155140
4.961220
6.998780
3.381860
4.872960
4.153950
3.834710
2.521730
4.757120
7.363210
6.032590
6.626390
7.720640
1.048069
2.498000
3.623530
0.618212
7.679470
2.791560
8.457170
4.092430
3.712620
2.174730
3.267900
3.609830
8.051470
6.414070
7.530110
1.866606
0.495648
4.336050
2.556510
1.321190
4.530820
5.431690
4.205830
6.855170
9.438430
13.484300
13.597300
14.761300
29.624400
13.782200
21.668500
50.304800
9.591500
11.272508
12.035900
10.152100
16.843700
27.309600
24.022000
24.741300
9.068400
11.353000
14.412958
16.908800
31.691100
82.068100
71.529000
13.093500
6.654440
13.231000
10.445500
12.939500
26.216600
53.165000
13.762000
34.948300
13.793500
11.371600
9.445190
14.690500
28.754300
17.070400
21.067900
38.354700
12.167100
10.164000
10.540300
9.251730
23.672900
30.433400
15.233800
57.400500
17.089800
9.278480
10.070800
10.941300
36.791300
17.952500
41.173300
22.969609
10.348411
18.537700
8.768310
9.468250
29.748500
20.921000
14.173000
36.013466
0.437802
0.668213
1.031941
0.525440
2.114389
2.108772
3.210560
4.636390
0.505855
0.592386
0.542496
0.520306
0.996035
3.197241
1.722078
2.397127
0.611420
0.736284
1.398710
0.695874
4.771340
2.640216
1.756559
0.705912
0.378214
1.305256
0.352791
0.917425
0.792154
3.440630
3.434822
0.614142
0.786999
0.332973
0.808061
1.098307
5.327880
1.270064
4.893250
0.891968
0.716095
0.649944
1.080149
0.572652
1.050639
2.838615
1.069488
1.720190
0.504272
0.555433
0.686965
1.025015
3.953390
5.066524
1.540323
2.199536
0.336127
1.576955
1.106718
0.337921
2.782240
1.534858
1.811605
1.167692
6.878530
9.662420
10.263200
4.547920
12.821600
26.506500
24.810300
13.111900
2.266585
6.983480
5.557520
7.389820
17.572900
9.936800
25.907700
7.684180
7.889650
6.561280
5.870650
8.455420
11.064200
16.588800
23.066300
19.991400
8.214360
5.007380
6.512460
2.047235
21.600400
9.479670
8.746890
29.386000
7.869640
14.948000
9.899310
7.647160
17.023800
21.814000
13.729600
46.304800
6.160880
6.484610
5.788620
8.441430
12.142400
24.564600
9.745350
23.748600
8.438140
5.008000
10.659500
9.138010
16.945400
28.299200
11.762300
31.281900
8.718990
2.627046
5.212130
5.703950
12.786200
24.034100
10.361700
17.853400
4.323940
2.925750
1.420986
2.609530
6.452390
6.748810
5.355020
5.516290
1.321958
0.621918
2.541120
1.110364
2.030830
5.086240
7.628670
4.627500
2.534520
3.330120
2.417750
4.049070
4.125240
7.293730
5.110650
5.297130
1.605288
1.368625
2.249430
0.396187
4.040430
7.374800
1.664784
7.710360
2.307310
4.356500
1.106626
3.952920
6.057980
4.881790
4.814720
6.955210
0.890210
3.306680
0.539956
3.370570
5.506820
2.040287
4.515450
7.958880
2.123720
4.018453
2.945020
0.390730
5.957710
5.585430
4.880610
9.055010
3.387750
3.107670
0.332019
1.557608
5.101150
3.263990
11.136600
1.631647
7.640290
22.537911
21.900300
6.028370
32.828900
74.994000
14.879000
83.512100
15.862500
7.436710
9.130190
13.078563
16.736700
39.172200
36.322400
11.700700
12.825200
7.464420
8.537490
13.376770
83.123100
11.110000
34.392600
37.537000
3.123251
18.334063
7.188880
11.818658
24.290344
18.476300
39.409300
21.199114
7.770540
19.080300
15.526800
7.735690
31.813600
79.504200
13.059700
60.347700
7.926140
6.010010
19.459000
7.593690
16.508100
62.351100
26.330900
35.456900
6.920910
7.849410
19.707500
12.769556
10.927900
64.714100
25.427800
39.431106
11.221500
4.861851
18.801630
5.421150
23.923700
58.310919
12.103700
47.366200
0.617611
2.761850
0.249269
0.459755
7.491280
1.771909
0.756820
2.157579
0.233214
0.397213
0.979010
0.860547
0.547128
0.833776
3.148037
2.291785
0.685797
0.217131
1.083553
0.390407
1.820423
0.773146
3.432900
6.989720
1.000907
0.840667
0.213348
0.223256
0.562859
3.823160
0.393430
3.231830
0.340283
2.749440
0.540709
0.647493
3.938590
0.591003
4.825640
1.847391
0.307808
0.938636
0.294682
1.557380
0.699957
4.297440
4.573910
0.672768
0.469278
1.967980
0.187941
1.126706
2.600550
2.864540
1.245420
2.873640
1.275616
0.163429
1.085314
0.131596
3.696100
0.400704
4.134240
0.468413
9.926250
6.140420
7.633210
5.580560
18.984900
39.410800
14.137800
21.837600
3.698637
1.876593
6.778170
7.485820
14.653600
12.983800
16.256400
13.203500
0.979019
6.098035
16.673205
6.640050
26.103900
21.202300
9.150450
36.511300
7.494080
0.741511
5.522920
3.017600
19.482400
19.023800
8.168040
17.338200
4.689830
15.665400
6.612190
11.306800
23.531184
26.493100
9.491740
26.087600
5.189251
1.103141
6.015340
9.921190
22.784200
8.782210
19.974600
20.569200
10.127700
3.325429
11.785878
2.983570
11.762200
32.655000
7.215760
51.420625
15.700400
0.826256
4.994270
4.368865
11.093800
28.378500
7.847110
21.585600
3.600340
3.457280
1.096468
4.107749
4.634090
6.631490
7.671320
5.782490
1.783090
4.647720
0.743807
1.029010
6.024430
3.394930
4.177780
6.624440
2.482180
2.004060
4.756600
3.070620
4.985630
7.809411
8.649620
3.504180
0.355185
5.044770
1.528781
2.286080
5.218220
5.723950
2.206870
6.749290
3.562490
3.554830
3.943910
1.978540
6.318120
6.208310
7.239640
6.399370
2.982190
1.117969
1.117982
1.541650
5.972910
4.941650
1.429981
8.290100
4.738910
3.779070
3.330570
1.831158
6.570210
5.501060
7.814203
4.125550
0.496375
3.976790
0.710940
3.029520
3.446200
2.723793
5.044230
5.568410
13.028800
10.101600
12.131400
11.847000
83.277200
21.928800
43.969600
24.743200
12.146500
10.097200
11.920500
7.490250
21.168700
23.014900
40.449700
22.399000
11.262500
12.136200
8.113040
16.789197
14.476600
68.415800
31.968000
32.576800
10.853300
9.880240
13.372480
6.154870
20.288200
62.779500
25.934800
20.092600
10.300700
17.844800
11.184406
14.482400
17.061800
40.722300
52.627300
29.318400
7.695120
11.458200
8.817270
9.977200
38.905900
28.038600
24.971100
57.701100
15.850878
14.069500
9.600260
11.575000
34.683700
29.844800
13.982700
64.739600
9.454240
9.457260
12.609800
8.836700
19.541900
41.980800
25.530800
49.313900
0.563232
0.669358
0.688922
1.573238
1.333657
3.548980
1.444108
4.777840
0.841767
0.795062
0.417603
0.742440
3.385084
1.065138
0.837087
2.686026
0.462985
2.467410
0.290678
0.953054
7.013480
1.122883
2.284720
2.046839
0.545565
0.472014
0.328507
1.074773
3.235704
0.960692
1.529322
1.028921
1.001097
0.609330
1.084435
0.777224
3.249696
1.409792
3.360650
4.264040
0.498323
0.882038
0.809227
0.407397
2.623342
2.378880
1.040539
2.931385
1.346656
0.694390
0.597654
0.493185
5.192990
1.580806
3.340310
0.606703
0.271041
0.466625
0.467825
0.949604
2.452433
1.290809
0.712795
3.489430
8.879640
4.535080
9.612180
5.569390
17.848200
22.835100
19.732000
20.612255
4.305980
8.747910
2.469464
5.840090
31.472900
16.912600
12.995800
24.531600
6.167160
8.710640
8.643980
4.807020
16.412400
29.031000
15.548500
33.863200
5.839850
10.375000
3.022460
4.040744
13.725600
17.002300
12.461900
27.691000
8.262090
8.070450
6.140720
9.882940
13.770100
24.050800
22.132700
14.654600
4.400153
7.395620
7.356980
4.494160
10.964000
19.873800
7.823680
26.874700
8.514610
3.882772
7.254850
13.776600
20.645200
33.226600
28.580400
13.448200
5.330400
4.671680
5.537000
4.885120
17.894500
24.199400
20.564300
9.815270
3.459580
4.458520
0.731946
3.284550
6.555920
4.562230
7.762380
5.165540
2.807050
1.856567
0.462349
2.084279
5.121460
0.806016
5.702240
5.609150
2.950390
3.598240
1.735980
2.396160
4.908450
5.311660
5.897180
2.753732
0.190833
4.501730
2.742170
1.657897
1.733298
2.581490
2.249005
7.273840
2.546660
3.365260
3.975020
0.795739
11.150600
3.525110
6.392720
3.716910
0.519262
3.309450
1.142849
4.489230
3.377480
4.081952
4.120080
7.402119
5.320480
1.144983
4.023340
2.262690
5.975720
4.527340
6.421342
4.895810
2.171386
3.153700
0.348571
2.575249
8.858786
2.949760
0.917535
7.485680
12.687300
7.772240
12.199500
9.073960
47.219400
27.457925
12.968000
70.153300
11.344800
8.109570
11.247572
5.970860
14.884400
38.448000
49.681200
30.380042
12.396500
6.972000
5.755260
22.211600
51.228300
24.721138
47.715300
11.405300
8.375040
8.546090
20.307014
3.903081
31.541800
35.945600
51.272200
23.789688
20.047473
11.588500
7.867890
8.409360
36.129000
45.648000
10.747100
37.520100
7.637790
7.699980
9.052071
15.081900
11.900700
23.910400
39.472800
21.919920
12.502500
7.222050
13.042909
12.000300
36.290000
44.310100
18.412300
59.150200
9.250246
5.916250
6.673340
12.986800
66.542200
26.431241
14.910700
65.143200
0.787339
0.382968
0.971810
0.843919
0.798288
2.125374
3.166560
0.906185
0.544632
0.844564
1.403597
0.240648
2.170990
1.012824
0.799290
1.683444
0.211039
1.671333
0.517199
1.358690
0.775904
4.242650
0.720237
3.295030
0.867297
0.220987
1.582549
0.159279
2.933030
0.513558
3.630500
0.247725
0.895213
0.683727
0.340217
0.881963
1.681149
1.025325
0.636729
7.450270
1.396702
0.210359
0.201903
0.897427
2.978224
0.759480
0.658004
3.984430
0.241421
0.305869
2.317290
1.629596
5.943550
1.873904
1.757798
0.569710
0.177009
0.241083
1.204973
0.978970
2.527076
3.159120
0.442984
0.598355
10.257822
4.727330
9.680780
4.730670
18.511600
39.679800
11.147600
29.119400
4.981919
1.978032
9.220080
5.172240
11.134500
25.171800
8.461550
18.771583
3.815726
0.799776
11.826566
8.281710
29.950519
16.394000
29.403000
21.433700
5.675340
2.964299
1.727750
6.142000
15.935200
21.842300
15.281900
5.655733
3.301649
5.126480
7.590230
15.690800
14.328100
34.261800
15.233798
40.194700
9.383710
6.027260
3.607580
1.485292
18.084300
17.850100
13.635200
13.339000
2.562039
19.501600
3.078604
12.120145
32.265530
12.301500
10.628100
43.911500
5.641150
4.536095
2.213639
10.563427
30.903500
13.117000
25.781900
12.152500
0.426834
0.868169
1.141224
2.315950
0.319708
0.112001
0.508924
0.238500
1.196182
1.183100
0.143032
0.479817
0.517761
0.174036
0.047880
0.021265
1.355920
1.367529
0.404761
1.458410
0.136125
0.339262
0.307198
0.207325
0.197737
1.185450
1.941200
0.207331
0.187700
0.010594
0.285095
0.149836
0.657065
0.530774
1.638015
0.403593
0.255171
0.317795
0.203430
0.263006
0.380465
0.582347
0.445409
0.518349
0.060507
0.146018
0.016055
0.259017
0.658966
0.944212
0.857145
0.871672
0.209743
0.233408
0.232645
0.663058
1.414579
0.104775
0.539421
0.368149
0.035594
0.150196
0.154196
0.029645
0.082706
0.042717
0.037490
0.039629
0.021757
0.023975
0.018183
0.008279
0.009278
0.013222
0.019647
0.021654
0.011770
0.005567
0.009898
0.018391
0.104332
0.054176
0.075109
0.018977
0.005775
0.006243
0.009090
0.035566
0.028353
0.032734
0.010576
0.009270
0.010146
0.000000
0.024116
0.016986
0.034289
0.043313
0.149459
0.027495
0.017694
0.039477
0.013910
0.011738
0.031941
0.044535
0.017138
0.040201
0.015938
0.009747
0.017751
0.007729
0.023419
0.066386
0.150084
0.065538
0.018195
0.040663
0.010987
0.008775
0.085975
0.000000
0.038445
0.047270
0.009502
0.000000
0.024052
0.008434
0.351595
0.252136
0.090194
0.510693
0.043423
0.030659
0.018313
0.013503
0.272120
0.151109
0.281199
0.197991
0.060156
0.003569
0.049625
0.015975
0.159231
0.400060
0.243387
0.110284
0.017194
0.050574
0.025168
0.248243
0.283070
0.076755
0.286632
0.122569
0.047978
0.004532
0.003909
0.128738
0.109743
0.625044
0.298674
0.120083
0.000013
0.058757
0.043654
0.097096
0.125487
0.217196
0.100907
0.244940
0.027305
0.005122
0.044260
0.018616
0.238444
0.445890
0.246818
0.118951
0.011613
0.014046
0.047180
0.040525
0.425259
0.079786
0.076360
0.344309
0.020585
0.021217
0.048507
0.036839
0.010275
0.000000
0.008558
0.011402
0.000000
0.005442
0.005590
0.000000
0.010949
0.000000
0.008482
0.000000
0.000000
0.000000
0.000000
0.000070
0.000000
0.026316
0.012074
0.006199
0.010022
0.000000
0.000000
0.000000
0.000000
0.000000
0.010774
0.035793
0.000000
0.006821
0.000000
0.000000
0.016597
0.000000
0.010730
0.000000
0.000000
0.005460
0.000413
0.000000
0.009157
0.009839
0.006203
0.000000
0.006116
0.000000
0.007689
0.000000
0.025794
0.016707
0.000000
0.000000
0.000000
0.005007
0.005220
0.000000
0.000000
0.029690
0.011619
0.000000
0.000000
0.000000
0.006297
0.005640
0.493350
0.649965
2.052750
1.309470
0.181810
0.247598
0.205166
0.344951
0.443379
1.950050
0.274878
0.300854
0.389374
0.105414
0.007771
0.274824
0.701845
0.591708
1.620060
0.632916
0.245661
0.051725
0.420257
0.177690
0.254034
0.762450
0.128046
1.120040
0.248642
0.026647
0.203760
0.013105
1.842178
0.284860
1.598080
0.698856
0.257329
0.191388
0.486072
0.288867
0.625146
0.269754
2.045480
0.084755
0.082917
0.379861
0.058043
0.086610
1.744920
0.171288
0.785338
2.276450
0.318838
0.147788
0.497439
0.170727
0.093947
0.784516
1.652300
0.187785
0.095795
0.142633
0.000000
0.180272
0.117563
0.008217
0.021467
0.112254
0.013007
0.013199
0.037823
0.000000
0.000000
0.073992
0.030937
0.000000
0.029054
0.000000
0.000000
0.034564
0.168796
0.070996
0.067203
0.056875
0.004763
0.052016
0.006446
0.022276
0.083690
0.000000
0.035825
0.019828
0.000000
0.013348
0.007193
0.000000
0.064887
0.012874
0.049584
0.112232
0.006482
0.005772
0.040383
0.010211
0.040319
0.075853
0.000000
0.011017
0.028357
0.000000
0.000000
0.017490
0.122070
0.057006
0.036982
0.107661
0.046806
0.005020
0.030868
0.005939
0.009538
0.060147
0.000000
0.069028
0.007064
0.000000
0.039405
0.005244
0.225143
0.102928
0.779327
0.258306
0.001502
0.028309
0.078445
0.139545
0.511810
0.214572
0.115416
0.126619
0.084248
0.073754
0.012567
0.044764
0.181491
0.643146
0.098747
0.571495
0.145912
0.091595
0.015211
0.011537
0.096929
0.126309
0.477094
0.184572
0.127110
0.007930
0.147656
0.012847
0.360896
0.118678
0.437436
0.176123
0.012278
0.133813
0.004856
0.074737
0.324013
0.087526
0.445263
0.083877
0.087054
0.003017
0.006416
0.086622
0.192709
0.140088
0.653322
0.068335
0.050175
0.017477
0.086449
0.038165
0.092400
0.438704
0.074683
0.573187
0.007912
0.125114
0.010925
0.130316
0.000000
0.028971
0.000000
0.015243
0.000000
0.000000
0.009335
0.000000
0.013537
0.038191
0.000000
0.000000
0.005756
0.000000
0.005765
0.000000
0.070137
0.013221
0.000000
0.000317
0.000000
0.000000
0.032718
0.000000
0.000000
0.047824
0.000000
0.020701
0.000000
0.000000
0.011628
0.000000
0.063353
0.000000
0.049104
0.000000
0.000000
0.000000
0.018542
0.000000
0.009647
0.037276
0.000000
0.000000
0.000000
0.003151
0.000000
0.000837
0.000000
0.066382
0.000000
0.049130
0.027607
0.000000
0.009993
0.000000
0.000000
0.044249
0.000000
0.019900
0.006579
0.000000
0.010067
0.000000
0.621620
0.728012
2.203540
0.548955
0.503618
0.172146
0.215916
0.110871
0.371136
0.242521
1.786790
0.364669
0.025904
0.341871
0.043760
0.061420
1.840950
1.490250
0.303247
1.091791
0.400517
0.243847
0.074171
0.688215
1.260287
0.110618
1.194773
0.216568
0.237623
0.013939
0.497912
0.032514
0.600393
1.004539
0.544530
1.195653
0.307311
0.235982
0.264561
0.224184
0.562880
0.357925
0.977474
0.511278
0.173928
0.051703
0.454152
0.033240
0.461445
0.525787
0.963861
1.293585
0.269537
0.325509
0.141854
0.420603
1.487324
0.115299
2.146650
0.187507
0.294504
0.125718
0.063008
0.084162
0.016200
0.095522
0.045204
0.071874
0.009211
0.019351
0.016421
0.009111
0.029015
0.000000
0.011815
0.026480
0.011558
0.008423
0.009110
0.004766
0.057271
0.013431
0.144635
0.020875
0.029614
0.010213
0.010076
0.021274
0.038178
0.101499
0.000673
0.060838
0.000000
0.009898
0.000000
0.021379
0.063350
0.028728
0.047626
0.040693
0.020106
0.012556
0.005958
0.013400
0.011961
0.020801
0.016128
0.031326
0.004799
0.007998
0.010404
0.007247
0.013514
0.103324
0.067766
0.042268
0.010621
0.006436
0.033102
0.020068
0.032541
0.059018
0.015007
0.010874
0.005905
0.006692
0.005959
0.004493
0.361141
0.286073
0.346964
0.076887
0.032538
0.074603
0.048386
0.012778
0.133743
0.231707
0.313156
0.116479
0.016678
0.018828
0.127805
0.004502
0.295698
0.083700
0.992014
0.163168
0.005296
0.090908
0.052824
0.037374
0.244379
0.159049
0.357320
0.133028
0.008774
0.065810
0.014277
0.040061
0.102971
0.267160
0.296342
0.150167
0.027174
0.069131
0.013832
0.028522
0.252778
0.111205
0.092006
0.312651
0.015875
0.044166
0.019179
0.003298
0.056838
0.388571
0.459377
0.173837
0.013456
0.047984
0.016707
0.221219
0.465217
0.113545
0.253429
0.146364
0.020912
0.062571
0.122308
0.000017
0.007804
0.008397
0.014885
0.000662
0.006343
0.004788
0.005573
0.000000
0.002851
0.000000
0.040266
0.014032
0.000000
0.005803
0.000000
0.000000
0.000000
0.007274
0.000000
0.036928
0.000000
0.003997
0.000000
0.000000
0.000000
0.000000
0.016504
0.018752
0.006037
0.000000
0.006150
0.000000
0.000000
0.028242
0.000000
0.004912
0.006064
0.005531
0.000000
0.012486
0.010242
0.000000
0.009329
0.009272
0.000000
0.000000
0.007090
0.000000
0.007355
0.047628
0.000000
0.000000
0.013095
0.000000
0.000000
0.006275
0.011730
0.001195
0.000000
0.024314
0.000000
0.000000
0.000000
0.005829
0.719120
0.580538
2.216680
0.869632
0.191374
0.464565
0.232025
0.350098
0.165559
1.033300
1.963500
0.252042
0.160320
0.368774
0.092843
0.040960
0.320585
0.634305
2.162140
1.182091
0.399792
0.266688
0.241923
0.262876
1.791350
0.099648
0.671784
0.320936
0.155092
0.381893
0.250240
0.011872
0.805346
0.918618
0.637551
2.011310
0.096470
0.486680
0.174091
0.454166
0.512830
0.718905
0.670032
0.082238
0.334219
0.097803
0.210039
0.013387
0.155544
2.073250
0.617756
0.979680
0.334761
0.312301
0.110867
0.145973
0.332529
0.057821
1.532440
0.332879
0.132254
0.267818
0.258961
0.016607
0.034549
0.052486
0.145464
0.070634
0.018078
0.006994
0.040877
0.004837
0.000563
0.051132
0.002481
0.080398
0.029317
0.000000
0.010081
0.000000
0.096592
0.081400
0.111504
0.013499
0.015782
0.000000
0.004372
0.048627
0.043555
0.010496
0.000000
0.101725
0.000000
0.015846
0.010604
0.005942
0.008936
0.203899
0.097642
0.058569
0.011071
0.005381
0.047528
0.024038
0.039070
0.070700
0.124713
0.000000
0.032342
0.010179
0.000000
0.000000
0.128527
0.081776
0.101561
0.055286
0.008371
0.013857
0.037256
0.006985
0.000000
0.057852
0.050999
0.009119
0.007011
0.006488
0.031452
0.000000
0.159299
0.338760
0.128838
0.194760
0.096751
0.023159
0.021581
0.092416
0.157085
0.122147
0.111462
0.427888
0.015725
0.061205
0.056877
0.028223
0.535884
0.073185
0.417255
0.051618
0.083727
0.023477
0.098334
0.014340
0.103753
0.272485
0.078457
0.459988
0.014895
0.071181
0.019600
0.137960
0.116079
0.200896
0.633221
0.129860
0.018062
0.072050
0.094247
0.011995
0.090767
0.489949
0.567350
0.083403
0.051192
0.059932
0.105680
0.000028
0.470753
0.376057
0.100721
0.055574
0.014004
0.034598
0.058127
0.246619
0.453828
0.219587
0.052905
0.096239
0.026988
0.010479
0.128211
0.082264
0.000000
0.042259
0.000000
0.065679
0.000000
0.000000
0.000000
0.006168
0.007945
0.021103
0.000000
0.000000
0.008284
0.000000
0.014727
0.000000
0.019856
0.069090
0.000000
0.000033
0.000000
0.006572
0.000000
0.000000
0.000000
0.024560
0.026830
0.000000
0.000000
0.000000
0.004933
0.011425
0.022948
0.027981
0.000556
0.000000
0.010197
0.000000
0.000000
0.000000
0.000000
0.000000
0.013097
0.034837
0.000000
0.000000
0.005648
0.006886
0.037123
0.000000
0.045886
0.000000
0.000000
0.022812
0.009738
0.000000
0.002715
0.019753
0.045528
0.000000
0.000000
0.008343
0.000000
0.006722
