0.000000
0.000000
0.000000
0.000000
0.000000
0.000000
0.000000
0.000000
0.000000
0.000000
0.000000
0.000000
0.000000
0.000000
0.000000
0.000000
0.000000
0.000000
0.000000
0.000000
0.000000
0.000000
0.000000
0.000000
0.000000
0.000000
0.000000
0.000000
0.000000
0.000000
0.000000
0.000000
0.000000
0.000000
0.000000
0.000000
0.000000
0.000000
0.000000
0.000000
0.000000
0.000000
0.000000
0.000000
0.000000
0.000000
0.000000
0.000000
0.000000
0.000000
0.000000
0.000000
0.000000
0.000000
0.000000
0.000000
0.000000
0.000000
0.000000
0.000000
0.000000
0.000000
0.000000
0.000000
0.000000
0.000000
0.000000
0.000000
0.000000
0.000000
0.000000
0.000000
0.000000
0.000000
0.000000
0.000000
0.000000
0.000000
0.000000
0.000000
0.000000
0.000000
0.000000
0.000000
0.000000
0.000000
0.000000
0.000000
0.000000
0.000000
0.000000
0.000000
0.000000
0.000000
0.000000
0.000000
0.000000
0.000000
0.000000
0.000000
0.000000
0.000000
0.000000
0.000000
0.000000
0.000000
0.000000
0.000000
0.000000
0.000000
0.000000
0.000000
0.000000
0.000000
0.000000
0.000000
0.000000
0.000000
0.000000
0.000000
0.000000
0.000000
0.000000
0.000000
0.000000
0.000000
0.000000
0.000000
0.000000
0.000000
0.000000
0.000000
0.000000
0.000000
0.000000
0.000000
0.000000
0.000000
0.000000
0.000000
0.000000
0.000000
0.000000
0.000000
0.000000
0.000000
0.000000
0.000000
0.000000
0.000000
0.000000
0.000000
0.000000
0.000000
0.000000
0.000000
0.000000
0.000000
0.000000
0.000000
0.000000
0.000000
0.000000
0.000000
0.000000
0.000000
0.000000
0.000000
0.000000
0.000000
0.000000
0.000000
0.000000
0.000000
0.235370
0.235370
0.001026
0.011242
0.000000
0.000000
0.000000
0.000000
0.000000
0.000000
0.000000
0.000000
0.000000
0.000000
0.000000
0.000000
0.000000
0.000000
0.000000
0.000000
0.000000
0.000000
0.000000
0.000000
0.000000
0.000000
0.000000
0.000000
0.000000
0.000000
0.000000
0.301140
0.301140
0.071074
0.078703
0.000000
0.000000
0.000000
0.000000
0.000000
0.000000
0.000000
0.052157
0.053617
0.031377
0.028408
0.017755
0.000000
0.000000
0.000416
0.000416
0.000000
0.000000
0.000000
0.000000
0.000000
0.000000
0.000000
0.000000
0.000000
0.024632
0.028150
0.028150
0.028150
0.000000
0.000000
0.071207
0.079476
0.012367
0.001546
0.000000
0.000000
0.000000
0.000000
0.016819
0.069033
0.101448
0.060931
0.032335
0.017755
0.000000
0.000000
0.001196
0.000416
0.000000
0.000000
0.000000
0.000000
0.000000
0.000000
0.000000
0.000000
0.000000
0.024632
0.028150
0.028150
0.028150
0.221956
0.221956
0.075404
0.079144
0.059016
0.003461
0.000000
0.000000
0.000000
0.000000
0.029313
0.079946
0.118798
0.078879
0.040153
0.022876
0.007397
0.009861
0.011624
0.003027
0.000011
0.000022
0.000003
0.000000
0.000000
0.000000
0.000000
0.000582
0.000582
0.025460
0.029014
0.030899
0.034954
0.034931
0.043742
0.237036
0.237036
0.251990
0.206415
0.093899
0.061563
0.032178
0.028310
0.000133
0.000000
0.072337
0.078665
0.095286
0.083403
0.078345
0.061251
0.078456
0.083394
0.083827
0.016869
0.012822
0.015106
0.003371
0.001498
0.000000
0.000000
0.000000
0.004654
0.006400
0.032831
0.040249
0.149304
0.281063
0.197429
0.262479
0.000000
0.000000
0.638703
1.406790
0.882998
1.250101
1.444362
0.540252
0.035144
0.000906
0.070021
0.092291
0.483427
0.168130
0.079565
0.079223
0.130034
0.481480
0.312090
0.333235
0.610192
0.472593
0.089085
0.011988
0.000000
0.000000
0.000000
0.004654
0.031707
0.066844
0.105703
0.326962
0.614233
0.360712
0.168600
0.110366
0.069670
0.071477
0.078278
0.130515
0.130515
0.929107
2.952212
4.421877
6.336383
6.006209
3.853415
1.041194
0.332585
0.672601
2.471207
2.953284
1.165726
0.165731
0.260137
3.713532
2.936202
1.405711
1.597519
1.956800
1.760253
0.749855
0.094382
0.000072
0.000000
0.033734
0.077475
0.087796
0.102178
0.266443
0.421719
0.563514
0.416114
0.522035
0.636206
0.421687
0.448561
0.192042
0.221639
0.221639
3.053106
6.507754
8.806100
11.034550
12.314830
11.794756
8.475846
8.068927
9.433723
11.673417
11.467200
9.024900
5.010728
8.097840
12.318048
3.651576
5.332743
3.909515
4.140938
4.214753
2.183848
1.059464
0.110925
0.114523
0.151710
0.182619
0.348141
0.662470
2.128609
1.301531
1.081670
1.505269
6.341433
10.960304
5.184115
2.749965
1.052566
1.208803
1.034274
0.000000
0.000000
2.670148
6.976138
9.624412
11.693339
13.768744
14.983073
16.845336
16.866852
15.220922
15.131102
15.768230
17.275253
17.443452
15.658728
10.770491
8.051365
8.546211
8.241451
8.114123
7.368987
2.998805
1.020970
0.264955
1.052111
0.399151
0.468746
1.001295
2.902313
6.574555
3.056555
4.437923
9.643792
19.605230
17.890841
13.323485
12.337689
8.813480
9.183379
6.332549
0.345786
0.345786
2.358655
6.720458
10.139875
12.107378
14.434222
15.735039
17.661356
17.904723
16.913148
17.303892
18.403658
19.029653
17.662920
15.623323
11.402174
10.012143
10.993439
11.075369
10.563274
9.159767
3.976255
1.373639
1.219551
3.137997
0.608825
0.898778
3.676688
10.155085
11.471867
9.342053
16.571055
16.881595
19.418053
14.436225
13.796251
17.845966
19.058208
20.011183
13.197930
11.602334
13.488133
11.437698
10.478003
3.884227
1.603901
1.283610
0.863203
1.220387
3.121935
6.192609
11.134260
22.289619
29.569481
30.990603
32.252800
33.986500
35.954395
34.628420
30.229345
0.434999
0.434999
2.294038
6.682565
10.308837
12.248953
14.450625
15.318459
16.650466
17.280906
18.547919
18.367437
18.617237
19.315073
20.636533
20.411698
18.667586
17.584439
21.872752
20.249978
16.284092
14.516467
9.809687
5.485688
2.304150
2.038466
2.452260
3.804447
6.802358
14.974192
13.452553
8.435511
6.548186
5.935845
2.124143
2.326263
4.226500
7.888954
14.872864
15.712000
15.870319
16.625538
19.968939
12.596759
11.803463
17.503650
9.824975
4.009084
2.512766
1.962819
4.688152
10.816140
25.530306
28.913187
31.666486
30.272164
25.745164
23.007062
23.625159
27.661213
19.069555
0.000000
0.000000
2.305336
6.623824
10.292300
12.320462
14.951522
15.764438
16.449242
16.933619
16.905747
16.103719
18.588814
20.065467
22.350573
23.500791
23.826164
24.150563
24.802863
20.596841
14.289625
7.928498
3.245765
2.397166
1.845900
2.151579
3.337487
4.093026
5.040246
9.602630
9.479757
1.986601
2.364798
3.133482
4.166528
4.817872
5.333421
7.138733
9.419507
11.067424
15.344312
19.545500
19.439195
13.558114
22.538400
24.679350
21.171873
11.186586
3.830102
2.645609
4.787352
13.220316
23.440586
26.143764
26.140216
20.260670
11.341520
13.890000
24.360553
33.045352
22.444659
0.689415
0.689415
2.243134
6.440953
9.924790
11.907811
13.775419
13.510039
11.834840
8.682646
7.366015
7.625647
12.844993
18.615092
21.876297
23.020617
24.274853
25.119122
24.278659
21.215247
16.820245
11.443873
8.206112
6.545443
3.437681
3.801717
3.648594
3.380812
4.219465
7.514736
11.274517
5.031179
6.565714
7.204315
7.260550
7.717840
8.519540
9.622994
9.859030
9.512690
12.007745
16.803398
13.415211
23.761212
31.298200
31.413350
30.429664
24.776934
10.330179
4.794575
4.202931
7.375566
13.628155
14.636270
11.734545
7.295180
11.066891
16.272950
22.624117
34.728378
20.791106
0.071971
0.071971
2.016605
5.794076
9.142440
9.581345
6.721878
3.348225
0.915629
0.012225
0.070156
0.251743
7.310525
17.020025
16.979259
19.833613
20.632019
21.846936
22.718000
22.072813
17.897888
15.280073
8.532392
6.667330
5.020581
3.664640
5.034900
7.696154
12.619900
15.317262
10.508578
7.883551
8.197999
7.506595
9.601670
9.634721
10.376569
10.774256
10.397275
10.413238
13.428075
18.237700
19.470700
34.163322
39.387767
44.306089
43.201341
26.814025
18.117641
9.454707
8.314087
12.308362
11.259638
9.962765
17.038545
12.971758
14.960917
18.585934
18.782305
22.529131
20.736170
0.000000
0.000000
1.620542
4.731485
7.882460
8.815295
4.299136
0.448120
0.013095
0.000000
0.023521
0.238251
4.903646
10.979651
11.827177
14.428161
17.305955
19.746275
21.820797
20.161625
17.657325
15.522019
10.301130
8.390419
6.894409
6.211109
8.370144
12.476015
16.905775
16.455598
9.885763
8.280550
7.846283
7.529524
9.780689
10.117405
10.373456
10.498844
10.357119
10.364839
14.236864
20.609575
19.304575
33.862500
42.057852
46.964156
44.948450
32.884875
24.103803
14.029291
10.350748
17.370087
12.548008
11.354552
14.949969
16.520203
20.947164
24.970030
24.495587
24.088664
26.587761
0.036616
0.036616
1.251200
3.221162
3.078797
4.481185
3.162181
0.643209
0.000000
0.000000
0.023520
0.225594
2.297727
2.716532
9.193351
12.258571
15.451473
19.479406
21.271091
20.086553
19.568163
16.029323
10.950867
9.723702
8.941832
8.871787
10.798234
15.781320
21.109070
17.056584
11.149173
9.382007
8.588796
8.547268
10.985570
10.486300
10.705375
10.738013
10.796323
10.803988
15.087462
22.780594
19.066464
33.624809
44.729289
48.849091
40.072291
21.677373
18.310131
12.518825
11.501175
20.512655
13.689200
11.791883
13.925523
16.095208
21.947814
27.452567
26.221625
25.352675
29.844258
0.120681
0.120681
0.806714
1.962752
0.343724
0.010352
0.069386
0.094265
0.002642
0.000000
0.000924
0.071343
0.219205
0.850959
3.417793
6.949426
14.653912
19.612717
20.615302
21.097567
21.272008
19.321627
15.005148
14.065595
14.115028
14.686700
17.736163
22.760227
21.886564
20.533573
20.190798
18.474275
15.893609
16.664000
12.662992
12.417209
13.644525
13.703303
14.035100
14.457303
18.442684
24.190275
18.215905
34.536323
49.827352
45.664780
29.395355
16.134434
15.553473
16.156638
18.206411
19.796097
17.074428
13.601947
17.110420
17.333384
19.370109
22.747500
26.713162
29.860845
32.737211
0.000000
0.000000
0.452816
0.909461
0.135721
0.012293
0.056942
0.047568
0.008681
0.000000
0.000000
0.010717
0.070773
0.230996
4.299658
10.258323
14.747603
15.869664
18.778250
21.935152
24.547444
23.127606
20.279638
19.768191
19.870323
20.736284
23.485722
25.329970
23.894814
25.755269
24.913513
25.602533
26.112466
22.612823
17.151525
15.566988
14.864800
13.644525
14.004913
17.103200
24.482266
26.542266
19.358600
38.557995
50.047945
45.247586
24.652734
19.843114
19.787630
19.442700
16.050067
17.386075
26.710759
18.470889
22.602675
24.060445
24.435725
24.121600
26.509702
30.666600
37.422014
0.188032
0.188032
0.187995
0.229845
0.069346
0.024239
0.000000
0.000000
0.000000
0.000000
0.000000
0.000000
0.000000
0.048589
3.041232
6.651718
8.573173
12.464074
19.436270
25.234833
29.131847
28.606637
26.495925
26.412130
26.892891
26.406048
25.074333
28.956889
28.849200
31.001437
30.736563
33.086938
34.939344
31.101678
25.343184
23.134745
18.634652
15.760850
20.093788
22.213705
28.273461
34.909402
27.988414
39.611703
50.081506
46.279662
30.671027
22.696064
18.260623
17.704100
17.693700
17.693700
22.436500
19.628417
21.547766
22.167300
22.972475
23.543600
26.025600
31.515873
31.286906
0.139007
0.139007
0.076806
0.050383
0.000000
0.000000
0.000000
0.000000
0.000000
0.000000
0.000000
0.000000
0.000000
0.000000
0.000000
0.101129
3.083039
9.939648
15.760988
19.675589
24.580828
24.882611
22.472938
23.723992
27.921491
28.300291
28.546034
26.851000
27.016541
31.229120
32.437662
34.790036
38.683486
39.192400
38.682956
34.575867
30.245611
20.667392
22.058173
26.170150
34.682528
36.910656
27.633800
31.403977
41.495427
39.759109
29.519566
24.185700
18.400916
18.649900
20.733114
19.119241
22.743725
21.614723
21.255433
21.439250
22.835350
24.610100
26.639900
30.910366
33.108692
0.070785
0.018707
0.000000
0.000000
0.000000
0.000000
0.000000
0.000000
0.000000
0.000000
0.000000
0.000000
0.000000
0.059652
2.714698
5.071530
9.823755
15.584500
19.041739
18.502091
18.403428
19.755978
25.019623
30.032580
30.453608
25.200609
24.539755
29.200212
32.783709
33.573606
37.721150
40.572869
44.095930
41.959202
35.696866
26.182819
21.113556
26.461119
35.981989
34.033358
24.264714
27.815250
36.043981
33.832208
30.672669
29.441550
20.225072
17.686150
20.050780
19.669309
22.621022
22.201109
22.071464
22.041508
23.066092
24.667287
27.378400
32.460872
34.984252
0.044343
0.000128
0.000000
0.000000
0.000000
0.000000
0.000000
0.000000
0.000000
0.000000
0.000000
0.000000
0.003050
0.030785
0.422300
0.946424
5.366184
13.466937
16.021863
15.483125
16.155545
17.482039
23.091336
29.998639
30.513491
23.967612
22.340000
27.371239
32.222180
32.078970
35.158214
39.475408
47.136819
46.478359
39.487611
30.546544
21.313880
26.612328
35.047109
30.988439
21.282387
26.409672
32.565659
31.256627
31.475773
28.712077
18.581242
17.486625
19.539738
19.862413
22.260825
23.001119
23.253186
22.557948
23.373189
24.857588
27.955100
33.880347
37.010316
0.000000
0.000000
0.000000
0.000000
0.000000
0.000000
0.000000
0.000000
0.021353
0.118002
2.632625
8.902850
8.996713
13.948967
17.469447
15.891828
16.384417
17.671552
21.016428
23.329883
24.335600
21.907337
19.302387
22.413362
26.748827
27.284166
29.411717
32.789069
45.446733
42.223505
34.615325
30.273422
26.384372
28.050447
30.531781
24.521614
19.245738
28.249000
29.436144
29.167267
26.654186
25.083961
22.028977
21.109586
20.851788
20.514738
21.450938
24.115608
23.988152
23.992459
24.673005
25.970138
28.952538
36.222438
41.367058
0.000000
0.000000
0.000000
0.000000
0.000000
0.000095
0.051522
0.050181
0.000286
0.075481
2.898495
11.403656
14.675630
16.883681
19.548009
18.449305
18.148650
18.594962
19.839934
20.935361
20.818800
19.171300
17.492100
18.417128
20.475242
21.560469
24.336436
26.367006
40.853759
42.761880
35.003617
33.850225
31.021445
30.407680
29.496088
27.617900
22.751920
26.648006
26.833500
26.935798
25.386684
23.990795
23.764155
24.519100
22.027700
22.027700
22.826700
24.523237
25.810864
25.629633
25.637850
26.153280
29.388200
37.806100
45.273505
0.021726
0.087137
2.974481
11.044805
16.298953
17.756122
18.318900
18.634863
19.048900
19.203094
19.204881
18.948277
17.455100
14.633300
13.527889
13.784002
15.621631
15.669578
18.165702
21.309364
29.517464
38.458541
38.767447
37.774398
33.811636
31.656592
29.712575
29.089700
25.282444
23.310327
22.144814
19.552463
19.833763
21.518102
22.190784
22.553800
22.027700
22.027700
24.822700
26.245975
27.280539
27.227061
27.884692
28.831947
30.444500
39.720600
47.061956
4.296310
5.536524
8.671601
11.570322
16.507298
17.950455
17.533800
18.133475
18.406627
18.043294
15.251443
13.049378
10.411900
8.233447
7.144400
6.518417
5.279405
4.344066
5.414037
7.390578
15.060579
22.826916
30.802509
35.144817
34.986712
29.702911
26.073300
26.322663
25.684728
21.079272
19.695400
17.066397
17.854600
20.385327
21.413591
21.662200
23.511400
25.456000
25.520700
28.116300
27.685775
28.588066
31.327192
33.152991
33.957400
43.752255
52.769955
14.215750
15.050208
17.477094
17.520056
17.246303
17.430231
16.190919
13.577966
6.817239
3.012988
2.007203
1.675741
1.363617
1.264069
1.135991
1.164928
1.345486
2.049147
6.208842
13.026886
22.155397
28.739827
31.459823
28.440184
25.076941
24.331683
21.430736
18.408188
19.891869
19.016762
18.614380
20.239066
21.900309
22.662200
24.793587
28.563375
27.496255
28.190964
28.438814
29.806280
33.384322
35.804116
35.689525
46.298564
55.453689
15.449206
16.352897
17.392812
17.170787
17.038162
16.871267
13.890770
10.228158
1.372171
0.783152
1.081716
1.380387
1.413757
1.387530
1.522008
1.663549
1.994974
2.279588
4.462751
6.266206
11.075037
22.314834
27.463175
26.701472
24.263766
23.241648
18.668514
17.030350
19.280523
19.536111
19.462778
21.706812
21.362594
22.472923
25.603519
30.622433
29.985789
28.925694
29.390372
30.801802
35.191242
37.741527
38.140897
49.027377
59.349211
16.797620
15.707989
13.240591
5.688332
2.257437
2.376748
3.241323
3.950064
4.408990
3.600835
3.572032
2.109697
3.196025
4.239240
5.131759
6.263130
10.518073
12.719027
18.940419
19.889842
20.691495
21.261737
17.270389
14.700575
15.497633
17.156167
18.258102
18.432861
19.994031
20.285417
26.088645
32.776044
32.750673
35.662106
33.768041
35.048981
39.220311
40.948588
41.447777
53.526856
67.283920
16.680239
14.754659
11.122905
4.540310
1.192079
0.815572
0.819395
0.774809
2.452963
5.994784
7.404760
3.895452
3.360187
5.073400
7.685100
11.042100
11.304600
10.525675
11.813702
13.791317
16.980412
17.939100
16.840930
14.006000
14.747448
16.684614
20.227644
21.025019
20.989994
20.826900
25.792338
38.587545
37.827237
39.302237
39.797250
40.872675
44.274788
45.652991
42.870914
56.687555
70.728072
0.012729
0.077652
0.162491
0.921073
4.227839
5.878249
6.259899
7.837895
11.632100
13.431500
12.678200
10.572163
10.034494
11.244355
13.846350
14.560100
14.460000
12.635100
11.125600
13.431050
16.555544
19.986855
20.023647
20.331600
23.128600
29.369802
37.294667
47.458061
41.055152
42.211975
48.757513
53.379616
47.112716
56.185436
75.290598
0.000000
0.053236
0.083877
0.084398
0.603782
2.219233
3.190264
4.188019
8.742050
12.737100
12.742200
12.003613
12.837905
11.627513
12.608612
13.051800
12.512600
12.265100
10.270523
11.456488
13.161737
14.625780
17.463231
16.911200
20.322814
24.453400
33.176100
46.568992
45.178197
46.935213
55.620378
63.812978
54.308130
63.907375
84.061600
2.453898
2.871619
7.092813
11.034662
14.221388
14.306722
13.833080
11.934755
12.161589
12.660362
11.632537
10.749033
9.836133
11.371331
12.669895
13.816119
15.871802
16.575075
18.471884
19.855089
30.060202
43.313966
46.759764
49.587744
59.787019
71.048459
63.331586
70.654375
93.174413
2.398629
3.655329
6.365357
10.087848
15.431089
15.828092
14.062823
12.302016
11.857519
12.433353
10.938163
9.215969
9.320474
11.046449
13.432453
14.085477
15.370720
16.325775
18.219837
17.889887
26.897241
40.641227
46.950334
51.295716
62.943631
76.516947
68.665702
75.570422
99.907884
14.435488
12.964969
11.112148
12.417517
9.385346
7.353885
7.962724
8.583243
9.799779
11.289161
15.486378
15.449375
19.069025
19.616388
23.129125
33.018517
43.318600
49.416884
66.772489
85.100711
79.181680
90.227191
120.566437
147.407984
151.198953
12.668253
11.738948
9.987549
10.937125
10.184966
8.403023
8.703779
9.598606
10.719500
9.701132
10.446678
11.648200
15.236000
15.287500
18.181700
24.004475
33.888770
41.092113
67.325514
95.004267
87.726734
108.995156
157.586109
188.199453
207.467641
8.599979
9.073960
9.822200
8.874084
6.903170
8.883689
11.861493
12.841891
11.883422
12.015500
15.231900
16.966500
22.696700
23.943225
35.840612
44.010438
74.241336
105.579531
101.969636
131.886344
197.289984
245.181953
412.301531
7.377647
7.729660
8.269330
7.763211
5.258164
6.175471
9.067729
13.611721
14.258595
13.989400
15.623800
21.050098
34.151289
33.782241
58.939350
70.590450
96.025125
117.965594
119.598594
163.443656
304.409750
424.543609
484.458797
7.234849
6.461618
4.448627
4.800615
5.396274
7.633656
12.337541
14.424517
17.407863
19.126275
28.159745
31.250762
58.714772
77.607473
109.493719
126.574672
158.264516
216.340766
417.106000
483.044141
487.767156
488.202094
486.053312
9.704373
7.042990
7.175859
5.731503
6.082819
7.190588
10.316954
11.865437
14.912550
17.884175
23.732800
28.812536
51.959322
70.511047
106.267414
129.970141
203.925234
336.203219
484.667000
484.999453
485.805875
484.746734
484.776953
10.766515
11.139500
12.948237
18.035475
23.682700
29.240777
48.912475
62.315697
92.575091
114.282134
197.736234
437.356766
486.204531
487.087078
484.803297
484.857016
485.018562
