2.367180
2.302531
1.611913
1.102418
1.297186
1.697726
1.158821
0.912227
1.567459
7.911850
8.351331
7.999385
4.110649
1.792292
3.599883
7.162860
7.853011
5.855777
4.105503
2.582682
2.203248
1.497778
0.982306
0.180931
0.065760
0.002412
11.164850
11.158088
9.666062
6.107424
3.341721
4.604355
6.744984
8.712189
8.385728
7.027153
5.216452
3.449076
2.006957
1.781637
0.177417
0.066585
0.005270
10.510174
12.076286
12.810803
13.081770
7.667278
4.121992
5.723099
6.815633
7.737396
8.901344
9.226507
8.596816
7.347342
6.090518
3.952312
3.215081
0.837605
0.147848
0.001976
0.000000
0.000000
0.000000
0.000000
12.668188
15.260495
14.002602
12.708655
8.267967
7.747195
5.451105
6.785621
8.284344
10.602727
10.788918
10.112287
8.785513
8.263644
7.475658
5.739528
2.673125
0.285902
0.005307
0.000000
0.000000
0.000000
0.000000
3.084362
8.911311
13.597762
16.513612
14.295647
13.562412
12.592241
11.376214
11.321561
7.848954
8.763314
11.523463
12.024605
11.281521
9.685256
9.151875
8.642734
7.791478
3.616867
0.311677
0.009080
0.000000
0.000000
0.000000
0.000000
0.000000
0.000000
3.574052
9.872565
14.469412
16.212970
15.590944
15.623447
15.514066
14.895800
15.579912
14.109939
13.896684
13.550786
14.617933
14.623655
13.868853
13.035525
12.464980
13.826364
8.096796
2.824818
0.602530
0.415770
0.106085
0.021345
0.013915
0.013451
0.013451
0.000000
0.000000
4.303356
11.394564
15.834500
17.106662
18.169962
18.298038
18.268666
17.449736
16.623000
16.626100
18.031300
18.383312
18.433600
18.559788
18.770100
18.770100
16.849900
16.723500
15.620342
12.202454
8.684092
7.285759
3.056146
0.391306
0.141433
0.136400
0.201239
0.226609
0.137546
0.133623
0.133623
5.915334
14.916173
17.716400
17.032500
18.125762
18.341800
18.676145
18.534348
17.895611
17.097213
18.565900
18.450138
18.433600
18.559788
18.770100
18.770100
18.069300
17.393700
16.572300
14.370275
11.818303
8.021676
2.737334
0.313404
0.241260
0.426186
0.580766
0.341488
0.407052
0.122320
0.122320
4.632573
10.679368
14.513000
15.873450
17.873625
18.131600
19.191313
20.957500
20.957500
22.464700
22.464700
21.410938
21.260400
21.648900
22.296400
22.296400
22.546600
22.546600
19.904120
16.595237
11.931650
9.545295
3.519561
0.817407
2.023139
1.364983
1.449017
1.602177
3.358668
9.664803
6.884243
0.000000
0.000000
3.628534
8.163308
12.707250
14.885442
17.764727
18.131600
19.191313
20.957500
20.996187
22.464700
22.717950
21.442594
21.260400
21.674775
22.978267
23.999712
25.066162
26.563537
24.108120
19.704589
14.737381
12.900048
9.502916
6.721894
12.866454
4.490570
8.932831
7.803744
9.691274
14.465567
15.620936
0.122967
0.122967
3.087953
7.376809
11.870675
14.550767
18.054500
18.500337
19.497973
21.160700
21.214862
22.545987
22.900537
21.654887
21.615855
22.140075
24.060044
25.858950
27.503562
30.630078
27.490695
23.928275
18.501262
16.666022
14.709142
13.046644
19.779905
13.618591
19.065128
14.352137
13.140516
16.550586
19.839792
21.097852
21.859142
0.080221
0.080221
3.076149
8.192550
14.004287
16.727944
20.662023
21.155972
21.678147
22.583100
22.583100
23.115000
23.212962
23.090397
24.346887
25.619791
29.262197
33.961697
34.816359
28.544825
25.752300
25.752300
23.686458
23.416753
22.570700
21.090012
33.851100
30.174086
21.464937
23.838802
21.769214
26.879648
28.723111
27.415150
30.109117
0.000000
0.000000
3.796030
10.740658
16.842700
19.319825
21.514175
21.677275
21.912975
22.583100
22.583100
23.115000
23.898700
23.667263
26.046838
27.938825
32.717112
37.265347
33.034119
27.728800
25.837417
25.752300
25.425575
25.582225
26.826880
29.070309
43.288575
38.804294
28.127800
32.797850
34.051162
34.399388
36.475205
37.053884
32.975981
24.875472
18.859800
18.848950
31.417913
0.115843
0.115843
4.110291
12.335308
19.927900
23.379600
27.309262
27.800200
28.729488
30.278300
30.278300
29.715150
29.798086
29.907481
30.207089
32.440469
37.367469
35.719506
30.149700
31.446900
33.934300
33.934300
29.940363
29.791413
31.768950
33.893700
45.584927
44.285917
38.625000
48.836950
50.295800
48.924987
44.915456
37.381816
32.927100
32.927100
27.287100
27.521042
34.433300
0.119877
0.119877
9.973786
15.899900
21.984200
25.025175
28.981737
30.227203
32.350125
33.963777
35.196400
36.900598
38.479559
40.113923
38.525978
38.210677
38.051888
35.113641
33.954725
36.516500
38.242500
37.902278
35.586486
35.565441
38.804436
43.957630
51.638409
47.831078
37.038800
57.922737
58.683098
55.532911
43.088811
29.844475
43.240400
41.845900
36.185180
31.427475
29.140438
36.189709
49.374908
0.000000
0.000000
9.447736
17.023025
24.294887
26.008542
31.731831
33.356327
36.007066
37.762130
37.992339
40.531783
42.728872
45.785553
44.672255
43.180628
41.293639
40.181862
39.503425
41.116062
43.682242
43.820216
40.430458
40.421737
43.467241
49.777592
51.296836
45.749820
40.539487
59.989597
62.785183
57.034487
44.675027
38.502977
51.583455
47.711025
40.515852
35.478570
42.091969
46.656648
54.675666
1.230280
1.230280
9.338082
17.730038
25.681300
26.687058
33.426302
35.209614
38.418559
38.958075
40.191609
42.305642
44.846992
47.081589
46.961267
45.915748
44.157816
43.999113
44.015563
46.009256
48.253464
46.938503
44.939519
46.690927
50.244102
54.490784
50.405333
45.080639
43.144308
60.453219
64.213197
59.350678
48.891005
48.287562
55.691586
49.321877
42.434936
40.130252
51.271153
55.564294
58.589844
61.411625
61.989638
59.238159
63.014958
63.771675
62.599467
59.265464
49.793294
43.313700
44.421787
56.249212
63.864638
74.282792
80.961042
82.276447
83.525822
85.360512
86.191450
84.847484
87.219795
1.443005
1.443005
8.390945
17.906700
25.604662
27.482434
33.641930
35.378250
37.780131
39.295598
41.040653
42.913152
46.713453
49.535003
51.348428
51.952770
52.056375
51.295900
56.742756
57.902413
52.716656
50.854103
52.717530
56.229481
54.667628
51.804897
49.228850
48.833525
49.058725
55.937319
57.225755
53.473991
44.197034
39.002362
39.751438
35.740763
38.248938
38.957830
60.793466
63.849812
63.995600
64.373475
71.644445
68.823025
68.128563
72.103764
64.185288
53.260367
41.170666
31.481463
35.851838
51.169583
73.099008
81.389786
81.811778
78.392161
74.588964
74.951488
87.239675
91.037214
77.642369
0.000000
0.000000
7.497497
17.519600
25.068200
28.713800
34.804198
36.925239
38.704533
39.617473
39.833072
40.588009
50.970789
55.272867
58.802528
60.202938
62.428864
64.893567
66.193500
59.440400
49.898672
46.459958
48.603558
51.736345
54.235320
51.481986
49.534400
51.360700
53.749030
62.526302
62.146361
54.781037
38.337662
37.759600
42.246500
42.529800
46.641500
46.641500
58.444638
60.130800
63.895500
70.170000
71.751411
67.267166
88.143963
92.471631
73.780245
65.333242
48.305305
37.812977
43.497500
67.560273
76.665300
76.699687
72.858231
66.641970
66.501150
76.932400
87.535600
98.952300
81.474542
1.172620
1.172620
7.092652
17.075400
25.068200
28.407112
31.947864
31.059683
33.504813
31.174711
30.554983
30.190000
48.373200
54.816087
58.180288
60.438675
64.930300
67.112800
66.170897
61.089853
53.089306
48.937533
49.723548
51.598591
52.111750
51.508891
51.602200
55.873800
59.346800
71.549955
64.590469
58.679305
47.443492
44.913872
45.620100
46.739900
46.765800
49.063025
58.920650
60.230269
62.161594
63.705917
61.342128
78.210114
96.291620
102.683248
91.359447
76.696477
58.830923
52.026705
38.752478
47.609411
67.739642
64.902572
59.075441
53.476464
63.694944
79.912080
92.191680
102.869373
91.708486
0.414353
0.414353
6.927960
16.194475
20.585800
22.508612
22.120531
18.238217
18.288623
16.046536
20.158072
25.306900
46.179233
48.401233
52.918809
58.861981
62.741500
68.067880
67.283600
65.284000
60.633800
58.552175
56.537088
56.291700
56.559038
57.004600
57.004600
74.203300
74.203300
79.576412
73.625488
68.462677
58.672798
52.178125
49.113644
58.811741
58.092900
59.790050
56.883462
55.748212
64.819437
81.842000
81.842000
103.711703
111.779812
115.716422
107.383516
89.194797
74.066517
66.562392
53.317887
61.761236
67.890587
69.462134
80.439723
69.505317
73.638008
80.606772
80.761578
91.899267
90.561481
0.000000
0.000000
7.499953
16.354355
18.350730
19.977698
18.244850
8.913014
6.980877
10.135694
18.286152
26.677025
42.090688
38.657153
46.887302
55.088611
62.419156
66.653616
68.685725
65.719500
62.380987
59.088198
57.715478
57.218630
56.749498
57.429787
58.486850
74.203300
78.284300
78.290491
73.368909
69.682425
61.361495
57.192292
57.761411
60.072416
58.856087
59.197152
55.785611
55.034267
65.309562
83.149000
82.870750
101.387297
111.380203
115.584203
106.951219
92.124783
81.200467
76.197397
63.919575
73.132148
67.949050
68.644138
77.406742
83.620109
91.238364
96.775467
89.723342
88.893059
91.800895
0.598310
0.598310
7.472560
15.955878
14.310156
15.917494
16.798806
12.403284
3.151221
6.632176
15.312860
27.828056
38.560066
32.848908
41.836762
51.010398
61.307734
66.872005
69.380112
66.338288
66.353125
60.120434
58.275667
57.700638
57.478405
58.284163
60.103456
74.517578
81.601122
77.548930
73.538305
70.243847
64.463639
62.586600
64.097900
61.254075
59.532950
60.174270
56.245938
55.812239
67.086275
85.431088
84.023650
99.049587
111.965828
114.644297
101.821898
83.926398
82.993120
76.651597
69.567195
81.521064
68.950663
68.860734
75.716058
81.630702
94.935430
103.610297
95.314175
92.331238
95.970513
0.622097
0.622097
5.434822
12.622856
7.323885
5.573010
12.302326
12.216241
1.953950
1.846213
14.638242
28.292727
30.611970
24.130486
31.729361
38.640758
54.502853
66.201997
67.519048
68.455286
68.819400
66.091358
62.234713
62.024805
62.473102
63.322419
67.195033
77.167813
78.660600
79.380419
77.107461
78.224591
80.287241
80.246475
73.223970
70.638106
64.229409
69.412472
64.132130
64.815063
78.721278
96.831638
87.773200
95.885966
112.565469
109.322734
94.143902
89.458608
85.771233
86.259548
83.996692
84.471544
81.209309
79.020902
86.371922
87.757305
95.008797
104.317000
116.269281
112.312359
114.473672
0.000000
0.000000
3.610180
7.596525
4.162728
2.257594
9.773209
10.454460
2.475307
2.033965
10.121920
19.162542
21.223773
20.787175
36.766641
42.421250
52.518067
55.871200
60.729595
65.230958
69.755300
69.508112
67.045200
66.665137
67.319125
70.972577
76.579641
81.437850
80.277166
84.691473
87.329077
87.618963
90.022897
89.596788
82.428344
79.085564
75.224108
68.792330
63.710325
68.724213
87.518469
103.833922
87.829380
107.177812
120.710781
110.984812
94.656991
96.336197
98.598919
95.004200
89.819600
90.777452
112.362969
102.400325
109.245844
113.515844
116.177094
116.581000
118.233000
123.101000
142.284938
2.245825
2.245825
1.729779
2.289367
0.334766
0.161025
5.523760
4.365458
1.941890
1.770288
5.856687
11.848008
10.464470
12.519630
27.776205
31.492044
41.546156
44.484000
52.979700
62.845456
71.339783
73.237148
74.271237
74.657080
74.459828
73.070172
75.492731
83.092005
88.646202
91.916680
93.034937
96.049250
101.451703
100.278547
98.804750
96.804362
85.954744
73.037333
77.538798
79.557548
93.535875
114.485000
105.166000
113.184000
128.609687
115.834203
118.309719
118.718844
107.576047
109.544250
101.414562
91.646500
111.634297
110.417359
115.345172
117.886984
121.155719
121.354000
126.690125
139.273031
140.127437
2.157230
2.157230
0.395012
0.097527
0.000000
0.002018
0.344134
1.033456
0.153539
0.149724
1.881910
5.101523
6.424304
9.829088
21.886039
27.056388
37.143462
42.905977
49.912247
58.113000
67.529911
69.688492
71.038983
72.449513
75.530592
74.931000
74.149177
76.282300
82.111206
91.070237
94.117386
97.093813
103.776250
106.370000
109.884234
113.211000
97.226055
86.268366
81.992542
85.773763
101.461812
117.207484
106.674000
107.159000
126.765531
116.579078
123.724313
121.771484
114.904578
110.022000
119.723656
105.909078
113.425000
114.890516
116.186703
115.545875
118.904000
126.879000
130.866953
138.546094
143.535703
0.130143
0.034124
0.000000
0.002040
0.083986
0.087664
0.097514
0.104104
2.909186
7.679922
7.471603
7.889806
20.422759
26.071669
35.355853
38.991025
48.478200
55.727750
61.612075
63.325894
66.803500
68.525011
73.147506
77.291339
78.125831
71.940488
73.141747
87.658350
94.573417
97.000531
104.069688
107.740000
112.420953
114.177875
104.643531
93.925783
88.151237
90.124989
100.136266
108.970156
101.098625
106.022750
118.407828
120.891516
126.249812
124.175812
113.639656
104.409500
116.015719
113.479984
117.695625
123.035312
120.739469
119.393766
122.298844
130.165250
135.562109
141.516281
146.883984
0.109632
0.000302
0.000000
0.012738
0.056493
0.058375
0.064424
0.140166
4.266456
9.570078
9.391151
8.128792
20.075884
25.632698
34.511653
37.050888
47.729400
53.702973
58.149537
59.893402
64.246220
66.029387
71.142716
78.235836
78.689380
68.680450
68.119991
85.032423
92.791805
95.768787
103.000195
107.922344
113.541328
114.668844
108.320281
100.407973
92.616077
93.393353
98.437478
102.361150
97.753400
105.540344
113.747797
122.198297
122.479000
121.316484
113.873531
103.410063
114.595375
120.110969
121.624922
127.418266
127.184156
123.337266
125.904094
133.994250
139.958094
144.693984
149.672750
0.158120
0.153717
0.239745
1.306168
8.753155
14.632572
12.989417
12.655427
21.349213
27.013850
37.596100
41.980625
47.888988
52.055205
57.423850
57.481217
62.296358
63.358802
65.392353
67.730956
68.474109
63.243509
63.078537
77.200655
79.801277
85.358142
96.899447
101.182587
116.931688
112.992766
104.437500
103.129047
98.599445
98.639906
99.789722
98.670925
98.523225
104.646891
109.032359
112.419000
120.502266
130.674031
128.945672
118.317625
129.269625
129.558000
132.639797
142.259547
133.681172
132.328344
137.636625
147.383500
149.646828
152.708750
166.724609
0.144246
0.148156
0.700345
3.333556
14.683207
20.499600
20.310370
17.693613
21.841138
29.240725
43.304337
48.775733
49.006100
51.590000
54.424700
54.883638
56.288814
56.485950
57.398641
58.537544
57.977941
56.924116
57.276500
59.718012
64.189166
69.762983
81.899044
89.034700
118.072688
114.910047
107.438234
106.209375
103.510000
103.142000
102.819125
102.281000
103.912000
102.435000
103.225078
104.570797
118.632766
124.667219
133.323750
135.483594
142.157500
141.066000
133.306000
148.392641
147.940359
143.824797
143.065891
150.103000
157.021000
168.812828
187.945219
26.107425
31.526819
41.523350
45.422769
49.006100
49.418900
52.639600
53.816475
55.358669
55.232237
54.827287
54.360600
54.360600
55.302800
55.302800
58.655887
59.134900
64.599775
73.707900
75.659708
96.030572
109.517625
109.888359
112.590391
106.828031
104.973250
102.819125
102.281000
104.919000
106.213672
104.420000
104.044625
117.430672
128.639125
135.072063
132.413000
155.126000
149.500437
148.812500
162.420391
157.779562
154.100797
154.826813
162.746531
166.892000
178.198141
190.014891
41.648283
42.666002
44.352900
44.366211
48.054792
48.618500
50.134000
50.134000
50.814662
50.174200
47.843100
46.007100
42.961900
44.075700
44.296500
47.968973
48.164809
47.489381
50.816484
52.618517
68.722831
86.006459
97.811064
108.894175
110.255625
103.109737
97.359592
96.832852
100.112813
105.257000
124.098297
110.322391
114.846578
127.924516
136.949578
136.662766
140.781000
153.751000
175.465000
182.901734
169.439547
168.944469
178.107813
189.955891
193.589781
206.208375
215.784000
45.800064
46.078083
48.726897
48.906875
50.134000
50.134000
49.978053
48.946833
45.100561
42.085069
37.397463
39.409450
39.492250
42.080128
42.284713
43.361713
45.540444
46.114475
50.911703
69.727900
93.449200
98.643955
102.068852
98.898042
94.611344
93.726625
94.531750
105.257000
121.619078
121.670750
122.984000
128.941109
144.548094
139.946875
147.377875
166.087875
176.856250
187.079969
178.958547
181.892219
196.223453
211.050422
210.245844
225.187250
241.114625
46.751152
47.199420
49.158014
49.144113
50.248100
50.248100
49.417266
47.875337
43.247895
39.691036
33.970944
35.773147
35.711300
38.514155
38.811903
39.974114
41.935575
41.935575
42.396513
58.726950
89.793889
91.413930
96.798703
96.344669
93.150577
92.936558
91.918987
104.094750
116.270109
127.907516
135.975109
146.144625
145.018797
141.077625
152.127266
175.320297
182.151844
191.276891
189.384969
194.516766
212.262609
226.628563
224.405094
242.071422
261.777125
51.279970
51.241764
49.108422
48.688302
49.129220
43.282019
33.310503
29.166075
28.465300
31.441820
31.214659
31.872864
33.125200
33.125200
45.137788
58.874739
73.331125
85.947120
90.451734
91.088453
92.539131
94.921503
88.807925
97.751453
107.906656
117.738094
126.944359
136.463781
145.823984
134.922500
157.479984
193.988750
193.512250
214.968453
225.635953
228.176641
236.732047
248.670875
271.024484
286.340219
310.547109
53.040491
52.792622
50.432866
49.681175
49.655995
44.459578
21.036697
18.680230
21.764900
27.112025
28.405800
30.222888
33.125200
33.125200
53.276600
69.053800
75.781034
82.584141
89.620459
92.345869
91.917589
90.426447
96.867200
109.755813
120.151328
117.715578
135.327844
148.631703
153.115187
140.218000
161.469000
227.280734
229.113734
245.116562
245.634672
248.991063
267.486875
281.395000
305.248703
350.915703
373.113000
9.548309
12.357036
19.777431
29.097603
39.209120
40.967863
43.976763
46.574200
68.485200
73.172000
75.184900
80.103625
89.751219
92.236323
90.672289
87.525500
96.219984
96.349300
114.191922
119.500766
131.675141
164.629125
163.320969
167.285859
175.462625
193.277250
245.347422
308.138016
271.131875
277.694500
310.059500
328.022000
366.286547
425.133000
507.721219
9.877910
12.097856
15.482900
19.644225
29.995945
36.303406
41.128925
42.746300
68.485200
71.896900
76.906700
82.742294
87.550977
88.233811
87.343388
86.558684
87.484500
95.162241
96.980500
113.745938
127.361969
144.489547
173.434328
166.823000
187.605406
198.048375
250.741000
323.699375
322.015141
334.906000
381.435875
416.894000
475.999625
647.878938
939.480734
36.715902
38.284487
57.121450
71.818728
79.675638
84.960331
88.413383
88.619734
85.595128
82.776609
83.583875
95.380038
94.706450
106.628259
120.356766
142.817969
157.236437
164.539875
188.363969
183.009719
244.841703
330.316797
357.611391
376.448734
434.832516
479.765250
707.186328
953.491719
1041.881250
32.649047
36.645625
50.913069
70.800341
81.592767
86.812470
89.121098
88.641552
85.015923
81.005670
80.809167
92.123798
92.512130
101.232258
110.033781
140.096469
152.004812
160.066906
195.102687
181.818000
242.867578
336.844547
384.991219
412.520984
487.550484
685.275906
1025.067750
1044.219219
1047.774375
90.582327
87.829042
83.028052
77.797214
79.756511
79.912878
86.932330
97.435261
115.328750
139.129797
169.409359
164.313000
221.556172
222.515875
264.954391
351.573031
438.258422
498.197094
710.369906
1021.197703
1044.925781
1052.370469
1049.035625
1056.256719
1052.085938
86.166539
82.960972
77.317142
73.255716
77.812202
82.060595
88.433898
95.237597
117.638328
130.866391
134.565484
135.797172
173.512000
174.054000
239.280297
294.840016
426.575922
556.784125
984.860859
1042.973437
1054.728125
1049.867344
1051.226406
1046.804375
1045.939375
70.790488
70.153300
75.725800
75.952900
73.684000
80.369788
101.983683
120.598484
128.390406
126.694000
163.539203
200.927000
286.486000
332.500500
502.343750
827.859750
1044.590625
1051.124844
1051.998125
1045.920156
1043.722500
1043.745469
1045.762344
70.340325
69.295700
69.295700
80.336800
80.336800
75.960225
83.081441
111.220867
130.944391
128.294000
158.208000
198.098984
322.619922
394.376516
700.598578
1001.328594
1047.583281
1054.419531
1062.176562
1054.299062
1043.743594
1044.176719
1047.657031
69.295700
80.336800
91.857300
78.223553
78.322117
93.871711
128.122750
139.477750
184.120969
199.451313
331.450609
425.263125
818.084531
1039.387500
1049.430938
1048.268437
1054.986719
1049.397812
1043.760000
1045.026562
1046.811719
1045.402656
1044.936719
81.600700
98.847550
117.757975
97.365659
93.727417
100.744547
130.296391
148.483453
180.912937
224.919953
330.726547
474.964422
961.885172
1044.098906
1050.573594
1052.785156
1051.866250
1045.538281
1044.152188
1049.219063
1046.947031
1049.480469
1046.896719
144.249750
152.351516
169.731375
234.956391
329.970781
504.215719
1001.016937
1046.731719
1050.352812
1045.781563
1044.367500
1043.762031
1043.778750
1048.610938
1048.022656
1048.183906
1052.460313
