0.000000
0.000000
0.000000
0.000000
0.000000
0.000000
0.000000
0.000000
0.000000
0.000000
0.000000
0.000000
0.000000
0.000000
0.000000
0.000000
0.000000
0.000000
0.000000
0.000000
0.000000
0.000000
0.000000
0.000000
0.000000
0.000000
0.000000
0.000000
0.000000
0.000000
0.000000
0.000000
0.000000
0.000000
0.000000
0.000000
0.000000
0.000000
0.000000
0.000000
0.000000
0.000000
0.000000
0.000000
0.000000
0.000000
0.000000
0.000000
0.000000
0.000000
0.000000
0.000000
0.000000
0.000000
0.000000
0.000000
0.000000
0.000000
0.000000
0.000000
0.000000
0.000000
0.000000
0.000000
0.000000
0.000000
0.000000
0.000000
0.000000
0.000000
0.000000
0.000000
0.000000
0.000000
0.000000
0.000000
0.000000
0.000000
0.000000
0.000000
0.000000
0.000000
0.000000
0.000000
0.000000
0.000000
0.000000
0.000000
0.000000
0.000000
0.000000
0.000000
0.000000
0.000000
0.000000
0.000000
0.000000
0.000000
0.000000
0.000000
0.000000
0.000000
0.000000
0.000000
0.000000
0.000000
0.000000
0.000000
0.000000
0.000000
0.000000
0.000000
0.000000
0.000000
0.000000
0.000000
0.000000
0.000000
0.000000
0.000000
0.000000
0.000000
0.000000
0.000000
0.000000
0.000000
0.000000
0.000000
0.000000
0.000000
0.000000
0.000000
0.000000
0.000000
0.000000
0.000000
0.000000
0.000000
0.000000
0.000000
0.000000
0.000000
0.000000
0.000000
0.000000
0.000000
0.000000
0.000000
0.000000
0.000000
0.000000
0.000000
0.000000
0.000000
0.000000
0.000000
0.000000
0.000000
0.000000
0.000000
0.000000
0.000000
0.000000
0.000000
0.000000
0.000000
0.000000
0.000000
0.000000
0.000000
0.000000
0.000000
0.000000
0.000000
0.126136
0.126136
0.000000
0.000000
0.000000
0.000000
0.000000
0.000000
0.000000
0.000000
0.000000
0.000000
0.000000
0.000000
0.000000
0.000000
0.000000
0.000000
0.000000
0.000000
0.000000
0.000000
0.000000
0.000000
0.000000
0.000000
0.000000
0.000000
0.000000
0.000000
0.000000
0.111204
0.111204
0.002842
0.020260
0.000000
0.000000
0.000000
0.000000
0.000000
0.000000
0.000000
0.000000
0.000000
0.000000
0.000000
0.000000
0.000000
0.000000
0.000000
0.000000
0.000000
0.000000
0.000000
0.000000
0.000000
0.000000
0.000000
0.000000
0.000000
0.000000
0.000000
0.000000
0.000000
0.000000
0.000000
0.037808
0.032521
0.000000
0.000000
0.000000
0.000000
0.000000
0.000000
0.000000
0.000000
0.000000
0.000000
0.000000
0.000000
0.000000
0.000000
0.000000
0.000000
0.000000
0.000000
0.000000
0.000000
0.000000
0.000000
0.000000
0.000000
0.000000
0.000000
0.000000
0.000000
0.000000
0.081527
0.081527
0.055653
0.038731
0.000000
0.000000
0.000000
0.000000
0.000000
0.000000
0.000000
0.000000
0.000000
0.000000
0.000000
0.000000
0.000000
0.000000
0.000000
0.000000
0.000000
0.000000
0.000000
0.000000
0.000000
0.000000
0.000000
0.000000
0.000000
0.000000
0.000000
0.000000
0.000000
0.000000
0.000000
0.088682
0.088682
0.066360
0.054415
0.004831
0.000008
0.000000
0.000035
0.000000
0.000000
0.000000
0.000000
0.000000
0.000000
0.000000
0.000000
0.000000
0.000000
0.000000
0.000000
0.000000
0.000000
0.000000
0.000000
0.000000
0.000000
0.000000
0.000000
0.000000
0.000000
0.000000
0.000000
0.000000
0.000000
0.000000
0.000000
0.000000
0.212532
0.416123
0.071692
0.107471
0.132615
0.031990
0.000000
0.000000
0.000000
0.000000
0.000522
0.000108
0.000000
0.000000
0.000417
0.000139
0.000232
0.000000
0.000000
0.000000
0.000000
0.000000
0.000000
0.000000
0.000000
0.000000
0.000000
0.000000
0.000000
0.000000
0.000000
0.000000
0.000000
0.000000
0.000000
0.000000
0.000000
0.102066
0.102066
0.359483
1.188152
1.787762
2.991765
2.483495
1.256328
0.073852
0.010307
0.138406
0.219137
0.290170
0.163673
0.045677
0.026786
0.455404
0.302426
0.061915
0.008409
0.000053
0.000009
0.000010
0.000000
0.000000
0.000000
0.000000
0.000000
0.000000
0.005841
0.006676
0.010845
0.017794
0.017794
0.058337
0.059967
0.035958
0.034721
0.004762
0.129246
0.129246
1.374146
2.799818
4.632341
6.733066
7.267475
6.641875
3.195624
2.810358
4.367498
4.712708
4.044537
4.174849
2.035537
3.300854
3.881577
0.357507
0.226719
0.075269
0.101396
0.143084
0.008010
0.000000
0.008271
0.020889
0.015792
0.000000
0.000000
0.005918
0.024384
0.033224
0.039745
0.055881
0.468999
3.188631
2.782711
2.372857
0.122583
0.037507
0.039022
0.000000
0.000000
1.440840
3.952544
5.941111
7.116553
8.329429
9.066383
9.956095
9.887568
8.940781
9.197019
9.844456
10.604019
9.605220
7.317331
1.912993
1.288200
0.685175
0.447442
0.950058
1.417110
0.035254
0.001957
0.049557
0.080057
0.039949
0.018325
0.032333
0.043086
0.077702
0.070681
0.189626
0.674320
5.574919
8.300726
6.858198
7.459250
1.480016
1.906832
0.853408
0.151819
0.151819
1.385043
3.963512
6.101296
7.289394
8.761261
9.542523
10.719755
10.839795
10.266621
10.664008
12.111456
11.695220
8.470647
5.682460
1.877581
3.234318
4.303919
3.141457
3.104022
3.687530
1.209121
0.466618
0.138716
0.595789
0.075963
0.071579
0.236428
0.946185
1.638996
2.145297
4.648220
5.468866
6.721573
3.350895
3.037004
10.244722
10.662237
8.950737
5.730941
4.665462
3.680154
3.547953
2.300918
1.343494
0.506136
0.273404
0.205821
0.372788
1.047918
2.201005
6.084402
14.193057
18.280056
19.453352
21.611247
23.457972
24.815073
23.174072
18.966286
0.190279
0.190279
1.347309
3.890594
6.046984
7.195315
8.483727
9.057478
9.953106
10.325846
11.670095
11.483125
11.745778
12.011170
12.732648
12.368436
10.394026
10.320386
15.662489
15.622653
12.384248
11.734341
6.780243
2.535894
0.406879
0.211012
0.286387
0.511012
1.095140
3.422513
6.449601
1.719541
1.055246
1.297291
0.170577
0.170335
0.487221
1.713115
8.965983
9.437678
8.142233
8.272386
11.759409
6.454581
8.410353
8.326435
5.878541
1.491249
0.946732
0.719000
2.102127
4.245111
15.920637
17.973727
17.802909
18.896664
17.673087
15.547565
15.417422
17.872813
12.702487
0.000000
0.000000
1.355407
3.807314
5.898260
7.017919
8.368981
8.901143
9.587040
9.725858
8.731605
10.191800
12.235283
12.954687
14.333169
14.915452
15.092337
15.918761
17.440350
14.989527
11.886494
5.947018
1.158677
0.363544
0.319764
0.314453
0.370030
0.382279
0.350100
1.459582
5.177129
0.136689
0.103834
0.133135
0.320054
0.606723
1.216409
2.290637
4.285152
6.812604
10.132470
11.922641
10.977709
7.636646
14.305200
16.580320
14.114575
6.632165
1.596681
1.060532
2.075805
4.255656
12.000070
13.060214
13.547116
10.336405
7.386042
8.102820
16.477473
24.675231
15.499917
0.230144
0.230144
1.276292
3.644277
5.557040
6.468921
7.590277
7.443922
6.198681
4.048743
2.195372
3.260218
7.724079
12.308688
15.126852
15.709561
16.333398
17.089741
16.683434
14.059953
10.462753
4.907932
2.397745
0.912067
0.241377
0.333834
0.307395
0.144226
0.299856
2.369425
6.018618
0.471158
0.620689
1.227530
2.182015
2.714256
3.849516
5.168171
6.094320
6.105332
7.240561
9.193330
7.315931
15.202998
20.030802
21.080842
21.017859
17.228839
4.852359
2.122481
1.852616
3.419528
7.990520
8.619742
6.491594
3.633511
6.273712
10.212230
15.175336
25.172550
14.353723
0.118767
0.118767
1.161152
3.301713
5.212580
5.171445
3.076540
0.792533
0.102774
0.000000
0.000000
0.000000
2.951268
11.088319
10.454870
13.233759
13.653528
14.466209
15.357748
14.076259
10.136167
7.442677
1.613077
0.766873
0.216976
0.096768
0.202610
0.411492
3.503529
7.437672
5.507739
1.854843
3.072288
2.874359
3.270657
5.532817
7.375537
7.899018
5.823335
5.661010
8.049406
11.472400
11.584300
23.264486
27.303400
31.298130
30.577278
17.412942
11.277478
5.169761
4.302980
6.427002
6.421181
6.241115
10.892847
7.220399
8.794513
11.859573
12.005150
15.380042
14.476709
0.000000
0.000000
0.929762
2.658802
4.402231
4.779567
1.599463
0.061092
0.000000
0.000000
0.000000
0.000000
2.276223
6.806064
2.905640
8.744827
10.174152
11.189720
14.043072
12.145150
10.460760
8.136413
2.943501
1.778754
1.043190
0.686111
0.884202
1.764829
7.179617
8.484382
4.487569
2.664661
2.338070
2.825501
5.406988
6.709903
8.387569
7.406704
5.521181
5.603957
8.809977
13.750337
12.470737
22.954408
28.531716
32.673472
31.336844
21.841884
15.875592
8.336485
5.764044
10.449852
7.399408
6.891327
9.251808
10.044791
13.565006
16.173967
16.108414
16.894941
19.143762
0.202572
0.202572
0.701320
1.754890
1.428432
2.057918
1.008305
0.093925
0.000000
0.000000
0.000000
0.005876
0.985183
1.274990
1.099925
5.378575
6.322783
10.158275
12.926339
11.881731
11.776400
8.807329
4.112419
4.220295
3.582034
2.763382
2.132444
3.702406
10.034966
8.765480
3.919272
1.270110
2.129719
4.454094
7.341426
6.525643
6.611514
5.294359
5.738959
5.927069
9.511605
15.801886
12.792612
22.419873
29.283845
33.420591
27.163825
13.154921
11.880622
7.505836
7.268520
12.559189
8.193520
6.736343
7.851435
9.774126
14.658537
17.826866
17.411488
18.003838
21.581438
0.550388
0.550388
0.421656
1.014993
0.150250
0.002865
0.017282
0.055529
0.001220
0.000000
0.000000
0.000000
0.000000
0.000000
0.053109
0.110812
2.663941
8.728565
9.756103
10.800895
12.718686
11.581603
8.293525
7.846659
7.705925
7.558711
7.246107
9.023232
10.188750
9.091639
8.912427
7.642023
6.899053
7.952597
5.353670
4.731317
5.199073
7.558267
8.391790
8.680481
12.184829
16.187481
11.502850
22.729580
31.433423
29.324750
16.985822
9.339030
9.095478
9.448943
11.331179
12.136745
8.764102
7.337930
9.945681
9.782223
11.521470
15.147200
18.102950
20.447775
24.781795
0.000000
0.000000
0.235005
0.456974
0.081043
0.009458
0.000000
0.002877
0.000040
0.000000
0.000000
0.000000
0.000000
0.000000
0.032249
0.481890
2.832787
4.041537
8.454950
10.757731
14.481766
13.033559
11.383302
11.271716
11.051027
10.787300
11.326616
12.725430
11.671597
12.949503
13.487713
12.844178
12.944441
11.911495
7.550300
7.624200
8.214970
7.890756
8.355475
10.444488
15.360353
16.685400
11.725100
26.942183
29.897700
27.281472
12.799067
10.493205
10.242477
10.087500
8.692529
10.263970
15.002033
9.661096
13.412328
14.259639
14.418708
15.147200
19.564539
21.877855
25.599302
0.352667
0.352667
0.096633
0.117632
0.054533
0.013838
0.000000
0.000000
0.000000
0.000000
0.000000
0.000000
0.000000
0.005392
0.029117
0.166774
1.077498
4.486805
8.939144
13.564631
16.927769
16.040670
13.967489
14.144391
14.833869
14.584656
13.594941
14.981180
16.491902
16.925017
17.388195
18.623188
19.428616
17.383534
13.823661
13.311316
10.562382
9.358044
13.122515
14.243405
17.594195
22.253586
16.989178
22.645434
28.977516
27.623797
15.847011
12.125795
9.966752
9.689610
9.053477
9.046600
10.395100
9.578918
12.128602
12.389275
12.988400
14.320900
16.934500
20.855769
21.133820
0.276259
0.276259
0.060065
0.039204
0.000000
0.000000
0.000000
0.000000
0.000000
0.000000
0.000000
0.000000
0.000000
0.005392
0.006162
0.015625
0.328954
2.626578
6.310843
9.737188
12.457388
12.262306
11.860303
12.979730
15.688673
16.122580
16.455866
15.262800
16.272106
18.014331
20.172114
21.139466
22.600123
23.072100
21.392808
22.680669
18.315062
12.655400
14.347227
16.638575
21.683995
22.948430
16.060300
16.940463
26.975733
25.985125
20.176572
15.573042
10.100558
9.958170
10.779956
9.843829
10.518000
10.242473
12.057325
12.284087
13.136938
14.717000
16.600600
20.856345
22.138361
0.055673
0.014578
0.000000
0.000000
0.000000
0.000000
0.000000
0.000000
0.000000
0.000000
0.000000
0.002022
0.002311
0.006692
0.168024
0.741030
2.536346
6.688014
9.442421
8.959873
9.204763
10.652702
14.829575
17.529153
17.715972
14.434050
14.220661
16.466573
20.046677
20.162703
21.786655
23.986280
25.345819
25.925844
23.739562
15.986017
12.509442
15.906864
22.130133
20.643980
13.786722
14.823063
23.396586
23.539358
22.151367
20.632797
12.125722
9.454570
10.558856
10.213906
10.767375
10.563456
11.962927
12.161908
13.023648
14.519375
16.834162
21.818223
23.536545
0.010930
0.000101
0.000000
0.000000
0.000000
0.000000
0.000000
0.000000
0.000000
0.000000
0.000000
0.000000
0.000000
0.001165
0.007066
0.013820
0.677089
4.538754
7.861763
7.706005
8.229666
9.311889
13.309242
17.713272
18.006237
13.748912
12.352412
15.148650
19.292137
19.365853
20.850127
22.943683
27.667905
28.341473
26.181047
19.348139
12.237953
15.667623
21.581464
18.636050
11.496079
14.545109
21.411041
22.149334
22.773366
19.641991
10.710970
9.334046
10.369350
10.343850
10.913750
10.690636
11.957875
12.142764
13.009181
14.455150
17.009838
22.735211
25.035209
0.000000
0.000000
0.000000
0.000000
0.000000
0.000000
0.000000
0.000000
0.000000
0.000000
0.568881
3.046862
2.680648
7.342853
10.491053
9.556131
9.042491
9.801341
12.113403
13.847731
14.725650
12.685987
10.686090
12.138610
15.509114
16.658292
18.251767
18.742580
26.077230
27.036669
22.682163
19.474063
16.356703
17.372005
18.635013
14.771238
9.907876
20.198531
20.610544
20.691230
18.106788
15.679709
11.500022
10.900281
10.869450
10.690950
10.982338
10.958144
12.427520
12.627814
13.407223
14.746512
17.256050
23.984789
28.165120
0.000000
0.000000
0.000000
0.000000
0.000000
0.000000
0.000000
0.000000
0.000000
0.000000
0.579819
4.771510
8.013073
9.287060
11.605066
11.005816
10.335863
10.411763
11.191864
12.103856
12.028900
10.791700
9.668920
9.836875
11.151326
11.992903
13.686838
14.415502
23.228667
27.410322
23.503898
22.450494
20.052691
19.779561
19.771070
17.883000
14.188844
19.122272
19.230800
19.356363
17.602597
16.271369
12.541959
12.799600
11.525700
11.525700
11.621700
11.621700
13.187250
13.455234
13.571713
14.122900
17.238200
25.336363
31.274237
0.001024
0.000000
0.146477
3.245070
9.749240
10.593600
10.906800
11.211322
11.029086
10.950750
10.766650
10.591900
9.491898
7.952084
6.934244
6.468784
7.683316
7.403216
9.272666
10.854810
17.072843
24.632784
26.133523
25.657281
22.462448
20.955397
19.945130
19.623200
16.895387
15.133303
14.970639
13.694670
12.648485
14.889555
14.250663
11.722205
11.525700
11.525700
12.194900
12.095763
14.010625
14.330516
14.755659
15.335877
19.298478
25.786106
32.630497
0.652963
0.496446
0.969915
2.297731
8.772145
10.579400
10.214000
10.594800
10.718872
10.230713
7.512369
6.371756
4.242521
1.986634
0.722882
0.618471
0.810393
0.546587
0.494593
0.530982
3.927462
11.886049
21.068138
24.506297
23.302741
19.305177
17.459141
18.114566
18.104405
14.520147
13.804986
10.659175
8.584120
11.353705
11.431967
11.091600
12.662600
12.942600
13.101900
13.101900
14.421225
15.072042
16.496687
17.652548
20.139803
25.474945
35.103416
6.082795
7.255508
9.875103
10.097094
9.915344
9.948577
9.478266
6.716520
1.320896
0.959264
0.344441
0.078851
0.071215
0.082292
0.116398
0.127141
0.152030
0.266238
1.231304
4.347508
13.322683
18.420364
20.819938
18.784869
16.911280
16.669600
14.622913
12.386294
13.640697
12.164895
8.504628
8.928423
10.317358
11.017311
12.589975
13.601725
13.101900
13.101900
14.711287
15.676875
17.868334
19.640800
21.159134
26.687202
36.757622
7.613986
8.262142
9.671517
9.749355
9.708337
9.450195
7.296702
2.674548
0.083405
0.071445
0.071882
0.084002
0.102130
0.124883
0.158539
0.186097
0.237812
0.297274
1.067931
1.848673
5.045763
7.556247
17.638437
18.074408
16.572312
15.914844
12.381072
11.248700
13.026658
12.623820
8.424903
8.989256
9.528830
10.422656
12.536264
14.158188
13.438450
13.508778
15.124494
16.132581
18.819725
20.840766
22.907442
28.633772
38.949014
9.561545
8.605926
6.702535
1.824943
0.288660
0.293506
0.400175
0.478012
0.524855
0.371117
0.885543
0.292665
0.398215
0.545976
1.172827
2.277265
4.149068
6.081793
6.020485
12.499883
14.985242
14.896125
11.421686
9.550894
9.768282
10.470961
7.969835
7.036716
8.266319
8.656725
12.408864
15.691755
16.093514
16.637114
17.072945
18.000420
20.184516
21.390000
23.785361
30.058388
42.401911
9.857655
8.104778
5.173181
0.949608
0.135570
0.148738
0.147085
0.112254
0.342100
1.174410
2.206755
0.895003
0.423235
1.093693
1.749566
4.065095
4.258155
4.659811
4.606655
9.089905
11.891525
12.329400
11.377209
9.099140
8.273030
7.532972
7.570850
7.703534
7.952225
8.051340
11.195819
17.870486
18.283505
18.609148
18.992837
20.129000
22.770788
23.536131
23.636625
31.309283
44.723956
0.000253
0.006417
0.046659
0.072393
0.494975
1.005113
0.978699
2.560879
4.606932
7.030270
6.056795
6.277825
5.007066
7.454598
9.410057
9.712720
9.627260
8.032570
6.971580
6.243531
5.844572
7.182275
7.371848
7.371800
8.869930
12.284348
17.824725
21.452862
18.969950
20.109588
24.216764
26.651230
25.152611
31.069356
46.499106
0.000000
0.006417
0.006417
0.044430
0.069133
0.427639
1.067584
1.327439
4.688113
7.549570
6.914252
7.380640
5.389554
7.140020
8.741570
9.145170
9.145170
7.355380
5.846049
4.076991
4.420932
5.059381
6.182956
5.981420
7.001840
9.507524
13.971091
19.843203
19.834083
21.127400
26.389686
31.099063
27.622227
33.638566
49.603800
0.790454
0.655647
3.319383
6.677253
7.632271
7.314179
4.003002
7.146876
8.486867
8.876076
8.218082
6.627309
4.143763
3.914943
4.297018
4.743470
5.629711
5.918514
6.692815
7.510335
12.019789
17.767280
19.879766
21.526619
27.387452
33.694550
31.154098
35.778369
53.485238
0.856545
1.607623
3.269574
5.625329
8.108222
7.687053
4.812522
7.576692
8.285398
8.698696
7.458010
4.278016
3.359382
3.810023
4.504386
4.818570
5.437606
5.839056
6.568725
6.745391
10.516932
16.280838
19.499597
21.610478
27.884087
35.466900
31.549037
36.854362
56.273836
5.737378
6.529471
7.367072
8.235637
5.296140
3.424480
3.447595
3.462130
3.531618
3.916528
5.389471
5.425599
6.831404
7.778500
9.516683
13.195791
17.690772
20.342417
29.533848
40.234711
33.951311
39.720348
62.211331
79.257162
82.077162
5.396701
5.758736
6.345827
6.860560
5.753708
4.248411
4.249302
4.386111
4.379477
3.725303
3.870508
4.450677
5.665230
5.947160
8.828250
9.554649
14.178214
16.999600
28.429400
42.181531
34.997334
43.019744
70.571877
88.334222
95.718964
5.368667
5.585430
5.839700
4.923227
3.442478
4.264353
5.242709
5.395553
4.641771
4.610642
5.698167
6.705610
8.828250
9.817017
15.989584
19.453550
31.776950
45.997594
38.863020
46.435188
68.863161
88.224145
104.277431
4.660084
4.877340
5.012550
4.356001
2.156500
2.778741
4.165178
6.186596
6.481518
6.337190
7.134350
7.964760
13.408600
13.332475
25.241462
30.239913
40.501178
47.393689
44.023589
52.118116
71.993300
103.055537
129.941891
4.463052
3.667743
1.734732
1.801932
2.292909
3.316795
5.363288
6.191245
7.460250
7.748897
11.993100
12.758780
24.773486
33.092522
45.577452
49.233105
54.518702
64.735783
82.290925
114.207272
162.843578
181.006500
200.026422
5.534197
3.910805
3.307892
2.945129
3.212415
3.731767
5.166693
6.089346
7.555536
8.867997
11.494800
13.453094
23.516356
31.067916
44.408167
48.823491
59.869842
73.017347
115.613563
186.615383
271.640094
326.070078
340.698500
6.408897
6.615181
7.601545
10.302707
12.822712
15.646294
24.463859
29.611116
40.034355
47.939152
59.481858
87.851667
157.378000
273.250750
343.917422
345.380094
347.761047
