0.000000
0.000000
0.000000
0.000000
0.000000
0.000000
0.000000
0.000000
0.000000
0.000000
0.000000
0.000000
0.000000
0.000000
0.000000
0.000000
0.000000
0.000000
0.000000
0.000000
0.000000
0.000000
0.000000
0.000000
0.000000
0.000000
0.000000
0.000000
0.000000
0.000000
0.000000
0.000000
0.000000
0.000000
0.000000
0.000000
0.000000
0.000000
0.000000
0.000000
0.000000
0.000000
0.000000
0.000000
0.000000
0.000000
0.000000
0.000000
0.000000
0.000000
0.000000
0.000000
0.000000
0.000000
0.000000
0.000000
0.000000
0.000000
0.000000
0.000000
0.000000
0.000000
0.000000
0.000000
0.000000
0.000000
0.000000
0.000000
0.000000
0.000000
0.000000
0.000000
0.000000
0.000000
0.000000
0.000000
0.000000
0.000000
0.000000
0.000000
0.000000
0.000000
0.000000
0.000000
0.000000
0.000000
0.000000
0.000000
0.000000
0.000000
0.000000
0.000000
0.000000
0.000000
0.000000
0.000000
0.000000
0.000000
0.000000
0.000000
0.000000
0.000000
0.000000
0.000000
0.000000
0.000000
0.000000
0.000000
0.000000
0.000000
0.000000
0.000000
0.000000
0.000000
0.000000
0.000000
0.000000
0.000000
0.000000
0.000000
0.000000
0.000000
0.000000
0.000000
0.000000
0.000000
0.000000
0.000000
0.000000
0.000000
0.000000
0.000000
0.000000
0.000000
0.000000
0.000000
0.000000
0.000000
0.000000
0.000000
0.000000
0.000000
0.000000
0.000000
0.000000
0.000000
0.000000
0.000000
0.000000
0.000000
0.000000
0.000000
0.000000
0.000000
0.000000
0.000000
0.000000
0.000000
0.000000
0.000000
0.000000
0.000000
0.000000
0.000000
0.000000
0.000000
0.000000
0.000000
0.000000
0.000000
0.000000
0.000000
0.000000
0.000000
0.009144
0.009144
0.000000
0.000000
0.000000
0.000000
0.000000
0.000000
0.000000
0.000000
0.000000
0.000000
0.000000
0.000000
0.000000
0.000000
0.000000
0.000000
0.000000
0.000000
0.000000
0.000000
0.000000
0.000000
0.000000
0.000000
0.000000
0.000000
0.000000
0.000000
0.000000
0.005326
0.005326
0.000000
0.000000
0.000000
0.000000
0.000000
0.000000
0.000000
0.000000
0.000000
0.000000
0.000000
0.000000
0.000000
0.000000
0.000000
0.000000
0.000000
0.000000
0.000000
0.000000
0.000000
0.000000
0.000000
0.000000
0.000000
0.000000
0.000000
0.000000
0.000000
0.000000
0.000000
0.000000
0.000000
0.000000
0.000000
0.000000
0.000000
0.000000
0.000000
0.000000
0.000000
0.000000
0.000000
0.000000
0.000000
0.000000
0.000000
0.000000
0.000000
0.000000
0.000000
0.000000
0.000000
0.000000
0.000000
0.000000
0.000000
0.000000
0.000000
0.000000
0.000000
0.000000
0.000000
0.000000
0.006668
0.006668
0.000000
0.000000
0.000000
0.000000
0.000000
0.000000
0.000000
0.000000
0.000000
0.000000
0.000000
0.000000
0.000000
0.000000
0.000000
0.000000
0.000000
0.000000
0.000000
0.000000
0.000000
0.000000
0.000000
0.000000
0.000000
0.000000
0.000000
0.000000
0.000000
0.000000
0.000000
0.000000
0.000000
0.007175
0.007175
0.004253
0.015078
0.007015
0.000985
0.000000
0.000311
0.000000
0.000000
0.000000
0.000000
0.002479
0.001047
0.000000
0.000000
0.000000
0.000000
0.001138
0.007683
0.019951
0.012397
0.003105
0.001641
0.000000
0.000000
0.000000
0.000000
0.000000
0.000000
0.000000
0.000000
0.000000
0.000000
0.000000
0.000000
0.000000
0.036997
0.046482
0.044910
0.030558
0.032404
0.018300
0.000099
0.000000
0.000000
0.007616
0.034974
0.030697
0.001362
0.000000
0.000409
0.009769
0.030975
0.042905
0.044803
0.044450
0.036665
0.016603
0.000000
0.000000
0.000000
0.000000
0.000000
0.000000
0.000000
0.000000
0.000000
0.000000
0.000000
0.000000
0.000000
0.000000
0.000000
0.006474
0.006474
0.040279
0.138921
0.252032
0.492365
0.610878
0.264785
0.048048
0.009432
0.006215
0.033264
0.058473
0.065516
0.015490
0.002962
0.034394
0.050248
0.048200
0.048068
0.054854
0.051595
0.044858
0.043889
0.016237
0.000000
0.000000
0.000000
0.000000
0.000000
0.000000
0.000000
0.000000
0.000000
0.000000
0.000000
0.000000
0.000000
0.000000
0.005967
0.005967
0.203940
0.409141
0.797299
1.339334
1.625665
1.413618
0.441142
0.292023
0.686363
0.691798
0.533807
1.305089
0.555283
0.696776
0.821430
0.097395
0.181210
0.110909
0.215185
0.239912
0.076122
0.045696
0.031992
0.005077
0.000700
0.003706
0.034221
0.004583
0.000007
0.000000
0.000000
0.000000
0.000000
0.000000
0.000000
0.000000
0.000000
0.000000
0.000000
0.000000
0.000000
0.207125
0.630914
1.113663
1.495421
2.149773
2.451088
2.738543
2.737203
2.209479
2.187900
2.482363
4.331041
2.941883
1.956013
0.316888
0.317476
0.275236
0.250959
0.476088
0.652788
0.109190
0.047464
0.028938
0.179059
0.043782
0.039276
0.044011
0.030514
0.028014
0.002413
0.000000
0.000000
0.000000
0.000000
0.000000
0.000000
0.000000
0.000000
0.000000
0.000401
0.000401
0.211095
0.650431
1.171086
1.621848
2.279777
2.635015
3.161622
3.256409
3.395119
4.146623
5.321682
4.770856
1.909148
1.142026
0.402084
0.709885
0.724111
0.567297
1.189117
1.385707
0.457181
0.181540
0.168071
0.679628
0.096022
0.051862
0.051846
0.045068
0.048466
0.004799
0.000000
0.000000
0.000000
0.000000
0.000000
0.000000
0.000000
0.000000
0.000000
0.000000
0.000000
0.000000
0.000000
0.000000
0.000000
0.000000
0.000000
0.000000
0.000000
0.000000
0.037868
0.045989
0.488658
1.182403
1.505472
2.092058
1.064467
4.011362
0.601396
0.004483
0.004483
0.194747
0.643158
1.187719
1.636620
2.289142
2.550951
2.980712
3.271865
3.649573
4.188432
5.078213
5.305834
5.888737
5.708326
3.942999
3.391240
6.717042
6.175649
4.710982
5.643528
3.150009
0.912295
0.483067
0.180364
0.411213
0.352642
0.238450
0.133923
0.201295
0.005906
0.000000
0.000000
0.000000
0.000000
0.000000
0.000000
0.000000
0.000000
0.000000
0.000000
0.000000
0.000000
0.003129
0.006285
0.005608
0.000056
0.000000
0.000000
0.000000
0.000277
0.107315
0.489847
1.121534
2.080809
0.344708
0.148674
2.904151
5.688523
0.086286
0.000000
0.000000
0.193446
0.607189
1.128106
1.577674
2.231176
2.482070
2.753657
2.590022
1.978390
2.800624
4.838443
5.547703
6.259044
6.669321
6.681487
6.893360
7.930760
6.520559
4.728528
1.839837
0.582746
0.354129
0.420732
0.741154
0.645873
0.576308
0.454790
0.692359
1.182476
0.020246
0.000000
0.000000
0.000000
0.000000
0.000000
0.000000
0.000000
0.000000
0.000000
0.000000
0.000000
0.000000
0.017012
0.119166
0.062349
0.000842
0.000000
0.000000
0.000000
0.003711
0.115923
0.529505
0.700601
0.196027
0.048880
0.201173
0.659284
3.025449
0.107760
0.010138
0.010138
0.172843
0.522065
1.014418
1.444374
1.804251
1.842085
1.450239
0.417060
0.067101
0.383429
1.369741
2.982834
6.850829
7.115384
7.296081
7.565385
7.616413
5.966453
2.948657
1.552575
1.970023
1.568684
0.682511
0.691241
0.840344
0.742717
0.796290
1.691024
2.660907
0.104769
0.000000
0.000000
0.000000
0.000008
0.000126
0.000130
0.000018
0.000000
0.000000
0.000000
0.000000
0.000000
0.020539
0.891084
1.132790
0.067030
0.000030
0.000000
0.000000
0.000019
0.101638
0.309719
0.515550
0.082713
0.087167
0.277711
0.292858
1.920546
0.170450
0.013901
0.013901
0.122628
0.380823
0.727774
0.695615
0.325418
0.062439
0.000782
0.000000
0.000000
0.000000
0.661800
4.520753
4.418859
5.917366
6.702266
6.625050
7.255642
7.074594
4.662049
3.413562
1.061510
1.113474
1.597747
1.618651
1.304617
1.004707
2.231014
3.983933
2.918078
0.497610
0.000000
0.000000
0.000186
0.030151
0.044769
0.043780
0.005850
0.000440
0.000264
0.000000
0.000000
0.019640
0.160192
1.316032
3.643664
0.610750
0.573699
0.042801
0.000000
0.000021
0.047828
0.497599
1.548986
1.159427
0.361470
0.632016
0.865922
1.252709
0.484729
0.000000
0.000000
0.080057
0.243436
0.440180
0.509879
0.059707
0.000000
0.000000
0.000000
0.000000
0.000000
0.828399
2.868153
0.770867
3.817361
4.305023
4.838135
6.929903
6.159159
5.120215
4.051708
1.617006
1.658383
2.370885
2.541211
1.980177
1.694453
4.055707
4.651670
2.949574
0.877902
0.000000
0.000000
0.058360
0.226410
0.048081
0.037841
0.017076
0.020423
0.008078
0.000000
0.000000
0.049974
0.716414
2.151897
3.455330
2.134751
1.974521
0.357855
0.005842
0.027779
0.204765
1.079798
3.471181
2.473367
2.138298
2.763492
2.422043
1.546178
2.048752
0.010428
0.010428
0.043517
0.126126
0.093025
0.115239
0.045380
0.002973
0.000000
0.000000
0.000000
0.000058
0.246129
0.290086
0.253147
2.218296
1.811524
4.088790
6.596850
6.154750
5.919048
4.257660
1.982214
2.529651
3.111572
3.196680
3.155138
3.256371
5.614265
4.901716
3.169515
1.064990
0.175964
0.519081
1.278674
0.548006
0.042115
0.023391
0.044711
0.047398
0.016682
0.005594
0.000008
0.019088
1.019445
2.056804
2.652550
0.470248
1.260401
0.333122
0.006181
0.124940
0.398487
1.200677
3.801870
4.034823
4.759471
5.117723
4.547278
3.767082
4.983306
0.019672
0.019672
0.035562
0.045671
0.024599
0.000019
0.000000
0.000000
0.000000
0.000000
0.000000
0.000000
0.000000
0.000000
0.015483
0.021339
1.226075
4.507246
4.405887
4.926497
5.721290
5.263754
3.964925
3.986213
3.984266
4.043931
4.237269
5.394229
5.221867
4.643918
5.165602
4.824072
3.937938
4.491719
1.971079
0.188414
0.032530
0.090267
0.051065
0.071033
0.156718
0.135434
0.002639
0.212222
4.705383
6.254233
0.641945
0.047735
0.081827
0.189153
0.470213
1.130681
0.774285
0.818851
2.552668
3.679578
4.684093
5.567764
6.696088
6.780060
7.171403
0.000000
0.000000
0.004875
0.017656
0.001254
0.000000
0.000000
0.000000
0.000000
0.000000
0.000000
0.000000
0.000000
0.000000
0.000225
0.128225
1.413424
1.969344
2.275761
3.753122
5.321701
5.561090
5.128671
5.055427
4.964430
4.890870
5.396147
6.019970
5.081658
5.769197
6.716345
6.651762
6.868953
6.470714
2.556611
1.573136
1.041128
1.006839
0.052757
0.278076
1.035254
1.154748
0.010488
0.541043
6.644878
6.123518
0.222561
0.211266
0.776818
2.649112
1.393493
2.026951
2.919818
2.689990
3.599547
4.838780
6.185410
6.688140
7.892090
8.700820
9.273170
0.014183
0.014183
0.000000
0.000000
0.000000
0.000000
0.000000
0.000000
0.000000
0.000000
0.000000
0.000000
0.000000
0.000000
0.000000
0.091206
0.249445
0.254099
1.947522
3.796812
5.175614
5.845678
5.936579
5.924933
5.919869
5.861161
5.778871
6.898681
6.758937
7.118050
7.910095
8.377759
9.049534
8.964365
6.892486
4.427083
4.852565
1.203690
0.305554
1.259029
2.700454
2.885951
0.146549
0.580701
6.041387
10.289275
2.072743
2.660018
4.447974
6.593071
3.776046
2.825807
3.805138
4.533535
6.414286
6.932330
8.284544
9.798150
9.798150
11.651200
11.651200
0.013937
0.013937
0.000000
0.000000
0.000000
0.000000
0.000000
0.000000
0.000000
0.000000
0.000000
0.000000
0.000000
0.000000
0.000000
0.000000
0.005192
0.100484
1.497669
2.774367
3.676878
4.445334
4.464938
3.893212
5.628597
6.388021
6.716932
6.743354
6.865602
7.465298
8.648375
9.198091
9.615628
10.045447
10.502258
11.037631
7.321521
1.627729
2.989069
3.328649
4.977678
5.896701
1.529626
1.769526
8.652348
10.292923
8.909399
9.818653
7.189055
4.573432
5.535614
3.937256
6.476440
6.490641
7.212699
7.828950
9.199738
10.058300
11.121400
12.161500
13.048412
0.000000
0.000000
0.000000
0.000000
0.000000
0.000000
0.000000
0.000000
0.000000
0.000000
0.000000
0.000000
0.000000
0.000000
0.007795
0.019354
0.837486
2.096483
3.280012
3.471487
3.330427
3.523216
4.855068
6.857554
6.893390
5.973286
5.777264
6.984043
9.129940
9.084794
9.420650
10.155210
11.381425
12.425494
10.900649
7.090503
5.180057
4.666928
6.570172
6.884105
2.496618
3.344672
9.507361
10.568815
11.856249
12.549261
8.690982
5.896643
7.346888
5.762477
7.536309
7.562744
9.201952
9.628106
10.921495
12.542362
12.941025
14.265812
14.647525
0.000000
0.000000
0.000000
0.000000
0.000000
0.000000
0.000000
0.000000
0.000000
0.000000
0.000000
0.000000
0.000000
0.000000
0.003227
0.008924
0.625770
2.141408
3.104370
3.131160
3.169878
3.454916
4.888330
6.895259
6.880906
5.529443
5.025259
6.546117
8.819186
8.873196
9.175370
9.752497
11.805145
13.364095
12.191410
9.145762
6.189460
5.672053
7.032690
5.807897
3.583247
7.501757
10.339288
11.646516
12.430389
12.865919
7.745521
4.262815
8.545584
6.917971
8.174394
8.234784
10.399576
10.787100
12.097189
14.059838
14.276888
15.761438
15.860967
0.000000
0.000000
0.000000
0.000000
0.000000
0.000000
0.000000
0.000000
0.000000
0.000000
0.344476
1.644582
1.190348
3.063510
3.861603
3.671369
3.762382
4.027231
4.937408
5.566731
5.972371
5.443927
4.565055
5.424033
7.140718
7.382362
7.610744
7.896749
11.410104
12.058625
9.890059
8.458262
7.349607
7.252915
7.640963
6.834889
5.344105
11.503298
12.653234
13.969453
13.654905
13.670669
8.659685
6.100849
11.899873
9.710358
8.407239
8.646130
10.537974
11.527584
13.094061
14.267225
16.154038
17.666928
18.680333
0.000000
0.000000
0.000000
0.000000
0.000000
0.000000
0.000000
0.000000
0.000000
0.000000
0.336475
2.513693
3.586573
3.606608
4.290506
4.167920
4.220416
4.327152
4.643848
4.972877
5.103634
4.836400
4.469186
4.743732
5.852702
6.139841
6.254927
6.178685
9.992206
12.922287
10.522975
10.336222
9.188050
8.622716
8.348973
8.321110
7.837521
10.593900
12.660300
13.128425
14.731395
15.236972
13.782953
13.944187
16.655098
11.279912
9.931130
10.115379
11.307200
11.782100
13.082850
14.394100
16.627992
18.916873
20.458537
0.000075
0.000002
0.050248
1.507899
4.055598
3.993632
4.149170
4.243198
4.411104
4.549386
4.581812
4.559750
4.579550
4.369140
4.187603
4.424432
5.069643
4.399678
4.392890
4.390436
6.004979
11.045061
11.783884
11.772133
10.269329
9.441781
8.949678
9.432740
9.186937
10.285200
10.383600
10.475388
12.210117
15.088506
16.038702
14.835464
15.283545
11.452700
10.710934
11.199866
11.448150
11.510113
12.427938
13.856500
15.652903
18.786992
20.823559
0.108308
0.111603
0.218741
0.635709
3.142372
3.926300
4.020120
4.238301
4.267038
4.291350
3.366238
3.241923
2.917195
2.637254
2.483008
2.424269
1.472060
0.861028
0.450974
0.148841
0.249740
2.132366
9.466311
11.575290
10.825558
8.559942
8.193768
8.967846
10.173429
9.811965
10.135864
9.574179
9.218715
12.171085
12.369497
11.935200
11.766406
11.310900
10.465516
10.438019
10.971500
11.030975
11.476363
12.496777
14.660827
17.349783
19.849227
2.086661
2.690662
3.593540
3.740175
3.895804
4.252790
4.065138
3.076380
0.607646
0.515202
0.332193
0.348371
0.254601
0.249662
0.046176
0.010367
0.000000
0.000000
0.015108
0.282151
3.614325
8.308833
10.283000
9.129925
8.770852
8.904599
8.992158
9.086976
10.710325
10.908134
8.836728
8.277674
11.491763
11.378958
11.139338
11.687877
9.557147
9.456288
10.423236
10.561483
11.199019
12.306891
13.242238
16.212080
18.699433
2.955373
3.132572
3.507800
3.570176
3.685732
4.134814
3.390297
1.210812
0.050967
0.044056
0.040209
0.000624
0.000000
0.000000
0.000000
0.000000
0.000000
0.000000
0.000000
0.000000
0.119707
2.161314
8.996681
9.569187
9.208692
9.080355
8.430376
8.781130
10.803553
11.697843
10.336111
9.707604
11.059508
10.928161
10.654071
11.694227
9.719158
8.810527
9.862152
10.085558
10.930341
12.155511
12.462602
15.499164
18.350891
3.063309
2.399573
2.274111
0.732898
0.048450
0.009480
0.000000
0.000000
0.000000
0.000000
0.000000
0.000000
0.000000
0.000000
0.000000
0.000000
0.000892
0.037848
2.550947
7.495229
9.441774
9.752300
8.296253
8.411190
9.226380
10.350789
10.354025
9.135462
10.105332
9.704781
9.362468
10.372594
9.964529
8.434534
8.386079
8.901688
10.556329
11.643581
12.491327
15.348098
19.392892
2.827120
2.431771
1.862126
0.645420
0.065120
0.037604
0.000132
0.000000
0.000000
0.000000
0.000000
0.000000
0.000000
0.000000
0.000000
0.000000
0.001030
0.036408
2.292704
6.482164
8.107463
8.503797
8.589950
8.079950
8.459460
8.963889
10.038641
9.159175
9.342485
7.620125
7.218160
10.905448
10.296527
9.362509
9.427745
10.131831
12.017594
12.911656
11.624128
15.508455
19.946830
0.000121
0.000000
0.000000
0.000000
0.000000
0.000000
0.000000
0.000000
0.000000
0.000000
0.010463
0.065955
1.677758
6.030554
7.355449
7.695080
7.922760
7.953441
7.921098
7.785841
8.174757
9.177663
8.206772
8.111052
6.422502
6.642097
10.152961
10.480382
8.714080
9.417819
12.293177
14.440564
12.518063
14.824378
20.562813
0.000000
0.000000
0.000000
0.000000
0.000000
0.000000
0.000000
0.000000
0.000000
0.000000
0.021187
0.070590
2.663103
6.268017
7.292547
7.675310
7.675310
8.178395
7.652950
7.033765
6.669151
6.573960
7.233837
5.684418
4.874630
4.489472
6.940483
9.234283
9.053283
9.767744
13.343663
17.157088
14.125764
16.323973
21.502800
0.000000
0.000000
0.000000
0.000000
0.020980
0.060710
2.877868
6.262289
7.047506
7.353085
7.397497
7.838464
7.341440
6.633296
5.404028
4.539095
4.463837
4.643188
1.799247
2.063653
5.253747
8.069684
9.111768
9.918341
13.708552
18.654600
16.527411
18.056778
23.889425
0.000000
0.000000
0.000000
0.000000
0.020836
0.110242
3.823510
6.388555
6.875540
7.134083
7.166239
7.327244
7.006619
6.208021
4.969177
3.391198
2.021902
1.674647
1.811200
1.540346
3.304508
7.044697
8.777514
9.808738
13.930567
19.664934
16.568370
17.892739
25.500045
5.287920
5.946746
6.355087
6.752755
6.273082
5.639306
4.861092
3.733378
2.623875
1.020184
1.484844
1.355290
1.094958
1.320298
2.044587
4.105834
6.751351
8.416624
14.045913
20.011514
18.081031
19.417744
26.519919
35.128356
34.201842
5.115600
5.476674
5.824446
6.145898
6.287465
5.863421
4.571401
2.924430
1.089276
0.548737
0.740119
1.212883
1.397326
1.088926
1.057314
1.569121
3.961870
5.668281
12.506456
21.386762
18.792155
21.393597
29.893641
38.101717
39.261972
5.257127
5.516290
6.314118
6.718588
3.520831
1.277270
0.326889
0.390798
0.413724
0.573073
1.277737
1.804275
1.814946
1.639726
4.197590
6.513927
13.954719
23.074186
22.427795
22.725555
28.930292
39.597737
41.499269
4.612197
4.823060
5.279110
5.869117
3.437372
0.313841
0.126325
0.297161
0.365241
0.328778
0.550177
1.266902
2.998817
4.528414
12.862329
17.067588
24.113925
27.209256
21.867748
24.002159
29.002400
44.031837
53.540306
4.814347
4.830860
2.917565
0.629054
0.055803
0.099318
0.314669
0.449748
0.450074
0.494969
1.160454
2.042487
12.242010
18.836173
28.449050
29.290550
26.355695
29.600756
32.855213
44.442291
56.116272
56.722361
55.655456
3.830021
3.471396
2.702295
1.086740
0.050435
0.048448
0.067591
0.127378
0.371185
0.630435
0.890124
1.533429
11.152186
17.547294
29.073995
29.610655
24.518500
28.455720
40.876713
59.322938
85.748711
99.870827
129.771561
0.088708
0.167337
0.453170
1.056965
1.865017
3.065372
11.247158
15.994081
23.817363
26.145172
21.427606
30.891605
46.983537
73.843500
113.628512
176.835094
196.451750
