0.000000
0.000000
0.000000
0.000000
0.000000
0.000000
0.000000
0.000000
0.000000
0.000000
0.000000
0.000000
0.000000
0.000000
0.000000
0.000000
0.000000
0.000000
0.000000
0.000000
0.000000
0.000000
0.000000
0.000000
0.000000
0.000000
0.000000
0.000000
0.000000
0.000000
0.000000
0.000000
0.000000
0.000000
0.000000
0.000000
0.000000
0.000000
0.000000
0.000000
0.000000
0.000000
0.000000
0.000000
0.000000
0.000000
0.000000
0.000000
0.000000
0.000000
0.000000
0.000000
0.000000
0.000000
0.000000
0.000000
0.000000
0.000000
0.000000
0.000000
0.000000
0.000000
0.000000
0.000000
0.000000
0.000000
0.000000
0.000000
0.000000
0.000000
0.000000
0.000000
0.000000
0.000000
0.000000
0.000000
0.000000
0.000000
0.000000
0.000000
0.000000
0.000000
0.000000
0.000000
0.000000
0.000000
0.000000
0.000000
0.000000
0.000000
0.000000
0.000000
0.000000
0.000000
0.000000
0.000000
0.000000
0.000000
0.000000
0.000000
0.000000
0.000000
0.000000
0.000000
0.000000
0.000000
0.000000
0.000000
0.000000
0.000000
0.000000
0.000000
0.000000
0.000000
0.000000
0.000000
0.000000
0.000000
0.000000
0.000000
0.000000
0.000000
0.000000
0.000000
0.000000
0.000000
0.000000
0.000000
0.000000
0.000000
0.000000
0.000000
0.000000
0.000000
0.000000
0.000000
0.000000
0.000000
0.000000
0.000000
0.000000
0.000000
0.000000
0.000000
0.000000
0.000000
0.000000
0.000000
0.000000
0.000000
0.000000
0.000000
0.000000
0.000000
0.000000
0.000000
0.000000
0.000000
0.000000
0.000000
0.000000
0.000000
0.000000
0.000000
0.000000
0.000000
0.000000
0.000000
0.000000
0.000000
0.000000
0.000000
0.000000
0.000000
0.043488
0.043488
0.000000
0.000000
0.000000
0.000000
0.000000
0.000000
0.000000
0.000000
0.000000
0.000000
0.000000
0.000000
0.000000
0.000000
0.000000
0.000000
0.000000
0.000000
0.000000
0.000000
0.000000
0.000000
0.000000
0.000000
0.000000
0.000000
0.000000
0.000000
0.000000
0.055121
0.055121
0.006200
0.003962
0.000000
0.000000
0.000000
0.000000
0.000000
0.000000
0.000000
0.000000
0.000000
0.000000
0.000000
0.000000
0.000000
0.000000
0.000000
0.000000
0.000000
0.000000
0.000000
0.000000
0.000000
0.000000
0.000000
0.000000
0.000000
0.000000
0.000000
0.000000
0.000000
0.000000
0.000000
0.047995
0.033287
0.000000
0.000000
0.000000
0.000000
0.000000
0.000000
0.000000
0.000000
0.000000
0.000000
0.000000
0.000000
0.000000
0.000000
0.000000
0.000000
0.000000
0.000000
0.000000
0.000000
0.000000
0.000000
0.000000
0.000000
0.000000
0.000000
0.000000
0.000000
0.000000
0.079525
0.079525
0.048594
0.034216
0.000000
0.000000
0.000000
0.000000
0.000000
0.000000
0.000000
0.000000
0.000000
0.000000
0.000000
0.000000
0.000000
0.000000
0.004856
0.017710
0.000000
0.000000
0.000000
0.000000
0.000000
0.000000
0.000000
0.000000
0.000000
0.000000
0.000000
0.000000
0.000000
0.000000
0.000000
0.079011
0.079011
0.066692
0.059476
0.006966
0.000842
0.006509
0.004242
0.000000
0.000000
0.000000
0.000000
0.000000
0.000000
0.000000
0.000292
0.006914
0.023574
0.051693
0.036598
0.006982
0.007249
0.000032
0.000000
0.000000
0.000000
0.000000
0.000000
0.000000
0.000000
0.000000
0.000000
0.000000
0.000000
0.000000
0.000000
0.000000
0.201714
0.458531
0.162894
0.130616
0.210414
0.048603
0.000059
0.000000
0.000000
0.000000
0.001934
0.000097
0.000000
0.000877
0.040087
0.061331
0.055650
0.092960
0.118370
0.077016
0.005831
0.000000
0.000000
0.000000
0.000000
0.000000
0.000000
0.000000
0.000000
0.000000
0.000000
0.000000
0.000000
0.000000
0.000000
0.000000
0.000000
0.094981
0.094981
0.317928
1.080399
1.865312
2.934837
2.650164
1.517975
0.109231
0.007884
0.114905
0.216992
0.379448
0.136678
0.056921
0.016189
0.466487
0.345568
0.224394
0.216233
0.469346
0.355880
0.089087
0.010771
0.000000
0.000000
0.000000
0.000000
0.000000
0.001817
0.002077
0.001298
0.000000
0.000000
0.034906
0.034906
0.000000
0.000021
0.000002
0.087320
0.087320
1.241769
2.551916
4.223339
6.435233
6.994469
6.406026
2.933945
2.290039
4.015781
4.414627
3.607978
3.591047
1.721403
3.065977
3.550473
0.538926
1.275995
0.888696
1.178905
1.079631
0.283016
0.077634
0.026993
0.006638
0.012219
0.000000
0.000000
0.006496
0.002749
0.001298
0.000000
0.000000
0.038251
0.080377
0.096238
0.075815
0.008592
0.000000
0.000000
0.000000
0.000000
1.321056
3.628754
5.465113
6.691914
7.865253
8.543696
9.430031
9.366766
8.407411
8.654071
9.210683
10.102244
8.865682
6.681797
1.818036
1.529377
1.421744
1.465579
2.276764
2.291227
0.299962
0.076008
0.052121
0.057425
0.025354
0.000000
0.010382
0.034510
0.041711
0.069769
0.034230
0.035730
0.400246
0.486170
0.665670
0.562504
0.044266
0.027607
0.000818
0.158546
0.158546
1.263400
3.646902
5.617009
6.785362
8.199140
8.954670
10.167866
10.279478
9.701833
10.228770
11.605117
11.142517
7.621834
4.850803
1.815801
3.091475
3.763438
3.060073
5.156299
4.156679
1.073185
0.428190
0.095621
0.203956
0.034146
0.003319
0.031245
0.055663
0.086911
0.184504
0.800801
1.365656
0.435937
0.114981
0.125353
1.160237
2.401805
1.430411
0.105814
0.164348
0.152545
0.217027
0.194545
0.012161
0.003723
0.005844
0.036206
0.058081
0.160780
0.294117
2.818309
5.020212
12.408457
13.171058
12.745534
13.703277
14.444852
15.050217
13.615561
0.152531
0.152531
1.230990
3.597644
5.566020
6.653438
7.935979
8.490220
9.371651
9.868811
11.027241
10.699282
11.237580
11.431181
12.210508
11.590109
9.338357
9.102082
15.137888
14.852827
11.608886
11.493249
6.656979
2.215159
0.282882
0.057759
0.054807
0.054524
0.054439
0.097983
0.875363
0.206597
0.052007
0.075479
0.049085
0.000000
0.000000
0.037335
1.716223
4.378367
3.133711
4.174464
4.399795
1.189008
1.003472
1.040290
0.373864
0.085773
0.109134
0.110614
0.442651
1.128788
7.154559
13.415398
12.710696
12.369325
9.535862
5.648574
10.638767
15.900827
8.049828
0.000000
0.000000
1.209243
3.512184
5.428190
6.475512
7.791001
8.309211
8.989557
9.135803
8.126978
9.326018
11.678561
12.481666
13.499628
14.112317
14.100102
15.029953
16.939166
14.343562
11.400677
5.462427
1.200681
0.279465
0.172340
0.147703
0.054884
0.054821
0.027475
0.078731
1.673758
0.037374
0.000000
0.000087
0.000262
0.000000
0.000000
0.035017
0.246890
1.354121
4.385525
5.114947
3.957593
1.528633
3.666575
6.744244
3.978474
0.551641
0.340399
0.222641
0.557015
1.775085
5.433970
9.336090
7.153209
5.195792
3.473014
6.278127
13.598028
22.123742
10.251650
0.239065
0.239065
1.160083
3.343840
5.098460
5.866080
6.979165
6.834841
5.644093
3.555555
1.877205
2.941703
6.901851
11.247857
14.175850
14.907595
15.481530
16.289284
16.099358
12.841889
9.373946
4.470075
2.302619
1.174445
0.307344
0.138764
0.056208
0.054531
0.166905
1.478360
3.886438
0.116981
0.000000
0.000000
0.000000
0.027787
0.056973
0.092514
0.357579
0.430781
0.574202
1.264182
3.349260
4.447667
8.936784
11.733649
9.270721
2.980278
0.858430
0.600433
0.550829
1.368639
5.194699
7.445737
5.391210
2.267559
3.786525
7.238435
12.333090
22.172488
11.209214
0.059298
0.059298
1.035917
2.984204
4.687090
4.656967
2.822867
0.612119
0.068993
0.000000
0.000000
0.000000
2.223800
10.233090
9.409637
12.473935
13.139283
13.957159
14.570841
13.459731
9.343342
6.465922
1.190920
0.980823
1.130111
0.386525
0.095339
0.234903
3.092718
6.219539
4.247911
0.451449
0.038019
0.059000
0.106083
0.184151
0.368892
0.487822
0.581307
0.894059
1.753525
2.681420
7.311573
13.918900
16.349742
17.515272
17.458806
7.513816
4.426906
2.509498
2.203360
3.671644
4.901102
5.962914
10.071240
6.254106
6.417494
9.125429
10.423124
13.309141
11.672258
0.000000
0.000000
0.850551
2.410958
3.968617
4.387095
1.403504
0.045606
0.000000
0.000000
0.000000
0.000000
1.932393
6.204543
2.259283
8.086367
9.358707
10.302557
13.246045
11.100600
9.469805
7.118600
2.565833
1.911032
2.089044
1.509617
0.394819
1.032678
6.386719
7.526326
3.690958
0.656170
0.139773
0.311109
1.108844
1.538653
1.701738
1.611002
1.726114
2.318488
4.792738
7.848616
7.450586
13.798338
18.391827
20.560198
20.895863
13.409964
9.362877
4.353060
3.468672
8.113685
7.454442
7.562598
9.866648
10.277199
12.814123
14.800278
16.965575
16.651581
17.556920
0.122229
0.122229
0.635571
1.595356
1.277365
1.809339
0.827912
0.063252
0.000000
0.000000
0.000000
0.007591
0.733083
0.955624
0.710555
4.696081
5.449187
9.203272
12.204549
10.687691
10.723886
7.805958
3.454102
3.765172
4.292318
3.969553
2.044536
2.744575
8.648895
7.667948
3.604643
0.450094
0.373366
1.227797
2.049056
1.223683
0.862298
0.982285
1.927657
2.907104
5.579481
9.768988
7.146152
13.912497
20.693947
22.899434
21.104422
7.427092
6.980981
4.488689
5.801417
10.714575
8.789480
7.699951
8.483189
10.443708
15.300041
18.046167
19.338563
18.944775
21.307288
0.359197
0.359197
0.366668
0.928037
0.129843
0.000021
0.012526
0.038354
0.000000
0.000000
0.000000
0.000000
0.000000
0.000000
0.041374
0.054276
2.306599
8.237901
8.341073
9.179090
11.349144
10.373397
7.059182
6.789920
6.839237
6.923767
5.600278
6.965328
8.289375
7.682130
8.360864
7.311964
6.047977
6.923614
2.589336
0.836840
1.834828
2.920443
1.931994
2.968237
7.686423
10.169200
6.585355
16.322530
25.974242
23.732306
13.011822
6.347899
7.158372
9.225041
9.880543
12.855505
9.942943
6.514846
10.003018
11.148564
15.316714
20.768925
22.341100
25.078947
27.744775
0.000000
0.000000
0.209386
0.403142
0.055066
0.002048
0.000000
0.001438
0.000000
0.000000
0.000000
0.000000
0.000000
0.000000
0.000496
0.064572
2.192173
3.187801
4.326637
8.023943
11.871528
11.246716
10.039294
9.891303
9.804019
9.786850
9.683745
10.653369
8.803604
10.359668
12.211111
11.897423
11.829633
10.689491
3.759599
2.478675
2.988252
2.925028
2.917559
6.254153
10.566500
11.008500
7.540860
21.775031
27.857278
25.382328
10.964967
10.295636
12.856581
14.055423
10.377345
13.180303
18.012519
10.226195
15.681314
18.267713
21.602703
23.040992
25.186600
29.275225
32.710394
0.254762
0.254762
0.087614
0.101688
0.047224
0.008151
0.000000
0.000000
0.000000
0.000000
0.000000
0.000000
0.000000
0.000000
0.000000
0.034694
0.247814
0.230559
3.202449
7.684821
10.550867
11.548739
11.932062
12.279155
12.835756
12.612858
11.636547
12.995841
12.335095
13.772148
15.017669
15.689236
16.521356
16.087797
12.115937
7.888110
8.813017
4.585680
8.687888
10.563782
13.122641
15.692941
13.693333
24.629569
34.135669
31.661711
18.189906
15.682223
13.901914
13.080933
9.766093
9.516650
17.980427
13.766920
18.669698
20.136175
22.144150
23.836400
27.461069
30.893816
32.390009
0.217190
0.217190
0.053527
0.033868
0.000000
0.000000
0.000000
0.000000
0.000000
0.000000
0.000000
0.000000
0.000000
0.000000
0.000000
0.000000
0.000000
0.000000
0.928539
2.133111
6.048001
8.212170
9.191331
8.816970
12.399902
13.753241
14.177980
13.198009
13.320997
14.742927
16.308247
16.951250
18.355645
19.196802
19.736431
20.557361
14.243729
8.622158
10.924598
13.748438
19.268712
21.073353
15.242400
21.799195
35.503128
35.225592
28.293864
22.775211
12.842166
10.817400
10.908772
10.046567
15.931900
13.450323
15.902762
18.276814
21.734300
24.106491
27.148300
30.101492
30.696545
0.048144
0.012803
0.000000
0.000000
0.000000
0.000000
0.000000
0.000000
0.000000
0.000000
0.000000
0.000000
0.000000
0.000000
0.000000
0.000000
0.258738
1.794642
4.363987
5.704068
6.509440
7.501430
11.088563
15.033884
15.189398
12.324066
11.775234
13.834714
17.163308
17.203555
18.156216
19.778212
21.734356
23.738080
21.405116
13.877363
10.940085
14.569352
21.160447
19.799611
13.940728
20.705383
31.606977
32.985381
31.574498
26.545856
15.999775
9.789462
9.740934
9.468052
14.115650
12.782839
15.675067
17.533720
20.861105
23.045378
26.334566
28.744250
28.865155
0.001627
0.000093
0.000000
0.000000
0.000000
0.000000
0.000000
0.000000
0.000000
0.000000
0.000000
0.000000
0.000000
0.000000
0.002737
0.007946
0.123566
2.385935
4.654360
5.043644
6.015100
7.146827
11.018005
15.139119
15.240358
11.708233
10.173141
12.956125
17.286137
17.022986
17.696173
19.217683
22.902586
25.711455
23.601102
17.353919
11.416691
15.089211
21.521181
18.268269
12.473087
21.003430
28.954831
29.903167
28.470792
24.111442
13.693971
7.891276
8.898259
9.094921
12.822434
12.531777
15.273739
17.149309
19.857548
21.650097
24.979494
27.046808
27.286670
0.000000
0.000000
0.000000
0.000000
0.000000
0.000000
0.000000
0.000000
0.000000
0.000000
0.240676
1.744637
1.209855
5.115940
7.720731
6.662758
6.903357
7.789144
10.252266
11.729489
12.602962
11.138581
9.076657
10.464642
13.813917
14.200742
14.541917
15.167437
22.273625
23.853500
19.644028
16.853642
14.924673
16.852145
19.161763
15.722138
11.246169
23.718859
25.361177
25.387089
21.468105
19.067367
10.942543
9.359504
9.726732
10.442925
11.146225
11.023867
13.063502
13.914387
16.057106
18.069950
20.173050
22.766856
26.795852
0.000000
0.000000
0.000000
0.000000
0.000000
0.000000
0.000000
0.000000
0.000000
0.000000
0.216088
3.191970
5.995179
6.906960
8.819891
8.365229
8.136623
8.443280
9.474733
10.365380
10.624500
9.748250
8.766400
8.925612
10.757295
11.330242
11.834558
12.037955
20.294867
23.953481
20.437411
20.182662
18.291944
18.054083
19.082020
18.213700
15.265444
20.459577
21.861355
22.460275
20.637681
19.021588
12.650209
10.886100
13.409325
10.540239
10.081700
10.167362
12.215408
12.338153
12.964723
14.232200
16.854000
23.898930
29.515822
0.000136
0.000000
0.041487
2.055148
7.600138
8.105800
8.338068
8.696916
8.896653
9.055899
9.272357
9.232320
8.543106
7.465200
6.685762
6.410590
7.930506
7.357174
7.897863
8.754685
13.685137
22.126102
23.080591
23.218477
20.682794
20.257561
20.126764
19.757698
17.568773
16.560878
16.607917
15.325102
15.675145
17.033400
16.214189
12.658900
12.451647
9.441850
10.583100
10.393750
12.330036
12.336494
13.244936
14.962272
18.240698
24.421230
30.579108
0.380658
0.272545
0.534108
1.196043
6.412992
8.048920
7.742940
8.263285
8.401731
8.275244
6.316201
5.705728
4.064772
2.094309
0.913618
0.836126
1.143653
0.650437
0.226098
0.130702
2.176914
9.634657
19.554848
22.908581
21.740933
17.754264
16.189159
17.408217
18.178822
15.659269
14.943516
12.467592
11.463579
13.279234
12.406283
11.030905
9.696510
10.136900
10.618500
10.618500
12.317925
12.801792
14.521003
16.750400
19.297241
26.109487
33.716636
4.582539
5.484260
7.678561
7.767201
7.567215
7.742105
7.527650
5.292945
0.947773
0.809544
0.276084
0.038252
0.023833
0.020559
0.003725
0.000000
0.000000
0.002545
0.191428
2.626985
11.953513
17.020657
19.364217
17.711770
16.269622
16.114216
15.090155
13.369461
15.194727
14.306600
9.208420
7.874772
9.711763
9.545970
10.126340
10.677212
10.618500
10.618500
12.595136
13.276658
15.371227
17.854675
20.231881
26.740830
35.099139
5.918945
6.551526
7.618401
7.551772
7.434766
7.342383
5.878583
1.707812
0.040772
0.000000
0.000000
0.000000
0.000000
0.000000
0.000000
0.000709
0.009796
0.024519
0.060953
0.154663
2.003662
5.778590
16.367732
17.255783
16.243002
15.549805
13.015889
12.032901
14.698353
14.868945
10.701480
7.313215
7.532153
8.174577
10.024580
11.123950
10.844150
10.917234
13.028397
13.701119
15.909216
18.416819
21.550055
27.299314
36.753288
7.308794
6.725716
5.148420
1.203120
0.029430
0.000010
0.000000
0.000000
0.000000
0.000000
0.000000
0.006365
0.043322
0.057065
0.089021
0.319094
1.456443
3.249973
5.197353
12.352955
15.173962
15.072150
11.804927
10.010424
11.015222
11.915295
9.799240
5.722606
6.312397
6.667135
9.782746
12.307689
12.661556
13.190513
14.918931
15.360689
16.662689
18.260775
21.610717
28.767053
39.998209
7.736731
6.619762
3.606585
0.493955
0.000000
0.000000
0.000000
0.000000
0.000000
0.000000
0.000000
0.011245
0.049946
0.072394
0.160766
0.889266
2.074605
2.730789
5.077597
9.616929
12.250222
12.516800
12.006192
10.041700
9.244380
8.865269
8.024485
5.670301
5.835461
5.952850
8.682805
14.088147
14.442464
14.475819
15.072887
16.041188
18.507502
19.772205
20.808942
29.067213
40.615528
0.000000
0.000000
0.000000
0.003282
0.013597
0.029335
0.048196
0.076711
0.352001
1.623386
2.927997
4.590539
5.038000
8.206195
10.184312
10.524500
10.596700
9.557740
8.125028
7.098659
4.309468
5.060716
5.196589
5.217760
6.432450
9.227813
13.877944
16.304919
14.466838
15.405338
19.087005
21.765967
21.792975
28.035356
42.024742
0.000000
0.000000
0.000000
0.003282
0.003751
0.017893
0.053251
0.054264
0.215979
1.658301
3.739526
4.436974
5.279215
7.759168
9.352471
9.761840
9.761840
9.916630
7.482263
4.988849
2.901654
3.209967
3.984970
3.831790
4.673788
6.535689
10.346044
14.828058
15.101822
16.099963
20.891525
26.000900
23.249081
30.088005
44.479100
0.029340
0.053612
0.155838
1.075229
2.693317
3.663473
3.030834
7.684529
8.921311
9.202965
8.750877
8.388181
6.496534
3.717720
2.574268
2.873862
3.501259
3.797987
4.108710
4.979927
8.321955
12.879685
14.616509
15.965369
20.906713
26.788900
25.110395
31.454806
48.144788
0.033577
0.057716
0.200792
0.712977
2.918719
3.657640
4.416680
8.015818
8.628718
8.875042
8.014032
7.032469
4.782145
2.371391
2.648072
2.833136
3.275498
3.634653
3.911295
4.258895
6.751935
11.518939
13.930238
15.641906
21.060414
27.506937
24.997158
31.239092
50.637481
6.125392
7.222519
8.022517
8.941637
6.659879
4.465459
2.562875
2.030659
1.967376
2.055274
2.952358
3.189250
3.839093
4.301591
5.272713
8.626186
11.915093
14.031898
21.480044
29.311880
26.786303
32.434895
53.690930
70.039709
74.467566
6.087958
6.562579
7.189547
7.786869
7.231930
5.166095
2.255703
2.360492
2.457979
1.989203
1.867361
2.504873
2.991842
3.013258
3.818585
5.503424
8.741032
10.925638
19.970041
31.072423
26.207725
34.100380
61.003783
78.999486
88.164464
6.263539
6.555920
7.075020
6.868095
1.763944
1.459214
2.444788
2.798566
2.524680
2.660107
3.632596
4.036292
4.801460
5.575100
9.900312
12.646938
22.326350
33.145088
27.607234
34.676967
58.860328
76.059622
92.471400
5.418869
5.664350
6.041410
6.340109
2.441140
0.792853
1.464542
2.545706
2.893176
2.822969
3.270714
4.498451
7.505500
8.007067
20.459433
25.300763
31.984978
34.995452
30.832480
38.115722
58.170841
85.578209
111.956416
5.291135
5.153861
2.429314
0.528172
0.682853
1.221903
2.588689
3.220929
3.447873
3.869766
6.090348
7.152257
18.616771
26.220606
36.867480
36.708002
39.938336
48.049698
66.524505
95.929905
141.121997
161.499484
205.076813
4.321720
3.151612
1.743032
0.975775
1.094274
1.320195
2.012009
2.663103
3.701719
4.814653
5.498487
6.899288
14.442971
20.838052
32.681411
33.233066
38.917662
50.375950
91.057088
150.623511
237.390625
270.855547
277.905172
2.220520
2.602969
3.802831
5.569419
6.266048
7.845582
13.619907
17.974308
25.866850
29.363687
37.137195
56.245250
121.080859
219.410172
277.295391
277.816250
279.085391
