0.000000
0.250929
0.172186
0.002850
2.028959
2.708802
0.952715
2.762017
0.000543
0.125585
0.285232
0.106216
0.298761
1.346068
1.271991
2.566362
0.239503
0.052877
0.217135
0.185625
2.844986
1.222156
2.008979
2.123506
0.045742
0.080686
0.000000
0.576453
1.671644
2.490536
0.262446
2.194198
0.620757
0.243899
0.162756
1.416945
2.957772
2.420946
2.334889
2.759793
0.129063
0.030969
0.724116
0.001835
3.082597
0.377240
4.788260
0.735598
0.146856
0.075060
0.215194
0.128735
2.680044
2.508793
2.461156
0.070040
0.000497
0.263727
0.167232
0.001272
1.208921
1.730202
1.378641
2.465083
6.633148
11.811363
8.566765
9.527856
26.167842
14.027858
20.281980
34.161063
6.765960
6.353901
10.923638
7.848455
13.496755
27.093352
32.393939
24.972586
5.516159
11.830736
8.092900
9.258361
22.325564
56.461538
52.355175
18.613277
3.516109
14.417236
5.081408
6.416879
20.885908
38.559350
18.056816
32.039419
10.568055
8.043299
5.430333
9.121490
33.959061
16.828103
16.963131
29.996350
8.239623
6.995693
8.198228
6.806118
23.075131
23.661025
15.227125
39.890088
10.314189
7.853455
5.100819
8.957680
39.072455
21.277834
32.962863
13.161797
5.240456
11.406988
6.351947
9.929061
47.023959
12.958138
15.854798
31.020950
0.000000
0.000665
0.079369
0.000492
0.348040
0.253621
0.795803
1.688578
0.000000
0.002013
0.000000
0.000830
0.196535
1.009431
0.265525
1.037815
0.114180
0.000000
0.002305
0.043174
1.497487
1.863979
0.249824
0.047636
0.000000
0.002689
0.000000
0.000713
0.082959
0.521597
1.054754
0.044533
0.004188
0.000000
0.000575
0.160825
2.132602
0.201714
1.573783
0.163331
0.004497
0.000000
0.191555
0.000000
0.201184
0.531215
0.195400
0.388629
0.002514
0.000000
0.047365
0.000797
1.950360
1.356127
0.215808
1.032989
0.000019
0.000965
0.001612
0.000000
0.261901
0.843782
0.212670
0.117882
3.456388
7.577495
8.953558
2.347546
12.105263
23.073092
20.590584
16.604567
0.470875
3.830607
3.721458
5.493413
22.711080
10.318359
35.373088
8.559145
5.313519
3.978786
3.172328
5.592195
13.444250
28.981373
18.116809
14.296064
6.144663
2.023776
9.446691
1.351766
21.310336
15.065797
10.398303
35.594275
5.502738
11.913350
9.596879
5.612064
18.360859
21.076348
15.697625
34.997850
2.977180
6.921934
3.396557
7.462429
15.684389
28.075075
11.539475
21.770838
8.191778
3.341975
7.945944
5.503093
14.218023
31.877152
19.941259
23.126459
6.990656
2.263918
4.386294
2.714951
11.797650
20.932997
17.215792
21.519638
1.242378
0.013754
0.000584
0.295816
2.616542
1.656194
2.450037
0.709885
0.000770
0.007263
0.028154
0.039065
0.553772
0.444817
4.114686
1.450387
0.000642
1.242384
0.000852
1.232981
1.992712
2.209857
0.327653
3.042187
0.073397
0.000687
0.001135
0.034120
1.363028
1.566933
0.576942
2.615541
0.006088
0.139528
0.039195
1.168203
1.417504
2.490641
1.289769
1.572093
0.000172
0.773307
0.003032
0.094301
2.615704
0.476911
0.336801
2.169851
0.035226
0.099336
0.007600
0.004745
1.194757
3.234318
2.179877
2.587013
0.065647
0.733917
0.003837
0.001284
2.961003
0.085719
4.154093
0.655448
5.435562
11.892211
10.257365
3.293611
22.281275
53.674925
21.171098
47.633930
9.386439
6.335457
12.682888
6.500493
18.987869
25.560659
26.692750
18.400747
4.565304
12.941800
11.583500
4.762550
42.921375
16.266225
18.485188
43.549600
2.885555
8.306299
10.166055
3.495102
12.306150
38.638086
43.979638
10.248635
6.697315
8.971083
8.365920
6.625961
19.359430
40.147788
17.932673
49.818650
8.720076
3.929888
11.598698
2.962345
30.707300
36.710338
17.023063
39.694213
7.061405
16.135338
8.954403
4.650152
15.590438
32.807309
37.729642
19.848739
5.074425
10.141493
9.192290
6.562251
11.209395
36.701100
24.129878
40.352213
0.000000
0.047986
0.000000
0.007308
2.685794
0.141030
0.070940
0.807009
0.000000
0.039776
0.000570
0.000464
0.042671
0.562426
0.282895
0.145478
0.000000
0.004534
0.000681
0.004105
0.480983
0.644758
0.147496
1.524534
0.000006
0.000000
0.000000
0.031063
0.083167
0.234635
0.042789
0.200861
0.000822
0.046734
0.000000
0.045240
0.449504
0.064003
1.635172
0.511073
0.000000
0.000000
0.000000
0.000829
0.055362
0.915484
1.245036
0.069247
0.036400
0.000627
0.000000
0.000933
2.190766
0.102392
0.789295
0.145712
0.000756
0.000000
0.000863
0.000000
0.235792
0.066881
0.324977
0.061137
5.515837
9.016693
3.243861
9.503489
12.815295
24.042158
18.674183
42.412266
7.227621
2.444440
2.744680
3.489987
25.203611
10.735988
21.698663
9.453390
1.139949
14.724723
9.157478
1.825700
45.944836
12.279506
13.218750
25.569513
3.386860
0.966982
2.041200
9.080551
14.483088
12.377400
15.668463
23.716850
3.025724
10.082913
6.356704
6.851352
15.373803
18.584175
11.251823
44.436400
9.941756
1.266988
2.688164
7.335373
17.692395
14.269472
17.203947
32.619405
5.384835
5.311843
6.677939
4.053352
16.801863
19.900422
15.505113
38.451950
9.331113
2.421118
1.735587
7.662170
15.632991
22.116822
17.169125
14.081034
0.190255
0.262575
0.001901
1.123905
1.043702
3.057042
2.875148
1.939000
0.049766
1.343204
0.001174
0.002378
1.956995
0.702812
1.554790
2.309528
0.005724
0.086046
0.951880
0.218431
1.903420
2.515537
2.953691
0.710576
0.000000
0.735580
0.080852
0.227381
1.694172
1.576860
0.220409
2.400856
0.175551
0.271360
1.008354
0.100709
1.842375
2.883648
2.517800
2.172151
0.156908
0.005476
0.178797
0.002288
2.534090
2.038362
0.185861
2.971807
1.836352
0.100658
0.491662
0.046187
2.636338
1.493698
3.760333
1.467505
0.000749
0.628208
0.000462
0.487973
0.367633
0.933729
1.199017
2.260805
9.845801
5.994026
9.375504
7.613778
58.355250
19.466059
32.443725
16.965477
9.164360
6.121545
10.018681
3.472490
17.990650
32.826559
30.386745
16.243311
9.662954
6.514023
3.169802
9.466408
15.495323
39.764988
23.470295
38.328113
9.292288
4.955810
8.776396
4.959903
14.122492
49.512975
19.232725
34.803064
7.170139
11.152400
7.559675
11.082025
13.918475
40.065150
34.628738
22.393775
3.321557
8.574446
6.342209
7.435230
57.292573
24.147713
20.426738
46.156156
9.931393
7.629253
6.024089
12.824220
25.735288
19.140336
16.021742
53.233523
7.849337
8.898168
8.313237
5.050523
24.665292
62.061998
18.238191
37.255025
0.000000
0.003467
0.000568
0.154337
0.360301
0.739540
0.274860
1.783303
0.000734
0.000622
0.000000
0.107357
1.041855
0.361406
0.086498
0.398652
0.000495
0.114301
0.000000
0.000652
2.834558
0.060988
0.656629
0.224757
0.000000
0.006696
0.000000
0.000671
0.510586
0.258158
0.310272
0.074525
0.151566
0.001512
0.001707
0.156450
0.446266
0.244631
1.058062
1.637506
0.000582
0.001338
0.004421
0.000000
0.796337
0.265091
0.301629
0.532386
0.114879
0.005545
0.000000
0.048441
1.792059
0.168421
1.681555
0.046186
0.000000
0.037136
0.000000
0.000000
1.671097
0.057387
0.124795
0.631285
6.872846
1.922362
7.151795
2.554440
18.532178
21.637713
19.459188
21.276064
2.367888
7.532215
1.419218
3.485311
47.915836
17.954970
13.891416
36.015738
2.655069
12.826188
6.752695
2.904216
27.180400
32.497163
13.179602
24.244658
2.672920
8.613556
2.210603
4.335538
16.624550
14.944775
18.535513
27.131625
5.573268
3.816752
4.369641
8.151816
14.843209
42.414433
28.579144
12.383913
1.601546
6.303064
6.617894
2.708809
11.482794
26.781553
8.089624
39.201559
11.973477
2.399799
4.875043
8.914784
24.582205
31.708275
21.728547
24.333228
4.614559
1.733229
2.969479
2.920093
16.765113
19.440873
29.359445
17.423216
0.073435
1.365043
0.004177
0.128926
3.091475
2.094605
2.746120
0.695562
0.078022
0.003371
0.003627
0.208226
1.362049
0.063724
2.280965
0.956094
0.041529
1.092118
0.000500
0.537300
0.302195
2.732807
0.407374
1.582145
0.000000
0.114137
0.750025
0.001811
0.964721
0.069005
0.583361
2.529213
0.031741
0.100927
0.771661
0.033101
4.741990
0.171282
4.365823
1.024827
0.006696
0.834957
0.001342
0.198594
1.142326
2.648543
0.289923
3.493100
0.282493
0.006490
1.630266
0.002762
0.917557
2.482263
1.808961
3.731653
0.429544
0.085295
0.030826
0.002438
2.854214
1.370511
0.092117
2.340312
6.124425
9.293301
6.100901
10.012143
45.200388
14.156827
16.822853
43.999113
5.443458
11.106438
6.399145
3.618704
27.745236
22.362630
44.902538
17.851033
4.776260
11.515645
3.538669
9.651283
47.261534
11.995670
24.046888
17.566805
12.938158
2.630759
10.174739
3.500073
17.964439
38.071758
51.784088
11.596091
10.758714
4.736754
5.907852
11.308850
21.873950
26.197541
15.029708
36.892989
9.248981
7.755305
4.217600
7.892021
15.606431
47.665017
24.469997
11.946398
4.980900
11.097227
5.904555
14.552363
18.873267
39.872225
27.777750
30.754125
4.267497
11.267713
10.142591
5.636396
51.727575
12.954452
28.937680
37.162136
0.000000
0.008681
0.109582
0.000235
0.064761
0.212921
0.202999
0.586368
0.008503
0.000000
0.000712
0.000181
0.229690
1.034660
0.074319
0.095302
0.000000
0.000834
0.007555
0.001251
0.114537
0.184813
0.443562
0.161336
0.000000
0.008601
0.000767
0.000000
0.196901
0.116117
0.248255
0.056835
0.000777
0.049100
0.000000
0.000660
0.150427
0.720663
0.048942
3.005377
0.000936
0.000000
0.000000
0.000000
0.172101
0.217499
0.061828
0.647818
0.005031
0.004081
0.037004
0.000798
1.234007
0.085710
1.289418
0.059070
0.000000
0.035691
0.003656
0.000000
0.144786
0.229820
0.043799
0.551281
5.712137
5.363209
6.280721
3.664814
12.529420
31.353813
19.116038
32.164861
6.975345
2.535370
6.096518
2.188896
18.125013
17.079706
12.767875
14.820803
7.765453
1.076158
5.272713
3.458235
17.810616
22.406206
53.881136
10.809200
2.169677
8.420375
3.116298
2.262821
10.443493
16.917136
24.845786
12.354048
2.537678
7.123901
3.258827
9.462300
19.123050
45.030663
11.467278
28.182888
6.316829
2.646039
5.649903
2.137677
17.359528
13.325513
18.340913
27.525741
2.832275
9.875589
3.196948
6.742621
24.060523
21.392675
25.193409
23.430877
1.763194
9.271605
3.206559
6.094927
18.762073
24.419475
19.852950
21.509458
0.000000
0.000396
0.000388
0.033432
0.000000
0.000000
0.000000
0.000000
0.001351
0.000349
0.000000
0.000000
0.000000
0.000000
0.000000
0.000000
0.000371
0.002577
0.000000
0.000455
0.000000
0.000000
0.000000
0.000000
0.000000
0.000000
0.095460
0.000000
0.000000
0.000000
0.000000
0.000000
0.000000
0.000000
0.001130
0.000000
0.000000
0.000000
0.000000
0.000000
0.000000
0.000466
0.000000
0.000000
0.000000
0.000000
0.000000
0.000000
0.000386
0.000000
0.000000
0.000357
0.000000
0.000000
0.000000
0.000000
0.000470
0.000000
0.000000
0.000000
0.000000
0.000000
0.000000
0.000000
0.000000
0.000000
0.000000
0.000000
0.000000
0.000000
0.000000
0.000000
0.000000
0.000000
0.000000
0.000000
0.000000
0.000000
0.000000
0.000000
0.000000
0.000000
0.000000
0.000000
0.000000
0.000000
0.000000
0.000000
0.000000
0.000000
0.000000
0.000000
0.000000
0.000000
0.000000
0.000000
0.000000
0.000000
0.000000
0.000000
0.000000
0.000000
0.000000
0.000000
0.000000
0.000000
0.000000
0.000000
0.000000
0.000000
0.000000
0.000000
0.000000
0.000000
0.000000
0.000000
0.000000
0.000000
0.000000
0.000000
0.000000
0.000000
0.000000
0.000000
0.000000
0.000000
0.000000
0.000000
0.000000
0.000000
0.000000
0.000000
0.000000
0.000000
0.000000
0.000000
0.000000
0.000000
0.000000
0.000000
0.000000
0.000000
0.000000
0.000000
0.000000
0.000396
0.000000
0.000000
0.000000
0.000000
0.000000
0.000000
0.000000
0.000000
0.000000
0.000000
0.000000
0.000000
0.000000
0.000000
0.000000
0.000503
0.000000
0.000000
0.000000
0.000000
0.000000
0.000000
0.000000
0.000000
0.000000
0.000000
0.000000
0.000000
0.000000
0.000000
0.000000
0.000418
0.000000
0.000000
0.000000
0.000000
0.000000
0.000000
0.000000
0.000000
0.000000
0.000000
0.000000
0.000000
0.000000
0.000000
0.000000
0.000000
0.000000
0.000000
0.000000
0.000000
0.000000
0.000000
0.000000
0.000000
0.000000
0.000000
0.000000
0.000000
0.000000
0.000000
0.000000
0.000000
0.000000
0.000000
0.000000
0.000000
0.000000
0.000000
0.000000
0.000000
0.000000
0.000000
0.000000
0.000000
0.000000
0.000000
0.000000
0.000000
0.000000
0.000000
0.000000
0.000000
0.000000
0.000000
0.000000
0.000000
0.000000
0.000000
0.000000
0.000000
0.000000
0.000000
0.000000
0.000000
0.000000
0.000000
0.000000
0.000000
0.000000
0.000000
0.000000
0.000000
0.000000
0.000000
0.000000
0.000000
0.000000
0.000000
0.000000
0.003637
0.126101
0.000000
0.000000
0.000000
0.000000
0.000000
0.000293
0.000481
0.000000
0.000000
0.000000
0.000000
0.000000
0.000000
0.026518
0.000000
0.029246
0.000000
0.000000
0.000000
0.000203
0.000000
0.000000
0.005542
0.000000
0.000000
0.000000
0.000000
0.000000
0.000000
0.107071
0.000000
0.000430
0.000000
0.000000
0.000000
0.000000
0.000000
0.001627
0.000000
0.000468
0.000000
0.000000
0.000000
0.000000
0.000000
0.000559
0.000000
0.004321
0.000512
0.000000
0.000000
0.000000
0.000000
0.000000
0.000000
0.000499
0.000000
0.000000
0.000000
0.000000
0.000000
0.000000
0.000000
0.000000
0.000000
0.000000
0.000000
0.000000
0.000000
0.000000
0.000000
0.000000
0.000000
0.000000
0.000000
0.000000
0.000000
0.000000
0.000000
0.000000
0.000000
0.000000
0.000000
0.000000
0.000000
0.000000
0.000000
0.000000
0.000000
0.000000
0.000000
0.000000
0.000000
0.000000
0.000000
0.000000
0.000000
0.000000
0.000000
0.000000
0.000000
0.000000
0.000000
0.000000
0.000000
0.000000
0.000000
0.000000
0.000000
0.000000
0.000000
0.000000
0.000000
0.000000
0.000000
0.000000
0.000000
0.000000
0.000000
0.000000
0.000000
0.000000
0.000000
0.000000
0.000000
0.000000
0.000000
0.000000
0.000000
0.000000
0.000000
0.000000
0.000000
0.000000
0.000000
0.000000
0.000000
0.000000
0.000000
0.000000
0.000000
0.000000
0.000000
0.000000
0.000000
0.000000
0.000000
0.000000
0.000000
0.000000
0.000000
0.000000
0.000000
0.000000
0.000000
0.000000
0.000000
0.000000
0.000000
0.000414
0.000000
0.000000
0.000000
0.000000
0.000000
0.000000
0.000000
0.000000
0.000000
0.000000
0.000000
0.000000
0.000000
0.000000
0.000000
0.000000
0.000000
0.000000
0.000000
0.000000
0.000000
0.000000
0.000000
0.000000
0.000000
0.000000
0.000000
0.000000
0.000000
0.000000
0.000000
0.000000
0.000000
0.000000
0.000000
0.000000
0.000000
0.000000
0.000000
0.000000
0.000000
0.000000
0.000000
0.000000
0.000000
0.000000
0.000000
0.000000
0.000000
0.000000
0.000000
0.000000
0.000000
0.000000
0.000000
0.000000
0.000000
0.000000
0.000000
0.000000
0.000000
0.000000
0.000000
0.000000
0.000000
0.000000
0.000000
0.000000
0.000000
0.000000
0.000000
0.000000
0.000000
0.000000
0.000000
0.000000
0.000000
0.000000
0.000000
0.000000
0.000000
0.000000
0.000000
0.000000
0.000000
0.000000
0.000000
0.000000
0.000000
0.000000
0.000000
0.000000
0.000000
0.000000
0.000310
0.082327
0.000000
0.000000
0.000000
0.000000
0.000000
0.000000
0.000000
0.001061
0.000000
0.000000
0.000000
0.000000
0.000000
0.119034
0.000364
0.000000
0.000305
0.000000
0.000000
0.000000
0.000000
0.000528
0.000000
0.000783
0.000000
0.000000
0.000000
0.000000
0.000000
0.000000
0.000177
0.000000
0.000762
0.000000
0.000000
0.000000
0.000000
0.000000
0.000000
0.000319
0.000000
0.000000
0.000000
0.000000
0.000000
0.000000
0.000376
0.000000
0.000909
0.000000
0.000000
0.000000
0.000000
0.000428
0.000000
0.151866
0.000000
0.000000
0.000000
0.000000
0.000000
0.000000
0.000000
0.000000
0.000000
0.000000
0.000000
0.000000
0.000000
0.000000
0.000000
0.000000
0.000000
0.000000
0.000000
0.000000
0.000000
0.000000
0.000000
0.000000
0.000000
0.000000
0.000000
0.000000
0.000000
0.000000
0.000000
0.000000
0.000000
0.000000
0.000000
0.000000
0.000000
0.000000
0.000000
0.000000
0.000000
0.000000
0.000000
0.000000
0.000000
0.000000
0.000000
0.000000
0.000000
0.000000
0.000000
0.000000
0.000000
0.000000
0.000000
0.000000
0.000000
0.000000
0.000000
0.000000
0.000000
0.000000
0.000000
0.000000
0.000000
0.000000
0.000000
0.000000
0.000000
0.000000
0.000000
0.000000
0.000000
0.000000
0.000000
0.000000
0.000000
0.000000
0.000000
0.000000
0.000000
0.000000
0.000000
0.000000
0.000000
0.000000
0.000000
0.000478
0.000000
0.000000
0.000000
0.000000
0.000000
0.000000
0.000000
0.000000
0.000000
0.000000
0.000000
0.000000
0.000000
0.000000
0.000000
0.000000
0.000000
0.000000
0.000000
0.000000
0.000000
0.000000
0.000000
0.000000
0.000000
0.000000
0.000000
0.000000
0.000000
0.000000
0.000000
0.000434
0.000000
0.000000
0.000000
0.000000
0.000000
0.000000
0.000000
0.000000
0.000000
0.000000
0.000000
0.000000
0.000000
0.000000
0.000000
0.000000
0.000000
0.000000
0.000000
0.000000
0.000000
0.000000
0.000000
0.000000
0.000000
0.000000
0.000000
0.000000
0.000000
0.000000
0.000000
0.000000
0.000000
0.000000
0.000000
0.000000
0.000000
0.000000
0.000000
0.000000
0.000000
0.000000
0.000000
0.000000
0.000000
0.000000
0.000000
0.000000
0.000000
0.000000
0.000000
0.000000
0.000000
0.000000
0.000000
0.000000
0.000000
0.000000
0.000000
0.000000
0.000000
0.000000
0.000000
0.000000
0.000000
0.000000
0.000000
0.000000
0.000000
0.000000
0.000000
0.000000
0.000000
0.000000
0.000000
0.000000
0.000000
0.001682
0.000000
0.003627
0.000310
0.000000
0.000000
0.000000
0.000000
0.000000
0.002236
0.000457
0.000000
0.000000
0.000000
0.000000
0.000000
0.000000
0.000000
0.046239
0.000000
0.000113
0.000000
0.000000
0.000000
0.000574
0.000000
0.000000
0.000000
0.000000
0.000000
0.000000
0.000000
0.004878
0.001887
0.000000
0.000434
0.000000
0.000287
0.000000
0.000000
0.000000
0.000000
0.000361
0.000000
0.000000
0.000000
0.000000
0.000000
0.000000
0.000617
0.000000
0.005105
0.000000
0.000000
0.000000
0.000000
0.000000
0.000000
0.000000
0.000000
0.000000
0.000000
0.000000
0.000000
0.000000
0.000000
0.000000
0.000000
0.000000
0.000000
0.000000
0.000000
0.000000
0.000000
0.000000
0.000000
0.000000
0.000000
0.000000
0.000000
0.000000
0.000000
0.000000
0.000000
0.000000
0.000000
0.000000
0.000000
0.000000
0.000000
0.000000
0.000000
0.000000
0.000000
0.000000
0.000000
0.000000
0.000000
0.000000
0.000000
0.000000
0.000000
0.000000
0.000000
0.000000
0.000000
0.000000
0.000000
0.000000
0.000000
0.000000
0.000000
0.000000
0.000000
0.000000
0.000000
0.000000
0.000000
0.000000
0.000000
0.000000
0.000000
0.000000
0.000000
0.000000
0.000000
0.000000
0.000000
0.000000
0.000000
0.000000
0.000000
0.000000
0.000000
0.000000
0.000000
0.000000
0.000000
0.000000
0.000000
0.000000
0.000000
0.000000
0.000000
0.000000
0.000000
0.000000
0.000000
0.000000
0.000000
0.000000
0.000000
0.000000
0.000000
0.000000
0.000000
0.000000
0.000000
0.000000
0.000000
0.000000
0.000000
0.000000
0.000000
0.000000
0.000000
0.000000
0.000000
0.000000
0.000000
0.000000
0.000000
0.000000
0.000000
0.000000
0.000000
0.000000
0.000000
0.000000
0.000000
0.000000
0.000000
0.000000
0.000000
0.000000
0.000000
0.000000
0.000000
0.000000
0.000000
0.000000
0.000000
0.000000
0.000000
0.000000
0.000000
0.000000
0.000000
0.000000
0.000000
0.000000
0.000000
0.000000
0.000000
0.000000
0.000000
0.000000
0.000000
0.000000
0.000000
0.000000
0.000000
0.000000
0.000000
0.000000
0.000000
0.000000
0.000000
0.000000
0.000000
0.000000
0.000000
0.000000
0.000000
0.000000
0.000000
0.000000
0.000000
0.000000
0.000000
0.000000
0.000000
0.000000
0.000000
0.000000
0.000000
0.000000
0.000000
0.000000
0.000000
0.000000
0.000000
0.000000
0.000000
0.000000
0.000000
0.000000
0.000000
0.000000
0.000000
0.000000
0.000000
0.000000
0.000000
0.000000
0.000000
