0.000000
0.000000
0.000000
0.000000
0.000000
0.000000
0.000000
0.000000
0.000000
0.000000
0.000000
0.000000
0.000000
0.000000
0.000000
0.000000
0.000000
0.000000
0.000000
0.000000
0.000000
0.000000
0.000000
0.000000
0.000000
0.000000
0.000000
0.000000
0.000000
0.000000
0.000000
0.000000
0.000000
0.000000
0.000000
0.000000
0.000000
0.000000
0.000000
0.000000
0.000000
0.000000
0.000000
0.000000
0.000000
0.000000
0.000000
0.000000
0.000000
0.000000
0.000000
0.000000
0.000000
0.000000
0.000000
0.000000
0.000000
0.000000
0.000000
0.000000
0.000000
0.000000
0.000000
0.000000
0.000000
0.000000
0.000000
0.000000
0.000000
0.000000
0.000000
0.000000
0.000000
0.000000
0.000000
0.000000
0.000000
0.000000
0.000000
0.000000
0.000000
0.000000
0.000000
0.000000
0.000000
0.000000
0.000000
0.000000
0.000000
0.000000
0.000000
0.000000
0.000000
0.000000
0.000000
0.000000
0.000000
0.000000
0.000000
0.000000
0.000000
0.000000
0.000000
0.000000
0.000000
0.000000
0.000000
0.000000
0.000000
0.000000
0.000000
0.000000
0.000000
0.000000
0.000000
0.000000
0.000000
0.000000
0.000000
0.000000
0.000000
0.000000
0.000000
0.000000
0.000000
0.000000
0.000000
0.000000
0.000000
0.000000
0.000000
0.000000
0.000000
0.000000
0.000000
0.000000
0.000000
0.000000
0.000000
0.000000
0.000000
0.000000
0.000000
0.000000
0.000000
0.000000
0.000000
0.000000
0.000000
0.000000
0.000000
0.000000
0.000000
0.000000
0.000000
0.000000
0.000000
0.000000
0.000000
0.000000
0.000000
0.000000
0.000000
0.000000
0.000000
0.000000
0.000000
0.000000
0.000000
0.000000
0.000000
0.000000
0.000000
0.000000
0.000128
0.000128
0.000000
0.000000
0.000000
0.000000
0.000000
0.000000
0.000000
0.000000
0.000000
0.000000
0.000000
0.000000
0.000000
0.000000
0.000000
0.000000
0.000000
0.000000
0.000000
0.000000
0.000000
0.000000
0.000000
0.000000
0.000000
0.000000
0.000000
0.000000
0.000000
0.000107
0.000107
0.000000
0.000000
0.000000
0.000000
0.000000
0.000000
0.000000
0.000000
0.000000
0.000000
0.000000
0.000000
0.000000
0.000000
0.000000
0.000000
0.000000
0.000000
0.000000
0.000000
0.000000
0.000000
0.000000
0.000000
0.000000
0.000000
0.000000
0.000000
0.000000
0.000000
0.000000
0.000000
0.000000
0.000000
0.000000
0.000000
0.000000
0.000000
0.000000
0.000000
0.000000
0.000000
0.000000
0.000000
0.000000
0.000000
0.000000
0.000000
0.000000
0.000000
0.000000
0.000000
0.000000
0.000000
0.000000
0.000000
0.000000
0.000000
0.000000
0.000000
0.000000
0.000000
0.000000
0.000000
0.000155
0.000155
0.000000
0.000000
0.000000
0.000000
0.000000
0.000000
0.000000
0.000000
0.000000
0.000000
0.000000
0.000000
0.000000
0.000000
0.000000
0.000000
0.000000
0.000000
0.000000
0.000000
0.000000
0.000000
0.000000
0.000000
0.000000
0.000000
0.000000
0.000000
0.000000
0.000000
0.000000
0.000000
0.000000
0.000260
0.000260
0.000000
0.000000
0.000000
0.000000
0.000000
0.000000
0.000000
0.000000
0.000000
0.000000
0.000000
0.000000
0.000000
0.000000
0.000000
0.000000
0.000000
0.000000
0.000000
0.000000
0.000000
0.000000
0.000000
0.000000
0.000000
0.000000
0.000000
0.000000
0.000000
0.000000
0.000000
0.000000
0.000000
0.000000
0.000000
0.000000
0.000000
0.000000
0.000000
0.000000
0.000000
0.000000
0.000000
0.000000
0.000000
0.000000
0.000000
0.000000
0.000000
0.000000
0.000000
0.000000
0.000000
0.000000
0.000000
0.000000
0.000000
0.000000
0.000000
0.000000
0.000000
0.000000
0.000000
0.000000
0.000000
0.000000
0.000000
0.000000
0.000000
0.000000
0.000000
0.000000
0.000377
0.000377
0.000000
0.000000
0.000000
0.000000
0.000000
0.000000
0.000000
0.000000
0.000000
0.000000
0.000000
0.000000
0.000000
0.000000
0.000000
0.000000
0.000000
0.000000
0.000000
0.000000
0.000000
0.000000
0.000000
0.000000
0.000000
0.000000
0.000000
0.000000
0.000000
0.000000
0.000000
0.000000
0.000000
0.000000
0.000000
0.000000
0.000000
0.001019
0.001019
0.000000
0.000000
0.000000
0.000000
0.000000
0.000000
0.000142
0.000453
0.008692
0.000028
0.001299
0.025035
0.005041
0.000008
0.000000
0.000000
0.000000
0.000000
0.000000
0.000000
0.000000
0.000000
0.000000
0.000000
0.000000
0.000000
0.000000
0.000000
0.000000
0.000000
0.000000
0.000000
0.000000
0.000000
0.000000
0.000000
0.000000
0.000000
0.000000
0.000000
0.000000
0.000000
0.000000
0.000000
0.000000
0.000000
0.000000
0.010148
0.017936
0.038186
0.040895
0.117358
0.485839
0.050905
0.000341
0.000000
0.000000
0.000000
0.000000
0.000000
0.000000
0.000000
0.000000
0.000000
0.000000
0.000000
0.000000
0.000000
0.000000
0.000000
0.000000
0.000000
0.000000
0.000000
0.000000
0.000000
0.000000
0.000000
0.000000
0.000000
0.001130
0.001130
0.000000
0.000000
0.000000
0.000000
0.000000
0.002511
0.030190
0.036629
0.151213
0.316766
0.602117
0.437144
0.050688
0.027833
0.002149
0.000000
0.000001
0.000000
0.000000
0.000000
0.000000
0.000000
0.000000
0.000000
0.000000
0.000000
0.000000
0.000000
0.000000
0.000000
0.000000
0.000000
0.000000
0.000000
0.000000
0.000000
0.000000
0.000000
0.000000
0.000000
0.000000
0.000000
0.000000
0.000000
0.000000
0.000000
0.000000
0.000000
0.000000
0.000000
0.027184
0.028230
0.030023
0.050839
0.033822
0.031238
0.029353
0.167378
0.017948
0.001322
0.001322
0.000000
0.000000
0.000000
0.000000
0.000000
0.002185
0.030132
0.075126
0.204297
0.324018
0.565090
0.714058
1.025215
1.063795
0.341710
0.076269
0.349528
0.126753
0.000001
0.000000
0.000200
0.000143
0.001211
0.003228
0.000000
0.000000
0.000000
0.000000
0.000000
0.000000
0.000000
0.000000
0.000000
0.000000
0.000000
0.000000
0.000000
0.000000
0.000000
0.000000
0.000000
0.000000
0.000000
0.000000
0.000000
0.000000
0.000000
0.000000
0.000000
0.000035
0.028479
0.031177
0.032636
0.032259
0.025283
0.028432
0.210950
0.577501
0.028566
0.000000
0.000000
0.000000
0.000000
0.000000
0.000000
0.000000
0.000176
0.021948
0.035824
0.041470
0.137160
0.441001
0.629542
0.842699
1.790101
1.345284
0.988632
0.798041
0.102165
0.000003
0.000000
0.001601
0.004333
0.014941
0.026207
0.003191
0.000000
0.000000
0.000000
0.000219
0.000000
0.000000
0.000000
0.000000
0.000000
0.000000
0.000000
0.000000
0.000000
0.000000
0.000000
0.000000
0.000000
0.000000
0.000000
0.000019
0.000000
0.000000
0.000000
0.000000
0.000281
0.028220
0.031078
0.032636
0.024195
0.012251
0.027344
0.032688
0.129239
0.031577
0.003781
0.003781
0.000000
0.000000
0.000000
0.000000
0.000000
0.000000
0.003276
0.001092
0.000007
0.000063
0.049715
0.038679
0.951198
2.058792
2.207901
2.005663
1.200697
0.105015
0.014878
0.027091
0.027496
0.028248
0.026938
0.026538
0.026504
0.006124
0.001301
0.012421
0.040246
0.000051
0.000000
0.000000
0.000000
0.000000
0.000000
0.000000
0.000000
0.000000
0.000000
0.000000
0.000000
0.000000
0.000000
0.001525
0.032107
0.002983
0.000000
0.000000
0.000000
0.000000
0.021074
0.030818
0.031277
0.019622
0.000000
0.025202
0.030713
0.066646
0.031064
0.003128
0.003128
0.000000
0.000000
0.000000
0.000000
0.000000
0.000000
0.000000
0.000000
0.000000
0.000000
0.010224
0.140608
0.303981
1.097608
1.271452
1.284961
2.030935
1.215742
0.040915
0.032008
0.026768
0.034479
0.033374
0.027176
0.026697
0.022895
0.058669
0.260023
0.070729
0.003325
0.000000
0.000000
0.000000
0.000000
0.000000
0.000000
0.000000
0.000000
0.000000
0.000000
0.000000
0.000000
0.000000
0.005558
0.356582
0.074511
0.036536
0.017047
0.000000
0.000000
0.000216
0.024649
0.065836
0.060481
0.004432
0.029331
0.037401
0.046541
0.034300
0.000000
0.000000
0.000000
0.000000
0.000000
0.000000
0.000000
0.000000
0.000000
0.000000
0.000000
0.000000
0.004329
0.025419
0.001073
0.131167
0.201544
0.226875
2.100713
1.399931
0.758129
0.266142
0.042220
0.077800
0.072160
0.048435
0.027609
0.026633
0.068658
0.259496
0.147840
0.016836
0.000000
0.000000
0.000000
0.000000
0.000000
0.000000
0.000000
0.000000
0.000000
0.000000
0.000000
0.000000
0.000000
0.000841
0.249288
0.423451
0.187260
0.031669
0.000000
0.000000
0.000271
0.023130
0.218873
0.156638
0.086144
0.210489
0.128185
0.066694
0.215308
0.001809
0.001809
0.000000
0.000000
0.000000
0.000000
0.000000
0.000000
0.000000
0.000000
0.000000
0.000000
0.000000
0.000000
0.000000
0.026635
0.014882
0.024143
1.640652
2.064862
2.255178
0.588941
0.054009
0.240675
0.127403
0.117142
0.068241
0.029462
0.253838
0.243002
0.047320
0.000763
0.000000
0.000091
0.000001
0.000000
0.000000
0.000000
0.000000
0.000000
0.000000
0.000000
0.000000
0.000003
0.015669
0.077918
0.181219
0.049394
0.070152
0.027562
0.002739
0.002666
0.002603
0.023386
0.186317
0.204098
0.630435
0.872739
0.748587
0.481004
0.708860
0.004236
0.004236
0.000000
0.000000
0.000000
0.000000
0.000000
0.000000
0.000000
0.000000
0.000000
0.000000
0.000000
0.000000
0.000000
0.000199
0.000000
0.000000
0.024578
0.928949
2.136194
1.695198
0.552872
0.753311
0.528848
0.387943
0.328381
0.467892
0.462691
0.465246
0.311419
0.048670
0.019111
0.050435
0.026837
0.000460
0.000000
0.000000
0.000000
0.000000
0.000000
0.000000
0.000000
0.007965
0.414905
0.909266
0.027915
0.011364
0.031313
0.039347
0.047231
0.047879
0.037084
0.031697
0.071421
0.396310
0.615813
1.343352
2.128449
2.074911
1.784389
0.000000
0.000000
0.000000
0.000000
0.000000
0.000000
0.000000
0.000000
0.000000
0.000000
0.000000
0.000000
0.000000
0.000000
0.000000
0.000000
0.000000
0.001340
0.026184
0.116268
1.501561
2.130938
1.433234
1.521374
1.319614
1.006755
0.709389
0.824742
0.877611
1.061828
1.197484
0.507877
0.514206
0.187084
0.027098
0.000000
0.000000
0.000000
0.000000
0.000000
0.000000
0.000000
0.000000
0.013318
1.061722
0.529988
0.028580
0.050199
0.139643
0.237717
0.127382
0.262928
0.215268
0.087721
0.274014
1.422290
1.657672
1.908529
2.792705
2.827600
2.638980
0.004882
0.004882
0.000000
0.000000
0.000000
0.000000
0.000000
0.000000
0.000000
0.000000
0.000000
0.000000
0.000000
0.000000
0.000000
0.000000
0.000000
0.000000
0.021812
0.149178
1.535292
2.307486
2.339770
2.235821
2.512027
1.686776
1.119478
0.823234
1.308250
1.818964
1.607039
1.527940
1.773914
0.930970
0.071916
0.003980
0.002118
0.000000
0.016618
0.015843
0.000026
0.000020
0.001171
0.026441
0.706612
1.666870
0.120617
0.269384
0.506991
0.956583
0.437961
0.503124
0.488932
0.351921
0.932399
1.798202
2.347285
2.385458
2.575270
2.835940
2.500160
0.002471
0.002471
0.000000
0.000000
0.000000
0.000000
0.000000
0.000000
0.000000
0.000000
0.000000
0.000000
0.000000
0.000000
0.000000
0.000000
0.000000
0.000000
0.000000
0.009943
0.311681
0.835596
1.014440
0.806015
1.935738
0.799331
1.329788
1.862949
1.785500
1.932397
2.482554
2.351708
2.109526
2.068100
1.431550
0.692338
0.106032
0.024281
0.029202
0.035130
0.103648
0.170505
0.028843
0.154758
1.984063
2.527808
0.957728
0.852845
0.609681
0.589394
0.635786
0.835335
2.296971
1.408627
1.418824
1.802840
1.691503
1.818723
2.076980
2.448572
2.437040
0.000000
0.000000
0.000000
0.000000
0.000000
0.000000
0.000000
0.000000
0.000000
0.000000
0.000000
0.000000
0.000000
0.000000
0.000000
0.000000
0.001351
0.019802
0.026875
0.028606
0.030119
0.125452
0.668775
0.753745
0.525838
0.818031
0.584320
1.574984
2.228739
1.065545
1.341667
2.013322
2.103894
1.820860
0.483701
0.038842
0.029772
0.179296
0.752374
0.645861
0.221178
0.589193
2.731482
2.897236
2.949940
1.893946
1.332064
1.673905
1.475684
1.110786
2.257145
1.933689
0.958964
1.038597
1.087035
1.192844
1.633253
1.886736
2.394709
0.000000
0.000000
0.000000
0.000000
0.000000
0.000000
0.000000
0.000000
0.000000
0.000000
0.000000
0.000000
0.000000
0.000000
0.000000
0.000000
0.000709
0.024959
0.029352
0.029559
0.065837
0.119577
0.242211
0.119955
0.127857
0.263617
0.377921
0.497845
1.253180
0.728302
1.123311
1.600204
2.286810
2.911379
0.993074
0.068097
0.126840
0.508515
1.239991
0.364990
0.551339
1.832106
3.669809
3.138757
3.045156
2.576758
0.525257
0.601460
1.180138
1.274840
1.686171
1.607028
0.919107
0.802624
0.856522
1.042922
1.751353
1.884896
2.399836
0.000000
0.000000
0.000000
0.000000
0.000000
0.000000
0.000000
0.000000
0.000000
0.000000
0.000000
0.000090
0.000902
0.015468
0.143533
0.076647
0.086467
0.114724
0.147418
0.209052
0.169838
0.212907
0.145792
0.075846
0.030906
0.275217
0.626132
1.082273
2.301147
1.340059
0.371014
0.172422
0.793642
0.882778
1.312025
0.628951
1.160008
3.248575
3.571240
3.500081
3.323678
2.665990
1.658429
1.691511
2.328049
2.024203
1.116782
0.958699
0.875655
0.827302
0.823893
0.958503
1.717187
1.999968
2.623831
0.000000
0.000000
0.000000
0.000000
0.000000
0.000000
0.000000
0.000000
0.000000
0.000000
0.000000
0.000727
0.025722
0.052747
0.221826
0.096737
0.131966
0.103932
0.108478
0.109963
0.109763
0.111501
0.076033
0.037069
0.026672
0.027313
0.053684
0.274375
1.181664
1.700644
1.903152
2.197255
2.384798
2.146932
2.627177
2.107216
2.803481
3.492104
3.013822
3.477181
3.755312
3.232291
2.791828
3.252401
3.068708
1.874979
1.330155
1.174525
1.013043
0.888131
0.870167
0.961624
1.731861
2.084460
2.696010
0.000000
0.000000
0.000001
0.020312
0.132992
0.208529
0.229732
0.128548
0.147008
0.141771
0.127495
0.047309
0.024938
0.025243
0.015497
0.005576
0.024167
0.009733
0.023283
0.030313
0.107182
1.148087
3.719220
4.480818
3.387852
2.908630
2.779355
3.136594
2.929061
3.075318
2.268910
1.690983
2.225266
2.891123
3.717787
3.266323
1.670806
1.620199
1.490197
1.486180
1.184402
1.002743
0.954071
0.987084
1.759474
2.057468
2.748558
0.000000
0.000000
0.002113
0.003512
0.044533
0.146445
0.043771
0.050868
0.094950
0.065528
0.026622
0.027992
0.003417
0.000000
0.000000
0.000000
0.000000
0.000000
0.000000
0.000000
0.000000
0.136421
1.676582
2.937891
3.658090
2.398671
2.028815
2.327810
2.812051
2.776896
2.108512
0.899637
1.182757
1.958362
2.093366
1.869866
1.575960
1.361791
1.213919
1.378191
1.225054
1.164989
1.058726
1.112224
1.729341
2.094568
3.100471
0.023030
0.027335
0.058871
0.080435
0.043917
0.043798
0.046011
0.008011
0.006207
0.009980
0.000024
0.000000
0.000000
0.000000
0.000000
0.000000
0.000000
0.000000
0.000000
0.000878
0.159463
0.869518
2.238820
1.960183
2.056155
1.965508
1.921078
1.924725
2.216811
1.442708
1.028296
1.243360
1.588209
1.626949
1.722497
1.600638
1.416731
1.409948
1.332909
1.282342
1.208538
1.187431
1.752603
2.198241
3.303515
0.033365
0.029182
0.057932
0.043362
0.026851
0.028800
0.027018
0.015251
0.000000
0.000000
0.000000
0.000000
0.000000
0.000000
0.000000
0.000000
0.000000
0.000000
0.000000
0.000000
0.025030
0.205912
0.768831
1.744727
1.975443
1.175701
0.888993
1.022040
1.349306
1.401730
0.826086
1.075792
1.359909
1.590658
1.700378
1.693982
1.573610
1.504223
1.438802
1.360450
1.280801
1.252605
1.834450
2.292284
3.436680
0.025911
0.011894
0.006723
0.004797
0.000000
0.000000
0.000000
0.000000
0.000000
0.000000
0.000000
0.000000
0.000000
0.000000
0.000000
0.000064
0.024262
0.120376
0.284776
0.652697
2.186067
2.278783
0.999829
0.551742
0.590467
1.111040
0.644749
0.628571
0.912569
1.188909
1.734520
1.804893
1.720365
1.611375
1.509366
1.505239
1.460975
1.349437
1.787529
2.443063
3.554121
0.007909
0.000576
0.000000
0.000000
0.000000
0.000000
0.000000
0.000000
0.000000
0.000000
0.000000
0.000000
0.000000
0.000000
0.000000
0.000867
0.027745
0.061936
0.255192
0.722151
1.030171
1.613967
1.058666
0.621066
0.372853
0.423877
0.518214
0.562372
0.694839
0.883300
1.410182
2.100303
2.014920
1.797273
1.729456
1.716856
1.637440
1.473090
1.587065
2.444835
3.367640
0.000000
0.000000
0.000000
0.000000
0.000000
0.000000
0.000000
0.000000
0.000000
0.001514
0.028445
0.085575
0.175184
0.473624
0.885900
1.056237
0.805849
0.500695
0.293365
0.255370
0.362967
0.470270
0.465560
0.587750
0.930290
1.407334
2.075907
2.135872
1.818238
1.824593
1.851330
1.754281
1.569520
2.097119
3.367880
0.000000
0.000000
0.000000
0.000000
0.000000
0.000000
0.000000
0.000000
0.000000
0.000000
0.020325
0.030451
0.112690
0.582020
0.715437
0.762081
0.343662
0.242438
0.197240
0.221545
0.264675
0.333841
0.471475
0.413142
0.458846
0.750398
1.543086
1.985495
2.021590
2.056831
2.141526
2.181320
1.603502
2.207456
3.227647
0.000000
0.000000
0.000000
0.000000
0.008577
0.025936
0.048776
0.521139
0.754968
0.785841
0.393104
0.176443
0.178682
0.228139
0.250225
0.288460
0.400805
0.511429
0.420939
0.499588
1.138931
1.756749
2.107915
2.189002
2.263351
2.395083
1.745375
2.160165
3.344410
0.000000
0.000000
0.000000
0.000000
0.000000
0.009008
0.141228
0.566971
0.661858
0.705823
0.204906
0.083081
0.123763
0.169792
0.249769
0.279382
0.326512
0.431103
0.561324
0.537357
0.852807
1.554330
2.077549
2.443693
2.481753
2.554286
1.809866
2.059165
3.447273
0.327376
0.442827
0.478935
0.489020
0.084353
0.038483
0.056898
0.075518
0.113040
0.170065
0.289624
0.309910
0.322703
0.477541
0.719772
1.037573
1.842084
2.241585
2.628332
2.810493
2.040601
2.144694
3.023733
3.657558
3.365251
0.389032
0.373528
0.375338
0.341528
0.174252
0.051920
0.039479
0.052615
0.072520
0.085040
0.139431
0.236627
0.325487
0.350941
0.467418
0.698212
1.155041
1.666416
2.579165
3.762999
2.154710
2.312049
3.152111
3.527938
3.581558
0.273476
0.249269
0.233516
0.170819
0.029230
0.035956
0.045690
0.058959
0.069520
0.097144
0.213289
0.344988
0.495938
0.644674
1.433381
2.295610
2.883431
3.265912
2.335622
2.474147
3.068480
3.323062
3.547336
0.205508
0.197380
0.198540
0.129622
0.026633
0.028075
0.032340
0.045680
0.060172
0.063734
0.094161
0.180324
0.435012
0.767633
1.916465
4.222429
4.500656
3.531485
2.695620
2.760350
2.994734
3.548886
3.854174
0.090504
0.096549
0.028052
0.011225
0.014594
0.029205
0.046533
0.067602
0.090015
0.114515
0.230260
0.368495
1.289309
3.816983
4.897528
3.675052
3.272332
3.394244
3.313912
3.646470
3.952739
4.141950
4.584714
0.170820
0.112248
0.046169
0.019296
0.009735
0.014076
0.025177
0.029665
0.048099
0.085843
0.152294
0.274563
1.064138
2.422938
3.130868
2.797070
3.108353
3.466611
3.961523
4.540238
4.860524
5.375917
6.750058
0.042170
0.067182
0.145571
0.264743
0.354092
0.483101
1.129307
1.834458
2.405585
2.598493
3.119096
3.814465
4.450508
5.307626
5.597289
6.790318
9.375757
