0.573922
0.321511
0.075922
0.066257
0.080924
0.073333
0.003399
0.000000
0.000000
1.790520
2.038359
1.729431
0.451861
0.108630
0.106838
0.126107
0.110870
0.099781
0.063395
0.002316
0.000000
0.000000
0.000000
0.000000
0.000000
0.000000
2.555097
2.862978
2.024836
0.758239
0.083546
0.112241
0.103739
0.169606
0.111450
0.103649
0.091743
0.079113
0.000000
0.000000
0.000000
0.000000
0.000000
2.234622
2.588736
3.176858
3.789084
1.375029
0.236054
0.108445
0.247319
0.102527
0.111726
0.133260
0.105985
0.098373
0.091506
0.000000
0.000000
0.000000
0.000000
0.000000
0.000000
0.000000
0.000000
0.000000
2.725952
3.308729
3.596906
3.503546
2.015714
0.953371
0.100314
0.097945
0.101142
0.100513
0.165020
0.107842
0.102503
0.099708
0.048466
0.048466
0.000037
0.000037
0.000005
0.000000
0.000000
0.000000
0.000000
0.688796
1.903377
2.866329
3.437758
3.073682
2.691968
1.792217
1.048525
0.227820
0.102156
0.101001
0.113670
0.186104
0.107438
0.136859
0.101915
0.082759
0.080215
0.000081
0.000062
0.000007
0.000000
0.000000
0.000000
0.000000
0.000000
0.000000
0.871428
2.248616
3.043912
3.169008
2.345628
2.491386
1.585280
0.229940
0.886726
0.811714
0.492276
0.853936
0.622785
0.320957
0.215371
0.239425
0.109124
0.103050
0.006410
0.003468
0.000431
0.000000
0.000000
0.000000
0.000000
0.000000
0.000000
0.000000
0.000000
1.075475
2.967253
3.561326
2.811960
0.956940
0.873226
1.735417
0.829253
0.174530
0.540817
1.249839
2.446028
1.207347
0.504383
0.430669
0.447183
0.187956
0.111041
0.034426
0.027177
0.003397
0.000000
0.000000
0.000000
0.000000
0.000000
0.000000
0.000000
0.000000
0.257616
0.257616
1.405317
3.401127
2.769063
1.953304
0.279963
0.118563
0.439113
1.069186
0.479609
0.886485
0.777699
1.481905
1.124803
1.477398
0.632277
0.507846
0.394224
0.151574
0.087332
0.034846
0.003397
0.000000
0.000000
0.000000
0.000000
0.000000
0.000000
0.000000
0.000000
0.356401
0.356401
0.832588
1.029129
1.852915
0.809594
0.199345
0.878596
1.290492
1.288429
1.051679
1.361488
2.243775
2.155664
1.447000
1.703151
1.810658
1.746481
0.952405
0.538399
0.116903
0.088066
0.003109
0.000000
0.000000
0.000000
0.000000
0.000000
0.000000
0.012723
0.014541
0.027465
0.049006
0.000000
0.000000
0.555282
0.957212
1.259054
1.847454
1.468369
2.023453
2.292915
2.045473
1.957287
2.155052
2.422587
2.655133
2.892911
3.008017
3.253552
2.989700
1.947130
1.917621
0.243380
0.076328
0.062710
0.038349
0.000000
0.000000
0.000000
0.000000
0.000000
0.012723
0.032805
0.051879
0.086343
0.410172
0.410172
0.631317
1.107961
2.240954
2.852284
3.186079
3.505930
3.332492
2.849309
2.299047
2.409700
2.829486
3.144917
3.744765
4.310584
4.969915
5.199827
5.563171
6.245732
1.204306
0.954061
0.178996
0.061473
0.001187
0.003166
0.005520
0.009869
0.011542
0.024313
0.096471
0.491517
1.147928
1.161543
0.615692
0.073148
0.073148
1.288411
2.602114
5.500963
6.392743
6.029642
5.944140
5.166990
3.671509
2.163692
2.324268
3.719575
3.730350
4.483126
5.678876
7.154896
8.846086
9.317921
5.216706
4.627882
3.317715
1.364345
0.400786
0.022025
0.098278
0.115288
0.147094
0.269094
0.349569
0.557191
3.297914
5.256550
3.646032
5.602767
0.000000
0.000000
2.218872
4.782595
7.481484
8.335722
8.854405
8.460237
6.892771
5.069200
3.402026
4.257176
6.133686
5.013086
6.200258
7.103678
9.233890
11.339669
8.796465
5.781349
5.624638
4.755452
3.078148
1.546988
0.282084
0.112773
0.144010
0.140508
0.207983
0.345500
1.410333
3.848736
6.713732
5.428843
4.026420
3.191741
1.971710
1.980722
1.713202
0.400303
0.400303
2.349380
6.416077
9.920460
11.338345
12.815828
12.985700
12.423350
11.527094
8.646268
10.341548
11.276900
10.111921
9.739695
10.530395
12.178794
10.808477
7.957540
7.575304
8.015220
7.072981
5.178860
3.450038
1.402050
0.419721
1.448788
0.952910
0.999624
2.851728
6.318273
7.312189
9.509516
7.313227
2.980834
5.006718
6.755447
9.909658
8.415544
0.317350
0.317350
4.552668
8.694447
11.330217
13.434561
15.130577
15.320189
15.682145
16.391320
16.301777
16.636534
17.027336
17.023005
14.827898
14.067169
12.709736
11.000652
10.390700
10.585000
11.345211
10.386550
7.630591
6.719391
5.068984
7.119214
6.850929
2.638380
5.406783
14.261501
16.810452
16.930556
10.950391
5.370228
11.420720
15.125839
15.465816
13.416761
9.395833
12.900005
18.560013
0.000000
0.000000
3.788801
8.738431
11.977006
14.093255
16.385247
17.138481
18.389669
18.835991
18.454589
18.870003
19.857081
20.991142
19.264544
16.977570
13.923495
13.002194
12.942637
13.644812
14.216245
13.041405
10.331995
9.352452
9.312572
13.003757
8.910885
3.173494
6.464112
18.606156
18.753914
17.272439
10.880977
10.101590
18.752397
20.823116
19.445722
18.631169
20.068363
21.010633
21.484075
0.228325
0.228325
3.252785
8.417612
12.398933
14.490856
17.120706
18.016234
19.574894
19.524575
19.569297
19.938275
21.246702
21.801244
20.056644
18.344383
15.423420
15.495323
15.592681
16.681653
16.611700
14.746736
13.081494
12.895705
14.871066
16.624378
11.101900
7.161570
8.442341
19.449983
19.677225
18.750350
18.026281
19.585088
22.984378
21.075156
21.910422
22.977447
26.925295
26.103461
23.518586
25.219125
25.454200
20.719913
18.580744
12.903875
6.706593
5.866873
3.452155
2.357808
6.345780
6.473185
17.519363
25.358739
34.666837
36.540042
37.685028
39.476903
39.027669
38.331020
38.389156
0.343161
0.343161
3.223725
8.471755
12.651292
14.694211
17.153755
17.882447
18.910488
19.462341
20.200109
20.152006
20.878772
21.503214
21.977106
21.640825
20.902314
20.429536
22.812805
23.315092
19.752770
18.315819
17.983819
18.941436
17.127820
14.886997
12.623370
11.168063
11.047095
20.990431
17.318033
15.053505
15.287770
17.024648
8.889131
7.593941
9.190742
8.991735
21.571642
22.810420
24.375995
26.353425
28.677886
27.345511
22.528488
25.630877
17.171366
10.932849
5.969873
4.169806
6.402387
13.722852
22.216775
28.783048
33.446094
33.079237
32.239500
31.748812
32.194938
34.448622
33.499500
0.000000
0.000000
3.297466
8.471306
12.818250
14.881587
17.359236
18.064997
18.916764
19.330817
18.845869
18.124781
20.523377
21.770292
22.936327
23.524581
23.667369
23.926203
24.777847
22.754839
18.967730
16.464603
16.601583
17.677634
18.272884
16.382653
13.752000
13.057100
14.028039
22.946342
17.990047
8.062161
6.062410
6.189257
6.104509
6.451072
6.756030
10.218045
15.280758
16.395938
20.200637
25.011700
28.616833
29.101145
30.112200
34.137550
24.000238
19.431303
11.857621
9.601301
9.697685
21.002600
28.268100
30.467937
29.724445
26.460912
23.654694
25.607100
34.144000
39.282800
35.216600
0.418872
0.418872
3.219418
8.255662
12.608359
14.292066
15.585669
14.803539
15.536028
13.397325
12.008213
12.814853
17.603611
21.210353
23.434913
24.089783
24.294827
24.440100
24.640034
22.996100
20.638459
18.125680
17.783956
18.201080
17.548872
16.828259
15.436700
14.732500
17.709300
23.806650
21.807022
13.774298
8.812852
9.310302
9.141920
9.331650
10.564587
13.489128
16.014225
16.333363
18.861587
23.025400
23.025400
28.668200
32.469000
39.336788
32.949961
28.829686
20.075720
16.848362
9.382410
22.982223
28.233700
28.558172
22.319750
21.544900
23.068225
28.137666
37.082753
42.205619
36.166261
0.371517
0.371517
2.927216
7.493489
11.199584
11.901466
10.340599
7.050207
5.643647
1.915326
2.310784
6.255933
15.383464
19.426502
19.981680
22.390913
22.809691
23.530219
24.317908
24.314191
22.738572
22.108178
19.742091
18.959534
18.064250
17.945500
17.720300
21.698700
21.927100
24.551050
21.295055
19.272637
15.705187
10.435700
15.623300
15.676100
18.495800
19.094650
16.370662
15.969300
18.362550
22.351300
22.351300
40.752581
46.950400
48.279000
43.033169
36.346639
27.971119
25.098900
17.824295
24.802200
24.509311
24.544989
27.221362
23.207795
25.594681
30.393992
32.944197
37.825056
34.566322
0.000000
0.000000
2.458933
6.358447
9.875438
11.284942
8.024190
2.010893
0.652838
0.146075
0.754809
3.693598
13.879594
16.503745
15.638755
18.055189
19.831577
21.158280
23.478248
22.791838
22.431750
22.268530
20.795239
19.982869
18.919617
18.811062
19.050112
22.941512
24.451537
24.755862
20.920736
19.263747
16.815441
13.560120
17.231987
18.748537
19.999550
19.421908
16.390561
15.969300
18.476855
22.656112
22.629362
41.329614
47.017767
48.597883
44.660589
39.198411
30.816252
26.708462
18.506086
29.129200
28.688125
26.462617
30.682777
31.451797
33.262923
36.689177
37.184347
35.142138
34.335837
0.374553
0.374553
2.134347
5.020782
5.446985
7.626938
6.704786
3.126392
0.064147
0.048405
0.100244
2.502094
11.493989
12.767292
12.985396
15.357245
17.680189
19.790420
23.036009
22.839891
23.125489
21.961575
20.932656
20.425375
19.727734
19.697813
20.520956
24.316289
27.020539
25.376319
21.245198
20.397783
18.854288
17.083788
19.320975
21.416425
21.711613
20.588517
16.733409
16.205600
18.495486
22.311962
22.274512
41.434967
47.578091
49.089302
44.312645
34.390384
29.158792
27.178711
20.126525
31.779200
32.213350
28.538120
32.367066
34.355452
37.615441
41.236328
38.799713
35.503050
35.373600
1.051740
1.051740
1.702051
3.904420
1.456542
0.835753
2.067583
2.454271
0.062924
0.000000
0.005331
1.001260
2.869968
4.186369
5.040947
8.794114
15.015370
19.154889
21.779162
22.587555
23.119248
23.098542
21.481008
21.807480
22.460822
23.295813
24.973770
29.163711
29.058383
28.698091
28.607909
28.751661
29.341608
30.579261
27.468913
27.483963
27.919450
27.523163
19.051234
17.859700
18.181347
18.717425
18.622700
41.156300
49.235831
47.315500
39.422128
30.302603
24.486902
24.487106
29.091275
31.948427
39.017850
38.761081
36.803447
36.526728
38.195002
40.985338
42.276163
41.814100
40.897400
0.000000
0.000000
1.186328
2.160420
0.518103
0.078402
0.736531
0.995382
0.044501
0.000000
0.000000
0.146075
0.298512
0.498307
2.740609
7.998171
13.549020
15.896281
17.429100
20.062036
24.333353
25.302397
24.028625
24.168875
25.537336
27.208281
28.300306
30.737608
29.171400
31.740137
31.568975
31.399662
31.604063
32.201500
29.439500
29.600056
32.182008
28.932302
19.061450
17.859700
18.430000
19.380500
18.622700
42.846100
50.293011
47.979966
38.090772
30.360195
31.650548
31.383900
29.216400
30.367867
41.072000
39.017850
38.820562
38.965128
41.183388
44.837458
44.256900
42.256500
41.513659
0.667230
0.667230
0.527947
0.637909
0.088051
0.087020
0.084166
0.094273
0.058760
0.000000
0.000000
0.000000
0.000000
0.000550
2.564670
6.084810
10.487249
11.923063
16.364519
19.009659
22.669698
25.646920
27.201872
27.870230
28.873789
28.800047
29.319536
31.623609
33.603900
35.177412
35.865775
36.434155
36.655186
35.689100
38.518300
38.518300
33.369700
31.492420
25.701500
24.980300
26.748050
29.694300
29.694300
46.610500
53.237322
51.368939
40.709850
36.860112
30.685914
26.844000
27.054800
24.914600
33.191087
31.246609
33.249225
33.931675
38.339700
44.688700
44.688700
46.587500
45.754700
0.786850
0.786850
0.101661
0.064269
0.000000
0.000000
0.000000
0.000000
0.000000
0.000000
0.000000
0.000000
0.000000
0.000000
0.000000
0.106366
4.846920
10.563028
14.877517
18.209359
22.113500
23.973488
26.834655
27.819131
29.866811
30.087844
31.154605
30.684400
31.415553
34.911047
36.155400
37.291002
38.116762
37.443200
40.192341
42.970800
33.879000
31.155956
26.442833
27.520988
32.099587
33.508400
32.801900
45.087500
55.855173
51.101875
45.872017
43.233969
31.876892
26.340900
28.333022
25.031783
31.673300
31.072175
32.674787
32.916000
38.011988
46.505300
46.063100
47.504861
46.297616
0.090163
0.023765
0.000000
0.000000
0.000000
0.000000
0.000000
0.000000
0.000000
0.001772
0.000000
0.000000
0.000000
0.380770
4.453213
7.883007
13.004750
17.700267
21.368125
22.255714
25.467994
26.645264
29.503513
32.362423
33.651028
29.666025
29.248116
33.032570
36.153228
36.374463
37.802856
38.215387
42.622784
44.411581
37.887352
33.926989
30.698747
31.863644
35.026252
34.580025
33.612931
45.350312
52.910541
49.517000
48.764508
45.140958
31.341603
25.030345
26.372214
22.771361
30.917300
30.691878
31.170413
31.243375
37.184472
47.086300
46.920475
47.588083
47.315584
0.076831
0.000209
0.000000
0.000000
0.000000
0.000000
0.000000
0.000000
0.000000
0.025150
0.020743
0.000579
0.012317
0.734729
4.970624
7.602011
12.730398
17.496616
20.920900
21.277616
24.701472
26.018348
29.067231
33.905612
34.345161
28.751625
27.661348
31.756173
35.036973
35.680281
37.534698
38.465862
43.437981
45.160647
40.965155
37.114870
33.289995
34.796461
37.018436
35.557630
34.355425
45.445850
50.275814
47.595878
44.603730
39.958017
28.314908
23.870525
24.653262
21.414538
30.463700
30.463700
30.267788
30.239800
36.687963
47.434900
47.434900
47.434900
47.434900
0.000000
0.000000
0.000000
0.000000
0.000000
0.556266
1.010805
0.046011
0.090083
2.008618
10.924651
15.123798
15.549280
18.302600
21.235978
21.875089
24.641989
25.978184
27.667398
29.436812
30.248933
26.170637
25.006375
29.633977
31.209448
33.165119
36.201212
36.253900
43.040627
43.944564
38.768413
38.054063
37.414456
37.940139
40.445020
38.887517
37.355936
44.875950
44.028737
43.881723
38.870256
33.811839
26.149366
23.387913
23.277413
22.426038
30.435712
30.435712
30.267231
30.243163
36.751353
47.598338
47.598338
47.434900
47.434900
0.000000
0.000000
0.000000
0.000000
0.000000
0.829292
3.913821
1.722328
0.100651
1.695079
11.562982
16.244750
19.061534
20.184200
22.655127
23.219555
24.208000
24.232188
24.630228
25.127025
24.574973
22.969100
22.207600
23.051100
25.654314
27.398325
30.139497
31.035138
41.906189
44.553748
39.154900
40.224292
40.148961
40.372453
41.055403
41.003673
40.037847
42.086667
40.702300
40.489819
36.950492
33.581352
29.182887
30.577700
26.574500
26.574500
30.239800
30.239800
30.263337
30.266700
37.195088
48.742400
48.742400
47.434900
47.434900
0.765971
2.242290
10.635684
15.727272
19.760828
20.982200
22.651400
23.393663
24.343111
23.845675
23.316005
22.720200
20.879802
19.039900
18.336100
18.849550
20.181423
20.976489
24.021730
26.553447
32.593830
41.106173
42.412741
43.499616
41.588737
41.062700
40.595175
40.534300
38.821500
37.766600
37.033200
36.026950
34.431888
32.245459
29.905553
27.373100
26.574500
26.574500
30.239800
30.239800
30.263337
30.266700
37.195088
48.742400
48.742400
47.434900
51.494569
11.874795
12.982928
15.678548
16.925059
20.244800
21.101800
21.654814
22.412378
22.424506
21.972247
20.005772
17.936628
15.126134
14.664166
13.261584
12.663031
12.638351
11.890672
13.532628
15.682355
20.613881
27.519667
34.104800
40.461084
42.780197
38.989450
36.523273
37.170030
36.944927
34.368006
34.850630
32.980366
30.332541
28.594522
26.661922
26.663000
28.939200
28.939200
40.587300
40.587300
40.587300
40.587300
46.712100
56.920100
56.920100
56.920100
59.588000
18.038319
18.843891
20.575370
20.851925
21.614263
21.884156
21.448616
20.452413
17.602819
14.830147
11.332353
8.371119
6.037164
5.030654
4.643817
4.999622
6.662472
8.837689
13.657859
19.754930
27.747808
33.648248
36.980680
36.228044
34.773072
33.813416
32.483275
31.003013
33.552809
33.139878
28.098370
24.798738
24.541641
25.068875
28.939200
28.939200
40.587300
40.587300
40.587300
40.587300
46.712100
56.920100
56.920100
56.920100
64.078875
18.923366
19.652092
20.498562
20.619362
21.466500
21.460156
20.471067
19.292003
16.028872
13.139228
6.046938
5.874478
6.107822
5.511173
4.231419
4.538937
5.845718
7.001569
10.505600
11.746853
21.886387
28.397952
33.253186
33.709766
32.849612
31.275050
30.037083
28.949200
31.874216
32.467258
27.186711
24.146603
22.808225
23.587537
28.438775
28.546750
40.587300
40.587300
41.366072
41.477325
47.268366
56.920100
56.920100
58.255900
67.817656
20.526750
20.347164
19.214856
18.510400
17.847969
15.208892
10.454183
5.826818
7.626668
8.473185
6.465873
5.705688
6.719286
7.489764
12.498500
12.538125
21.346600
22.525127
25.677183
26.451444
27.130642
27.255400
25.614425
24.708612
25.924337
27.347547
24.437787
21.071955
20.149533
19.921025
24.935800
26.105713
40.587300
40.587300
46.817475
47.707500
51.410836
57.583063
59.636311
67.606500
76.758750
20.582305
20.395895
19.091842
18.843480
19.507052
16.321977
6.189757
2.865171
5.254623
9.654021
9.699384
7.183441
6.875084
7.536127
12.498500
12.815500
21.346600
21.346600
24.265513
24.771192
24.653691
24.526800
24.526800
23.390600
23.390600
22.725337
21.882864
20.860892
20.460434
19.973700
24.935800
28.248500
40.587300
40.587300
46.817475
47.707500
53.151113
62.223800
63.623798
70.779211
78.508400
0.285295
0.229134
1.103838
3.666211
9.436372
9.214415
9.133770
9.516925
15.477200
14.996200
14.347100
14.950500
18.683613
19.560963
20.284725
20.501100
20.719100
20.696200
20.874747
19.691856
20.400787
24.233277
23.222909
22.868300
25.113900
25.137700
49.314000
55.927250
57.111225
57.145400
63.805888
74.906700
72.786103
76.552355
91.251300
0.110365
0.143840
0.345062
0.711957
2.854958
6.867523
8.733393
8.271490
14.134600
15.112800
14.347100
14.347100
14.232475
16.466564
19.044512
20.147200
20.147200
20.049200
19.783300
17.099008
18.666120
20.008133
23.918262
22.578700
25.113900
25.278600
49.314000
50.531212
56.340362
58.710500
72.769775
91.752200
82.189627
85.468014
103.821000
6.575810
7.038459
10.898991
13.350987
16.398600
15.044538
14.126545
15.410244
18.563848
19.568762
19.396325
19.248130
18.142925
16.670759
18.395655
20.077350
22.033161
22.413887
24.266650
24.328412
44.294844
50.513345
63.563738
66.387086
80.165633
99.355400
93.906211
96.225780
118.899750
5.213770
7.080061
9.077486
12.653256
17.845834
15.718378
14.075772
15.410673
18.276016
19.209452
18.856339
18.063098
16.920877
16.218950
17.892969
20.104033
21.542900
22.342150
23.758300
24.024775
41.107100
50.245403
67.531981
71.868902
86.250508
106.565500
105.106125
103.196445
129.868859
16.663561
16.066311
17.692000
18.751277
17.918009
16.005105
13.268717
11.696853
13.676628
16.187811
22.571566
21.739738
23.413425
25.401363
40.395838
47.497939
64.706445
73.421008
98.745984
131.719687
122.842953
122.951547
156.251437
195.543547
197.074172
15.436112
14.789614
15.973408
17.043681
17.335030
15.921531
12.761798
12.449470
13.600358
13.485703
14.524289
16.192500
20.999300
21.980200
35.417000
37.990812
52.892162
62.207063
96.631438
139.018172
129.924000
148.748297
200.542484
242.982844
258.249797
13.790537
14.476600
16.161809
15.990945
12.414000
13.899400
17.504620
17.905377
15.908142
16.194400
20.999300
22.173500
35.417000
35.417000
59.219100
73.016913
116.036938
165.106875
154.988766
176.260266
234.990000
290.390625
338.832375
17.046638
16.563700
16.563700
14.863500
14.863500
15.165025
17.714527
23.513889
24.143711
24.480500
27.283900
29.725500
40.847900
45.485050
101.790062
123.821375
164.983750
196.973156
195.553781
242.741453
351.529797
519.300156
621.862875
16.595700
14.863500
15.443375
13.690017
13.021878
16.280589
21.992297
23.937000
27.283900
28.956125
40.847900
44.488370
101.141820
135.146609
192.362969
214.719703
253.332469
313.891281
540.960188
645.996641
670.233813
670.475531
670.485016
27.540275
27.015375
27.363300
22.053778
16.741852
17.786816
26.371166
31.301213
40.998213
43.861523
57.357338
58.498261
116.129828
142.299172
201.574172
229.555734
364.138797
583.675203
669.349172
670.489953
670.509625
670.544000
670.562031
36.701722
37.243112
49.226800
53.391420
67.582312
69.254470
126.828294
144.768437
191.407516
238.209000
551.418422
667.656641
670.506047
670.523859
670.567922
670.581469
670.566094
