0.000000
0.000000
0.000000
0.000000
0.000000
0.000000
0.000000
0.000000
0.000000
0.000000
0.000000
0.000000
0.000000
0.000000
0.000000
0.000000
0.000000
0.000000
0.000000
0.000000
0.000000
0.000000
0.000000
0.000000
0.000000
0.000000
0.000000
0.000000
0.000000
0.000000
0.000000
0.000000
0.000000
0.000000
0.000000
0.000000
0.000000
0.000000
0.000000
0.000000
0.000000
0.000000
0.000000
0.000000
0.000000
0.000000
0.000000
0.000000
0.000000
0.000000
0.000000
0.000000
0.000000
0.000000
0.000000
0.000000
0.000000
0.000000
0.000000
0.000000
0.000000
0.000000
0.000000
0.000000
0.000000
0.000000
0.000000
0.000000
0.000000
0.000000
0.000000
0.000000
0.000000
0.000000
0.000000
0.000000
0.000000
0.000000
0.000000
0.000000
0.000000
0.000000
0.000000
0.000000
0.000000
0.000000
0.000000
0.000000
0.000000
0.000000
0.000000
0.000000
0.000000
0.000000
0.000000
0.000000
0.000000
0.000000
0.000000
0.000000
0.000000
0.000000
0.000000
0.000000
0.000000
0.000000
0.000000
0.000000
0.000000
0.000000
0.000000
0.000000
0.000000
0.000000
0.000000
0.000000
0.000000
0.000000
0.000000
0.000000
0.000000
0.000000
0.000000
0.000000
0.000000
0.000000
0.000000
0.000000
0.000000
0.000000
0.000000
0.000000
0.000000
0.000000
0.000000
0.000000
0.000000
0.000000
0.000000
0.000000
0.000000
0.000000
0.000000
0.000000
0.000000
0.000000
0.000000
0.000000
0.000000
0.000000
0.000000
0.000000
0.000000
0.000000
0.000000
0.000000
0.000000
0.000000
0.000000
0.000000
0.000000
0.000000
0.000000
0.000000
0.000000
0.000000
0.000000
0.000000
0.000000
0.000000
0.000000
0.000000
0.000000
0.000000
0.000121
0.000121
0.000000
0.000000
0.000000
0.000000
0.000000
0.000000
0.000000
0.000000
0.000000
0.000000
0.000000
0.000000
0.000000
0.000000
0.000000
0.000000
0.000000
0.000000
0.000000
0.000000
0.000000
0.000000
0.000000
0.000000
0.000000
0.000000
0.000000
0.000000
0.000000
0.000071
0.000071
0.000000
0.000000
0.000000
0.000000
0.000000
0.000000
0.000000
0.000000
0.000000
0.000000
0.000000
0.000000
0.000000
0.000000
0.000000
0.000000
0.000000
0.000000
0.000000
0.000000
0.000000
0.000000
0.000000
0.000000
0.000000
0.000000
0.000000
0.000000
0.000000
0.000000
0.000000
0.000000
0.000000
0.000000
0.000000
0.000000
0.000000
0.000000
0.000000
0.000000
0.000000
0.000000
0.000000
0.000000
0.000000
0.000000
0.000000
0.000000
0.000000
0.000000
0.000000
0.000000
0.000000
0.000000
0.000000
0.000000
0.000000
0.000000
0.000000
0.000000
0.000000
0.000000
0.000000
0.000000
0.000099
0.000099
0.000000
0.000000
0.000000
0.000000
0.000000
0.000000
0.000000
0.000000
0.000000
0.000000
0.000000
0.000000
0.000000
0.000000
0.000000
0.000000
0.000000
0.000000
0.000000
0.000000
0.000000
0.000000
0.000000
0.000000
0.000000
0.000000
0.000000
0.000000
0.000000
0.000000
0.000000
0.000000
0.000000
0.000148
0.000148
0.000000
0.000000
0.000000
0.000000
0.000000
0.000000
0.000000
0.000000
0.000000
0.000000
0.000000
0.000000
0.000000
0.000000
0.000000
0.000000
0.000000
0.000000
0.000000
0.000000
0.000000
0.000000
0.000000
0.000000
0.000000
0.000000
0.000000
0.000000
0.000000
0.000000
0.000000
0.000000
0.000000
0.000000
0.000000
0.000000
0.000000
0.000000
0.000000
0.000000
0.000000
0.000000
0.000000
0.000000
0.000000
0.000000
0.000000
0.000000
0.000000
0.000000
0.000000
0.000000
0.000000
0.000000
0.000000
0.000000
0.000000
0.000000
0.000000
0.000000
0.000000
0.000000
0.000000
0.000000
0.000000
0.000000
0.000000
0.000000
0.000000
0.000000
0.000000
0.000000
0.000363
0.000363
0.000000
0.000000
0.000000
0.000181
0.001030
0.000005
0.000000
0.000000
0.000014
0.000000
0.000000
0.000000
0.000000
0.000000
0.000000
0.000000
0.000000
0.000000
0.000000
0.000000
0.000000
0.000000
0.000000
0.000000
0.000000
0.000000
0.000000
0.000000
0.000000
0.000000
0.000000
0.000000
0.000000
0.000000
0.000000
0.000000
0.000000
0.000584
0.000584
0.000000
0.000000
0.000927
0.021273
0.045481
0.030178
0.011626
0.010510
0.031955
0.015195
0.005114
0.126897
0.043641
0.010836
0.000000
0.000000
0.000000
0.000000
0.000000
0.000000
0.000000
0.000000
0.000000
0.000000
0.000000
0.000000
0.000000
0.000000
0.000000
0.000000
0.000000
0.000000
0.000000
0.000000
0.000000
0.000000
0.000000
0.000000
0.000000
0.000000
0.000000
0.000000
0.000000
0.002613
0.021908
0.090239
0.174239
0.309052
0.170181
0.240407
0.281115
0.518008
1.630142
0.243194
0.018793
0.000000
0.000000
0.000000
0.000000
0.000000
0.000000
0.000000
0.000141
0.000235
0.000000
0.000000
0.000000
0.000000
0.000000
0.000000
0.000000
0.000000
0.000000
0.000000
0.000000
0.000000
0.000000
0.000000
0.000000
0.000000
0.000892
0.000892
0.000000
0.000000
0.002941
0.022048
0.086951
0.199684
0.419345
0.369346
0.764708
1.289734
2.057253
1.605993
0.136069
0.077342
0.002698
0.000000
0.000001
0.000000
0.000000
0.000000
0.000000
0.001526
0.003179
0.001600
0.000000
0.000000
0.000000
0.000000
0.000000
0.000000
0.000000
0.000000
0.000000
0.000000
0.000000
0.000000
0.000000
0.000000
0.000000
0.000000
0.000000
0.000000
0.000000
0.000000
0.000000
0.000000
0.000000
0.000000
0.000000
0.000000
0.024084
0.026331
0.035921
0.068416
0.038286
0.027720
0.027392
0.408856
0.011712
0.000976
0.000976
0.000000
0.000000
0.002563
0.021932
0.080586
0.191411
0.395489
0.600338
1.012836
1.228403
1.775191
1.992103
2.415267
2.425938
0.846734
0.171459
0.988945
0.431151
0.000000
0.000000
0.000000
0.014839
0.050006
0.014903
0.001779
0.000000
0.000000
0.000000
0.000000
0.000000
0.000000
0.000000
0.000000
0.000000
0.000000
0.000000
0.000000
0.000000
0.000000
0.000000
0.000000
0.000000
0.000000
0.000000
0.000000
0.000000
0.000000
0.000000
0.000000
0.000029
0.027225
0.028483
0.029931
0.042310
0.023037
0.025652
0.275689
0.779147
0.025917
0.000000
0.000000
0.000000
0.000000
0.001931
0.021682
0.079735
0.199485
0.331374
0.306014
0.212917
0.539865
1.413051
1.785980
2.053191
3.710178
2.837497
2.210464
2.006403
0.506108
0.000000
0.000000
0.000000
0.015826
0.067258
0.024401
0.015171
0.000000
0.000000
0.000000
0.000131
0.000000
0.000000
0.000000
0.000000
0.000000
0.000000
0.000000
0.000000
0.000000
0.000000
0.000000
0.000000
0.000000
0.000000
0.000000
0.000016
0.000000
0.000000
0.000000
0.000000
0.000230
0.025973
0.028657
0.028737
0.021799
0.012033
0.024432
0.031010
0.271069
0.028002
0.001786
0.001786
0.000000
0.000000
0.000780
0.019504
0.063057
0.053282
0.057544
0.005323
0.000005
0.000059
0.160536
0.196087
2.159525
4.091709
4.257167
4.209464
2.768124
0.304293
0.031870
0.030254
0.026307
0.038334
0.028646
0.024554
0.023864
0.003038
0.001406
0.035342
0.122970
0.000046
0.000000
0.000000
0.000000
0.000000
0.000000
0.000000
0.000000
0.000000
0.000000
0.000000
0.000000
0.000000
0.000000
0.000810
0.048118
0.004982
0.000000
0.000000
0.000000
0.000000
0.020682
0.027783
0.030926
0.020147
0.000000
0.022723
0.052198
0.253458
0.027617
0.001603
0.001603
0.000000
0.000000
0.000000
0.000000
0.004246
0.000000
0.000000
0.000000
0.000000
0.000000
0.014503
0.486388
0.885943
2.514341
3.265738
3.177655
3.681396
2.386315
0.106036
0.086120
0.033416
0.073207
0.078959
0.030843
0.024192
0.016460
0.153654
0.713001
0.205486
0.003058
0.000000
0.000000
0.000000
0.000000
0.000000
0.000000
0.000000
0.000000
0.000000
0.000000
0.000000
0.000000
0.000042
0.027973
0.643948
0.098206
0.039584
0.020819
0.000000
0.000000
0.000608
0.023276
0.100392
0.086464
0.007907
0.058330
0.210036
0.217655
0.030721
0.000000
0.000000
0.000000
0.000000
0.000000
0.000000
0.000000
0.000000
0.000000
0.000000
0.000000
0.000000
0.018076
0.104914
0.001722
0.413708
0.675304
0.700535
3.671667
2.478926
1.482267
0.717496
0.096169
0.186269
0.180965
0.112170
0.036697
0.023306
0.244183
0.784637
0.450771
0.016654
0.000000
0.000000
0.000000
0.000000
0.000000
0.000000
0.000000
0.000000
0.000000
0.000000
0.000000
0.000000
0.000217
0.040649
0.476544
0.601060
0.259666
0.030851
0.000000
0.000000
0.001603
0.021645
0.337545
0.237193
0.146773
0.485171
0.704947
0.274496
0.224219
0.001328
0.001328
0.000000
0.000000
0.000000
0.000000
0.000000
0.000000
0.000000
0.000000
0.000000
0.000000
0.000000
0.000000
0.000000
0.031603
0.015931
0.038395
3.098514
3.448016
3.878283
1.536538
0.151673
0.507765
0.363602
0.286787
0.142361
0.039888
0.755455
0.722941
0.140878
0.000727
0.000000
0.000016
0.000001
0.000000
0.000000
0.000000
0.000000
0.000000
0.000000
0.000000
0.000000
0.000001
0.027347
0.142667
0.304546
0.066830
0.103300
0.028301
0.002684
0.005959
0.005938
0.022551
0.287622
0.304303
0.950263
1.834913
2.607436
1.145073
0.813291
0.002845
0.002845
0.000000
0.000000
0.000000
0.000000
0.000000
0.000000
0.000000
0.000000
0.000000
0.000000
0.000000
0.000000
0.000000
0.000178
0.000167
0.018872
0.032041
1.699008
3.510758
2.891793
1.282423
1.568070
1.262501
0.838919
0.786575
1.291507
1.205584
0.838209
0.598565
0.109833
0.032412
0.095835
0.024765
0.000386
0.000000
0.000000
0.000000
0.000000
0.000001
0.000000
0.000000
0.003277
0.707319
1.512047
0.028624
0.031652
0.065527
0.117397
0.121480
0.115239
0.053490
0.036946
0.130024
0.686167
0.943737
1.836532
2.804781
2.433552
1.926634
0.000000
0.000000
0.000000
0.000000
0.000000
0.000000
0.000000
0.000000
0.000000
0.000000
0.000000
0.000000
0.000000
0.000000
0.000000
0.000000
0.000500
0.008819
0.024799
0.237595
2.488105
3.289433
2.921478
2.853162
2.340423
1.751249
1.560161
2.143949
2.025081
1.796486
2.022384
1.012001
0.910012
0.367157
0.025817
0.000000
0.000000
0.000000
0.000000
0.000010
0.000006
0.000000
0.000000
0.016848
1.773846
0.920991
0.088741
0.254877
0.649353
0.818787
0.373444
0.579523
0.380367
0.152137
0.426337
2.063220
2.382373
2.034065
2.335230
2.538300
2.686934
0.001418
0.001418
0.000000
0.000000
0.000000
0.000000
0.000000
0.000000
0.000000
0.000000
0.000000
0.000000
0.000000
0.000000
0.000000
0.000000
0.000000
0.001793
0.023510
0.254009
2.476239
3.584657
3.672483
3.695336
3.704736
2.682111
2.162655
2.467973
2.458933
2.700821
2.550845
2.439744
2.892695
1.656586
0.149485
0.035197
0.024876
0.000000
0.012797
0.018054
0.000018
0.000087
0.007443
0.072893
1.378193
2.902550
0.620502
1.190853
1.537048
1.438756
1.039823
0.954970
0.706890
0.501999
1.174436
2.126292
2.522739
2.104310
2.022058
2.193500
1.744627
0.001614
0.001614
0.000000
0.000000
0.000000
0.000000
0.000000
0.000000
0.000000
0.000000
0.000000
0.000000
0.000000
0.000000
0.000000
0.000000
0.000000
0.000000
0.005493
0.010350
0.500573
1.393492
1.760935
1.406930
3.133075
1.235540
1.960864
2.694273
2.422350
2.694413
3.170176
3.187006
3.428229
3.494004
2.967530
2.227224
0.623967
0.025059
0.035929
0.098100
0.408954
0.611871
0.116552
0.722830
5.066994
5.792174
2.619452
1.938240
1.232377
1.286335
1.279519
1.330714
2.635990
1.669703
1.528981
1.880886
1.502441
1.420684
1.774310
1.737205
1.159929
0.000000
0.000000
0.000000
0.000000
0.000000
0.000000
0.000000
0.000000
0.000000
0.000000
0.000000
0.000000
0.000000
0.000000
0.000000
0.000000
0.002188
0.019751
0.024370
0.029816
0.038871
0.224514
1.052689
1.116004
0.750062
1.095392
0.863105
2.288382
3.290069
2.096634
2.280586
3.337084
3.872793
4.178973
1.550403
0.115530
0.097421
0.657183
1.819358
1.517019
0.644673
1.389906
4.904698
5.479256
5.135867
3.203771
1.747252
1.948214
1.709568
1.417715
2.255645
2.072261
1.033872
1.030749
1.151784
1.358107
1.827210
1.857402
1.288127
0.000000
0.000000
0.000000
0.000000
0.000000
0.000000
0.000000
0.000000
0.000000
0.000000
0.000000
0.000000
0.000000
0.000000
0.000000
0.000000
0.000077
0.022688
0.032808
0.036040
0.082905
0.171003
0.349312
0.172465
0.189664
0.374727
0.520917
0.749411
1.954513
1.107166
1.634490
2.344554
3.990170
4.633497
2.103692
0.241718
0.301549
1.215069
2.560872
0.814832
1.229040
3.185704
5.164158
5.263443
5.109241
4.077184
1.067669
1.201090
1.609914
1.571092
1.818409
2.224693
1.161783
0.931235
1.070293
1.304418
1.871570
1.919088
1.313636
0.000000
0.000000
0.000000
0.000000
0.000000
0.000000
0.000000
0.000000
0.000000
0.000000
0.000000
0.000104
0.000963
0.023646
0.216798
0.104534
0.107910
0.161225
0.201665
0.288965
0.228643
0.309898
0.186967
0.089934
0.027468
0.350658
0.654397
1.013522
3.207412
2.004154
0.460669
0.179691
1.120182
1.983750
2.511555
1.224504
2.118489
5.696124
5.212428
5.125298
4.647935
4.022352
2.144562
2.131457
2.445256
2.621048
1.497040
1.282446
1.102273
1.043389
1.066748
1.203541
1.988266
2.214521
1.451771
0.000000
0.000000
0.000000
0.000000
0.000000
0.000000
0.000000
0.000000
0.000000
0.000000
0.000000
0.002056
0.051187
0.098955
0.357120
0.135924
0.187131
0.144884
0.135881
0.136450
0.147567
0.148596
0.092238
0.039512
0.024017
0.020341
0.044021
0.227051
1.470948
2.287779
2.481730
2.764886
3.147623
3.243420
4.054266
3.029666
3.522257
4.730479
3.970688
3.638490
4.457915
5.149665
3.518443
3.660670
3.771548
2.346505
1.503020
1.447449
1.230281
1.132457
1.108078
1.218522
2.246219
2.472428
1.565663
0.000000
0.000000
0.000000
0.018504
0.249998
0.376035
0.384867
0.206380
0.204620
0.190162
0.162187
0.054125
0.026445
0.026207
0.013708
0.003462
0.008464
0.000000
0.019799
0.027154
0.149642
1.586133
4.857702
5.619918
4.279907
3.883839
3.534239
3.943509
3.190659
3.311667
2.723349
1.825448
2.829194
4.739193
5.984473
5.023315
2.254131
1.925843
1.514081
1.601327
1.341388
1.263273
1.206970
1.237279
2.423773
2.624648
1.794225
0.000000
0.001132
0.003108
0.003259
0.088990
0.279049
0.075583
0.064159
0.122843
0.079975
0.026070
0.026173
0.003018
0.000000
0.000000
0.000000
0.000000
0.000000
0.000000
0.000000
0.000000
0.196987
2.380043
4.073336
4.742031
3.059974
2.683094
3.111920
3.544579
3.155635
2.644018
1.063142
1.282014
3.210462
3.475291
3.014031
1.824785
1.812510
1.447500
1.467467
1.382619
1.362673
1.341469
1.333550
2.281552
2.764778
2.274406
0.042104
0.057136
0.131345
0.166380
0.081711
0.062268
0.052585
0.008247
0.005431
0.008991
0.000020
0.000000
0.000000
0.000000
0.000000
0.000000
0.000000
0.000000
0.000000
0.001273
0.213648
1.112135
2.791727
2.575094
2.840077
2.840960
2.588902
2.088799
2.754968
2.080728
1.237127
1.455106
2.047020
1.727196
1.884491
1.934460
1.627017
1.495196
1.444697
1.435163
1.410926
1.404550
2.209667
2.899802
2.570473
0.084053
0.051930
0.141693
0.103602
0.048015
0.040002
0.025570
0.014054
0.000000
0.000000
0.000000
0.000000
0.000000
0.000000
0.000000
0.000000
0.000000
0.000000
0.000000
0.000000
0.022091
0.173332
1.304511
2.570665
2.906185
2.718016
1.351011
1.273497
2.132032
1.971551
1.016494
1.323351
1.529828
1.688581
1.911816
2.022199
1.852421
1.589671
1.530956
1.530026
1.484520
1.451816
2.167956
2.961438
2.958270
0.024150
0.023183
0.010130
0.006883
0.000000
0.000000
0.000000
0.000000
0.000000
0.000000
0.000000
0.000000
0.000000
0.000000
0.000000
0.000820
0.023656
0.117302
0.635856
1.206243
2.559365
3.082683
1.480633
0.714523
0.756982
1.472529
0.776661
0.746126
1.194314
1.407275
1.869510
2.187565
2.058060
1.868743
1.867877
1.870701
1.755150
1.520829
1.909371
2.796800
3.098622
0.024103
0.021701
0.000000
0.000000
0.000000
0.000000
0.000000
0.000000
0.000000
0.000000
0.000000
0.000000
0.000000
0.000000
0.000000
0.010421
0.037625
0.100923
0.799645
1.190034
1.154332
1.904826
1.453607
0.895863
0.486701
0.523201
0.567776
0.641167
0.873389
1.176984
1.695436
2.563265
2.482446
2.156518
2.082851
2.071261
1.973985
1.740489
1.663605
2.606312
3.331892
0.000000
0.000000
0.000000
0.000000
0.000000
0.000000
0.000000
0.000000
0.005524
0.018058
0.035259
0.255944
0.712546
0.971690
1.032239
1.218003
1.021727
0.673673
0.392325
0.272032
0.373027
0.486800
0.503585
0.682333
1.139367
1.743983
2.427128
2.610738
2.187480
2.196735
2.245681
2.132948
1.670918
2.235749
3.475083
0.000000
0.000000
0.000000
0.000000
0.000000
0.000000
0.000000
0.000000
0.005524
0.012994
0.038882
0.131125
0.621449
0.775910
0.881261
0.943878
0.401868
0.312706
0.244221
0.248866
0.275916
0.337656
0.474172
0.420044
0.508138
0.908484
1.971959
2.395690
2.463366
2.502071
2.633867
2.722848
1.813726
2.339220
3.319506
0.000000
0.000000
0.002072
0.005428
0.032292
0.103152
0.208306
0.671214
0.980770
1.029810
0.475030
0.237385
0.247480
0.275591
0.284612
0.304377
0.403142
0.511062
0.483418
0.535020
1.431085
2.198366
2.543613
2.585780
2.844512
3.070461
2.057644
2.407994
3.528315
0.000000
0.000000
0.000000
0.002807
0.028468
0.077249
0.194628
0.731161
0.855890
0.930322
0.213656
0.141019
0.200849
0.261199
0.329779
0.331188
0.350592
0.445405
0.576253
0.557235
1.022918
1.992752
2.532611
2.829304
3.015612
3.336222
2.201740
2.413829
3.751155
0.443359
0.584783
0.629488
0.636337
0.083008
0.059184
0.085249
0.112053
0.164451
0.233360
0.354535
0.329578
0.312640
0.474973
0.794404
1.373948
2.354957
2.845918
3.260493
3.789874
2.578286
2.646398
3.544677
3.886503
2.983500
0.557642
0.494823
0.492772
0.440155
0.211198
0.059539
0.051797
0.071489
0.104213
0.128487
0.205625
0.321891
0.355180
0.341226
0.443278
0.742635
1.874092
2.214899
3.281731
4.390419
2.802635
2.933669
3.790424
3.902147
3.413063
0.354167
0.320585
0.292450
0.211857
0.029249
0.030692
0.051607
0.070344
0.095546
0.151613
0.336660
0.470833
0.534541
0.665124
2.273754
3.145764
4.070383
4.960196
3.327956
3.217393
3.716220
3.739503
3.705643
0.265248
0.254801
0.243628
0.157588
0.027355
0.029284
0.029892
0.050688
0.065070
0.068596
0.136306
0.318123
0.769682
1.263508
4.434190
6.634962
7.689635
6.560670
3.784250
3.675098
3.813799
4.400217
4.245364
0.094231
0.114257
0.025541
0.014896
0.025942
0.029354
0.048587
0.071818
0.091699
0.117248
0.247579
0.405209
2.467492
6.327615
8.913915
7.679365
4.602692
4.679086
4.296906
4.646525
4.521754
4.293985
3.537701
0.207016
0.111805
0.036642
0.011123
0.013425
0.019020
0.025823
0.028421
0.049086
0.087339
0.144950
0.285336
1.388053
4.007017
5.861789
6.281226
4.354260
4.806868
5.519411
6.318251
6.250865
6.340133
6.003198
0.051028
0.088581
0.203731
0.394890
0.580952
0.762937
1.659945
2.716960
3.583516
4.046724
4.575262
5.530328
6.333835
7.661679
8.059748
8.311337
9.930337
