0.000000
6.318361
5.545724
3.636200
11.712848
15.642559
9.633047
16.170445
3.169080
4.917946
7.510730
5.576965
7.661831
10.971303
9.509319
16.729922
5.426280
4.907001
6.629917
5.317459
15.150542
10.330539
13.828892
11.508006
4.537189
5.233428
3.113651
7.971389
9.821740
16.168327
7.868829
14.577864
8.059367
6.411005
4.768257
9.070392
18.064978
13.094473
13.072372
17.360097
5.140634
4.489655
7.128526
4.193551
18.230369
8.975507
22.848994
9.756105
6.296108
6.518950
6.168436
6.169992
14.081750
14.371089
15.609406
6.779676
3.529436
7.554582
5.078921
4.639032
10.092971
11.277559
11.628962
14.154659
27.899333
61.742980
45.106869
47.699237
175.290469
60.909561
135.795672
224.223156
31.294456
36.852878
43.279189
44.031133
62.544280
177.611234
200.870672
110.645594
24.240242
55.196158
34.661616
49.122587
134.796672
514.163203
329.717437
100.943383
27.606327
53.674812
27.040773
34.570411
152.430859
208.818937
95.040495
135.920312
50.848692
40.136753
24.100514
52.502372
238.438656
85.674395
89.497087
223.561078
49.670323
26.417684
32.276492
34.768730
159.243703
126.042500
91.409931
196.066391
59.917028
34.190694
23.359852
42.763052
300.325172
111.897375
245.877797
68.300750
26.972584
71.259609
30.221895
50.814361
283.349719
65.173134
68.986008
263.505625
2.530589
3.901842
5.063789
3.477378
8.997450
7.085891
9.921334
11.734320
2.815483
4.219165
3.179945
3.878785
5.819672
13.104837
7.797680
13.584272
5.268358
3.339213
4.156419
5.538739
10.525177
15.376253
7.608121
5.832292
3.170004
4.924825
3.069288
4.113426
6.602223
11.113242
12.249702
5.311100
4.689415
2.461006
3.994237
5.152775
14.642811
7.117109
12.008445
5.483578
4.334262
3.290883
5.910814
2.583233
6.546640
11.599591
7.074271
8.646072
4.005376
2.089473
4.077277
4.721799
15.063994
10.123735
6.102636
10.355178
2.461169
5.125829
4.503715
3.004308
7.612841
12.777633
7.027775
10.712481
23.247736
42.098655
38.522514
18.568803
63.881337
108.073078
105.818734
79.696033
11.555870
30.025200
25.477077
28.065116
109.793609
51.253578
158.354016
42.196600
27.470605
26.860478
21.375244
27.400009
58.884853
128.240750
115.998781
86.481461
30.768895
16.682586
51.005334
14.789205
121.974719
65.408947
49.351616
173.979594
23.459856
66.918503
43.594167
34.125269
96.856328
105.802453
79.435430
171.037125
22.017848
36.158706
21.219630
33.355577
76.187639
136.583437
57.328047
129.118844
36.024737
28.344136
34.938100
30.267530
80.691839
137.052359
83.117111
120.653500
36.615103
17.920753
29.764075
19.941975
65.785105
136.291969
83.031352
92.028192
8.837046
4.220747
3.820031
6.212948
13.766056
11.644908
15.489442
9.808738
4.359964
4.004206
4.094312
5.940580
8.605180
10.562041
17.863217
10.384136
2.703883
10.260505
4.028222
9.890686
13.589327
12.437086
9.114361
20.063913
8.450702
4.134528
4.080363
4.951954
10.337138
13.758845
9.398167
14.233003
4.064198
7.028126
4.509530
8.243422
10.777858
14.703614
9.909576
12.491972
3.756926
9.323374
3.265843
6.003448
17.148027
9.326970
9.055371
16.137267
5.529635
6.508505
4.270274
3.264147
11.556778
21.610478
11.347806
14.392144
6.092976
8.387261
3.582515
4.744146
18.364330
6.254709
24.101872
11.389709
22.176523
75.016794
52.067508
20.960291
160.802500
289.169594
104.136883
303.491031
42.368367
33.840723
45.637442
34.323025
75.083525
170.263750
206.498797
94.023523
23.017525
54.515011
52.848280
19.922138
382.354016
65.854392
153.639281
288.846844
24.350114
47.565133
41.464163
23.343053
85.676153
194.732453
176.358703
47.809336
30.269206
46.417016
36.613784
25.555927
110.652125
384.222047
85.308056
223.282328
36.355708
31.122133
75.162477
17.612027
162.299500
204.566203
117.879312
145.935797
28.709252
73.632837
44.877372
24.953842
60.152987
370.756594
220.010687
133.859109
22.901827
50.941138
57.421764
25.875733
59.465441
343.410094
108.040969
193.667750
2.331975
5.230972
2.443693
4.453534
19.933086
6.618715
7.439677
10.001211
2.396274
4.725242
3.668651
3.905761
5.473811
10.407784
9.820582
6.997690
2.005468
3.608320
4.314065
3.605288
10.573327
11.529808
7.364108
12.584180
4.044088
2.580272
2.774944
4.774277
8.462965
11.027848
5.597963
8.812174
3.582000
5.200818
1.901055
5.762118
10.187069
6.354023
13.876638
11.041012
3.460482
3.619331
2.522917
4.862046
6.493173
12.542439
13.975519
7.652427
5.039307
3.207313
3.154073
4.286278
16.639477
6.844972
9.901756
7.129778
4.387857
2.760916
4.225408
2.271525
9.089277
7.931383
11.451520
7.145332
30.750114
34.308089
20.182708
42.668820
74.482553
164.610984
74.222198
184.760844
32.425384
18.655773
20.379487
24.418355
107.745000
57.403536
88.921394
47.682508
13.537600
57.929597
46.849397
14.030530
228.308609
74.676586
47.268600
173.151250
23.157123
14.781378
17.045350
32.010236
94.472786
71.794027
65.396994
95.400817
21.027383
59.437720
25.608922
37.421108
94.516098
114.935672
46.315753
252.273891
46.537380
16.141583
20.163991
37.844600
105.129766
54.238525
104.775594
144.852578
27.538717
29.995828
36.273186
23.355200
63.197552
145.205906
61.952537
274.299734
47.143711
19.068741
14.667406
31.022319
66.406808
147.414156
60.507752
97.191383
6.450356
6.802683
3.997463
8.066580
9.648301
18.857253
15.850558
10.369653
4.000458
8.909249
3.517485
5.282588
14.374086
9.334482
12.930923
13.375866
4.180041
4.956314
8.465716
6.261427
10.386458
15.114275
17.418277
9.127722
2.862052
7.920205
4.479078
6.362095
10.530911
11.508788
6.656370
16.442191
6.203666
7.072032
7.661045
4.206420
11.651684
16.190091
16.935689
12.817136
5.260045
5.394673
4.738803
4.541217
16.832878
9.850325
6.572047
21.327730
10.095745
5.872327
8.069575
4.361779
15.396347
12.403981
14.258703
11.282527
3.260642
6.902612
3.550078
9.568513
8.466886
10.770122
10.370402
13.301869
47.500162
26.187223
44.544252
33.068819
396.465000
99.168461
242.441969
97.532906
38.893669
28.160714
44.577369
25.381895
123.515641
196.658312
142.502922
75.574030
50.004598
30.860278
20.093598
48.139578
71.868902
360.386844
148.017031
229.566969
48.488837
21.566941
52.376747
21.278412
71.314572
203.590859
127.407203
193.976328
29.968562
55.472141
35.267175
57.677697
73.865187
336.097344
206.935469
152.581172
26.188908
35.507458
27.651878
39.125458
310.781719
201.364234
104.427945
225.127422
60.248333
31.567775
32.335462
57.860394
205.657094
131.763641
89.741464
317.284797
40.186720
42.498672
38.668317
24.811366
106.845031
352.752875
99.377656
410.662266
2.653654
4.702572
3.241166
6.735245
6.707215
10.680563
6.636107
11.377498
3.864094
3.614492
2.869784
4.556703
13.001831
6.989577
5.497742
9.239621
3.654582
5.652775
2.274152
4.253808
18.733297
6.572550
9.646939
6.980832
2.096631
4.674795
2.414889
4.655368
11.089627
7.352461
7.936408
10.276745
5.277851
3.665281
4.499474
6.074235
10.597573
7.420202
10.393786
11.954761
2.665586
4.148461
5.268133
2.172035
13.134977
8.874151
6.379418
10.862161
5.325613
4.505236
3.179558
4.082022
13.990923
6.222922
13.698042
6.275775
2.275555
4.126709
1.650597
3.815510
12.826462
6.086086
6.509655
12.339344
36.100397
13.469064
35.855802
18.021112
102.618016
105.912016
96.426231
126.983937
18.177241
39.958931
13.104409
26.923191
199.412656
83.728853
76.178705
159.504031
18.381450
62.664198
28.234700
20.116830
121.813453
136.622219
81.792462
124.519812
19.931633
46.783441
15.719100
29.712973
74.504292
99.173078
83.185422
150.217625
29.221631
26.812066
21.608497
39.410300
69.857319
207.105016
162.862484
61.741783
15.337433
34.442855
36.841027
20.272600
64.185219
118.307266
47.330117
160.180531
53.606514
17.382647
22.334959
47.680283
107.216594
208.943297
117.322984
97.648211
32.302636
15.849428
23.789181
21.939000
93.005025
125.691219
125.352234
85.029178
5.533697
9.457576
4.189312
6.088544
15.641906
11.606216
15.524061
9.501638
5.011575
4.628559
3.392350
9.382988
11.324748
7.144950
13.963977
9.880963
4.813931
10.500703
3.710347
6.935779
9.282883
14.444073
9.193598
13.460144
2.746718
7.107574
7.665285
4.448184
11.081013
5.468065
10.097526
13.391422
3.348676
6.139816
9.318649
3.850137
22.918625
6.759030
15.203120
11.790023
5.130530
7.457536
3.955779
7.533937
10.558327
21.079481
8.284713
13.003305
8.052131
4.912464
10.156908
3.745014
10.871058
13.064689
10.725761
25.200442
9.564722
5.002812
3.639415
5.669901
18.304116
9.681585
8.889808
14.171725
27.449744
35.502689
24.677689
51.295716
203.242375
93.787778
87.116505
412.520984
30.032050
50.690492
28.562700
21.001252
151.572359
137.895484
230.895453
153.208719
23.698153
45.432423
20.811492
49.833225
298.660562
78.388864
187.363750
78.563380
47.601678
17.884208
67.799748
24.781069
133.895141
160.326641
431.009297
60.977977
65.910941
20.918864
29.926967
49.086569
168.524641
223.812156
77.025037
183.298516
40.769720
45.850042
18.090706
46.608173
65.848241
230.274016
133.663500
85.902702
24.383519
49.854816
27.488852
52.986803
120.488219
201.827906
136.804594
355.334234
24.796653
51.016542
35.950530
28.862855
223.610547
73.037930
162.569109
361.217625
3.064971
4.861417
6.289420
2.961405
6.356298
6.910016
6.993692
13.114716
5.473111
2.788726
4.616401
2.683777
7.411853
12.399198
8.492342
5.612472
2.420477
5.586355
5.185279
3.655999
10.441537
8.582024
8.871504
6.965774
2.747959
4.111335
5.231789
3.190252
7.770681
10.998494
8.709720
5.762947
3.960179
6.767445
2.547861
4.249334
5.760163
12.253103
5.902388
18.902742
5.234382
2.315826
2.243725
3.630801
7.806766
8.412917
7.784353
12.266652
3.382903
4.173524
4.693516
4.946976
12.851478
5.744589
12.636491
8.038640
2.929133
4.326833
4.639304
3.673616
7.266589
8.277256
6.580440
9.175395
34.827145
23.478966
31.852259
28.654392
68.789847
200.971875
81.908153
127.637797
37.677275
20.871495
32.225491
16.822286
69.382300
104.666219
50.671009
93.918223
37.036925
14.130762
27.601889
22.825095
122.477750
98.919648
208.657156
57.887881
16.268577
34.144020
22.220027
17.116189
56.033220
117.941219
92.008648
45.840553
20.306936
28.405000
20.323030
51.936537
75.666459
242.876297
64.748972
192.875094
32.554147
18.334300
30.695211
18.860692
114.660812
82.593203
77.323222
85.606180
22.925380
56.776811
21.421684
34.457000
157.674797
65.861812
84.402767
136.923547
16.341656
35.889973
20.960400
31.625564
145.234828
82.686173
111.960859
87.717342
1.954663
2.168059
1.864725
4.086230
0.153651
0.068948
0.164237
0.053681
3.398241
2.239095
0.282954
2.434662
0.234261
0.045696
0.078392
0.055454
1.653687
3.151406
2.190125
1.973682
0.048471
0.412235
0.068404
0.339819
1.440194
0.323905
4.213497
0.238512
0.150079
0.036266
0.094645
0.041634
0.534789
1.879148
3.365602
0.524994
0.054181
0.058669
0.199760
0.057094
0.355865
3.101339
1.747779
0.444668
0.049689
0.073367
0.020268
0.069414
2.860423
0.280645
1.788474
2.265763
0.056670
0.101110
0.076496
0.138300
2.337993
0.450517
2.061504
1.326267
0.063425
0.086918
0.044760
0.175555
0.018886
0.009048
0.010481
0.009967
0.006062
0.008038
0.007205
0.005540
0.009927
0.012420
0.008568
0.010066
0.007756
0.005818
0.005906
0.012544
0.022811
0.008931
0.026155
0.010626
0.006585
0.004873
0.006732
0.008723
0.011581
0.011469
0.026739
0.017365
0.006649
0.006684
0.007155
0.012797
0.009079
0.011021
0.032567
0.009590
0.005916
0.008055
0.006880
0.005840
0.009825
0.016006
0.009397
0.012754
0.007219
0.005894
0.007328
0.005367
0.010860
0.020379
0.034212
0.012781
0.006253
0.007833
0.005747
0.008514
0.025519
0.008316
0.014647
0.009317
0.005622
0.007524
0.007716
0.005639
2.260084
1.385187
0.209744
2.023517
0.047459
0.057755
0.046166
0.041382
1.486822
0.206519
1.071334
0.264980
0.111278
0.017156
0.091638
0.012630
0.153307
2.658049
1.562576
0.085116
0.053778
0.012608
0.097143
0.123421
0.484055
0.229226
0.466110
0.402156
0.038321
0.019786
0.019688
0.081777
0.290211
3.245994
0.969608
0.188559
0.013832
0.069066
0.041745
0.150353
0.201540
0.656980
0.136848
1.580043
0.041917
0.014424
0.057639
0.050397
0.372674
3.320324
0.363953
0.382743
0.013008
0.067496
0.184553
0.034847
1.852079
0.341177
0.262486
0.555009
0.040061
0.013168
0.133708
0.014788
0.010522
0.009487
0.009184
0.012002
0.007623
0.005735
0.005925
0.006903
0.012712
0.009000
0.009371
0.010050
0.005716
0.007398
0.004908
0.008166
0.010420
0.011371
0.012844
0.011693
0.007190
0.006579
0.005611
0.008623
0.009085
0.011262
0.014279
0.012592
0.005375
0.006825
0.007683
0.004884
0.013221
0.007740
0.007988
0.010361
0.006813
0.006276
0.006718
0.005085
0.017761
0.008180
0.010489
0.008489
0.006421
0.010947
0.007662
0.005302
0.008798
0.010878
0.010238
0.010384
0.007130
0.006247
0.007085
0.005719
0.007821
0.011446
0.008336
0.011106
0.006817
0.005549
0.006617
0.006503
0.372169
3.358789
4.550137
0.530222
0.044484
0.270605
0.061757
1.131735
1.749593
2.506283
2.196891
0.241539
0.086962
0.098017
0.047146
0.090026
3.546431
0.136664
3.880506
0.341410
0.079937
0.336938
1.257247
0.041193
0.093994
3.619551
1.412560
0.386112
0.083604
0.131232
0.071723
0.108658
3.950002
1.887637
1.796769
0.308093
0.322414
0.054863
0.115902
0.155294
3.082956
0.123121
3.266926
0.569915
0.019232
0.087155
0.280826
0.034270
2.158869
1.947085
2.896608
2.445293
0.595378
0.061429
0.182090
0.165118
0.811384
0.781246
2.020488
2.112752
0.042029
1.060368
0.043859
0.036101
0.026387
0.008419
0.009764
0.038717
0.006317
0.006555
0.017076
0.005310
0.009179
0.014217
0.019987
0.014219
0.020509
0.005871
0.005574
0.015125
0.042827
0.044916
0.024352
0.144659
0.005050
0.034082
0.006815
0.007834
0.018085
0.017254
0.043777
0.024890
0.007946
0.006629
0.010457
0.009850
0.022014
0.048400
0.013966
0.025309
0.006751
0.005178
0.010138
0.008259
0.017997
0.021941
0.008243
0.068263
0.008933
0.005226
0.006986
0.013652
0.036963
0.021312
0.027402
0.038101
0.031291
0.005439
0.007632
0.006699
0.064072
0.027859
0.009509
0.079288
0.010768
0.004990
0.009678
0.008699
2.124906
0.599458
1.848124
0.139821
0.024352
0.204155
0.027225
0.044107
1.055412
0.108470
0.563639
0.591660
0.050272
0.015464
0.039196
0.237868
2.268842
0.306274
0.549257
1.029426
0.040244
0.038583
0.116571
0.108275
0.612966
1.128314
0.767946
0.047663
0.023732
0.045763
0.048406
0.064237
0.645146
0.510173
3.382151
0.092498
0.054353
0.052083
0.028749
0.021014
0.269646
0.601633
1.096756
0.394002
0.042468
0.024019
0.019931
0.021372
0.087078
1.602004
0.805593
0.827408
0.012923
0.241961
0.026166
0.279629
0.520410
0.418336
0.554667
0.975334
0.045347
0.027836
0.044635
0.025761
0.010484
0.017682
0.025199
0.008851
0.007488
0.007223
0.011779
0.011228
0.008666
0.011000
0.011972
0.010233
0.006936
0.006794
0.006886
0.009159
0.025412
0.010871
0.009504
0.032863
0.005644
0.006973
0.017106
0.005243
0.011194
0.032155
0.012120
0.018502
0.005913
0.006369
0.014214
0.006607
0.012107
0.007762
0.010218
0.010582
0.006526
0.006057
0.014692
0.010810
0.008373
0.011240
0.011026
0.009493
0.006979
0.008307
0.005930
0.008078
0.016166
0.026826
0.009455
0.053815
0.013742
0.006674
0.008911
0.004985
0.008092
0.021485
0.022740
0.016349
0.008407
0.006460
0.012734
0.006333
1.746739
1.390974
4.054194
0.751386
0.237938
0.045785
0.050306
0.213134
2.351979
0.208676
3.899517
1.172195
0.060233
0.079928
0.054650
0.125124
3.596793
1.750595
1.397760
1.877802
0.356085
0.088035
0.104044
0.169219
2.551147
0.334062
3.367301
0.267161
0.142463
0.065311
0.157705
0.055829
1.947627
0.475366
1.499576
3.478867
0.294062
0.054364
0.057398
0.117357
2.953853
0.702010
1.798616
1.727936
0.040879
0.114059
0.140579
0.039072
0.160242
2.269416
0.350483
3.328437
0.098226
0.121929
0.111150
0.105989
2.502725
0.644285
4.273885
0.129544
0.197087
0.051708
0.172217
0.043168
0.010215
0.017768
0.010185
0.054858
0.005900
0.007123
0.005683
0.007585
0.011541
0.014820
0.008746
0.012984
0.006908
0.006297
0.006043
0.007030
0.013301
0.022485
0.036667
0.011104
0.015303
0.005288
0.006255
0.006694
0.010002
0.026363
0.010191
0.021506
0.007715
0.005910
0.006482
0.012351
0.013015
0.009130
0.043849
0.009249
0.008020
0.005459
0.005375
0.006500
0.013060
0.011668
0.012275
0.008717
0.009892
0.006266
0.006664
0.010475
0.009272
0.018794
0.020354
0.009056
0.006088
0.006732
0.008194
0.006610
0.008403
0.011339
0.011708
0.020376
0.013090
0.005252
0.006368
0.005260
2.562532
0.375350
1.939683
0.161717
0.057952
0.066192
0.121274
0.027770
0.348635
0.824084
1.381616
0.159519
0.015196
0.029203
0.164291
0.026085
0.336724
0.334511
3.004005
0.699824
0.019499
0.096201
0.036060
0.176527
2.258677
0.101319
1.741479
0.416157
0.022077
0.043780
0.056376
0.017965
0.260679
1.002379
0.997980
0.253880
0.080818
0.062156
0.036556
0.028958
1.121527
0.295697
0.143501
1.726355
0.027645
0.053702
0.051683
0.024293
0.275772
0.477287
2.807033
0.203383
0.040537
0.231951
0.029842
0.105062
1.923062
0.124395
2.476760
0.494722
0.016576
0.199650
0.070437
0.019014
0.010085
0.032398
0.008854
0.012738
0.006722
0.006028
0.006259
0.006164
0.011097
0.007941
0.013108
0.009631
0.004885
0.006054
0.006321
0.010211
0.012423
0.009170
0.010708
0.014406
0.006231
0.006432
0.007208
0.005732
0.010985
0.007680
0.011419
0.009234
0.012578
0.007493
0.012733
0.005316
0.010353
0.010583
0.011815
0.008478
0.006471
0.010816
0.005622
0.007304
0.012346
0.008494
0.009047
0.010535
0.006874
0.005720
0.007590
0.004960
0.007840
0.020080
0.026484
0.008888
0.006207
0.005594
0.005437
0.006758
0.008367
0.013313
0.009612
0.010283
0.006064
0.005285
0.006342
0.006701
2.867353
0.644100
3.074504
2.678659
0.062460
0.092735
0.074004
1.284778
1.696138
2.968901
2.750917
0.104265
0.062642
0.096528
0.037674
0.246010
2.829304
0.123120
5.432940
0.365659
1.637241
0.055425
0.946747
0.107134
2.189303
0.704765
0.535835
2.565205
0.061283
1.872905
0.057874
0.144011
3.620671
2.582947
0.209089
2.525371
0.136641
2.034760
0.040384
0.095824
0.150177
2.095396
3.301477
0.415937
0.078875
0.012978
0.129183
0.168063
0.666988
2.520154
0.186599
4.256188
0.291588
0.076524
0.730157
0.069207
0.141764
1.451527
0.955946
1.716112
0.054055
0.054239
0.079255
0.199195
0.090062
0.028980
0.043218
0.019475
0.009812
0.007672
0.008939
0.012016
0.020139
0.010277
0.022112
0.031376
0.009887
0.006022
0.006353
0.006955
0.027562
0.048821
0.048297
0.040588
0.008281
0.008797
0.005974
0.029387
0.044880
0.068687
0.010006
0.025688
0.006772
0.008464
0.005612
0.009916
0.008890
0.055202
0.015233
0.018449
0.006616
0.005806
0.014547
0.013019
0.010843
0.010329
0.031464
0.010369
0.016438
0.006179
0.005675
0.008137
0.064376
0.033173
0.050194
0.041736
0.006833
0.009750
0.014556
0.005495
0.024289
0.029698
0.056921
0.044876
0.006585
0.008855
0.013236
0.005129
1.871367
0.125106
0.090660
1.452527
0.054099
0.126224
0.229224
0.014067
0.087240
0.841232
0.386204
0.545848
0.070974
0.013093
0.021838
0.194386
1.496014
0.552895
0.232392
0.564683
0.021564
0.178273
0.016562
0.221202
0.859728
0.068574
0.348939
0.342798
0.097128
0.020371
0.097402
0.031335
0.630171
0.074532
2.965072
0.688417
0.212305
0.017919
0.075001
0.031780
0.335811
1.015267
1.861664
0.641839
0.146385
0.017310
0.042059
0.026905
0.371757
0.168117
1.373819
0.405640
0.083927
0.317951
0.014439
0.094257
0.438830
0.073503
0.431351
0.681380
0.148169
0.075814
0.036134
0.022076
0.020344
0.018309
0.009531
0.011356
0.007366
0.005153
0.009919
0.008014
0.007948
0.010308
0.009386
0.011384
0.007283
0.005457
0.011914
0.009996
0.010760
0.041734
0.024299
0.012280
0.006346
0.007792
0.005124
0.008700
0.011901
0.016920
0.015584
0.017659
0.007570
0.005339
0.012135
0.009379
0.011396
0.014625
0.023578
0.008106
0.013907
0.004897
0.006770
0.006021
0.009021
0.023555
0.008779
0.019239
0.005866
0.015048
0.006963
0.007093
0.010662
0.009576
0.021342
0.011012
0.005343
0.011517
0.007839
0.005720
0.017911
0.012912
0.022731
0.011101
0.004917
0.012165
0.005633
0.007677
