0.000000
0.000000
0.000000
0.000000
0.000000
0.000000
0.000000
0.000000
0.000000
0.000000
0.000000
0.000000
0.000000
0.000000
0.000000
0.000000
0.000000
0.000000
0.000000
0.000000
0.000000
0.000000
0.000000
0.000000
0.000000
0.000000
0.000000
0.000000
0.000000
0.000000
0.000000
0.000000
0.000000
0.000000
0.000000
0.000000
0.000000
0.000000
0.000000
0.000000
0.000000
0.000000
0.000000
0.000000
0.000000
0.000000
0.000000
0.000000
0.000000
0.000000
0.000000
0.000000
0.000000
0.000000
0.000000
0.000000
0.000000
0.000000
0.000000
0.000000
0.000000
0.000000
0.000000
0.000000
0.000000
0.000000
0.000000
0.000000
0.000000
0.000000
0.000000
0.000000
0.000000
0.000000
0.000000
0.000000
0.000000
0.000000
0.000000
0.000000
0.000000
0.000000
0.000000
0.000000
0.000000
0.000000
0.000000
0.000000
0.000000
0.000000
0.000000
0.000000
0.000000
0.000000
0.000000
0.000000
0.000000
0.000000
0.000000
0.000000
0.000000
0.000000
0.000000
0.000000
0.000000
0.000000
0.000000
0.000000
0.000000
0.000000
0.000000
0.000000
0.000000
0.000000
0.000000
0.000000
0.000000
0.000000
0.000000
0.000000
0.000000
0.000000
0.000000
0.000000
0.000000
0.000000
0.000000
0.000000
0.000000
0.000000
0.000000
0.000000
0.000000
0.000000
0.000000
0.000000
0.000000
0.000000
0.000000
0.000000
0.000000
0.000000
0.000000
0.000000
0.000000
0.000000
0.000000
0.000000
0.000000
0.000000
0.000000
0.000000
0.000000
0.000000
0.000000
0.000000
0.000000
0.000000
0.000000
0.000000
0.000000
0.000000
0.000000
0.000000
0.000000
0.000000
0.000000
0.000000
0.000000
0.000000
0.000000
0.000000
0.000000
0.000000
0.007399
0.007399
0.000000
0.000000
0.000000
0.000000
0.000000
0.000000
0.000000
0.000000
0.000000
0.000000
0.000000
0.000000
0.000000
0.000000
0.000000
0.000000
0.000000
0.000000
0.000000
0.000000
0.000000
0.000000
0.000000
0.000000
0.000000
0.000000
0.000000
0.000000
0.000000
0.005031
0.005031
0.000000
0.000000
0.000000
0.000000
0.000000
0.000000
0.000000
0.000000
0.000000
0.000000
0.000000
0.000000
0.000000
0.000000
0.000000
0.000000
0.000000
0.000000
0.000000
0.000000
0.000000
0.000000
0.000000
0.000000
0.000000
0.000000
0.000000
0.000000
0.000000
0.000000
0.000000
0.000000
0.000000
0.000000
0.000000
0.000000
0.000000
0.000000
0.000000
0.000000
0.000000
0.000000
0.000000
0.000000
0.000000
0.000000
0.000000
0.000000
0.000000
0.000000
0.000000
0.000000
0.000000
0.000000
0.000000
0.000000
0.000000
0.000000
0.000000
0.000000
0.000000
0.000000
0.000000
0.000000
0.005622
0.005622
0.000000
0.000000
0.000000
0.000000
0.000000
0.000000
0.000000
0.000000
0.000000
0.000000
0.000000
0.000000
0.000000
0.000000
0.000000
0.000000
0.000000
0.000020
0.001052
0.000194
0.000000
0.000000
0.000000
0.000000
0.000000
0.000000
0.000000
0.000000
0.000000
0.000000
0.000000
0.000000
0.000000
0.006493
0.006493
0.005444
0.021070
0.009254
0.001179
0.000288
0.002658
0.000000
0.000000
0.000000
0.000023
0.005848
0.002575
0.000000
0.000000
0.000000
0.000008
0.005675
0.027838
0.041300
0.041228
0.017481
0.005958
0.000000
0.000000
0.000000
0.000000
0.000000
0.000000
0.000000
0.000000
0.000000
0.000000
0.000000
0.000000
0.000000
0.036503
0.044111
0.042038
0.029504
0.033047
0.026795
0.000146
0.000013
0.000000
0.010080
0.041403
0.033164
0.002954
0.000000
0.003040
0.025828
0.040158
0.041798
0.043108
0.042579
0.041751
0.033627
0.000000
0.000000
0.000000
0.000000
0.000000
0.000000
0.000000
0.000000
0.000000
0.000000
0.000000
0.000000
0.000000
0.000000
0.000000
0.005895
0.005895
0.037812
0.128980
0.224178
0.445987
0.555683
0.252831
0.049657
0.011125
0.005947
0.031897
0.056028
0.063414
0.026558
0.005495
0.071948
0.059400
0.053724
0.059267
0.094008
0.089162
0.047643
0.042214
0.025484
0.000268
0.000000
0.000000
0.000587
0.000072
0.000000
0.000000
0.000000
0.000000
0.000000
0.000000
0.000000
0.000000
0.000000
0.005459
0.005459
0.180684
0.350894
0.693401
1.164495
1.405776
1.253759
0.411230
0.278243
0.620786
0.634064
0.488542
1.187711
0.561946
0.708757
0.865385
0.106962
0.234520
0.152497
0.280800
0.323978
0.113830
0.055666
0.039792
0.009420
0.001704
0.026712
0.041595
0.006752
0.000862
0.000379
0.000000
0.000000
0.000000
0.000000
0.000000
0.000000
0.000000
0.000000
0.000000
0.000000
0.000000
0.189659
0.557592
0.952348
1.287011
1.747481
2.134905
2.444892
2.482399
1.922621
1.938795
2.179292
3.813538
2.779652
1.929689
0.344338
0.353255
0.315835
0.310949
0.586147
0.764547
0.151905
0.060630
0.037011
0.197144
0.046941
0.042517
0.041555
0.029325
0.028695
0.017059
0.000000
0.000000
0.000000
0.000000
0.000000
0.000000
0.000000
0.000000
0.000000
0.000301
0.000301
0.187635
0.576472
1.006351
1.362742
1.929535
2.339929
2.792702
2.914082
3.002490
3.634502
4.648187
4.190497
1.842039
1.103393
0.412423
0.695562
0.687572
0.571401
1.320863
1.449072
0.452068
0.207301
0.194931
0.662760
0.096442
0.051865
0.057261
0.043153
0.046134
0.024171
0.000000
0.000000
0.000000
0.000000
0.000000
0.000000
0.000000
0.000000
0.000000
0.000000
0.000000
0.000000
0.000000
0.000000
0.000000
0.000000
0.000000
0.000000
0.000000
0.000000
0.033990
0.045949
0.514456
1.145407
1.454262
1.932445
0.871212
3.721065
0.566623
0.004231
0.004231
0.179635
0.558917
1.031359
1.394657
2.019626
2.323443
2.720098
2.917867
3.198314
3.661047
4.411483
4.622618
5.091733
5.004470
3.560001
3.096924
6.005389
5.847765
4.389950
5.105958
3.014567
1.115176
0.525830
0.180849
0.416364
0.365105
0.272605
0.190019
0.315449
0.005663
0.000000
0.000000
0.000000
0.000000
0.000000
0.000000
0.000000
0.000000
0.000000
0.000000
0.000000
0.000000
0.002877
0.005879
0.005400
0.000032
0.000000
0.000000
0.000000
0.000466
0.108819
0.520836
1.140443
1.919457
0.337322
0.136953
2.524878
4.953819
0.083341
0.000000
0.000000
0.174681
0.528151
0.975275
1.329726
1.834413
2.271417
2.502128
2.297655
1.731846
2.511648
4.235030
4.878267
5.397398
5.749058
5.805145
6.018118
6.973492
5.936314
4.362064
1.788816
0.629136
0.377289
0.425465
0.702584
0.629875
0.566765
0.467097
0.731912
1.192369
0.021352
0.000000
0.000000
0.000000
0.000000
0.000000
0.000000
0.000000
0.000000
0.000000
0.000000
0.000000
0.000000
0.015997
0.133385
0.063330
0.000735
0.000000
0.000000
0.000000
0.006293
0.120052
0.561304
0.683388
0.178491
0.046118
0.183084
0.587679
2.725505
0.117640
0.009042
0.009042
0.148353
0.460081
0.883132
1.242467
1.552996
1.648213
1.323547
0.367095
0.079266
0.346917
1.237243
2.691184
5.921400
6.140773
6.329057
6.580754
6.656745
5.390565
2.774250
1.506945
1.925528
1.531358
0.669287
0.655351
0.813844
0.719723
0.779400
1.621661
2.445522
0.123504
0.000000
0.000000
0.000000
0.000006
0.000125
0.005997
0.000855
0.000000
0.000000
0.000000
0.000000
0.000000
0.021042
0.812469
1.007587
0.057070
0.000056
0.000000
0.000000
0.000017
0.102878
0.329764
0.520396
0.079523
0.084716
0.253005
0.277637
1.741247
0.146432
0.011824
0.011824
0.109038
0.336121
0.658559
0.676503
0.294124
0.061284
0.016979
0.000000
0.000000
0.000000
0.643833
3.995175
3.894838
5.145090
5.775792
5.753035
6.307843
6.170640
4.148272
3.159939
1.066537
1.084524
1.498168
1.500439
1.232297
0.973091
1.991963
3.467532
2.600478
0.481633
0.000000
0.000000
0.000285
0.042140
0.042379
0.041463
0.013359
0.006081
0.000387
0.000000
0.000000
0.017968
0.131262
1.138427
3.158578
0.517775
0.498975
0.038683
0.000000
0.000016
0.045678
0.521791
1.562117
1.184647
0.351554
0.575178
0.815874
1.140613
0.420586
0.000000
0.000000
0.072270
0.219928
0.396707
0.483662
0.058536
0.000000
0.000000
0.000000
0.000000
0.000000
0.770660
2.576719
0.753937
3.398107
3.903060
4.309730
6.057244
5.403980
4.541937
3.678462
1.535534
1.561873
2.189531
2.323255
1.831897
1.620907
3.604687
4.095529
2.694820
0.890776
0.000000
0.000000
0.061878
0.232788
0.045912
0.042048
0.020628
0.021036
0.008243
0.000000
0.000000
0.043285
0.600794
1.899085
2.997032
1.912305
1.698392
0.320402
0.008417
0.026190
0.231375
1.116462
3.617090
2.424180
1.963015
2.510819
2.199779
1.389934
1.845681
0.011477
0.011477
0.042021
0.117053
0.087908
0.115448
0.043614
0.005367
0.000000
0.000000
0.000000
0.000102
0.261604
0.321567
0.293465
2.085736
1.795784
3.733010
5.770990
5.370747
5.178451
3.775130
1.846504
2.321322
2.840545
2.917925
2.867990
2.958521
4.954893
4.380894
2.931813
1.069714
0.172365
0.539337
1.252718
0.540757
0.041091
0.025245
0.041958
0.044753
0.016595
0.005411
0.000031
0.017993
0.882407
1.771747
2.271753
0.421074
1.102476
0.297784
0.006129
0.147779
0.475977
1.358600
3.993953
3.840010
4.270988
4.558895
4.104121
3.300599
4.327493
0.022321
0.022321
0.034020
0.043740
0.023520
0.000015
0.000000
0.000000
0.000000
0.000000
0.000000
0.000000
0.000000
0.000000
0.012502
0.020087
1.217841
4.057785
3.938442
4.362136
5.011884
4.626490
3.588226
3.576462
3.584620
3.663078
3.802384
4.569771
4.735395
4.210841
4.553050
4.243739
3.561043
3.970966
1.797345
0.197298
0.036590
0.095524
0.048553
0.072582
0.173707
0.166240
0.005209
0.198061
4.012149
5.283027
0.577096
0.044356
0.074763
0.176252
0.521776
1.153492
0.806208
0.939254
3.081561
3.587187
4.293693
4.977011
5.943259
5.953841
6.288528
0.000000
0.000000
0.006369
0.018497
0.002633
0.000000
0.000000
0.000000
0.000000
0.000000
0.000000
0.000000
0.000000
0.000000
0.000187
0.131646
1.337818
1.841884
2.116902
3.498540
4.670801
4.869935
4.549300
4.484555
4.413137
4.383360
4.694368
5.305053
4.619380
5.183078
5.946094
5.847424
6.040582
5.624242
2.383997
1.533163
1.081316
1.033738
0.056749
0.285823
1.005686
1.140492
0.023769
0.489237
5.613703
5.142702
0.181125
0.137089
0.613862
2.446409
1.386834
1.969039
2.699266
2.560999
3.461048
4.503823
5.546307
5.988520
7.072910
7.656230
8.020660
0.013359
0.013359
0.000000
0.000000
0.000000
0.000000
0.000000
0.000000
0.000000
0.000000
0.000000
0.000000
0.000000
0.000000
0.000000
0.095482
0.258947
0.262626
1.783210
3.471834
4.529931
5.099204
5.205943
5.190301
5.181353
5.165304
5.143989
6.080809
5.967017
6.311011
6.996052
7.363561
7.895812
7.852286
6.100727
4.001276
4.485200
1.263136
0.330189
1.192343
2.460903
2.613362
0.153088
0.598883
5.156772
8.624447
1.854192
2.447510
3.890594
5.800650
3.388189
2.655401
3.557245
4.408575
6.107083
6.478850
7.481235
8.743710
8.743710
10.226100
10.226100
0.016386
0.016386
0.000000
0.000000
0.000000
0.000000
0.000000
0.000000
0.000000
0.000000
0.000000
0.000000
0.000000
0.000000
0.000000
0.000000
0.006661
0.133966
1.380117
2.499877
3.238003
3.890214
3.945992
3.456783
4.934166
5.564504
5.903800
5.921738
6.075730
6.623674
7.662407
8.086389
8.474801
8.782534
9.247117
9.685903
6.502429
1.601003
2.723003
3.067766
4.458033
5.210650
1.458568
1.543995
7.136390
8.750294
7.643956
8.362969
6.111313
3.806028
4.903828
3.593761
6.052750
6.205009
6.794950
7.310464
8.442036
9.121480
9.883210
10.556033
11.291427
0.000000
0.000000
0.000000
0.000000
0.000000
0.000000
0.000000
0.000000
0.000000
0.000000
0.000000
0.000000
0.000000
0.000000
0.015601
0.032561
0.737668
1.891259
2.910269
3.070483
2.937431
3.129807
4.303316
5.980955
6.034515
5.281840
5.165758
6.226238
8.083060
8.022130
8.303021
8.899225
9.971934
10.892942
9.525139
6.400399
4.724151
4.370224
6.061961
6.080145
2.280089
2.885598
7.918398
8.972800
9.777331
10.723493
7.468547
5.237429
6.666508
5.561904
7.252450
7.309547
8.725877
9.089924
10.096404
11.321430
11.607079
12.629623
12.952630
0.000000
0.000000
0.000000
0.000000
0.000000
0.000000
0.000000
0.000000
0.000000
0.000000
0.000000
0.000000
0.000000
0.000000
0.003298
0.008934
0.554124
1.910400
2.769624
2.770949
2.800094
3.070600
4.310864
5.991537
6.003919
4.919433
4.518698
5.859692
7.751342
7.789781
8.025742
8.573802
10.391887
11.702798
10.631351
7.999699
5.674170
5.322740
6.679991
6.191655
3.222703
6.589248
8.656040
9.724834
10.496244
11.009846
6.658864
4.284473
7.692549
6.737648
8.014976
8.061133
9.904820
10.235431
11.220116
12.688913
12.862650
14.033538
14.077913
0.000000
0.000000
0.000000
0.000000
0.000000
0.000000
0.000000
0.000000
0.000000
0.000000
0.332926
1.527107
1.111747
2.694001
3.371871
3.229407
3.312760
3.574080
4.347786
4.853871
5.218259
4.807123
4.129284
4.909663
6.253543
6.469697
6.696601
6.913331
10.206988
10.620025
8.774091
7.599214
6.748284
6.812603
7.210524
6.361390
4.708387
9.899094
10.349537
11.820708
11.411644
11.320747
7.415360
5.301205
11.148553
9.186435
8.505904
8.833018
10.142856
11.010253
12.142119
13.056550
14.678491
15.610495
16.306492
0.000000
0.000000
0.000000
0.000000
0.000000
0.000000
0.000000
0.000000
0.000000
0.000000
0.332314
2.253338
3.143609
3.138168
3.731645
3.633017
3.650518
3.775971
4.103353
4.319119
4.462868
4.280640
4.121330
4.255721
5.134207
5.383367
5.505773
5.447407
9.213929
11.428306
9.303878
9.218268
8.312719
7.826471
7.511887
7.428380
7.104496
8.764570
10.116700
11.086463
12.478741
12.667767
11.514707
11.504591
14.201150
10.705400
9.849790
9.881955
10.810156
11.175650
12.172700
13.229275
15.200636
16.881794
17.958856
0.000071
0.000003
0.055040
1.354188
3.547766
3.483508
3.617290
3.680159
3.818710
3.959013
4.011048
3.961790
3.953120
3.734490
3.784421
3.862919
4.404191
3.835088
3.852807
3.890840
5.382295
9.782601
10.367519
10.394534
9.199917
8.489506
8.058765
8.387553
8.169030
8.706907
8.877846
8.897601
10.348446
12.639788
13.418319
12.471683
13.451420
11.230600
10.220819
10.666756
10.915537
10.948850
11.716475
12.977100
14.215161
16.755291
18.486102
0.108306
0.107226
0.196429
0.610931
2.803254
3.369020
3.473810
3.674010
3.697904
3.751243
2.962890
2.835488
2.522641
2.224600
1.712634
1.463540
1.161170
0.724011
0.385035
0.145021
0.344018
1.900686
8.326145
10.167461
9.666212
7.843776
7.434676
8.019789
9.102810
8.676632
9.041026
8.762154
8.208663
10.779838
11.227772
11.021100
11.229250
10.671700
9.831160
9.831645
10.404000
10.555975
11.036888
11.794158
13.301200
15.642008
17.675733
1.842871
2.385838
3.148562
3.228370
3.372906
3.698332
3.534575
2.701018
0.559616
0.465373
0.326403
0.318894
0.154400
0.107164
0.033802
0.009673
0.000000
0.000000
0.013981
0.248522
3.221154
7.345210
9.210727
8.313140
7.989557
8.034861
8.050379
8.099293
9.564239
9.805798
8.210511
7.863284
10.590811
10.400649
10.375469
10.848137
8.929645
8.679120
9.820692
10.014253
10.587169
11.487852
12.286786
14.551608
16.461978
2.604838
2.768291
3.092896
3.099187
3.213329
3.598915
3.013102
1.099534
0.047045
0.043026
0.038482
0.000794
0.000000
0.000000
0.000000
0.000000
0.000000
0.000000
0.000000
0.000000
0.127511
2.006724
8.109326
8.655681
8.358066
8.221063
7.539723
7.863514
9.696431
10.463764
9.370952
8.980131
10.076964
9.946402
9.969214
10.731418
9.020536
7.968377
9.247408
9.504198
10.256407
11.333650
11.644025
13.884267
16.058422
2.646375
2.098575
2.048011
0.696734
0.045340
0.026322
0.000014
0.000000
0.000000
0.000000
0.000000
0.000000
0.000000
0.000000
0.000000
0.000000
0.000595
0.035253
2.523704
6.813036
8.546228
8.835497
7.591514
7.561475
8.359772
9.384301
9.432432
8.533681
9.440367
9.020502
8.910669
9.445389
9.111135
7.912677
7.848551
8.387011
10.144693
11.356906
12.281634
14.528427
17.348634
2.365990
2.123240
1.704862
0.645768
0.069800
0.045690
0.000442
0.000000
0.000000
0.000000
0.000000
0.000000
0.000000
0.000000
0.000000
0.000000
0.000855
0.033162
2.193806
5.893493
7.328362
7.700922
7.800423
7.424197
7.686600
8.320170
9.158591
8.522750
8.883531
7.268248
7.192794
10.113358
9.525840
8.936796
8.998200
9.632756
11.359877
12.173697
11.570970
14.979478
17.797186
0.000133
0.000000
0.000000
0.000000
0.000000
0.000000
0.000000
0.000000
0.000000
0.000000
0.004486
0.064241
1.665578
5.414015
6.704670
6.992490
7.208919
7.247876
7.207909
7.129195
7.579070
8.464714
7.758538
7.614616
6.076935
6.666148
9.386999
10.006352
8.162609
8.812756
11.551606
13.585091
12.662202
14.646283
18.618006
0.000000
0.000000
0.000000
0.000000
0.000000
0.000000
0.000000
0.000000
0.000000
0.000000
0.013473
0.078977
2.533831
5.702158
6.607862
6.985950
6.996790
7.409200
7.004110
6.340536
6.106863
6.240253
6.808148
5.449530
4.581445
4.144516
6.071241
8.864832
8.659523
9.291550
12.558294
16.004389
14.087283
15.672730
19.599200
0.000000
0.000000
0.000000
0.000000
0.031299
0.069135
2.762545
5.729658
6.424848
6.729381
6.788852
7.154688
6.732627
6.018707
4.929271
4.353091
4.550604
4.618340
1.738262
1.803922
4.594118
7.484084
8.730333
9.523984
12.948922
17.328591
16.437286
16.983944
21.668513
0.000000
0.000000
0.000000
0.000000
0.038146
0.122903
3.584071
5.850228
6.298555
6.556257
6.612281
6.727273
6.442160
5.666550
4.522350
3.229898
2.224343
1.910978
1.751280
1.421890
2.941989
6.374037
8.424385
9.501638
13.210895
18.267870
16.426137
16.664195
23.028308
4.845609
5.546305
5.910769
6.262967
5.892250
5.339128
4.692185
3.653674
2.525687
1.092340
1.571851
1.392830
1.063124
1.321623
1.975437
3.857015
6.451259
8.274594
13.672970
19.058087
17.960997
18.271547
24.318319
31.122567
29.042595
4.835367
5.160461
5.467189
5.756127
5.892625
5.585872
4.531446
3.046156
1.133523
0.636269
0.800455
1.280887
1.457883
1.120079
0.960184
1.420147
3.698011
5.373561
11.932512
20.430077
18.515694
20.304916
27.878342
33.676858
32.746433
4.937221
5.165540
5.956726
6.250840
3.565294
1.521363
0.456285
0.538363
0.509347
0.640694
1.343288
1.895596
1.842449
1.505356
3.940685
6.273406
13.295825
22.644378
21.818686
21.727948
27.769600
36.126900
35.100009
4.265566
4.514060
4.947310
5.537726
3.395515
0.434530
0.191261
0.442850
0.529900
0.448828
0.644720
1.323918
2.995420
4.462775
12.501171
16.422725
23.164706
26.331359
20.882853
23.021622
27.781422
40.090256
45.900609
4.544991
4.593447
2.873386
0.715333
0.067406
0.150537
0.474955
0.673116
0.680215
0.745738
1.527535
2.309707
11.923997
18.014663
27.028823
28.062925
24.268727
27.732473
30.689733
40.569931
49.114603
47.601109
43.850608
3.713537
3.403502
2.700994
1.181728
0.047289
0.048111
0.100953
0.197902
0.556323
0.944530
1.332574
2.199255
11.655678
17.490747
27.682883
28.050458
24.141639
26.570989
36.263350
53.260816
75.936619
84.691530
100.208659
0.152340
0.286187
0.746596
1.668703
2.733925
3.905329
12.174666
16.473178
23.301823
25.234073
22.264577
29.485472
40.914850
64.963569
98.887600
144.977953
173.417750
