1.692446
1.428863
0.891375
0.640953
0.797397
1.172206
0.802513
0.610902
1.004258
5.811009
5.966527
5.074616
2.675305
0.851904
2.120067
4.794698
4.761852
4.225556
3.500954
2.218898
1.440752
0.923651
0.567787
0.151894
0.020518
0.000134
8.395280
8.363140
6.013496
3.769924
2.099623
2.972347
4.515457
6.314579
6.412327
5.632919
4.139085
2.879953
1.154819
1.220243
0.156456
0.061417
0.004623
7.462935
8.731129
9.322468
9.592871
5.585316
2.755722
3.906227
4.599044
5.547320
7.017776
7.161518
6.718033
5.406981
4.679132
2.617492
2.100400
0.508718
0.141544
0.006765
0.000000
0.000000
0.000000
0.000000
8.755576
10.303784
9.702276
9.395911
7.048063
8.047710
4.394126
5.141202
6.469444
7.505081
7.784850
7.542298
6.617183
5.655399
4.563509
3.569379
1.513087
0.197564
0.008131
0.000000
0.000000
0.000000
0.000000
2.364499
6.139835
9.170709
10.859057
9.732577
9.485062
9.574332
9.987042
8.659161
6.603352
6.837435
8.262518
8.509104
8.150384
7.212007
6.820160
6.363074
4.999596
2.023463
0.213412
0.015587
0.004956
0.000000
0.000000
0.000000
0.000000
0.000000
2.793911
6.950617
9.708375
10.790039
10.420700
10.444516
10.446661
10.176201
11.590842
11.854353
10.373038
10.830220
11.084737
10.801122
10.013493
9.631372
9.360230
8.827018
4.790967
1.644722
0.362107
0.282873
0.023781
0.017259
0.001313
0.008971
0.008971
0.000000
0.000000
3.466933
8.287419
10.556600
11.599600
12.237812
12.346175
12.420594
12.102516
11.821000
12.391952
13.617500
13.628612
13.630200
13.370100
12.936600
12.936600
11.037000
10.438100
9.499491
7.028773
4.471532
3.213889
1.008202
0.178649
0.012008
0.071764
0.071764
0.093932
0.080972
4.026330
4.026330
4.807377
9.837032
10.947400
10.890088
12.129475
12.341675
12.708538
13.225600
12.617545
12.692858
13.842000
13.656675
13.630200
13.370100
12.936600
12.936600
11.911800
10.886200
9.575110
7.522192
5.134422
3.563589
0.964616
0.160919
0.106556
0.149669
0.151708
0.147547
0.172638
2.600565
2.600565
3.873078
6.636157
10.100595
10.553891
12.104350
12.327400
13.142200
14.500200
14.500200
16.018000
16.018000
15.258588
15.150100
15.204138
15.294200
15.294200
15.618100
15.618100
11.802786
9.544724
6.940438
4.663068
1.767467
0.538988
1.182959
0.433985
0.434095
0.514614
1.688692
6.559099
5.831628
0.000000
0.000000
2.533931
4.684044
7.312917
10.232764
12.119123
12.588541
13.562200
14.525200
14.889887
16.018000
16.174750
15.278181
15.150100
15.261067
15.793802
16.373450
16.917850
16.867600
13.859333
11.817555
9.682348
8.500008
5.401585
4.364163
8.023549
2.086814
4.454020
4.075868
6.586351
11.113168
13.119478
2.678985
2.678985
1.992864
4.811481
8.543688
10.542661
12.523611
13.114984
14.117495
14.864675
15.375237
16.168312
16.387762
15.585081
15.470412
15.655034
16.535184
17.559241
18.280425
18.227984
16.146737
15.716511
11.962859
11.313511
9.536823
8.565679
11.983828
7.599692
12.484370
10.508069
11.155591
14.765877
16.177894
16.083231
16.957317
2.153005
2.153005
2.328125
6.126352
10.923911
12.601953
15.525556
15.886419
16.323781
17.136000
17.136000
17.220500
17.309837
17.711331
18.079564
18.600131
19.997841
21.999167
22.898350
19.274900
17.482600
17.482600
15.341092
14.493798
14.956731
17.358512
21.234592
18.858125
14.110587
15.885733
18.298027
24.121723
22.795845
20.943808
21.274798
0.000000
0.000000
3.468438
8.538901
12.888800
15.061862
17.153625
17.168250
16.906313
17.136000
17.136000
17.220500
17.935200
18.153709
20.687180
21.851361
22.596962
23.217900
22.388400
19.274900
17.482600
17.482600
17.209600
17.566263
18.445750
18.868883
27.540127
24.173913
16.874125
21.979244
30.662873
32.930950
31.502062
26.233500
22.026789
17.398447
14.710900
14.107095
22.812063
2.349380
2.349380
3.749417
10.083505
15.662500
17.472787
19.335100
19.564200
20.211975
21.291600
21.291600
23.022200
23.022200
23.447931
23.927802
24.602792
25.793939
24.613644
22.204623
22.209400
22.774100
22.774100
20.689675
20.649788
22.123675
23.993147
30.424017
28.031383
27.755500
34.489937
40.603048
40.601948
34.392900
26.673900
26.076300
26.076300
24.158200
24.158200
25.140913
2.479585
2.479585
6.489576
13.003080
17.139700
18.542675
20.041425
20.623463
21.824094
22.748381
23.614217
24.824227
27.103545
28.704670
28.707466
28.769927
28.777342
27.085148
26.055967
26.218467
26.451625
25.971759
24.706005
24.913589
27.284316
30.494572
34.204961
32.271031
26.360736
41.170725
44.573005
42.913162
32.744962
23.191864
30.170000
29.221700
30.463100
25.924738
23.776562
28.399050
37.353717
0.000000
0.000000
7.318009
13.479698
18.188450
19.022292
21.342628
22.119861
23.773831
24.667084
24.909042
27.300680
29.530850
31.964278
32.766653
31.376123
29.700108
28.587312
29.477777
29.089239
30.881080
30.270116
27.877919
28.107094
30.761058
34.664669
35.420905
32.422227
30.195745
43.580330
46.254367
43.401112
35.800498
30.820100
36.039516
33.805262
34.258850
31.079362
32.436641
34.059628
40.007616
2.592440
2.592440
7.656121
13.725400
18.817700
19.342033
22.127917
23.018323
24.892103
25.209480
25.915767
28.754788
30.865891
32.714908
32.881588
32.281353
31.468406
31.708275
32.301350
31.863717
33.815502
32.162255
31.208830
32.275672
35.245461
37.629545
35.513002
33.059381
33.019873
45.008861
46.941191
44.353092
39.079580
37.250192
39.647687
36.351737
36.887591
34.238681
40.326348
41.245408
42.366653
49.225575
49.699800
46.696194
48.202533
48.287258
48.198255
47.927816
45.868872
45.905512
46.772775
51.122178
61.726000
64.394827
69.164639
69.914875
72.171772
76.307341
78.929053
78.667308
75.537464
2.910015
2.910015
6.932089
13.942900
18.878963
19.687823
22.277261
23.108317
24.343192
25.065769
26.441189
29.229767
32.319452
33.599206
35.542745
36.774922
38.985516
39.580056
41.828847
39.448755
36.643805
34.977136
36.004698
37.975409
37.682361
36.141873
35.342275
36.026813
36.119275
44.515502
44.600683
42.894969
37.939706
33.832238
32.781175
34.661113
39.140938
35.562866
45.137816
47.140153
48.431575
53.108783
57.025041
56.750017
54.628603
54.657423
49.427994
46.986783
43.918878
43.726238
41.988013
50.032400
62.022025
63.724075
68.113183
67.826461
69.545656
74.574319
79.277022
84.412598
72.758784
0.000000
0.000000
7.436445
14.196300
19.307800
20.541812
23.125867
23.763506
24.640630
25.056275
26.115131
28.829314
34.173683
36.051936
38.298700
39.761975
42.917962
46.197331
45.413000
39.226100
35.168080
34.769862
34.813172
36.309442
37.903862
36.953286
35.644927
36.996400
38.609380
45.830502
46.683172
42.202450
34.865700
34.865700
41.615000
41.615000
41.615000
41.615000
49.175613
50.255700
52.639537
56.612600
57.661800
59.867500
62.861531
65.793339
55.879970
51.581200
45.853525
44.312400
47.852700
63.612047
64.094200
63.205375
61.344719
61.586439
69.224138
79.126200
84.058000
92.674600
77.375713
2.793540
2.793540
7.495191
14.048200
19.307800
20.239587
21.049230
20.379563
21.171625
22.083500
22.083500
24.726000
33.976405
35.380277
39.111463
41.028533
43.760412
45.754600
45.424800
41.740422
38.369995
35.445609
36.482847
37.491766
37.102139
36.741341
36.725800
38.079470
41.214595
48.009136
48.048100
45.068162
39.169998
37.226197
41.615000
41.615000
41.638900
44.389255
50.927420
51.827350
53.497716
55.386169
54.496102
59.956400
68.500500
68.095987
65.832128
61.867433
54.825783
50.824539
47.852700
55.830556
67.143000
64.696238
59.410878
57.961500
66.712161
83.047436
94.196180
97.992725
97.379892
2.476360
2.476360
7.309901
13.244100
15.974500
16.884412
17.220944
15.352901
13.737508
12.994423
16.494700
21.242600
32.768828
31.124327
35.691856
39.123831
42.461745
46.099563
45.977400
45.273431
41.855780
40.176481
38.039450
37.706598
38.432914
39.796000
39.796000
48.117900
48.161498
52.904066
52.607825
50.853737
47.756825
46.772700
48.273000
49.334144
52.794800
53.063775
53.967925
53.957500
57.416912
63.555100
63.555100
72.078800
75.147089
74.019919
71.091705
68.768484
64.521344
60.681656
54.954361
65.955717
68.585516
68.710794
74.871336
75.455148
81.260686
92.149272
93.698997
98.246198
97.945000
0.000000
0.000000
7.733065
12.837444
14.457828
15.536272
14.718725
11.570353
7.899238
10.169923
16.145411
21.393225
28.961911
26.968884
30.922392
34.042113
41.008902
46.060666
47.303087
45.272000
43.431881
41.311302
39.810641
39.350942
39.415242
40.257562
41.017250
48.408962
50.406633
52.034608
51.861298
50.703941
48.186231
46.926950
50.599375
51.923014
53.261675
54.488775
53.612183
53.315789
57.853280
65.821662
65.010412
72.464112
76.513230
75.723086
71.154811
72.429059
68.998502
66.812931
63.956845
75.688469
73.754059
72.663405
80.888777
85.091566
93.791037
103.412928
101.762969
101.020470
102.375000
1.854886
1.854886
7.585728
12.155706
11.714839
13.863980
13.434056
10.594155
3.731697
6.973631
13.134753
21.338342
26.040397
24.812564
27.529136
31.292047
39.958395
46.108128
47.970983
46.388480
45.786819
41.970616
40.960534
40.572978
40.397369
40.978775
42.589103
49.083086
52.243383
51.952150
51.742397
51.194273
49.571141
48.324813
52.971086
53.429375
53.690116
55.802922
53.635567
53.107702
58.414428
68.236430
66.537863
73.885670
79.760523
76.647862
72.257198
68.242322
72.894166
69.875056
66.556469
79.038563
76.219588
73.763309
80.696438
86.028723
99.242109
109.343000
103.607500
102.922875
106.062875
7.131200
7.131200
6.101531
10.013170
6.221673
5.897637
11.505504
10.779132
2.673602
2.177475
11.762288
19.186336
20.977559
18.213297
23.891413
28.305858
37.832019
44.477917
45.900770
46.729027
46.890950
44.131583
44.382252
44.584216
44.738095
45.242688
46.587063
53.084770
54.156700
54.864400
54.723005
56.206436
57.778755
57.913700
56.617472
58.717466
56.275375
59.129772
55.356459
54.608752
61.108125
71.792250
71.230263
80.063175
84.624225
76.783141
75.066438
78.479258
77.550983
77.556934
80.508063
85.980359
83.315338
82.165259
91.448400
92.865341
99.964453
111.610500
112.318625
114.639750
116.253875
0.000000
0.000000
4.111904
6.190537
3.905988
2.410350
8.792589
9.125946
3.413666
1.465340
8.694413
13.839973
15.823953
15.546986
27.947114
31.266475
35.456741
37.075100
40.947494
44.106522
46.864700
46.669487
46.504313
46.800525
48.470884
49.778658
49.135294
57.702402
54.894022
56.649552
57.629181
58.345363
60.463030
61.319069
58.852920
61.011783
60.342147
59.971291
55.594700
56.446088
65.296925
75.947800
72.236239
83.623900
92.649102
81.845983
79.079920
81.832286
86.057425
83.205300
83.188486
83.108056
95.412961
86.011938
98.151783
100.803234
106.428734
114.106000
117.216000
123.017000
139.153406
4.411800
4.411800
1.628943
2.433420
0.713121
0.384496
6.378722
5.857706
2.772924
1.212582
4.946042
9.149571
9.862982
16.913686
21.877736
24.401413
29.580062
32.144028
36.480600
42.113430
47.128530
48.349448
49.807212
50.709995
52.170153
52.065086
51.269447
56.330839
57.945500
59.572125
60.386142
61.986613
65.278661
63.633700
63.667366
65.382905
64.071758
61.534683
62.613622
61.830791
67.563087
81.950741
84.602431
88.723403
95.684387
88.155253
91.048981
93.932997
91.892936
92.547600
93.771300
85.401700
94.935619
94.801123
102.399681
103.675266
109.118875
117.960031
120.927000
139.847344
138.282484
5.582831
5.582831
0.363136
0.094578
0.000058
0.007322
1.893403
2.771064
0.465156
0.208153
2.683024
5.043817
6.388152
9.475511
18.076373
21.592100
28.073287
30.710063
34.274600
39.525100
46.015100
46.728794
48.438092
49.761919
52.370130
52.036430
51.241847
52.864200
57.043284
58.654675
60.040750
62.096263
65.826919
66.562200
68.738466
72.457997
66.378800
66.524487
66.205537
66.603906
73.311139
84.264216
84.386169
88.025100
96.582039
90.524392
95.634845
97.256973
97.137856
91.217200
101.568000
91.652228
98.667700
97.272994
104.739023
106.816813
116.378375
129.769000
132.268000
144.560641
150.318078
0.128154
0.032734
0.049807
0.108972
0.258432
0.301179
0.289207
0.119591
2.517015
5.400654
5.511641
6.354543
16.288727
20.335842
26.320287
27.575438
34.236163
38.005866
42.286475
43.832600
46.755256
48.024430
50.699606
52.357984
51.593225
49.304958
50.885833
55.553920
59.705314
61.299786
65.373630
68.214989
70.444825
72.045922
68.217909
67.820394
66.708561
67.827211
73.446295
77.743289
78.239411
86.373163
91.351550
92.447695
96.772372
101.963808
98.889380
91.913762
105.004875
100.962859
105.304762
106.860687
110.909316
110.758297
118.119469
132.879625
134.796750
150.770422
154.400234
0.106390
0.000168
0.038272
0.057923
0.059470
0.059176
0.062097
0.074392
2.147467
5.711211
5.680812
5.224207
15.329495
19.478025
25.342180
26.179313
34.213100
36.867487
40.027350
41.962128
45.484261
46.713698
49.232089
51.869167
50.970747
46.331850
45.903342
53.114316
58.171380
59.763627
64.075456
68.505714
71.587063
72.035003
69.607256
68.358200
66.922864
68.027317
72.073159
73.380300
74.223800
85.422958
88.191978
93.473723
97.078405
99.995828
102.890442
93.192231
106.767125
107.276109
109.556500
112.296344
118.115703
114.831547
121.201344
136.344625
138.556375
154.314625
157.016250
0.032843
0.046406
0.157633
0.736204
4.054006
7.971985
9.944677
8.230700
14.806613
18.955238
26.184044
28.145431
34.108662
36.439892
39.599675
39.644508
42.945102
44.028183
45.072372
45.759545
45.089311
42.216875
42.071500
48.420552
50.775820
53.049456
58.985444
63.125762
73.097962
73.391381
66.739562
66.543027
66.214252
66.389266
68.470695
70.234072
70.303512
83.746516
86.535856
91.510686
96.240152
103.070563
102.750644
97.339784
106.580500
110.682109
111.609297
113.093187
122.548875
126.472328
136.516859
147.644750
146.507422
167.541859
172.711766
0.010720
0.067081
0.198145
0.806659
4.567442
9.965732
13.761942
11.016788
15.962826
20.394788
28.466175
32.133845
33.377600
36.029538
37.681500
38.020563
40.040112
40.831913
40.253516
40.099848
39.310283
38.162875
37.773000
40.674239
42.322675
44.789155
51.115444
55.261463
69.979736
73.288050
66.149900
65.660130
65.590797
66.218519
67.276578
68.368528
67.936288
77.554780
77.927333
84.686386
95.751784
102.723531
110.932078
112.481047
119.859094
111.970000
110.739000
110.739000
128.630125
131.285375
137.811750
148.413000
153.422000
178.411000
202.275016
16.893850
20.515828
27.505950
29.975702
33.180100
33.788513
36.731200
36.929683
37.586900
37.577500
37.181645
36.315858
36.009500
35.611100
35.611100
40.395775
41.079300
41.079300
42.961734
47.793683
59.209492
66.695891
64.725700
65.577020
64.954048
65.497852
66.648269
66.439466
67.790425
70.770700
74.957417
76.794403
94.601653
100.998750
110.047063
112.428000
118.780000
113.639000
113.260000
116.329062
133.951937
136.104234
140.429875
148.413000
151.860000
190.602000
207.184234
26.409650
27.373775
28.946412
29.055687
32.115700
32.810919
34.033127
34.602022
34.896114
34.488772
32.989491
31.790144
29.641234
29.068300
28.348622
29.236627
28.474039
29.341783
32.588783
34.766653
44.080469
52.413386
58.982039
62.347116
63.665350
62.040903
62.067302
63.331480
64.552636
64.189513
70.918984
71.345828
84.426958
97.968164
107.508266
112.636609
116.142000
123.049156
134.668000
142.925375
152.478609
154.563312
158.034000
160.894000
165.404000
214.280000
225.842000
30.128375
30.738075
32.354286
33.023453
33.954059
34.316647
34.020822
33.205570
31.047434
29.108794
25.728016
27.033058
25.343638
25.560255
25.564031
26.639180
28.842802
29.518200
41.966188
45.582913
56.486020
58.143570
59.520842
59.180431
59.114183
60.151738
61.264214
61.696263
66.648305
73.224859
80.795298
95.665602
105.113609
108.643656
116.171531
123.698359
134.668000
143.258422
158.522719
160.615031
166.590250
174.937750
174.967750
224.205000
240.561375
30.937456
31.676573
32.862006
33.145416
33.862912
33.966841
33.144816
32.219942
29.744630
27.680402
23.291592
24.716133
23.078637
23.211320
23.230275
24.410559
26.377700
26.377700
41.660600
41.660600
54.118087
54.555205
56.630889
56.906805
57.118862
57.599981
58.596323
60.122034
62.736367
73.782102
78.404936
97.791783
100.678303
103.122570
115.845875
123.048734
134.844625
143.658391
162.504781
165.736031
176.082328
188.282828
183.966125
237.157125
254.400250
33.902209
33.565533
32.192958
31.755359
30.940027
27.477811
21.368408
18.524929
17.803137
18.221355
18.281100
19.025438
20.266000
20.266000
41.660600
41.660600
44.049900
46.965652
51.610898
52.215000
52.783477
53.730937
55.000562
55.205037
56.262580
69.570270
72.119442
79.490670
93.735386
92.196925
113.773000
122.069891
136.764000
151.232016
176.599156
180.432984
190.990281
206.816375
208.988375
287.894875
291.472250
34.517577
33.968184
32.179045
31.224939
30.504253
27.005698
12.404091
9.359411
13.021700
17.623675
18.281100
19.025438
20.266000
20.266000
41.660600
41.660600
44.049900
44.719537
51.290025
52.215000
52.215000
52.215000
52.215000
52.181088
52.598339
58.741019
69.054514
79.961955
92.423995
89.215800
113.773000
140.808312
141.545000
153.923625
177.339672
184.513875
202.885250
220.399000
229.704875
302.946875
307.927953
2.924330
4.424338
9.280298
14.554749
23.139700
23.625962
22.502400
22.502400
36.917800
36.917800
41.194800
41.194800
44.499063
44.971100
45.298437
46.590178
48.830212
48.652100
49.377514
57.008367
64.436580
84.241984
86.650408
91.235073
100.424000
115.023250
138.881719
177.236031
191.740891
197.582250
226.485984
253.642000
253.642000
353.646000
353.646000
4.282225
5.929120
8.416128
10.865789
20.995453
22.134900
22.502400
22.502400
36.917800
37.426100
41.194800
41.194800
44.499063
44.971100
45.210012
45.608200
45.608200
46.835350
46.775500
54.674563
61.265417
68.804703
78.465398
76.256000
97.521034
109.246734
135.795953
177.983984
192.045422
195.465375
221.555750
253.642000
253.642000
353.646000
374.451641
18.533197
18.621712
29.544987
35.583475
39.749425
40.454784
42.579523
42.749741
42.939372
44.112294
44.438114
46.531187
45.714250
51.683227
56.745431
63.412262
71.282344
72.403312
90.647942
93.198914
131.744547
173.518828
195.633906
202.593344
236.842469
282.718250
277.638250
371.406625
420.521172
16.106042
17.080047
25.312130
34.214159
38.995580
40.224242
41.572217
41.332422
41.356802
42.975825
43.182958
45.555686
44.146856
48.652313
54.904816
62.261339
71.060669
70.109575
90.002378
84.644500
125.098297
168.391766
197.859906
208.943297
248.133953
302.243250
299.342500
383.674109
453.830906
41.892889
38.584081
38.960303
41.296413
40.549750
37.853239
34.217156
35.048453
41.781830
50.346067
68.947388
68.195200
86.630236
90.829038
115.718375
154.202188
196.546672
212.981391
259.247563
319.853047
355.966219
431.212453
651.186094
931.776734
975.086266
36.813658
34.284970
36.205567
38.153331
38.131606
36.115209
32.605769
33.579502
41.239617
46.022623
50.492247
53.918700
61.942800
65.716800
107.797000
125.220000
151.819625
172.059500
248.110125
340.814547
391.663594
508.772875
871.038484
962.310094
973.072109
32.120022
33.226600
35.009195
33.447720
29.473800
32.040525
41.986645
45.974511
48.489856
48.662700
61.942800
61.942800
107.797000
107.797000
150.690219
173.724000
265.717125
379.198828
464.827141
731.474234
962.989219
964.050328
963.712516
35.861950
34.586200
34.586200
32.844700
32.844700
36.917650
39.600758
50.776680
62.633236
65.205900
71.451200
75.120300
105.372000
105.372000
224.752625
245.405125
306.630500
408.720266
528.667016
910.703469
963.697016
963.717344
963.737766
34.586200
32.844700
32.976763
34.186931
37.502277
44.865019
57.154939
65.230588
71.451200
72.827112
105.372000
106.281453
224.882547
259.529969
335.528859
413.974703
711.765953
954.437281
963.717484
963.728641
963.745484
965.378469
963.771984
44.294138
47.119325
47.352125
44.526422
39.389963
42.444909
60.304353
71.632775
83.689263
83.689263
114.732000
115.277672
224.440344
257.488234
333.558344
429.151875
878.122281
964.618594
963.727781
963.751047
963.746625
963.752547
963.765234
76.040844
76.923062
91.032100
91.032100
120.348000
120.348000
224.128250
249.888063
318.815578
411.614094
921.559781
969.514437
963.715797
963.741000
963.743625
963.745000
963.751203
