1.664915
1.290772
0.448429
0.265152
0.365474
0.353340
0.199897
0.249318
0.253949
6.029921
6.333403
5.276207
2.287914
0.351349
0.999305
1.848173
2.126262
1.630379
1.328408
0.504208
0.170510
0.147819
0.009009
0.000000
0.000000
0.000000
8.859521
8.949554
6.371926
3.542977
1.082288
1.216201
1.858043
3.645171
3.430056
2.576399
1.106220
0.212486
0.146353
0.120519
0.000484
0.000484
0.000061
6.807884
8.815964
9.668493
10.244558
5.297703
1.867147
1.819918
1.732042
1.934785
2.676097
3.463726
3.147743
1.634918
0.480447
0.156079
0.141451
0.001561
0.000598
0.000061
0.000000
0.000000
0.000000
0.000000
8.293183
9.909046
10.239196
9.563184
6.957031
6.749497
1.931163
1.396031
1.701113
2.346821
3.334339
3.378445
2.499674
1.548582
0.529578
0.157262
0.035372
0.031835
0.004164
0.000221
0.001328
0.003174
0.003174
1.978530
5.424268
8.563838
10.105008
9.117650
8.876970
8.476574
8.635547
5.869206
2.039036
1.686471
3.193070
4.177455
3.850037
3.455829
2.773348
1.418990
0.510408
0.112906
0.051443
0.006626
0.000402
0.002334
0.005416
0.006010
0.020023
0.022302
2.202536
5.735827
8.092297
9.014474
9.017888
8.544950
7.442642
3.658490
8.215261
7.555603
4.128377
5.729137
7.492511
7.209101
5.023390
4.668968
3.141636
2.360028
0.353160
0.081712
0.033545
0.020030
0.025624
0.036431
0.047057
0.068687
0.100793
0.000000
0.000000
2.636660
6.633416
8.272674
7.745766
6.395665
6.751754
8.393968
6.036758
3.649893
5.639229
7.352369
9.289284
9.526573
8.099832
5.946179
5.183187
4.083462
3.414225
1.479500
0.315850
0.311928
0.365582
0.381785
0.380777
0.248882
0.255628
0.448606
0.481458
0.178507
1.924553
1.924553
3.605787
7.269565
7.047356
6.455382
3.486148
2.378876
4.108729
7.185778
5.727572
6.113686
8.170288
8.417231
8.082878
8.624063
7.294840
5.749365
4.792902
3.607741
0.961135
0.258851
0.229233
0.200217
0.211833
0.332431
0.662569
1.024213
1.244087
0.740543
0.872011
1.824175
1.824175
2.197278
3.097625
5.732167
4.219929
1.245421
2.881784
4.662116
5.367000
5.875114
7.178572
9.894499
10.099828
10.127600
10.238506
10.370438
10.193547
7.898394
5.553788
1.836342
0.470423
0.374236
0.493490
0.788796
1.202330
2.563959
2.553229
2.678215
2.939201
4.933518
11.640127
9.438345
0.000000
0.000000
1.324425
2.400933
3.593175
5.226081
4.804850
6.096986
8.125568
8.599964
8.815055
9.512398
10.358934
10.616761
11.166912
11.668014
12.706362
12.984441
13.069144
9.358286
3.310282
2.436602
3.406756
4.122238
4.792881
5.870862
6.129397
5.777056
10.244928
8.850559
10.126996
15.119391
16.450134
1.843155
1.843155
1.220230
2.596138
4.894724
7.055786
9.227218
9.963950
10.320436
9.869522
9.804712
10.401600
10.805762
11.145437
12.076870
12.758600
14.171917
14.984112
15.335987
14.882412
6.690809
7.191119
8.225660
8.719244
9.517842
10.670277
13.007137
13.324811
17.164797
13.262373
12.001847
15.593655
18.864244
16.774644
13.658022
1.685245
1.685245
1.902584
4.561585
9.939300
12.055192
13.085722
13.447458
13.065153
12.752950
12.784475
12.932037
13.053887
13.093295
14.532503
15.519948
18.080111
21.086405
20.233328
14.940375
14.081400
11.793384
12.402966
14.081466
16.164661
17.230380
27.875877
23.532409
17.505837
18.952377
18.824687
21.640222
22.464478
21.801337
20.612802
0.000000
0.000000
3.210869
8.004601
12.834925
15.683175
17.231100
16.938937
15.914875
15.480500
15.732700
14.145731
15.300609
15.093434
17.689788
18.907697
21.054917
23.889795
19.650067
14.243000
14.108700
14.190250
16.140637
18.387363
22.201188
23.086000
34.331642
23.136800
20.061100
25.116117
29.020100
30.458450
28.915962
23.648900
23.485700
21.459300
20.928900
20.993212
27.515638
1.628830
1.628830
5.082178
10.929432
17.234800
19.181237
21.261211
21.503400
21.960525
22.722400
22.722400
20.523273
21.702683
21.392483
21.453256
22.536913
24.502842
22.675953
18.389598
17.998900
20.082400
20.082400
21.009287
21.141700
21.905238
23.177800
27.096647
23.600463
26.548200
39.898162
41.805300
38.682900
30.900798
26.440808
29.671700
29.671700
27.369900
27.369900
28.593500
1.355900
1.355900
10.049802
14.460819
19.275200
21.454037
23.507044
24.095842
25.107745
26.255413
26.574948
28.210100
30.327822
30.850967
28.794828
28.143031
26.607025
24.012148
22.968948
23.071744
23.493330
22.616175
21.285814
21.143945
23.306620
27.049005
31.214400
25.338666
23.689200
41.429475
44.900944
40.493937
30.209125
26.417500
31.199355
31.079500
31.933900
28.448261
26.373450
27.606356
34.979559
0.000000
0.000000
10.346131
15.793211
20.763887
22.298287
25.286652
26.511661
28.290800
29.341262
28.706795
30.708725
33.998403
36.304994
34.844122
33.393236
31.856948
30.656737
28.683258
28.506394
29.408416
27.458658
24.772494
24.746209
26.980316
31.111211
30.393861
25.118970
26.678012
43.199303
44.727397
40.328428
32.991055
32.243687
38.167878
35.404187
34.046837
30.952848
30.997286
31.921431
38.688153
2.310240
2.310240
10.030125
16.512238
21.657100
22.847855
26.349798
27.556317
29.967250
30.174731
30.418755
32.593788
35.863475
38.006941
36.979716
36.220434
35.310189
35.373088
32.982913
33.127622
33.547877
30.320920
28.381855
29.003586
31.745841
34.754297
29.711763
24.991722
28.304587
43.970325
43.840677
40.202787
34.913873
36.155191
41.307928
37.233891
34.976212
32.403417
37.459497
38.619939
41.527123
49.685913
50.223950
49.520438
52.564434
52.080597
50.228148
48.370950
42.781212
39.349837
43.802459
50.413337
59.558700
62.158927
66.758595
68.315889
70.058495
70.854864
68.861487
64.626148
60.760177
2.318460
2.318460
9.674591
16.515412
21.544825
23.252836
26.482364
27.709914
29.239948
30.083847
31.933931
35.950053
38.172614
39.032038
40.368145
41.137802
42.320945
42.490128
44.579100
42.369092
38.936111
35.683455
34.313934
35.536125
33.803545
32.092781
28.868695
27.160225
27.361838
41.454391
37.545787
33.966728
28.363450
26.173325
32.670475
32.670475
33.371613
32.324467
42.942702
44.357986
46.886977
51.634863
56.243273
56.932820
56.880384
56.125763
49.591575
42.934030
36.351919
32.675263
36.148475
44.366700
59.896038
59.885067
63.991247
63.125625
62.261377
63.611069
69.337745
67.519997
55.983031
0.000000
0.000000
9.036683
16.236900
20.758900
23.979862
27.308361
28.026669
29.027194
29.829241
31.779144
34.711078
40.617314
42.628092
44.343325
46.116563
48.850573
50.379739
49.330931
40.246416
36.336977
33.290805
32.906947
33.734737
33.633700
31.273797
28.858422
28.361036
29.286719
38.255748
33.351627
28.233837
24.176400
24.176400
38.720400
38.720400
38.720400
38.720400
43.649800
44.839138
49.233320
53.659000
56.054044
60.197500
64.522455
66.263797
53.684472
47.960675
38.713333
33.818762
38.845400
59.449195
62.257400
57.968336
57.406650
53.562722
57.040163
70.433052
76.811700
81.520902
68.904370
2.413775
2.413775
7.998189
15.489000
19.830300
23.011275
25.224727
24.325281
25.430823
23.056825
24.308378
28.453727
40.554177
42.362517
46.202188
47.783950
50.294000
51.534500
50.955600
45.151100
39.997148
36.704981
34.641964
34.271652
32.567877
31.718377
30.468000
31.360200
32.873087
41.391387
36.502041
30.607667
24.176400
24.331264
38.720400
38.720400
39.241100
41.377762
45.128225
45.386662
47.132552
50.017505
51.377397
60.337200
69.038700
69.290788
61.199570
56.126516
46.547217
42.333850
36.283252
41.495086
52.234302
50.683163
44.329809
42.841600
50.996845
68.184141
81.911084
82.792408
72.737858
1.435380
1.435380
7.479219
14.548366
17.849000
18.651112
18.898197
14.925584
14.138419
13.113019
20.084397
23.833100
40.182069
39.940578
42.829388
46.241578
49.712250
52.453295
52.169400
50.167245
44.312400
42.537977
37.141794
35.660367
34.314237
34.073800
32.719300
40.974500
41.103747
44.950236
43.736013
40.433009
33.884287
31.568600
40.204000
42.264770
45.418300
46.480637
43.618550
42.708750
45.041700
50.261200
50.702500
73.391767
75.501800
75.155562
68.649147
60.192811
53.581528
48.642517
43.837811
53.075528
55.606761
50.784491
59.827655
47.749969
53.397786
68.258456
71.489212
77.318964
78.040180
0.000000
0.000000
7.349802
13.366469
15.662453
17.643589
14.170347
6.119570
4.901117
7.110928
16.955897
24.061381
36.543372
34.058980
37.369778
42.210513
49.315859
51.210214
53.071837
50.438825
46.747087
43.441425
39.875522
37.944062
36.031495
35.763362
35.243112
41.723187
44.382941
45.199217
43.712591
41.204792
35.101373
31.630100
40.696375
43.722106
45.442425
45.851903
42.791987
42.166781
45.065419
50.395700
50.477188
73.266695
76.498050
73.908859
68.257064
62.071677
57.771202
55.807102
48.783850
61.096250
59.905825
58.144998
68.794858
68.618111
70.557069
80.891825
77.278170
77.695805
75.659994
0.837895
0.837895
6.962566
12.297219
11.707857
13.604827
12.139712
7.123122
1.235396
3.245522
13.019758
24.125931
32.386298
28.906511
33.168323
39.048272
48.346950
51.019853
53.596375
52.340303
50.244756
44.273253
41.397945
39.614097
37.681034
37.469863
38.130072
42.883030
46.682744
45.636444
44.175933
42.234614
37.125084
33.481038
42.000425
44.649663
46.004213
46.019755
41.966831
41.377105
44.271594
49.124687
49.035537
73.219750
77.202664
72.870845
64.681488
53.750109
60.003561
55.837163
50.910163
67.617987
64.019325
62.496267
70.541969
71.562214
76.888844
87.282581
79.149325
77.964575
77.342100
4.865840
4.865840
4.825791
8.326721
4.522603
4.752823
7.037058
6.679827
0.529436
1.087625
11.605444
21.301234
22.189058
19.903644
26.492634
32.031505
42.871094
49.554287
52.807983
52.959169
52.795788
48.625166
44.183311
43.394342
42.757613
42.941488
42.818263
48.031525
49.559412
48.113355
47.945198
47.474489
46.740998
46.841288
49.155525
49.594094
50.280725
50.035266
39.658586
38.127105
38.646591
39.662700
39.861850
74.090200
77.642164
67.364137
57.571827
61.523245
58.351941
59.223863
61.981800
64.220837
78.396363
78.269958
78.919755
78.879464
81.618328
86.635438
86.735225
83.536038
83.929963
0.013650
0.013650
3.045547
5.270967
2.080073
0.983223
4.969158
5.320420
0.937817
0.917963
6.797334
12.949328
12.428382
13.269290
24.986864
31.329013
40.462970
41.550400
47.071250
50.394147
54.012300
52.739875
50.155263
49.262737
48.160953
47.899375
46.961325
51.358464
47.862791
50.244430
51.572555
50.685312
50.885856
51.475200
50.394108
53.493517
53.398000
51.950411
39.632587
38.137375
38.866325
39.662700
39.662700
74.090200
76.161947
64.798608
60.340458
62.021442
63.859830
64.395900
61.981800
61.981800
79.407600
78.396363
82.164550
82.163006
83.303266
89.081500
89.879800
92.093800
95.245200
4.570865
4.570865
1.247364
1.758492
0.166614
0.152834
2.030023
1.515438
0.592143
0.832333
3.011022
6.931969
5.042099
5.652469
20.401952
23.692180
30.366830
32.033639
39.094400
46.710628
53.580650
55.077519
54.717206
54.870184
54.343045
52.499625
49.036052
53.148786
53.093100
54.816237
55.912025
57.444286
58.532561
56.359100
56.693580
59.134983
56.173300
54.347175
43.841100
42.377500
43.633487
45.726800
45.726800
74.455500
77.372534
67.908116
69.379647
71.880467
67.136998
74.220100
65.192900
65.192900
66.902300
66.902300
69.924375
70.356100
75.726738
84.677800
84.677800
91.733800
91.733800
2.018415
2.018415
0.257088
0.095447
0.000000
0.054366
0.189487
0.483263
0.599678
0.667320
3.672612
6.090799
5.312821
6.375643
16.158172
20.185013
26.208175
27.671925
33.331300
41.563503
49.411756
51.895816
52.800245
53.658295
55.016741
53.543206
49.819172
52.138400
53.694400
54.891400
55.062400
56.808475
59.863763
60.105700
62.575705
66.247000
59.177069
54.732813
46.869737
43.693588
44.624675
45.726800
45.726800
69.656000
70.978170
65.376677
71.490172
65.436780
61.807745
67.545800
65.192900
65.192900
67.994800
67.038863
69.924375
70.356100
75.726738
84.677800
84.677800
93.301900
91.733800
0.137090
0.102266
0.059811
0.042875
0.121457
0.170267
0.458040
0.668212
6.163372
8.583010
7.257633
8.377843
15.490112
19.743317
25.884214
26.760869
33.565300
38.626625
44.744938
47.380284
49.897614
50.995678
53.019711
54.385795
51.213008
48.399580
49.681689
52.186541
53.775236
55.145670
58.699888
60.003700
64.759689
68.500000
61.892436
56.599270
48.042648
46.153658
45.072706
43.102488
42.438800
68.210750
69.416380
70.139822
73.262903
68.277131
65.863816
66.826550
64.412775
64.412775
77.488550
77.130073
77.025859
77.018287
84.787448
97.736050
97.736050
105.005712
104.417675
0.165820
0.201194
0.189128
0.095106
0.122556
0.142679
0.251898
0.970038
7.369079
10.191385
8.881926
9.678814
15.453947
19.600053
25.925530
26.461975
33.705700
37.214462
41.864675
44.810964
48.011737
49.180148
51.506327
54.524973
51.627355
45.530062
46.079523
49.988862
52.319645
53.565642
56.730539
59.442553
66.408044
69.660344
62.930467
57.552747
48.798581
47.668633
45.451280
41.574222
40.466000
67.343600
68.968500
72.081531
67.500141
66.040609
65.577745
66.813675
63.944700
63.944700
83.184800
83.184800
81.286750
81.015600
90.223875
105.571000
105.571000
112.679125
112.501375
0.417360
0.430218
1.351163
4.006894
9.553066
11.685306
10.844194
10.680930
16.258033
20.573947
28.019684
30.363205
34.020650
37.356934
40.494917
42.117958
46.102311
47.714228
48.007902
47.931253
46.612748
42.253400
41.419150
45.432075
46.246009
48.577537
52.759953
53.188025
65.412575
67.199762
57.283650
56.230544
48.235003
47.297992
45.615558
41.938039
40.741313
64.963925
66.231337
63.206408
65.722631
68.709039
68.066616
71.801663
64.924350
64.924350
83.115800
83.115800
82.350952
82.241688
91.082617
105.817500
105.817500
118.664250
117.420000
0.317624
0.532489
1.683010
4.209660
10.403869
12.979234
13.050766
8.516922
15.925052
21.425300
31.129850
35.395997
36.319034
39.263033
39.690298
40.890445
43.058591
43.664961
42.582114
41.593497
39.449383
36.527400
35.018700
35.072316
36.652234
38.258591
42.112727
44.213138
58.428861
63.204480
53.179200
51.275025
43.821700
42.795800
42.748063
42.668500
42.668500
48.306200
48.698000
54.112325
64.420281
68.549809
76.406391
86.202500
71.781900
71.781900
82.632800
82.632800
89.800362
90.824300
97.093813
107.543000
107.543000
128.655000
128.655000
13.603665
17.954583
25.656862
31.531527
35.144939
36.979853
38.946800
39.039200
39.337245
38.886100
37.660834
35.417978
35.389300
32.482800
32.482800
34.646850
34.956000
34.956000
34.956000
35.188827
51.162600
55.743544
52.289200
51.163775
43.821700
42.795800
42.748063
42.668500
42.668500
47.265200
47.265200
48.841775
63.911386
65.817588
72.629866
80.625600
71.781900
71.781900
82.632800
82.632800
89.800362
90.824300
97.093813
107.543000
107.543000
131.152000
131.823000
21.614520
22.211155
25.262895
27.822200
30.968191
31.439641
34.271300
35.540838
34.230609
33.826413
31.856677
30.248278
26.829489
24.157900
23.395200
22.737988
21.751264
21.664238
22.671800
23.079266
34.780900
36.699775
43.729800
47.586800
41.761708
38.501750
36.144062
36.625000
37.582208
43.137500
43.137500
50.045450
58.259242
63.451281
69.729177
71.227700
78.765200
78.765200
96.153900
96.153900
107.734612
109.316250
113.975875
121.944000
121.944000
145.480000
146.371000
27.618755
28.784762
31.051414
31.282563
33.307050
33.595013
32.654455
31.454891
28.723852
25.208266
21.157091
19.267338
19.531388
20.118972
20.806750
21.560058
22.671800
22.671800
34.780900
35.270725
41.968550
43.414925
38.656708
37.096281
35.730320
35.521688
35.578163
43.137500
43.137500
52.655247
58.123958
61.394481
68.069317
68.601388
78.765200
78.765200
96.153900
96.153900
112.141878
114.456016
120.493453
130.472125
124.436500
145.480000
157.507250
28.287131
29.333070
30.649742
30.951975
32.512617
32.477462
31.387598
30.234941
26.581289
22.589500
16.708977
16.355300
17.769800
18.616209
20.334219
21.275386
22.463737
22.463737
34.780900
34.780900
40.756712
40.756712
36.846173
36.078837
35.528830
35.191838
35.191838
42.513787
42.513787
53.053534
57.599105
66.338622
64.941628
65.812237
77.179775
77.820775
96.351588
96.839138
115.804708
118.584516
127.331781
138.819219
128.623781
148.059875
166.798688
30.827023
30.685461
29.723964
28.993980
27.413072
22.454253
15.297275
16.162175
19.485187
19.015148
18.948000
19.720238
21.007300
21.007300
34.780900
34.780900
39.671100
39.671100
35.461125
34.859700
35.856112
37.516800
37.516800
38.147800
38.147800
45.002211
49.345361
53.171736
59.712278
57.092200
66.081800
71.360833
97.735400
102.016863
122.988437
125.897000
135.298063
150.966500
148.728625
171.912359
185.434359
30.682470
30.380798
29.317506
28.882152
28.110202
24.391619
11.145266
11.771162
14.916200
18.444025
18.948000
19.720238
21.007300
21.007300
34.780900
34.780900
39.671100
39.671100
35.461125
34.859700
35.856112
37.516800
37.516800
38.147800
38.147800
45.854888
54.475519
58.227756
58.208950
55.506700
66.081800
71.760148
97.735400
104.684300
123.369500
125.897000
140.008625
163.528000
162.472578
192.956328
187.577750
5.043876
7.459864
11.527431
15.822144
20.350375
20.514687
19.810000
19.810000
29.757200
29.757200
26.967600
26.967600
34.583075
35.671000
36.001112
36.551300
36.551300
41.594600
41.594600
50.922625
56.789461
70.370994
73.480812
67.780500
70.587000
71.594100
100.814000
144.775750
140.699609
139.199000
152.547500
174.795000
174.795000
208.373000
208.373000
6.478647
8.506042
11.170036
15.652533
18.494500
19.189063
19.810000
19.810000
29.757200
29.757200
26.967600
26.967600
34.583075
35.671000
36.001112
36.551300
36.551300
41.594600
41.594600
46.610800
54.346158
58.871850
72.461230
66.815300
70.587000
71.554280
102.856000
141.729625
140.388688
140.262125
157.724000
183.874000
178.919000
212.353000
220.476000
17.268187
17.373812
24.285512
29.451762
27.684913
27.902897
31.127536
31.562258
32.001839
32.794175
35.051425
42.080725
42.046850
46.237652
52.588784
60.491020
65.271433
64.719175
68.399187
68.399187
99.024000
140.526562
147.756547
150.092438
174.407828
206.305875
195.452125
236.526750
241.500375
16.124887
16.612930
21.363741
29.092269
28.182647
28.199850
28.723158
28.545192
29.134452
29.995992
33.334211
40.765505
41.282856
45.286523
49.030431
57.796816
63.192284
63.772862
67.086500
67.086500
96.770675
138.804319
152.229875
158.354016
186.246578
224.014234
209.962875
252.250297
255.904312
24.126264
23.954164
24.401716
25.719339
28.062219
28.036875
31.213620
35.695939
42.716250
50.244133
66.093423
63.352213
65.390375
65.672775
95.113525
127.555008
152.604219
164.494594
197.889938
233.759547
245.836312
274.231516
314.376484
376.804969
396.340281
24.578283
24.863559
25.623028
26.648181
28.076358
28.904167
29.980459
32.052991
38.644242
41.167320
43.932338
45.150900
53.517500
55.776700
79.997350
97.406987
118.553109
134.700625
189.629328
248.054641
273.897500
301.505734
341.012859
402.536562
512.231875
26.011450
25.907700
27.466300
27.690900
29.583500
33.967163
42.476034
45.566278
46.495506
45.394600
53.487900
57.446000
85.893500
87.969525
122.119762
141.303500
200.216719
268.522375
315.585297
356.892172
420.127906
570.756719
957.683906
30.563962
31.082400
31.082400
30.809100
30.809100
35.218225
40.688786
51.284136
57.376086
58.446000
60.925700
67.013700
90.053800
99.316725
170.637375
189.305125
235.226500
293.822234
348.140859
374.504000
555.868672
878.221172
1009.270156
31.082400
30.809100
30.809100
31.033811
32.495094
39.653241
52.567594
58.529188
60.925700
63.208700
90.053800
93.527397
161.193219
189.608875
241.002516
279.818609
368.716313
432.037125
800.313516
993.611469
1010.120000
1010.120000
1010.120000
44.300588
45.488225
45.488225
42.896092
38.578192
41.118909
56.371495
64.827738
73.807263
73.807263
96.752050
96.752050
164.463225
186.579406
237.231094
291.155406
357.980547
633.370625
977.621250
1010.120000
1010.120000
1010.211406
1010.272344
70.639541
71.075837
81.536200
81.705800
100.771000
102.030453
170.225656
186.449781
233.829172
305.454359
361.240500
785.330984
1010.120000
1010.120000
1010.510937
1010.654062
1013.542812
