1.373343
0.964258
0.242618
0.113924
0.139782
0.196674
0.085330
0.111249
0.116289
4.313754
4.950683
4.593876
1.897849
0.250489
0.428871
0.878547
1.111440
0.664639
0.538178
0.203949
0.132941
0.132725
0.068273
0.000000
0.000000
0.000000
6.195407
7.004472
5.549264
3.206192
0.695939
0.537694
0.814969
2.035683
1.628301
1.124808
0.388166
0.132667
0.128831
0.128658
0.045553
0.044041
0.005480
4.978044
6.587662
7.843213
9.183218
4.369003
1.440448
1.051042
0.889546
0.948487
1.317512
1.878544
1.723004
0.605600
0.321105
0.138814
0.129248
0.097091
0.050384
0.005480
0.000000
0.000000
0.000000
0.000000
5.818162
7.664053
8.389782
8.020410
5.881545
4.787978
1.002350
0.697428
1.005979
1.300976
1.979370
1.927528
1.319639
0.812729
0.509800
0.176818
0.118667
0.027312
0.002055
0.000000
0.000000
0.000000
0.000000
1.324326
3.854689
6.190095
7.969222
7.318422
7.308836
7.493943
6.414436
3.212740
0.955667
0.932131
1.641580
2.218050
1.981312
2.062533
1.549706
0.879176
0.349245
0.113918
0.013708
0.000343
0.000000
0.000000
0.000000
0.000000
0.000000
0.000000
1.614226
4.549553
6.618537
7.209311
6.630114
7.268772
6.373887
2.126991
5.603250
4.508659
1.725083
3.494508
4.686340
4.263408
2.852196
3.060249
2.195031
1.393843
0.193285
0.048731
0.009733
0.000035
0.000000
0.000000
0.000000
0.000000
0.000000
0.000000
0.000000
2.009221
5.689470
7.181824
6.508373
3.985224
4.624603
7.098632
4.483313
1.671854
2.767832
3.949995
6.654997
6.210565
4.693492
3.601113
3.592634
2.744317
2.131666
0.628306
0.148486
0.018363
0.000280
0.000000
0.000000
0.000000
0.000000
0.000000
0.000270
0.000309
0.064479
0.064479
2.514052
6.695951
6.150008
5.446908
2.152670
1.188700
2.543723
5.534846
3.272502
2.947815
3.285334
5.086321
5.292549
6.869579
4.881892
3.997458
3.083713
2.156310
0.555405
0.137445
0.108414
0.063565
0.000000
0.000000
0.000000
0.000000
0.000000
0.000270
0.001119
0.305432
0.305432
1.390996
2.670672
5.203640
3.313802
0.890070
2.022677
2.792667
2.964392
3.214000
3.897740
6.337420
6.479725
6.718687
6.935474
6.860266
6.013958
4.199716
2.867153
0.792639
0.162884
0.066582
0.010929
0.000381
0.000000
0.000000
0.049929
0.049929
0.081970
0.095764
0.281862
0.199331
0.000000
0.000000
1.157949
2.244418
2.943915
4.406541
3.458903
4.292302
5.009405
4.902732
5.189061
5.836075
7.230118
7.786833
8.358887
8.854457
9.333355
9.081422
5.628872
5.154682
1.168778
0.284237
0.152057
0.276480
0.051417
0.000000
0.029549
0.069895
0.103756
0.127785
0.336855
1.655662
2.139959
0.046037
0.046037
1.377368
2.768353
4.621152
5.930718
6.926775
7.207774
7.154477
6.633320
6.414582
6.516963
7.366547
8.149002
9.259965
9.812223
10.596161
10.770262
9.751897
11.891398
4.530641
4.471242
2.617701
1.335756
0.156768
0.019351
0.167753
0.328284
1.241096
1.537482
2.327020
7.725600
7.826835
5.343237
3.438582
0.039758
0.039758
1.861078
4.707145
8.384146
9.936666
9.715147
9.511241
8.777224
7.889617
7.462386
6.864490
8.419300
9.332851
11.030520
12.147027
14.653031
17.141242
16.267302
11.452919
11.939275
10.399347
6.594044
4.509428
1.998425
2.026278
3.919699
6.511251
8.622459
9.336807
8.755197
16.756616
16.617478
11.486042
17.931681
0.000000
0.000000
2.464297
6.669581
10.596800
12.256500
13.422325
12.788312
10.711172
9.278507
9.519778
8.918920
10.815748
10.425295
12.440100
14.276788
18.630825
22.616172
18.428050
12.688900
12.462700
11.610450
9.857864
7.876639
6.099586
6.874764
12.912846
10.101505
8.904205
9.504552
13.645810
16.309075
18.438375
15.947000
15.476814
12.068297
8.805674
9.722939
12.990148
0.042321
0.042321
2.566036
7.731568
13.159800
15.734050
18.654175
19.018800
18.946650
18.826400
18.826400
16.296117
16.702783
15.054870
15.497238
17.943073
22.683145
21.145564
15.980745
16.141000
16.730300
15.742775
13.181538
12.160706
10.671972
12.307683
21.045941
18.772675
13.951500
17.684512
25.314422
28.381613
30.791198
20.756502
15.641800
16.086914
20.590300
19.909167
17.866277
0.038060
0.038060
5.282672
11.185922
14.642200
17.902625
21.252312
21.932153
22.768575
23.542872
23.817878
24.873030
25.336392
25.835034
23.332425
22.885098
22.075281
19.656869
18.509980
20.138400
21.699373
20.756920
17.817941
16.677005
17.460997
21.455458
26.437827
22.243467
15.096100
26.971337
34.314072
33.116211
24.344089
17.084742
30.272100
28.916325
27.481700
20.535097
17.581625
23.095652
32.643964
0.000000
0.000000
4.336547
11.373631
15.663700
18.943320
23.285211
24.472492
26.404700
27.278067
27.335448
28.210189
29.547055
31.657959
28.975711
26.498802
22.819808
21.320867
21.890227
23.864212
25.976883
24.877703
21.239144
20.619933
22.321223
28.904575
27.514848
20.043788
16.809850
29.218728
36.855902
34.304230
28.247795
26.888116
34.060577
31.530887
27.296075
22.864069
23.875687
26.626114
34.304706
0.254321
0.254321
3.853579
10.939220
16.367625
19.647639
24.514739
25.868247
28.167370
28.558113
29.342947
29.866913
31.809641
33.095759
30.742916
28.398109
24.596197
24.244658
25.452556
28.154019
29.235389
27.202983
24.828570
25.325105
29.449647
33.873180
27.564948
19.391366
18.371363
30.498119
37.832602
35.718172
31.598059
34.259025
36.362256
31.942987
26.716637
25.979264
31.239841
32.923598
35.232105
44.389425
45.053113
36.274958
35.729848
33.752425
32.695030
31.788562
28.479045
25.235475
30.068112
28.031987
36.734900
41.827017
51.468212
54.367109
58.465759
62.176941
59.169477
52.107750
46.211902
0.487073
0.487073
3.847872
11.096975
17.043763
20.263697
24.610881
25.692261
27.386623
28.808748
30.974339
31.223328
31.790484
33.195662
34.465114
34.435941
33.457922
32.071538
36.263728
37.062520
32.857477
31.053458
30.822052
33.029698
32.561973
30.037337
25.837945
23.240225
22.960050
30.681805
34.693723
33.101177
27.812095
24.335025
25.754687
25.754687
23.945913
23.945913
32.643850
33.854945
38.137823
45.363363
49.985581
44.519025
40.127225
44.933184
34.721931
30.592219
23.409530
19.785350
23.378087
25.090275
36.765638
36.892502
45.625855
47.147527
48.483248
48.914412
47.178700
45.032658
38.969300
0.000000
0.000000
3.864240
11.141202
17.316500
20.660925
24.826455
26.219441
27.852806
29.376634
29.486994
28.110602
31.561680
33.843322
36.143455
37.289622
37.366089
37.231577
38.701175
35.926475
31.237652
27.001595
27.127786
29.612103
31.636267
28.862898
25.811958
28.951000
28.951000
35.350750
36.049400
32.881244
24.874512
23.411200
21.593100
21.593100
27.485900
27.485900
35.614213
36.775400
40.449912
46.574100
45.693444
46.497400
56.525600
59.760070
45.391741
39.383030
27.716642
23.888400
17.545600
31.243100
36.980800
37.651487
40.601419
36.139991
32.957870
38.900300
48.567500
61.284155
42.392300
0.063759
0.063759
3.758241
10.820366
16.766300
19.972912
22.160938
20.949656
22.703416
21.339461
19.915023
19.406236
26.544828
32.722211
36.881683
37.711344
37.891587
38.050900
38.021900
35.250737
32.266022
28.695562
28.239656
29.385587
29.672464
28.965261
29.047700
29.885100
32.793300
41.005262
40.380625
35.977387
26.945887
23.411200
21.593100
21.593100
27.485900
27.485900
35.614213
36.775400
37.957850
39.244897
39.294025
50.490855
64.027200
67.533938
58.590500
52.829823
39.639580
33.915900
18.308033
20.890519
30.990792
32.716295
29.327486
26.324400
29.298544
39.465670
48.457723
62.295830
46.677136
0.111142
0.111142
3.394675
9.672351
14.837000
16.317697
13.808019
9.795820
8.668019
3.365231
5.021407
10.707994
22.674527
29.877770
31.897063
35.073416
34.999039
35.922775
37.463161
37.473819
35.393133
34.225194
32.435738
32.199750
32.297963
32.522900
32.522900
34.209500
37.370453
43.616322
42.963363
40.127047
33.263745
29.002059
38.326100
38.326100
37.239600
37.239600
32.968287
31.971006
34.318225
40.944100
42.977200
70.792434
80.106900
83.109463
74.647153
61.446775
50.250291
43.978517
29.047312
31.629741
33.699327
31.342159
39.250841
32.674397
34.151195
39.904312
39.484008
47.116181
44.927080
0.000000
0.000000
2.881635
8.145709
13.247977
15.599597
11.188473
3.052481
0.959899
0.272285
2.186458
7.294349
21.234233
24.882525
24.997444
28.512697
30.575355
31.605550
35.637855
34.336002
34.563852
35.171080
34.350981
33.552398
32.715205
32.876900
33.897650
38.383625
43.485898
43.495048
42.549964
39.784803
32.284752
29.292775
39.494725
39.996850
37.239600
37.239600
31.866116
30.815059
34.568795
41.612287
41.850138
68.724891
79.747525
83.225994
75.603875
65.257617
51.308570
43.513725
33.298400
36.400366
36.221280
36.030297
42.773691
43.140908
43.655011
48.333908
44.328548
46.492584
46.844702
0.068053
0.068053
2.372502
6.218740
7.165983
10.120072
8.939746
3.893858
0.125626
0.112469
0.466968
5.127368
19.166894
20.577673
20.970130
24.715733
27.457291
29.403027
34.440256
33.873922
36.131375
36.494894
35.555614
34.712080
33.567858
33.660288
35.293639
41.931523
47.581313
43.678200
42.641484
39.488114
33.448431
31.951525
41.369688
42.062413
38.043713
37.932380
31.724264
30.839663
34.685967
41.096475
40.317275
66.128400
79.061331
83.038589
73.560752
55.698986
46.041909
42.225812
32.711475
39.007950
38.706613
37.898802
42.812266
44.406014
47.970191
51.478988
46.386575
47.356963
48.674313
0.112254
0.112254
1.825223
4.637526
1.643980
0.583225
2.427767
2.926272
0.072098
0.000000
0.100952
2.846090
6.613986
9.952844
12.773195
15.454984
22.518089
28.483783
35.059800
36.096480
38.669275
38.665709
38.322200
38.285298
38.307145
38.309950
40.642802
49.270763
51.692237
46.172934
45.499427
47.111892
49.811998
50.558600
49.898700
50.100647
44.605913
43.036272
35.366675
34.318400
34.436970
34.634587
34.320900
59.417414
74.993084
76.418742
64.286169
48.148264
37.144756
37.086288
37.370500
41.469112
48.681563
48.283547
49.618800
49.764061
50.400492
51.855188
51.844300
53.572963
54.238700
0.000000
0.000000
1.272225
2.496935
0.583826
0.111358
0.828257
1.163456
0.054497
0.000000
0.001738
0.492367
0.982244
1.929934
5.723466
13.758659
22.270308
27.375300
35.059800
36.184100
38.697800
38.669275
40.852437
41.261688
41.969075
43.111841
45.718064
51.626828
51.786958
48.496023
49.095480
50.700622
54.830308
54.458394
52.086200
54.471181
51.401089
45.035188
35.410425
34.318400
34.319337
34.320900
34.320900
65.151300
76.017886
76.238763
58.482130
46.774034
42.236761
41.473800
37.370500
37.517312
52.301700
49.310731
51.991450
52.223197
50.816150
51.931400
51.844300
57.078300
59.756100
0.834720
0.834720
0.553964
0.669352
0.112441
0.111128
0.097985
0.014286
0.011049
0.000000
0.000000
0.000000
0.000000
0.012745
5.189541
11.488351
19.200070
20.143992
28.017900
32.178472
38.098000
41.780263
44.080625
45.109375
46.219241
45.599644
46.488437
53.942927
57.568500
56.704788
56.678875
58.557544
60.794230
59.197800
59.264802
62.743428
54.421945
48.772075
38.583612
38.608125
41.979237
43.766300
43.766300
71.069000
77.790653
78.539017
61.367223
55.510889
48.644533
42.785900
39.975100
39.975100
39.919600
39.919600
42.091700
42.374962
45.191450
49.960700
49.960700
55.272200
55.272200
1.117005
1.117005
0.126303
0.082152
0.000000
0.000000
0.000000
0.000000
0.000000
0.000000
0.000000
0.035046
0.003898
0.088448
0.214826
2.666430
14.269511
19.683300
27.544900
28.193900
38.098000
39.425419
41.813214
43.180663
46.651316
47.526673
50.558448
52.874000
55.119300
56.395312
56.667528
58.402102
60.523512
60.350200
64.925152
68.721300
58.988900
50.439538
43.129097
43.467650
48.092967
49.798700
44.190200
67.806500
76.114691
78.436711
70.232809
67.588331
53.170194
42.906491
39.975100
39.975100
42.747700
40.514186
43.297712
43.236400
45.191450
49.960700
49.960700
56.164100
55.343100
0.114775
0.030561
0.000000
0.000000
0.000000
0.000000
0.000775
0.002067
0.002067
0.094831
0.085137
0.119577
0.521571
4.794005
14.091105
17.276300
25.172775
27.111994
34.886063
35.285150
39.275889
40.771670
45.528316
51.911491
54.836209
49.816500
50.649175
51.832273
56.098966
55.944750
58.466239
60.194653
66.040692
69.878362
64.665369
55.241827
50.137037
49.705611
52.000697
52.387325
48.009950
63.791375
74.189969
76.823672
75.798633
73.204009
54.285691
41.988039
40.403100
40.403100
45.481825
45.196914
45.566017
45.525587
49.345052
56.277387
56.277387
59.791725
59.483850
0.097959
0.000315
0.000000
0.000000
0.000000
0.000000
0.001240
0.003308
0.009698
0.184252
0.197860
0.161154
1.706185
7.989458
14.861870
16.318988
23.749500
26.509278
32.958900
32.996777
37.858711
39.282555
44.855688
53.817275
56.052194
47.611300
47.696447
48.965967
54.770409
54.188573
55.994127
58.894150
65.955414
70.520722
68.122511
58.117269
53.994686
53.868823
55.776203
53.857488
50.657788
61.952859
72.339861
74.085498
72.202087
67.735967
50.063170
41.333138
40.659900
40.659900
47.396800
47.244856
47.065767
46.992350
51.837213
60.067400
60.067400
62.210113
62.032888
0.000000
0.000000
0.001085
0.002894
0.030978
1.232970
2.380326
0.452008
4.266638
13.917098
21.929284
22.401688
24.498413
27.956405
33.083225
33.193475
37.663828
38.634569
42.134377
46.719737
48.099869
44.139725
44.295884
46.900245
47.780273
49.669439
52.807725
53.118103
63.359555
69.003384
62.035100
58.262352
56.125484
57.005639
59.232031
56.320630
54.482980
64.860747
66.994275
67.421669
64.934022
62.053447
48.408652
45.642613
41.777313
41.777313
49.784800
50.135686
49.043084
48.900155
53.164475
61.602788
61.563988
65.177200
63.936625
0.000000
0.000000
0.000000
0.000000
0.009741
1.766465
7.414175
3.621366
3.450333
13.084253
21.493342
25.251158
29.848480
29.993000
33.953500
33.953500
36.211525
36.240962
37.181638
39.654525
39.403106
38.003000
38.433100
39.677525
41.208509
42.017988
44.310033
46.786909
63.456909
69.174636
61.235000
59.568563
58.206212
58.361988
58.216288
57.094600
54.983600
57.711100
58.693500
60.773211
61.696792
58.398392
54.321102
56.653000
49.599200
49.599200
53.050300
53.050300
56.084712
56.518200
62.455313
72.350500
72.040100
74.098000
74.098000
3.114308
7.730141
18.546705
25.270275
30.246200
30.713800
33.953500
33.953500
35.416412
35.518450
35.536850
35.864600
35.864600
35.773500
35.773500
37.481850
37.725900
38.104125
38.734500
38.734500
48.227170
63.228795
60.345700
59.350563
58.003689
57.292372
56.325187
56.398500
54.749500
54.428500
54.428500
51.703761
51.291292
51.438827
51.699059
54.129200
49.599200
49.599200
54.326600
55.190444
57.072962
57.057637
64.013438
76.505500
72.615147
76.790600
79.050128
22.605847
22.990944
24.977262
26.350294
30.639664
31.421600
31.524200
31.784950
32.523512
31.897550
29.387700
27.221700
24.411900
26.116300
26.164720
27.761475
27.999375
27.587575
26.712637
26.394200
36.052100
43.238669
51.063900
56.213975
56.023327
51.556312
49.979475
50.846100
52.262220
48.715256
47.459400
44.693777
44.963006
50.523400
51.412159
52.323300
56.870700
56.870700
65.042400
65.042400
66.699475
66.764300
75.280663
89.952100
89.952100
89.952100
89.952100
28.517417
29.135769
31.139980
31.306975
31.524200
31.638059
31.514161
30.269620
26.842403
23.087723
19.716142
20.092152
19.605361
20.603272
21.501641
21.629411
20.796114
20.676700
36.052100
38.336202
48.043338
49.974616
51.463834
50.090992
48.855850
48.107788
48.096463
43.391473
45.386642
48.604436
47.505459
49.938527
50.904823
51.249800
56.870700
56.870700
66.025712
65.653892
68.602670
68.829636
76.811022
90.674100
89.952100
89.952100
95.466537
29.815533
30.140337
31.242500
31.181362
31.475462
31.449781
30.474392
29.140500
24.722555
20.417438
15.016089
15.362237
13.050813
14.902794
14.993347
15.801353
17.258955
17.374775
36.015737
36.015737
45.550342
45.905006
48.847642
48.742702
47.490372
45.898637
45.327912
40.283137
42.687758
49.393769
51.352152
56.165234
49.599394
50.099487
56.491875
56.491875
67.212488
66.691939
70.903970
71.880892
78.646569
91.385350
90.424888
92.030088
100.694675
31.222602
31.031484
29.631206
28.670894
26.821327
21.876411
13.994184
11.669191
14.049750
16.465586
15.405322
15.782206
17.278745
18.089487
35.761200
35.761200
40.367500
43.224233
45.826345
44.808050
42.339869
41.364775
37.369700
36.599300
37.403512
41.570241
45.160492
46.959978
47.841981
46.691638
53.840100
53.840100
71.390000
72.180475
79.401003
80.488731
85.683802
94.141263
98.365122
106.893000
116.756891
31.857142
31.664292
30.402409
30.456247
30.781691
26.350584
8.972636
7.770153
11.308630
15.619564
15.414936
15.806050
16.792300
16.792300
35.761200
35.761200
40.367500
41.408400
42.605044
42.288227
40.160200
37.369700
37.369700
36.599300
36.599300
44.970688
51.805669
52.415962
49.104936
47.641100
53.840100
53.840100
71.390000
77.713800
82.070475
83.142650
89.995200
99.808200
101.944922
112.391922
118.722906
2.110860
3.890258
8.820430
15.643057
22.241637
22.309087
21.005400
21.005400
36.220700
36.439400
40.589800
40.589800
40.260537
40.213500
39.086400
37.207900
37.207900
39.675900
39.675900
49.326275
57.088495
68.566178
63.027625
60.851500
64.222700
64.222700
84.331400
118.855050
103.347000
100.427000
105.279781
112.822844
113.871203
114.230453
129.530000
2.326552
3.514115
5.955461
8.887689
18.396907
19.755900
21.005400
21.005400
36.220700
37.892800
40.589800
40.589800
40.260537
40.213500
39.086400
37.207900
37.207900
39.675900
39.675900
45.279225
50.516672
54.565931
67.707169
62.167200
64.222700
64.222700
87.424200
118.956400
110.841750
111.118375
122.925734
136.326156
125.293219
130.953641
138.732000
18.009275
17.913025
29.876637
35.208362
41.305675
42.095964
41.861280
40.220289
36.100861
33.655525
34.016275
39.095900
38.338650
42.791022
47.855253
53.138380
58.737786
59.540512
64.710950
64.710950
84.774786
116.959369
116.344250
117.848609
135.037938
153.933969
146.020359
148.638063
156.345750
15.104136
17.257602
27.012950
34.086933
42.355475
43.770339
43.862928
40.558361
33.871309
31.490625
31.867825
37.540945
36.757145
40.802558
46.043314
52.181670
55.945770
58.113950
66.205442
65.968650
81.886489
114.471314
120.197937
124.519812
145.778562
167.908734
150.505219
162.647250
171.454328
51.434561
38.759136
30.814184
30.883400
30.286320
28.939608
31.034788
34.893391
41.648236
47.989847
59.629759
56.898838
69.545288
70.613863
80.976292
105.167992
124.981730
132.873484
160.613203
191.296312
170.346203
186.044406
215.812594
236.779547
239.901859
41.399059
35.236408
32.942908
31.865794
31.947833
31.444934
30.628670
31.882491
37.667636
38.094750
38.894602
41.070000
51.534900
55.857600
70.496377
81.517305
97.992884
113.087875
166.256875
215.679937
188.804000
225.217375
261.393219
272.541203
271.240109
34.785013
33.863200
33.144700
31.887100
31.390900
33.224463
41.156136
45.508289
43.442773
43.529000
53.054000
61.647500
80.437100
79.979125
105.601337
121.773125
176.347547
229.807578
200.889000
240.594000
292.269297
309.696016
386.479125
39.609375
38.278000
38.278000
39.757400
39.757400
33.186937
36.941603
49.469773
51.536758
50.389000
57.088000
69.499008
103.247672
105.857766
149.053250
166.920375
212.790625
261.493031
249.112000
358.399000
362.507000
462.978000
695.041703
38.278000
40.046275
44.928338
35.362367
32.185152
38.986394
52.252156
56.392852
69.486102
71.349613
97.217359
101.931164
152.671609
183.212484
235.668984
269.179938
284.551375
369.999625
465.606531
647.715578
868.414359
885.224000
885.224000
51.746875
58.655538
64.675650
52.009500
46.635705
47.073803
56.038897
61.113788
70.011580
80.294064
97.438013
99.781361
146.745875
179.493141
237.351781
269.549203
310.903125
431.360141
738.213859
881.696062
885.224000
885.224000
885.224000
65.352594
65.134750
69.236637
84.580625
103.426175
104.840087
146.173025
170.995531
219.078922
255.545438
320.656875
560.227281
880.120437
888.408797
885.683047
885.226859
885.372437
