0.000000
0.000000
0.000000
0.000000
0.000000
0.000000
0.000000
0.000000
0.000000
0.000000
0.000000
0.000000
0.000000
0.000000
0.000000
0.000000
0.000000
0.000000
0.000000
0.000000
0.000000
0.000000
0.000000
0.000000
0.000000
0.000000
0.000000
0.000000
0.000000
0.000000
0.000000
0.000000
0.000000
0.000000
0.000000
0.000000
0.000000
0.000000
0.000000
0.000000
0.000000
0.000000
0.000000
0.000000
0.000000
0.000000
0.000000
0.000000
0.000000
0.000000
0.000000
0.000000
0.000000
0.000000
0.000000
0.000000
0.000000
0.000000
0.000000
0.000000
0.000000
0.000000
0.000000
0.000000
0.000000
0.000000
0.000000
0.000000
0.000000
0.000000
0.000000
0.000000
0.000000
0.000000
0.000000
0.000000
0.000000
0.000000
0.000000
0.000000
0.000000
0.000000
0.000000
0.000000
0.000000
0.000000
0.000000
0.000000
0.000000
0.000000
0.000000
0.000000
0.000000
0.000000
0.000000
0.000000
0.000000
0.000000
0.000000
0.000000
0.000000
0.000000
0.000000
0.000000
0.000000
0.000000
0.000000
0.000000
0.000000
0.000000
0.000000
0.000000
0.000000
0.000000
0.000000
0.000000
0.000000
0.000000
0.000000
0.000000
0.000000
0.000000
0.000000
0.000000
0.000000
0.000000
0.000000
0.000000
0.000000
0.000000
0.000000
0.000000
0.000000
0.000000
0.000000
0.000000
0.000000
0.000000
0.000000
0.000000
0.000000
0.000000
0.000000
0.000000
0.000000
0.000000
0.000000
0.000000
0.000000
0.000000
0.000000
0.000000
0.000000
0.000000
0.000000
0.000000
0.000000
0.000000
0.000000
0.000000
0.000000
0.000000
0.000000
0.000000
0.000000
0.000000
0.000000
0.000000
0.000000
0.000000
0.000000
0.000000
0.000000
0.000000
0.005724
0.005724
0.000000
0.000000
0.000000
0.000000
0.000000
0.000000
0.000000
0.000000
0.000000
0.000000
0.000000
0.000000
0.000000
0.000000
0.000000
0.000000
0.000000
0.000000
0.000000
0.000000
0.000000
0.000000
0.000000
0.000000
0.000000
0.000000
0.000000
0.000000
0.000000
0.004124
0.004124
0.000000
0.000000
0.000000
0.000000
0.000000
0.000000
0.000000
0.000000
0.000000
0.000000
0.000000
0.000000
0.000000
0.000000
0.000000
0.000000
0.000000
0.000000
0.000000
0.000000
0.000000
0.000000
0.000000
0.000000
0.000000
0.000000
0.000000
0.000000
0.000000
0.000000
0.000000
0.000000
0.000000
0.000000
0.000000
0.000000
0.000000
0.000000
0.000000
0.000000
0.000000
0.000000
0.000000
0.000000
0.000000
0.000000
0.000000
0.000000
0.000000
0.000000
0.000000
0.000000
0.000000
0.000000
0.000000
0.000000
0.000000
0.000000
0.000000
0.000000
0.000000
0.000000
0.000000
0.000000
0.005097
0.005097
0.000000
0.000000
0.000000
0.000000
0.000000
0.000000
0.000000
0.000000
0.000000
0.000000
0.000000
0.000000
0.000000
0.000000
0.000000
0.000000
0.000000
0.000000
0.000000
0.000000
0.000000
0.000000
0.000000
0.000000
0.000000
0.000000
0.000000
0.000000
0.000000
0.000000
0.000000
0.000000
0.000000
0.006047
0.006047
0.000000
0.002888
0.001648
0.000362
0.000000
0.000000
0.000000
0.000000
0.000000
0.000064
0.006432
0.001340
0.000000
0.000000
0.000000
0.000000
0.000000
0.000686
0.003578
0.002337
0.000122
0.000000
0.000000
0.000000
0.000000
0.000000
0.000000
0.000000
0.000000
0.000000
0.000000
0.000000
0.000000
0.000000
0.000000
0.023237
0.036227
0.032421
0.028662
0.028480
0.001827
0.000089
0.000000
0.000000
0.006270
0.043680
0.030891
0.000702
0.000000
0.000390
0.000147
0.014410
0.029380
0.038270
0.034471
0.018178
0.000405
0.000000
0.000000
0.000000
0.000000
0.000000
0.000000
0.000000
0.000000
0.000000
0.000000
0.000000
0.000000
0.000000
0.000000
0.000000
0.005499
0.005499
0.038542
0.070083
0.142532
0.302430
0.373445
0.175560
0.031192
0.001724
0.005754
0.027199
0.054194
0.060173
0.010721
0.000038
0.028142
0.047527
0.044037
0.044739
0.047150
0.048078
0.043835
0.029848
0.000054
0.000000
0.000000
0.000000
0.000000
0.000000
0.000000
0.000000
0.000000
0.000000
0.000000
0.000000
0.000000
0.000000
0.000000
0.004997
0.004997
0.136292
0.267828
0.545926
1.004184
1.238557
1.068309
0.312360
0.257786
0.548340
0.519313
0.443950
1.123870
0.443585
0.583825
0.646541
0.075524
0.115932
0.073446
0.148713
0.169719
0.057346
0.044101
0.013533
0.000336
0.000131
0.002701
0.031198
0.004066
0.000028
0.000000
0.000000
0.000000
0.000000
0.000000
0.000000
0.000000
0.000000
0.000000
0.000000
0.000000
0.000000
0.139755
0.442911
0.794207
1.085781
1.574799
1.945047
2.352173
2.199589
1.842307
1.875669
2.116449
3.866554
2.547822
1.667348
0.228004
0.166768
0.150829
0.158013
0.307822
0.430546
0.079706
0.044354
0.018200
0.137620
0.038473
0.035983
0.043620
0.029886
0.029159
0.016941
0.000000
0.000000
0.000000
0.000000
0.000000
0.000000
0.000000
0.000000
0.000000
0.000377
0.000377
0.137898
0.436582
0.815486
1.148268
1.668133
2.127411
2.675279
2.593548
3.011679
3.734207
4.790470
4.286665
1.589437
0.922481
0.269834
0.327653
0.272743
0.208599
0.729780
0.898080
0.339771
0.125899
0.136129
0.585580
0.086693
0.049874
0.050926
0.044855
0.047595
0.024738
0.000000
0.000000
0.000000
0.000000
0.000000
0.000000
0.000000
0.000000
0.000000
0.000000
0.000000
0.000000
0.000000
0.000000
0.000000
0.000000
0.000000
0.000000
0.000000
0.000000
0.036862
0.044391
0.271671
0.788323
1.055541
1.508155
0.775067
3.247656
0.450102
0.004154
0.004154
0.127188
0.422345
0.798146
1.152032
1.657992
2.165771
2.619435
2.914470
3.264073
3.775488
4.624846
4.845992
5.439337
5.319698
3.319571
1.990448
4.754804
3.351281
3.130296
4.417933
2.475595
0.575703
0.402465
0.146854
0.366665
0.311494
0.217518
0.123190
0.172257
0.005777
0.000000
0.000000
0.000000
0.000000
0.000000
0.000000
0.000000
0.000000
0.000000
0.000000
0.000000
0.000000
0.003299
0.006504
0.005813
0.000523
0.000000
0.000000
0.000000
0.000131
0.074196
0.267464
0.747271
1.655348
0.252752
0.103409
2.435900
4.825125
0.070186
0.000000
0.000000
0.124290
0.388062
0.756127
1.081567
1.595709
2.068080
2.417004
2.237870
1.680030
2.462561
4.423596
5.091635
5.793363
6.178247
5.945021
5.633969
6.564262
5.113185
3.448590
1.245220
0.464468
0.288543
0.342397
0.600610
0.548607
0.510619
0.412892
0.640065
1.090422
0.019212
0.000000
0.000000
0.000000
0.000000
0.000000
0.000000
0.000000
0.000000
0.000000
0.000000
0.000000
0.000000
0.016846
0.087857
0.055630
0.002238
0.000000
0.000000
0.000000
0.001738
0.078726
0.315452
0.815605
0.239091
0.048900
0.146841
0.518323
2.428112
0.076789
0.007819
0.007819
0.104027
0.330262
0.664092
0.989834
1.317713
1.419508
1.190769
0.289139
0.059318
0.290637
1.160758
2.652324
6.327978
6.639100
6.923331
7.067160
7.053146
4.409283
2.108585
1.330658
1.765767
1.352469
0.538446
0.556657
0.728399
0.663445
0.751738
1.589766
2.503005
0.093325
0.000000
0.000000
0.000000
0.000008
0.000132
0.000016
0.000000
0.000000
0.000000
0.000000
0.000000
0.000000
0.019472
0.759711
1.000196
0.061743
0.000044
0.000000
0.000000
0.000016
0.070627
0.178238
0.328973
0.055641
0.067103
0.200942
0.216797
1.462218
0.131205
0.009814
0.009814
0.066586
0.227900
0.467486
0.402341
0.186131
0.028710
0.000000
0.000000
0.000000
0.000000
0.556882
4.085585
4.010492
5.556390
6.480559
6.209805
6.911058
6.820511
4.061971
3.119710
0.925092
0.907467
1.307696
1.321713
1.131853
0.927531
2.135112
3.757137
2.734158
0.459130
0.000000
0.000000
0.000161
0.025239
0.044213
0.029033
0.003263
0.000000
0.000000
0.000000
0.000000
0.018211
0.120669
1.069836
3.245931
0.526306
0.497186
0.036353
0.000000
0.000017
0.039241
0.305157
1.012297
0.782129
0.258919
0.475866
0.691349
0.954633
0.376005
0.000000
0.000000
0.042745
0.130833
0.260559
0.288587
0.018560
0.000000
0.000000
0.000000
0.000000
0.000000
0.719548
2.553033
0.623618
3.453632
3.961853
4.370679
6.706452
5.979210
4.793069
3.791792
1.430374
1.429519
1.922673
1.948746
1.735356
1.572798
3.813169
4.345541
2.726380
0.789476
0.000000
0.000000
0.043106
0.169909
0.046320
0.029015
0.003103
0.003746
0.004006
0.000000
0.000000
0.036882
0.571029
1.854590
3.056249
1.900916
1.756411
0.301806
0.000000
0.021844
0.118111
0.684710
2.387110
1.674480
1.620810
2.236524
1.968824
1.182031
1.692534
0.009282
0.009282
0.038627
0.057101
0.054840
0.055699
0.005210
0.000000
0.000000
0.000000
0.000000
0.000097
0.177789
0.216490
0.169131
1.889307
1.369086
3.241004
6.297459
5.913544
5.628401
3.948111
1.784528
2.267322
2.812752
2.872588
2.780880
2.765165
5.131968
4.512549
2.879140
0.926086
0.094840
0.370050
0.989024
0.421481
0.034357
0.006987
0.008673
0.025824
0.008775
0.000001
0.000000
0.017889
0.745078
1.648742
2.269166
0.383469
1.111614
0.287876
0.005688
0.075136
0.209747
0.691924
2.581585
2.755830
3.737968
4.258477
3.805782
3.060828
4.128585
0.017905
0.017905
0.002793
0.034733
0.001848
0.000000
0.000000
0.000000
0.000000
0.000000
0.000000
0.000000
0.000000
0.000000
0.016700
0.000438
0.678037
3.023124
2.646266
4.649754
5.445291
4.865338
3.618487
3.617146
3.588798
3.617773
3.657762
4.461503
4.529337
4.107854
4.592788
4.300218
3.475615
3.953150
1.579674
0.138633
0.024112
0.070500
0.048632
0.046798
0.066050
0.053168
0.000548
0.134930
4.035479
5.464933
0.474678
0.045462
0.064874
0.132532
0.343762
0.917178
0.594033
0.513070
1.350150
2.749861
4.043778
4.713933
5.647920
5.928945
6.104648
0.000000
0.000000
0.000000
0.000434
0.000000
0.000000
0.000000
0.000000
0.000000
0.000000
0.000000
0.000000
0.000000
0.000000
0.000000
0.043619
0.879366
1.257158
1.651315
2.854282
4.942032
5.099258
4.711108
4.612239
4.471238
4.381840
4.672596
5.210958
4.458026
5.138324
6.019683
5.959109
6.451570
5.735840
1.741110
1.127419
0.800368
0.759284
0.047221
0.128631
0.539336
0.530507
0.004293
0.402010
5.780512
5.166255
0.157180
0.144105
0.632370
2.168930
1.077094
1.739150
2.562753
1.848126
2.349824
4.134720
5.388473
5.703160
6.653260
7.501150
7.901870
0.011584
0.011584
0.000000
0.000000
0.000000
0.000000
0.000000
0.000000
0.000000
0.000000
0.000000
0.000000
0.000000
0.000000
0.000000
0.029944
0.128898
0.166864
1.452270
3.197302
4.688867
5.332477
5.405871
5.382972
5.373024
5.269569
5.043972
6.178435
5.974698
6.366772
7.094039
7.546737
8.259723
7.944715
4.032210
3.851661
4.271119
0.945892
0.108330
0.693252
1.845718
1.926525
0.058969
0.325293
5.252839
9.185021
1.616112
1.907663
3.413481
5.639213
3.211129
2.408994
3.409404
2.870566
4.492471
5.429278
7.161001
8.312670
8.312670
9.945490
9.945490
0.020153
0.020153
0.000000
0.000000
0.000000
0.000000
0.000000
0.000000
0.000000
0.000000
0.000000
0.000000
0.000000
0.000000
0.000000
0.000000
0.000039
0.038475
0.678527
1.594663
2.652886
3.145194
3.744595
3.273397
5.061151
5.771306
6.216053
6.032848
6.117627
6.666424
7.846870
8.352044
8.748689
9.074290
9.716246
10.132137
6.510288
1.263320
2.147863
2.154083
4.482783
4.779715
0.496603
1.382366
8.014125
9.319558
8.013400
8.647972
6.222770
4.962712
6.115919
4.221957
6.411400
5.614853
6.199065
6.738471
7.933586
8.704080
9.414030
10.042700
10.415400
0.000000
0.000000
0.000000
0.000000
0.000000
0.000000
0.000000
0.000000
0.000000
0.000000
0.000000
0.000000
0.000000
0.000000
0.000117
0.015515
0.368860
1.190894
1.779485
1.655185
1.795222
2.716042
4.345650
6.192673
6.301731
5.322684
5.202341
6.214812
8.362558
8.313093
8.605327
9.261624
10.474566
11.450037
9.953045
6.302923
4.344583
4.148419
6.309638
6.452310
2.018838
3.097311
9.061679
9.829243
10.953957
11.512202
7.589915
5.154342
7.666398
5.371337
7.060937
6.532227
7.852433
8.216708
9.314388
10.685842
10.952074
12.239075
12.378837
0.000000
0.000000
0.000000
0.000000
0.000000
0.000000
0.000000
0.000000
0.000000
0.000000
0.000000
0.000000
0.000000
0.000000
0.002244
0.006197
0.254657
1.296486
2.031802
2.193579
2.357039
2.996302
4.366999
6.232165
6.198153
4.938294
4.443145
5.817122
8.502856
8.095493
8.314910
8.878594
10.982281
12.362525
11.159781
8.151338
5.382347
5.317569
6.734775
5.407759
3.315309
6.897651
9.753346
10.956310
11.475789
11.670503
6.526195
3.648249
8.612204
6.036414
7.398087
7.076081
8.844454
9.172899
10.263709
11.901213
12.095050
13.742713
13.850238
0.000000
0.000000
0.000000
0.000000
0.000000
0.000000
0.000000
0.000000
0.000000
0.000000
0.156572
0.951126
0.557044
2.078358
3.063511
2.925718
3.117489
3.433554
4.377178
4.967443
5.381064
4.839475
4.033748
4.816918
6.448709
6.670548
6.847114
7.085496
10.512033
11.051245
8.876333
7.616438
6.581924
6.609329
7.177383
6.370929
4.815675
9.924806
11.430550
12.878850
12.508480
12.579848
8.011139
5.722310
11.735378
8.310778
7.233285
7.246179
8.968611
9.880376
11.134914
12.118125
13.713202
15.227288
16.555870
0.000000
0.000000
0.000000
0.000000
0.000000
0.000000
0.000000
0.000000
0.000000
0.000000
0.143338
1.648992
2.502492
2.826883
3.526751
3.416652
3.564912
3.734145
4.104665
4.373012
4.514540
4.267710
4.058230
4.199639
5.273935
5.525299
5.610642
5.569563
9.571276
11.851033
9.531618
9.408883
8.352052
7.819812
7.682719
7.705530
7.245585
9.310950
11.036800
11.709063
13.158419
13.742886
11.883859
12.384734
14.356794
10.045106
8.655720
8.758874
9.837715
10.252781
11.312200
12.347200
14.280311
16.629969
18.218216
0.000075
0.000002
0.024940
1.002107
3.256193
3.392150
3.489470
3.611576
3.833341
3.973785
4.015038
3.972240
3.964240
3.715718
3.768611
3.881995
4.525632
3.879097
3.886151
3.849823
5.369890
10.109415
10.766866
10.811942
9.578177
8.779922
8.279799
8.817556
8.560505
9.292687
9.339480
9.122752
10.992779
13.529427
14.274713
12.829320
13.179795
10.156100
9.313190
9.776310
9.987091
9.989730
10.784531
12.109200
13.357700
16.118795
17.670136
0.067329
0.066590
0.154138
0.360678
2.548663
3.291540
3.384750
3.632279
3.708161
3.737947
2.938862
2.816896
2.430324
2.094110
1.587933
1.323239
1.022600
0.676787
0.322853
0.104550
0.154820
1.853029
8.753940
10.623352
9.970805
7.772854
7.467735
8.244122
9.619059
9.140489
9.414129
8.672271
8.025149
11.011695
11.472014
11.083100
10.701334
10.081100
8.952832
8.885598
9.391507
9.428877
9.841619
10.748292
12.314000
14.656113
16.835783
1.557717
2.020452
3.033632
3.201495
3.329362
3.656198
3.517693
2.651399
0.483138
0.436325
0.238656
0.253822
0.124613
0.075248
0.026429
0.003186
0.000000
0.000000
0.014637
0.216740
3.265341
7.563230
9.385236
8.299462
8.022311
8.173494
8.485825
8.415017
9.975460
9.904739
7.832677
7.391045
10.590663
10.495280
10.176169
10.473459
8.479793
8.390897
9.098925
9.191852
9.719545
10.639388
11.259000
13.778452
15.832389
2.291375
2.602400
3.073952
3.082969
3.206796
3.559711
2.908407
0.975372
0.040897
0.039535
0.038684
0.000588
0.000000
0.000000
0.000000
0.000000
0.000000
0.000000
0.000000
0.000000
0.080952
1.801064
8.174763
8.707728
8.447895
8.369165
7.878145
8.145468
10.047102
10.645202
9.338707
8.839300
10.163721
10.051138
9.753364
10.520987
8.898420
8.045152
8.760273
8.922040
9.598520
10.578530
10.607789
13.239794
15.488744
2.527934
1.898536
1.830068
0.550223
0.036345
0.004063
0.000000
0.000000
0.000000
0.000000
0.000000
0.000000
0.000000
0.000000
0.000000
0.000000
0.000000
0.021992
2.147713
6.821111
8.695553
9.033294
7.535512
7.797750
8.461052
9.486504
9.423127
8.234148
9.376212
9.047798
8.572525
9.447497
9.262455
7.735028
7.754919
8.187955
9.600479
10.500298
10.410545
13.002164
16.917547
2.174642
1.789168
1.428307
0.460108
0.042090
0.011436
0.000000
0.000000
0.000000
0.000000
0.000000
0.000000
0.000000
0.000000
0.000000
0.000000
0.000000
0.030594
2.049662
5.898500
7.401596
7.778686
7.800789
7.475050
7.752110
8.222668
9.220402
8.332163
8.678256
7.037382
6.588880
10.235669
9.516091
8.557132
8.709415
9.301569
10.898744
11.630361
9.739980
12.949695
17.578672
0.000000
0.000000
0.000000
0.000000
0.000000
0.000000
0.000000
0.000000
0.000000
0.000000
0.003781
0.056783
1.475222
5.632584
6.746686
7.027230
7.135700
7.159470
7.260483
7.109097
7.437716
8.389685
7.523165
7.318722
5.890530
6.424724
9.819129
9.832584
7.961433
8.598519
11.248214
13.186367
10.705153
12.467773
18.068400
0.000000
0.000000
0.000000
0.000000
0.000000
0.000000
0.000000
0.000000
0.000000
0.000000
0.008617
0.063159
2.319239
5.727069
6.685867
7.017430
7.017430
7.493420
7.100380
6.404545
6.095796
5.996355
6.601409
5.434306
4.564783
4.123138
6.569541
8.484901
8.418986
9.029031
12.264064
15.803336
12.088061
13.850111
18.915900
0.000000
0.000000
0.000000
0.000000
0.014885
0.057848
2.570263
5.758869
6.462839
6.728905
6.755055
7.232770
6.852807
6.059666
4.873945
4.093628
4.036729
4.285817
1.728751
1.931456
4.898016
7.682286
8.539783
9.207370
12.721659
17.314733
13.881927
15.358738
21.017400
0.000000
0.000000
0.000000
0.000000
0.020717
0.108494
3.508124
5.915895
6.313228
6.533649
6.534702
6.774467
6.566912
5.739665
4.473105
3.020872
1.822602
1.717621
1.906868
1.585465
3.115436
6.785046
8.295893
9.114361
13.009248
18.436523
14.216991
15.100242
22.364036
4.876681
5.546845
5.888293
6.208471
5.684252
5.014661
4.360131
3.404202
2.338065
0.922658
1.490293
1.421221
1.172565
1.543060
2.262330
4.326776
6.617701
8.239042
13.217513
19.099222
16.564662
16.930511
22.737452
31.150639
28.819611
4.858907
5.164562
5.440668
5.664145
5.700010
5.235972
4.056761
2.555964
0.996656
0.557838
0.712569
1.180692
1.468129
1.267082
1.227047
1.692599
4.003336
5.457157
11.903053
20.668556
18.052087
19.218078
25.620245
32.473991
33.098795
4.950206
5.110650
5.769854
6.112668
3.068156
1.037973
0.455537
0.550016
0.486927
0.567010
1.194665
1.752350
1.997317
1.977137
4.201822
6.381073
13.537669
22.435012
20.703183
21.251913
25.744100
33.583597
33.944617
4.357465
4.502490
4.843060
5.460427
3.065928
0.279475
0.203879
0.468524
0.557095
0.472063
0.631229
1.200588
2.712522
4.033405
12.931874
17.183463
23.964536
26.631472
21.126859
23.049230
27.506514
38.463430
44.260589
4.446291
4.470595
2.638826
0.559845
0.070843
0.154678
0.487778
0.697223
0.730422
0.845390
1.914791
2.993191
12.430973
18.705900
28.555747
28.862598
25.503994
28.479136
31.172805
38.977503
46.728414
45.390303
41.261063
3.573430
3.145525
2.478070
0.983922
0.051996
0.049279
0.101783
0.199546
0.563611
0.956702
1.335722
2.217366
11.500589
17.630761
28.891202
29.131692
24.673467
28.125331
38.399963
53.607364
73.759603
80.901252
95.723813
0.153455
0.285925
0.742005
1.642748
2.646099
3.765175
11.566659
16.110555
23.842992
26.221648
22.676337
31.272905
43.954087
66.270667
98.481144
137.561422
182.610469
