0.000000
0.000000
0.000000
0.000000
0.000000
0.000000
0.000000
0.000000
0.000000
0.000000
0.000000
0.000000
0.000000
0.000000
0.000000
0.000000
0.000000
0.000000
0.000000
0.000000
0.000000
0.000000
0.000000
0.000000
0.000000
0.000000
0.000000
0.000000
0.000000
0.000000
0.000000
0.000000
0.000000
0.000000
0.000000
0.000000
0.000000
0.000000
0.000000
0.000000
0.000000
0.000000
0.000000
0.000000
0.000000
0.000000
0.000000
0.000000
0.000000
0.000000
0.000000
0.000000
0.000000
0.000000
0.000000
0.000000
0.000000
0.000000
0.000000
0.000000
0.000000
0.000000
0.000000
0.000000
0.000000
0.000000
0.000000
0.000000
0.000000
0.000000
0.000000
0.000000
0.000000
0.000000
0.000000
0.000000
0.000000
0.000000
0.000000
0.000000
0.000000
0.000000
0.000000
0.000000
0.000000
0.000000
0.000000
0.000000
0.000000
0.000000
0.000000
0.000000
0.000000
0.000000
0.000000
0.000000
0.000000
0.000000
0.000000
0.000000
0.000000
0.000000
0.000000
0.000000
0.000000
0.000000
0.000000
0.000000
0.000000
0.000000
0.000000
0.000000
0.000000
0.000000
0.000000
0.000000
0.000000
0.000000
0.000000
0.000000
0.000000
0.000000
0.000000
0.000000
0.000000
0.000000
0.000000
0.000000
0.000000
0.000000
0.000000
0.000000
0.000000
0.000000
0.000000
0.000000
0.000000
0.000000
0.000000
0.000000
0.000000
0.000000
0.000000
0.000000
0.000000
0.000000
0.000000
0.000000
0.000000
0.000000
0.000000
0.000000
0.000000
0.000000
0.000000
0.000000
0.000000
0.000000
0.000000
0.000000
0.000000
0.000000
0.000000
0.000000
0.000000
0.000000
0.000000
0.000000
0.000000
0.000000
0.000000
0.000000
0.000000
0.000000
0.135846
0.135846
0.000000
0.000000
0.000000
0.000000
0.000000
0.000000
0.000000
0.000000
0.000000
0.000000
0.000000
0.000000
0.000000
0.000000
0.000000
0.000000
0.000000
0.000000
0.000000
0.000000
0.000000
0.000000
0.000000
0.000000
0.000000
0.000000
0.000000
0.000000
0.000000
0.210580
0.210580
0.019827
0.049092
0.001924
0.000227
0.000000
0.000000
0.000000
0.000000
0.000000
0.000000
0.000000
0.000000
0.000000
0.000000
0.000000
0.000000
0.000000
0.000000
0.000000
0.000000
0.000000
0.000000
0.000000
0.000000
0.000000
0.000000
0.000000
0.000000
0.000000
0.000000
0.000000
0.000000
0.000000
0.057248
0.060316
0.041388
0.010628
0.000707
0.000000
0.000000
0.000000
0.000000
0.000000
0.000000
0.000000
0.000000
0.000000
0.000000
0.000000
0.014803
0.008948
0.000000
0.000000
0.000000
0.000000
0.000000
0.000000
0.000000
0.000000
0.000000
0.000000
0.000000
0.000000
0.000000
0.559110
0.559110
0.057712
0.065102
0.064471
0.040273
0.002466
0.000000
0.000000
0.000000
0.000000
0.000000
0.000000
0.000119
0.000017
0.000000
0.002804
0.008379
0.064427
0.067064
0.004787
0.006308
0.004439
0.002516
0.000000
0.000000
0.000000
0.000000
0.000000
0.000000
0.000000
0.000000
0.000000
0.000000
0.000000
0.535740
0.535740
0.080809
0.092318
0.069815
0.064831
0.020117
0.005316
0.000000
0.000000
0.000000
0.000000
0.014192
0.012668
0.000879
0.000291
0.027222
0.070372
0.080198
0.074106
0.048025
0.059265
0.052939
0.022827
0.000000
0.000000
0.000000
0.000000
0.000000
0.000000
0.000000
0.000000
0.000000
0.000000
0.000000
0.000000
0.000000
0.213102
0.483623
0.229733
0.234740
0.341418
0.072566
0.000048
0.000000
0.000000
0.036612
0.059271
0.064249
0.008403
0.000872
0.046037
0.081005
0.111123
0.254834
0.281547
0.207305
0.075407
0.016957
0.000000
0.000000
0.000000
0.000000
0.000000
0.000000
0.000000
0.000000
0.000000
0.000000
0.000000
0.000000
0.000000
0.000000
0.000000
0.603455
0.603455
0.302229
1.066977
1.798355
2.792906
2.623798
1.521905
0.153846
0.021182
0.135049
0.260370
0.475960
0.183571
0.069328
0.041996
0.767109
0.656932
0.382140
0.520236
0.761145
0.615275
0.244910
0.050413
0.010763
0.000210
0.000000
0.000000
0.000000
0.001130
0.001291
0.000807
0.000000
0.000000
0.059087
0.059087
0.000052
0.000055
0.000005
0.726700
0.726700
1.097850
2.308492
3.879883
5.725403
6.170946
5.689585
2.824066
2.299386
3.720487
4.200072
3.568975
3.635042
1.888140
3.526698
4.357299
0.758628
1.615195
1.264664
1.485986
1.379031
0.502931
0.178796
0.064232
0.024561
0.016896
0.000000
0.000000
0.002909
0.001566
0.000807
0.000000
0.000000
0.061838
0.122914
0.157081
0.126708
0.010237
0.000000
0.000000
0.000000
0.000000
1.182534
3.281683
4.900986
5.939573
6.955559
7.575859
8.468793
8.427781
7.594444
7.875493
8.517960
9.429912
9.045189
7.140795
2.297616
1.818472
1.888520
2.022204
2.566925
2.522732
0.630574
0.161329
0.065302
0.078254
0.046333
0.000191
0.007407
0.038885
0.046248
0.045909
0.055249
0.046461
0.898174
0.918388
1.153707
1.016383
0.075788
0.098175
0.014450
0.722760
0.722760
1.165272
3.282757
5.022082
6.021493
7.262965
7.989869
9.049110
9.201989
8.674247
9.392775
10.864705
10.454650
7.582017
5.022822
2.028190
3.172328
4.389016
4.761139
5.230728
4.239251
1.218564
0.465994
0.167866
0.521511
0.070529
0.008726
0.029752
0.064869
0.147895
0.321198
1.256619
2.057418
1.008995
0.229776
0.275413
1.969538
3.242122
2.086536
0.337242
0.571508
0.454121
0.601300
0.538240
0.037155
0.017695
0.055996
0.069448
0.097093
0.346040
0.684682
3.947354
6.202378
10.557626
11.303833
11.753762
12.758801
14.043888
15.599050
14.999092
0.728660
0.728660
1.145449
3.227743
4.973234
5.926664
7.015730
7.552975
8.419927
8.859618
9.529437
9.573231
10.516706
10.648605
11.261831
10.779285
8.816946
8.617263
13.441525
12.585352
9.743111
10.268160
6.242403
2.520991
0.629109
0.097182
0.089058
0.118314
0.065988
0.229428
1.706700
0.377173
0.067513
0.136457
0.058487
0.039685
0.015764
0.063676
2.341542
5.274548
4.635986
6.119658
7.022075
2.749843
2.247339
2.536491
0.901036
0.279644
0.300825
0.262017
0.857807
2.031194
7.999529
12.444141
12.183996
11.717630
9.085140
6.395741
10.021508
16.073759
9.190289
0.000000
0.000000
1.132728
3.164709
4.869310
5.770831
6.888480
7.335534
7.996286
7.650260
6.522669
8.066126
10.826502
11.441155
12.205919
12.763531
12.759017
13.601002
15.071297
12.594603
9.364239
4.437503
1.294735
0.419924
0.366413
0.411974
0.159297
0.108318
0.092703
0.569973
2.468361
0.055889
0.000000
0.000193
0.000443
0.000000
0.015887
0.060887
0.511225
2.217739
6.264105
7.203073
6.055130
2.934224
6.562336
8.413442
5.607610
1.333156
0.760108
0.478001
1.003323
2.703589
6.965362
8.881148
6.854002
5.065037
4.737679
7.608940
14.074027
22.219855
11.364706
0.847675
0.847675
1.074418
3.026862
4.561980
5.268210
6.238572
6.066245
4.913523
2.212438
1.316187
2.495936
6.392548
10.178172
12.775459
13.323366
13.832650
14.461148
14.224945
11.530494
6.370340
3.236123
2.613674
1.754808
0.623306
0.371988
0.316469
0.093255
0.341318
2.011429
4.464543
0.226493
0.000000
0.000000
0.007772
0.059806
0.090013
0.244862
0.778508
1.271577
1.441169
2.045499
4.526050
8.794114
12.148000
12.826650
10.692372
4.285948
1.668653
1.139248
0.995237
2.164464
6.324910
7.358114
5.400344
2.732033
4.541484
8.352316
13.943934
23.498992
11.824999
0.449879
0.449879
0.954883
2.703840
4.268448
4.242529
2.656398
0.672785
0.070054
0.000000
0.000000
0.000000
2.223652
9.284864
8.581495
11.226829
11.895402
12.511791
13.106633
12.260805
8.730654
6.233779
1.518995
1.374217
1.883148
1.089657
0.551048
0.487949
3.441270
6.443045
4.512001
0.627820
0.083049
0.097344
0.202934
0.475942
0.966044
1.242888
1.334766
1.876170
3.407961
5.149180
7.970253
15.694100
18.800000
19.056484
17.540752
9.098487
5.509627
3.645326
3.235384
5.201575
5.622580
5.391299
9.122198
5.959450
6.895942
9.884421
11.644212
14.560117
12.206712
0.000000
0.000000
0.776418
2.181173
3.585801
4.017103
1.441798
0.079361
0.000000
0.000000
0.000000
0.000000
1.817582
5.666996
2.201354
7.394271
8.629576
9.458360
11.933733
10.068356
8.820435
6.923069
2.973591
2.368102
2.870978
2.374709
1.334406
1.531258
6.524665
7.376035
3.874497
0.858230
0.257413
0.515723
1.778245
2.454571
2.639735
2.328925
2.342700
3.055909
5.982867
9.873452
8.428942
15.877350
20.299000
21.150167
20.405527
13.504639
8.902670
5.963520
4.627465
9.931611
7.036753
6.983977
8.537552
9.207316
12.288887
14.674987
16.342594
16.174692
17.494689
0.537860
0.537860
0.587266
1.452302
1.194763
1.696496
0.891180
0.105311
0.000000
0.000000
0.000000
0.000834
0.770512
0.996805
0.891712
4.553965
5.243103
8.487217
10.830461
9.889658
10.098014
7.612890
3.934365
4.103048
4.985365
4.890223
3.438240
3.453388
8.862223
7.558943
3.930931
0.799540
0.556541
1.673972
3.260178
2.035889
1.264750
1.307861
2.373436
3.504630
7.034656
11.722713
8.629521
16.063919
22.251888
22.781684
20.363483
8.105458
7.267171
6.196710
6.105563
12.475900
8.239800
7.564787
8.271253
10.061588
14.696641
17.761259
17.705313
17.560866
20.830063
0.803418
0.803418
0.344254
0.850698
0.120718
0.000033
0.013316
0.061995
0.001225
0.000000
0.000000
0.000000
0.000000
0.000000
0.051345
0.064620
2.387446
7.625450
7.623085
8.573977
10.445044
9.882780
7.035362
7.012464
7.035218
6.957326
6.662077
7.754909
8.509568
7.837443
8.373523
7.634113
6.550974
7.434351
3.220483
1.161373
2.256990
3.583930
2.381191
3.467081
9.132671
12.223013
7.884382
17.558656
26.867150
22.506544
12.864882
7.965314
8.728200
9.137060
10.056027
12.722841
9.731800
9.302501
11.259187
11.792520
14.709322
18.891400
19.891463
22.742813
26.047328
0.000000
0.000000
0.193946
0.368901
0.055667
0.001131
0.000000
0.012365
0.000000
0.000000
0.000000
0.000000
0.000000
0.000000
0.000271
0.105302
2.287562
3.242732
4.183664
7.512796
10.656525
10.841683
9.724682
9.543864
9.390540
9.289840
9.777122
10.919273
8.968282
10.202101
11.876511
11.579936
12.071733
11.128808
4.885445
4.127998
3.952718
3.764762
3.548380
7.126071
11.427447
12.397400
8.438960
22.607708
29.066948
24.108466
13.026750
12.654825
13.038934
12.230559
8.904828
10.817830
13.824283
10.673479
14.763260
16.332327
18.399070
19.803500
21.895300
25.118700
30.548655
0.572475
0.572475
0.079434
0.099138
0.056052
0.006916
0.000000
0.000000
0.000000
0.000000
0.000000
0.000000
0.000000
0.000000
0.000000
0.062959
0.331681
0.259629
3.117436
7.410981
9.728658
10.899988
11.148533
11.344878
11.801559
11.898762
11.478548
12.777350
11.967152
13.035562
14.248873
14.946075
16.001809
15.633583
11.931898
12.318802
10.457809
5.516404
9.845566
11.329325
13.785262
16.652745
15.108297
25.619356
34.204056
30.752208
17.662903
14.971475
11.440364
10.521358
10.627300
10.626500
14.771091
12.507000
17.549850
18.386016
19.048900
20.032900
21.578300
25.052775
27.851500
0.467882
0.467882
0.064217
0.040561
0.000000
0.000000
0.000000
0.000000
0.000000
0.000000
0.000000
0.000000
0.000000
0.000000
0.000000
0.000000
0.000000
0.000000
1.042847
2.478778
6.170762
7.823795
8.745610
8.396529
11.704686
12.966470
13.405442
12.596353
12.663163
13.734181
15.326631
16.033789
17.345700
18.247072
18.557536
20.962936
18.266195
11.079437
12.070388
14.844506
19.900652
21.462280
16.711300
23.298000
33.968352
32.522133
25.296447
19.239684
12.369019
10.632800
12.134337
11.288780
14.027200
12.665088
14.416237
15.476294
17.967242
20.118805
21.198400
24.037572
25.296442
0.057117
0.015340
0.000000
0.000000
0.000000
0.000000
0.000000
0.000000
0.000000
0.000000
0.000000
0.000000
0.000000
0.000000
0.000000
0.000000
0.418658
2.163455
4.495821
5.564412
6.316064
7.171600
10.362067
14.064358
14.089802
11.638688
11.411666
13.090375
16.212023
16.278641
17.542692
19.342447
21.789272
23.474384
21.495103
15.271650
12.515208
15.869327
21.263319
20.264039
15.421495
22.839500
30.509080
30.430592
27.998353
22.840544
14.153167
10.244737
11.705550
11.419027
13.261200
12.752223
14.319897
14.908106
17.207883
20.176727
20.673463
24.976241
26.650902
0.001437
0.000152
0.000000
0.000000
0.000000
0.000000
0.000000
0.000000
0.000000
0.000000
0.000000
0.000000
0.000000
0.000000
0.003654
0.011598
0.325129
2.697381
4.767723
5.023734
5.874291
6.803370
10.314998
14.209023
14.131767
11.067147
9.963862
12.417712
16.555436
16.152823
17.302425
19.267575
23.979941
25.388116
23.388650
18.007669
13.099548
16.683438
21.943822
18.876087
14.153262
22.794136
28.050495
27.500633
25.230856
20.995698
12.637912
10.017224
11.453138
11.443975
12.781075
12.742039
14.317270
14.649548
16.935030
20.568678
20.419438
25.857803
28.071169
0.000000
0.000000
0.000000
0.000000
0.000000
0.000000
0.000000
0.000000
0.000000
0.000000
0.312773
1.945232
1.449205
4.929389
7.146913
6.409057
6.794881
7.553973
9.735475
11.071456
11.624550
10.645097
9.003236
10.315274
13.267599
13.686972
14.236609
14.984000
22.566667
23.861041
19.943197
17.684220
15.616369
17.758566
20.379473
16.184486
13.805736
23.731678
24.044375
22.675394
18.980128
17.579623
12.638889
11.837020
12.085213
12.021075
12.695863
12.812238
14.437539
15.011839
17.780952
21.435014
20.963163
27.633713
31.194942
0.000000
0.000000
0.000000
0.000000
0.000000
0.000000
0.000000
0.000000
0.000000
0.000000
0.289797
3.238047
5.596884
6.394807
7.787460
7.663630
7.728496
8.062063
9.045673
9.860900
10.022600
9.347980
8.699690
8.900804
10.570601
11.067297
11.657777
12.092300
19.942039
23.964284
20.419798
20.054198
18.349594
18.958258
19.587505
17.529700
14.734786
19.298047
20.451100
20.123555
17.837639
17.779431
14.454694
14.690100
12.950500
12.950500
13.105100
13.105100
15.233100
15.782725
17.924113
20.810800
21.783300
28.855300
34.451455
0.000170
0.000000
0.053722
2.058166
6.935805
7.273060
7.645940
7.936466
8.173217
8.427981
8.810923
8.818960
8.286260
7.467837
6.814212
6.677683
8.193344
7.642417
7.993016
8.869803
14.276793
22.070633
23.131802
22.908470
19.934191
19.978906
20.146545
18.639556
16.576128
15.442756
15.148139
13.467045
13.834642
16.143227
15.835420
12.967600
13.102500
12.950500
13.907300
13.645150
15.991572
16.067403
17.770913
21.202100
22.214400
30.451783
34.568183
0.357241
0.290730
0.527717
1.246855
5.926948
7.335750
7.171690
7.597308
7.907463
7.870569
6.083900
5.613108
4.293063
2.611356
1.505970
1.431417
1.530608
1.025339
0.528699
0.428332
3.246631
10.884089
19.601678
22.353192
21.245072
17.209967
15.266337
16.041400
17.105625
14.447231
13.441898
11.295689
10.960858
12.544282
12.466839
11.853300
13.713900
13.986300
14.631500
14.631500
16.454475
16.736125
19.443450
23.896700
24.763900
34.442000
41.355812
4.226429
5.030514
6.963486
7.033863
6.911578
7.101738
7.009853
5.100262
1.032055
0.879183
0.361512
0.115235
0.050200
0.035562
0.063103
0.042373
0.050282
0.068367
0.440142
3.480574
12.561614
17.184798
18.286572
16.433066
14.853994
14.892845
13.867380
12.113938
13.396347
12.580858
9.430202
9.444421
10.869863
11.579136
13.666650
14.369800
14.631500
14.884156
16.726983
17.160531
20.297575
25.038637
25.863900
35.261750
42.926802
5.441062
5.873073
6.891687
6.811505
6.724332
6.713087
5.553816
1.783087
0.048500
0.000000
0.000000
0.000000
0.000000
0.005950
0.060495
0.069492
0.067449
0.067856
0.183385
0.644879
4.269770
7.997147
15.526465
15.865356
14.580259
14.176941
11.648648
10.708231
12.958228
13.147348
9.395605
9.691070
9.951539
10.764456
13.499078
14.687900
14.796788
15.351559
17.194047
17.680416
21.074053
25.961111
27.669320
36.111425
44.780886
6.560503
6.069626
4.766316
1.268383
0.035365
0.000028
0.000000
0.000000
0.006178
0.050092
0.073267
0.068316
0.068260
0.068959
0.195208
0.711059
3.555846
6.856372
6.805966
11.459772
13.733580
13.603587
10.111342
8.718180
10.133421
10.985632
8.870340
7.368014
8.567599
8.901896
12.483894
15.794394
16.223613
17.717097
19.336398
19.537100
21.935544
25.932950
31.049728
39.302344
50.241842
6.916239
5.932952
3.403911
0.667540
0.000000
0.000000
0.000000
0.000000
0.043077
0.065725
0.128980
0.112665
0.066574
0.127697
0.347780
1.541763
3.736927
4.834013
6.710304
8.654724
11.003092
11.320100
10.290073
8.544650
8.403870
8.248242
8.353158
8.413256
8.571420
8.612140
11.832938
18.799944
18.265167
18.807989
19.458450
19.537100
22.032538
26.191600
29.852469
40.347438
50.990050
0.000000
0.000000
0.000000
0.033956
0.067389
0.070004
0.069861
0.171770
0.654431
2.579300
4.756088
5.126178
6.172057
7.275324
8.919907
9.099670
9.043640
8.199890
7.094400
6.728739
6.197154
7.719290
7.940614
7.988730
9.624280
13.255189
18.404666
23.102647
21.863775
22.047950
25.119600
29.033600
31.621458
38.175905
53.763100
0.000000
0.000000
0.000000
0.025655
0.029320
0.062466
0.094696
0.085534
0.394947
2.347303
4.819202
6.067195
7.469352
7.257061
8.447876
8.824720
8.824720
8.714860
6.538165
4.627030
4.257397
4.916614
6.149917
5.928200
7.152530
9.854418
14.289700
20.622337
21.613417
22.610750
27.298738
32.343300
33.927638
41.556527
57.092100
0.069258
0.069020
0.323151
1.484994
4.113681
6.281879
6.670989
7.225957
8.066897
8.393120
8.013776
7.584986
5.659513
3.848488
3.968622
4.401487
5.322576
5.637325
6.509786
7.425428
12.091591
18.240466
20.769759
21.978891
27.462105
33.930613
36.275958
44.070284
62.586663
0.075550
0.131147
0.450219
1.162574
4.034332
5.931054
6.260376
7.392431
7.800895
8.098846
7.396146
6.421447
4.697821
3.554595
4.175206
4.389385
4.976924
5.403013
6.146360
6.208559
10.075938
16.441988
19.694456
21.375244
27.589544
35.049887
37.464828
44.648644
66.655333
6.074388
6.587338
7.223730
7.817260
6.052558
4.338442
3.214359
3.182670
3.185494
3.514596
4.822661
4.862325
6.079263
6.517655
7.965345
12.424927
16.560598
19.103545
27.628116
36.500245
39.722106
47.772061
73.212456
98.269264
104.011234
5.805049
6.035085
6.498847
6.922126
6.524768
4.882499
3.387255
3.877240
3.960077
3.364589
3.339151
3.944514
4.520800
4.520800
5.670913
7.862672
11.778622
14.556750
25.946639
39.471559
37.932097
50.228795
83.821225
111.604067
127.620281
5.678644
5.870650
6.262820
5.873720
1.808484
2.549960
4.094349
4.598000
4.342194
4.513201
5.482300
6.289040
7.430530
8.020604
12.770050
15.678363
27.575925
41.956812
38.451741
50.186905
80.196753
114.325459
140.540859
4.946714
5.131470
5.390220
5.211534
1.564134
1.402758
2.539449
4.291894
4.851619
4.794670
5.312916
6.918620
10.938200
11.316637
22.503150
26.344138
34.336366
42.740870
40.985394
52.089277
79.984295
128.663286
176.274375
4.747401
4.381464
1.884938
0.864387
1.149922
1.929534
3.963536
4.978434
5.968051
6.655689
10.301781
10.651437
21.386330
27.555770
38.606669
43.215756
50.452819
61.389367
82.921461
138.073266
229.398672
307.669641
349.877781
3.909888
2.980095
2.722357
2.359119
2.759480
3.268951
4.730470
5.851375
7.157964
8.741716
11.213036
11.337681
18.118202
24.172812
35.937536
38.206169
45.636086
57.446058
97.937150
183.687675
323.170156
351.212688
352.145969
6.611186
6.722156
7.639154
9.916208
12.091737
12.534936
17.598700
22.082742
30.860236
35.147547
40.348373
58.564278
112.380453
217.047203
348.428063
351.938906
350.260531
