0.000000
0.000000
0.000000
0.000000
0.000000
0.000000
0.000000
0.000000
0.000000
0.000000
0.000000
0.000000
0.000000
0.000000
0.000000
0.000000
0.000000
0.000000
0.000000
0.000000
0.000000
0.000000
0.000000
0.000000
0.000000
0.000000
0.000000
0.000000
0.000000
0.000000
0.000000
0.000000
0.000000
0.000000
0.000000
0.000000
0.000000
0.000000
0.000000
0.000000
0.000000
0.000000
0.000000
0.000000
0.000000
0.000000
0.000000
0.000000
0.000000
0.000000
0.000000
0.000000
0.000000
0.000000
0.000000
0.000000
0.000000
0.000000
0.000000
0.000000
0.000000
0.000000
0.000000
0.000000
0.000000
0.000000
0.000000
0.000000
0.000000
0.000000
0.000000
0.000000
0.000000
0.000000
0.000000
0.000000
0.000000
0.000000
0.000000
0.000000
0.000000
0.000000
0.000000
0.000000
0.000000
0.000000
0.000000
0.000000
0.000000
0.000000
0.000000
0.000000
0.000000
0.000000
0.000000
0.000000
0.000000
0.000000
0.000000
0.000000
0.000000
0.000000
0.000000
0.000000
0.000000
0.000000
0.000000
0.000000
0.000000
0.000000
0.000000
0.000000
0.000000
0.000000
0.000000
0.000000
0.000000
0.000000
0.000000
0.000000
0.000000
0.000000
0.000000
0.000000
0.000000
0.000000
0.000000
0.000000
0.000000
0.000000
0.000000
0.000000
0.000000
0.000000
0.000000
0.000000
0.000000
0.000000
0.000000
0.000000
0.000000
0.000000
0.000000
0.000000
0.000000
0.000000
0.000000
0.000000
0.000000
0.000000
0.000000
0.000000
0.000000
0.000000
0.000000
0.000000
0.000000
0.000000
0.000000
0.000000
0.000000
0.000000
0.000000
0.000000
0.000000
0.000000
0.000000
0.000000
0.000000
0.000000
0.000000
0.000000
0.000000
0.000000
0.000274
0.000274
0.000000
0.000000
0.000000
0.000000
0.000000
0.000000
0.000000
0.000000
0.000000
0.000000
0.000000
0.000000
0.000000
0.000000
0.000000
0.000000
0.000000
0.000000
0.000000
0.000000
0.000000
0.000000
0.000000
0.000000
0.000000
0.000000
0.000000
0.000000
0.000000
0.000269
0.000269
0.000000
0.000000
0.000000
0.000000
0.000000
0.000000
0.000000
0.000000
0.000000
0.000000
0.000000
0.000000
0.000000
0.000000
0.000000
0.000000
0.000000
0.000000
0.000000
0.000000
0.000000
0.000000
0.000000
0.000000
0.000000
0.000000
0.000000
0.000000
0.000000
0.000000
0.000000
0.000000
0.000000
0.000000
0.000000
0.000000
0.000000
0.000000
0.000000
0.000000
0.000000
0.000000
0.000000
0.000000
0.000000
0.000000
0.000000
0.000000
0.000000
0.000000
0.000000
0.000000
0.000000
0.000000
0.000000
0.000000
0.000000
0.000000
0.000000
0.000000
0.000000
0.000000
0.000000
0.000000
0.000407
0.000407
0.000000
0.000000
0.000000
0.000000
0.000000
0.000000
0.000000
0.000000
0.000000
0.000000
0.000000
0.000000
0.000000
0.000000
0.000000
0.000000
0.000000
0.000000
0.000000
0.000000
0.000000
0.000000
0.000000
0.000000
0.000000
0.000000
0.000000
0.000000
0.000000
0.000000
0.000000
0.000000
0.000000
0.000920
0.000920
0.000000
0.000000
0.000000
0.000000
0.000000
0.000000
0.000000
0.000000
0.000000
0.000000
0.000000
0.000000
0.000000
0.000000
0.000000
0.000000
0.000000
0.000000
0.000000
0.000000
0.000000
0.000000
0.000000
0.000000
0.000000
0.000000
0.000000
0.000000
0.000000
0.000000
0.000000
0.000000
0.000000
0.000000
0.000000
0.000000
0.000000
0.000000
0.000000
0.000000
0.000000
0.000000
0.000000
0.000000
0.000000
0.000000
0.000000
0.000000
0.000000
0.000000
0.000000
0.000000
0.000000
0.000000
0.000000
0.000000
0.000000
0.000000
0.000000
0.000000
0.000000
0.000000
0.000000
0.000000
0.000000
0.000000
0.000000
0.000000
0.000000
0.000000
0.000000
0.000000
0.000962
0.000962
0.000000
0.000000
0.000000
0.000000
0.000000
0.000000
0.000000
0.000000
0.000000
0.000000
0.000000
0.000000
0.000000
0.000000
0.000000
0.000000
0.000000
0.000000
0.000000
0.000000
0.000000
0.000000
0.000000
0.000000
0.000000
0.000000
0.000000
0.000000
0.000000
0.000000
0.000000
0.000000
0.000000
0.000000
0.000000
0.000000
0.000000
0.000720
0.000720
0.000000
0.000000
0.000000
0.000000
0.000000
0.000000
0.000000
0.000000
0.000000
0.000000
0.000000
0.000000
0.000000
0.000000
0.000000
0.000000
0.000000
0.000000
0.000000
0.000000
0.000000
0.000000
0.000000
0.000000
0.000000
0.000000
0.000000
0.000000
0.000000
0.000000
0.000000
0.000000
0.000000
0.000000
0.000000
0.000000
0.000000
0.000000
0.000000
0.000000
0.000000
0.000000
0.000000
0.000000
0.000000
0.000000
0.000000
0.000000
0.000000
0.000000
0.000000
0.000000
0.000000
0.000000
0.000000
0.000000
0.000000
0.000000
0.000000
0.000000
0.000000
0.000000
0.000000
0.000000
0.000000
0.000000
0.000000
0.000000
0.000000
0.000000
0.000000
0.000000
0.000000
0.000000
0.000000
0.000000
0.000000
0.000000
0.000000
0.000000
0.000486
0.000486
0.000000
0.000000
0.000000
0.000000
0.000000
0.000000
0.000000
0.000000
0.000000
0.000000
0.000000
0.000000
0.000000
0.000000
0.000000
0.000000
0.000000
0.000000
0.000000
0.000000
0.000000
0.000000
0.000000
0.000000
0.000000
0.000000
0.000000
0.000000
0.000000
0.000000
0.000000
0.000000
0.000000
0.000000
0.000000
0.000000
0.000000
0.000000
0.000000
0.000000
0.000000
0.000000
0.000000
0.000000
0.000000
0.000000
0.000000
0.000000
0.000000
0.000000
0.014811
0.014887
0.015566
0.020992
0.015430
0.001656
0.015726
0.050495
0.017541
0.001542
0.001542
0.000000
0.000000
0.000000
0.000000
0.000000
0.000000
0.000000
0.000000
0.000000
0.000000
0.000000
0.000000
0.000000
0.000000
0.000000
0.000000
0.000021
0.000000
0.000000
0.000000
0.000000
0.000000
0.000000
0.000000
0.000000
0.000000
0.000000
0.000000
0.000000
0.000000
0.000000
0.000000
0.000000
0.000000
0.000000
0.000000
0.000000
0.000000
0.000000
0.000000
0.000000
0.000000
0.000000
0.000000
0.000000
0.000000
0.000000
0.000000
0.000000
0.000000
0.013036
0.015981
0.019303
0.023437
0.010888
0.002507
0.036108
0.125923
0.017975
0.000000
0.000000
0.000000
0.000000
0.000000
0.000000
0.000000
0.000000
0.000000
0.000000
0.000000
0.000000
0.000000
0.000000
0.000000
0.000000
0.000206
0.006265
0.002922
0.000000
0.000000
0.000000
0.000000
0.000000
0.000000
0.000000
0.000000
0.000000
0.000000
0.000000
0.000000
0.000000
0.000000
0.000000
0.000000
0.000000
0.000000
0.000000
0.000000
0.000000
0.000000
0.000000
0.000000
0.000000
0.000000
0.000000
0.000000
0.000000
0.000000
0.000000
0.000000
0.000000
0.000585
0.016757
0.019299
0.011169
0.000092
0.000000
0.019168
0.035439
0.019832
0.008247
0.008247
0.000000
0.000000
0.000000
0.000000
0.000000
0.000000
0.000000
0.000000
0.000000
0.000000
0.000000
0.000000
0.000000
0.000000
0.008018
0.020206
0.019279
0.004403
0.000000
0.000000
0.000000
0.000000
0.000000
0.000000
0.000000
0.000000
0.000000
0.000000
0.000001
0.000000
0.000000
0.000000
0.000000
0.000000
0.000000
0.000000
0.000000
0.000000
0.000000
0.000000
0.000000
0.000000
0.000000
0.003805
0.009723
0.004545
0.000000
0.000000
0.000000
0.000000
0.003233
0.017588
0.018708
0.004595
0.000000
0.008397
0.019186
0.021899
0.019612
0.009218
0.009218
0.000000
0.000000
0.000000
0.000000
0.000000
0.000000
0.000000
0.000000
0.000000
0.000000
0.000000
0.000000
0.000000
0.000000
0.012687
0.033485
0.087689
0.044173
0.000006
0.000001
0.000000
0.000000
0.000000
0.000000
0.000000
0.000000
0.000091
0.010292
0.002230
0.000023
0.000000
0.000000
0.000000
0.000000
0.000000
0.000000
0.000000
0.000000
0.000000
0.000000
0.000000
0.000000
0.000731
0.016114
0.050951
0.017992
0.002833
0.000128
0.000000
0.000000
0.000000
0.000000
0.016019
0.015350
0.000023
0.015447
0.017858
0.019769
0.020545
0.000000
0.000000
0.000000
0.000000
0.000000
0.000000
0.000000
0.000000
0.000000
0.000000
0.000000
0.000000
0.000000
0.000000
0.000000
0.000000
0.000005
0.005846
0.116432
0.080767
0.024911
0.009140
0.000000
0.000000
0.000000
0.000000
0.000000
0.000321
0.011109
0.017973
0.013955
0.000236
0.000000
0.000000
0.000000
0.000000
0.000000
0.000000
0.000000
0.000000
0.000000
0.000000
0.000000
0.000000
0.000129
0.005809
0.037845
0.046544
0.016546
0.011034
0.000000
0.000000
0.000000
0.009310
0.034254
0.037795
0.005407
0.028263
0.017853
0.018436
0.095346
0.005755
0.005755
0.000000
0.000000
0.000000
0.000000
0.000000
0.000000
0.000000
0.000000
0.000000
0.000000
0.000000
0.000000
0.000000
0.000000
0.000000
0.000027
0.103259
0.187565
0.198384
0.026838
0.000464
0.003495
0.000000
0.000669
0.014276
0.002967
0.025639
0.022979
0.017784
0.000014
0.000000
0.000000
0.000000
0.000000
0.000000
0.000000
0.000000
0.000000
0.000000
0.000000
0.000000
0.000003
0.004449
0.024580
0.052833
0.010838
0.015570
0.014894
0.000000
0.000000
0.000000
0.013995
0.034872
0.052877
0.125659
0.200375
0.124397
0.117891
0.313193
0.013954
0.013954
0.000000
0.000000
0.000000
0.000000
0.000000
0.000000
0.000000
0.000000
0.000000
0.000000
0.000000
0.000000
0.000000
0.000000
0.000000
0.000000
0.000053
0.059683
0.281695
0.186750
0.026122
0.026550
0.020295
0.016510
0.020095
0.029243
0.025645
0.072522
0.032048
0.012073
0.002196
0.002971
0.000012
0.000000
0.000000
0.000000
0.000000
0.000000
0.000000
0.000000
0.000000
0.000000
0.125303
0.278766
0.016003
0.000000
0.000536
0.001325
0.002135
0.001791
0.001788
0.008121
0.016513
0.027249
0.073529
0.287718
0.571220
0.650513
0.908021
0.000000
0.000000
0.000000
0.000000
0.000000
0.000000
0.000000
0.000000
0.000000
0.000000
0.000000
0.000000
0.000000
0.000000
0.000000
0.000000
0.000000
0.000000
0.000000
0.002567
0.196784
0.349284
0.156827
0.179307
0.176540
0.048504
0.075071
0.080479
0.105021
0.200340
0.236378
0.063711
0.036003
0.019457
0.000035
0.000000
0.000000
0.000000
0.000000
0.000000
0.000000
0.000000
0.000000
0.000568
0.346866
0.147846
0.000652
0.005980
0.013102
0.016207
0.018180
0.018919
0.017360
0.015778
0.017882
0.124858
0.186711
0.288990
0.753587
1.063168
1.713343
0.009991
0.009991
0.000000
0.000000
0.000000
0.000000
0.000000
0.000000
0.000000
0.000000
0.000000
0.000000
0.000000
0.000000
0.000000
0.000000
0.000000
0.000000
0.000000
0.003007
0.195834
0.427799
0.451349
0.375095
0.649269
0.213732
0.131470
0.115852
0.253329
0.380353
0.357446
0.335517
0.282704
0.121632
0.004269
0.000019
0.000000
0.000000
0.000000
0.000000
0.000000
0.000000
0.000000
0.000371
0.212491
0.539427
0.019678
0.020025
0.034312
0.052916
0.035539
0.031106
0.034758
0.027729
0.073089
0.189342
0.363139
0.505155
0.899910
1.278103
1.269819
0.005370
0.005370
0.000000
0.000000
0.000000
0.000000
0.000000
0.000000
0.000000
0.000000
0.000000
0.000000
0.000000
0.000000
0.000000
0.000000
0.000000
0.000000
0.000000
0.000000
0.015261
0.070840
0.146603
0.111193
0.514007
0.124654
0.325061
0.466541
0.416341
0.467388
0.654924
0.680381
0.567489
0.480868
0.275295
0.093385
0.011443
0.000544
0.002429
0.000286
0.002534
0.002531
0.000000
0.007408
0.287806
0.464750
0.156090
0.060633
0.050772
0.059781
0.067093
0.098741
0.422416
0.184767
0.188925
0.283704
0.309877
0.421530
0.604127
0.848449
1.254498
0.000000
0.000000
0.000000
0.000000
0.000000
0.000000
0.000000
0.000000
0.000000
0.000000
0.000000
0.000000
0.000000
0.000000
0.000000
0.000000
0.000000
0.000000
0.000000
0.000015
0.000000
0.000020
0.140878
0.187818
0.102864
0.175198
0.102481
0.360071
0.564328
0.202264
0.317188
0.550702
0.557016
0.384337
0.052288
0.013271
0.017672
0.011811
0.046780
0.035221
0.000070
0.011992
0.127348
0.435918
0.549493
0.258135
0.210409
0.284635
0.269030
0.182984
0.530262
0.445428
0.186010
0.193041
0.240187
0.285443
0.533920
0.805345
1.394336
0.000000
0.000000
0.000000
0.000000
0.000000
0.000000
0.000000
0.000000
0.000000
0.000000
0.000000
0.000000
0.000000
0.000000
0.000000
0.000000
0.000000
0.000000
0.000000
0.000000
0.000000
0.003287
0.033014
0.024565
0.030799
0.059225
0.086783
0.082656
0.221020
0.116899
0.228120
0.398762
0.629923
0.683869
0.144756
0.018967
0.026756
0.028617
0.142030
0.031846
0.013269
0.048007
0.324568
0.553659
0.535126
0.444120
0.049120
0.070190
0.219639
0.353696
0.587917
0.579210
0.191452
0.148635
0.176314
0.197675
0.546340
0.818314
1.503026
0.000000
0.000000
0.000000
0.000000
0.000000
0.000000
0.000000
0.000000
0.000000
0.000000
0.000000
0.000000
0.000000
0.000000
0.000000
0.000000
0.000000
0.012287
0.020032
0.041342
0.060710
0.037301
0.029967
0.019354
0.016537
0.031773
0.085222
0.219962
0.600531
0.175216
0.020433
0.020824
0.244946
0.113756
0.136090
0.054090
0.059595
0.332394
0.675981
0.583028
0.752015
0.833610
0.256581
0.333516
0.874995
0.874218
0.322342
0.239563
0.158773
0.123684
0.124181
0.131731
0.464701
0.895337
1.719189
0.000000
0.000000
0.000000
0.000000
0.000000
0.000000
0.000000
0.000000
0.000000
0.000000
0.000000
0.000000
0.000000
0.000000
0.000000
0.000000
0.000000
0.009814
0.017544
0.020540
0.021201
0.019105
0.017752
0.017600
0.005097
0.007218
0.018031
0.043274
0.264304
0.344644
0.335867
0.402921
0.951276
0.528836
0.498639
0.426130
0.388345
0.716812
0.843570
0.849951
1.172196
1.432774
0.785071
0.994986
1.416639
0.883873
0.323391
0.213882
0.178423
0.125308
0.107279
0.126784
0.405526
0.903215
1.861005
0.000000
0.000000
0.000000
0.000000
0.000000
0.000000
0.000000
0.000000
0.000000
0.003310
0.017372
0.017737
0.015790
0.015582
0.014282
0.001450
0.000027
0.000000
0.006627
0.018615
0.018896
0.247962
1.142734
1.913802
1.721757
0.956090
0.723475
0.969207
0.668348
0.809107
0.527315
0.549447
0.928075
1.429361
1.809463
1.665944
0.787861
0.713115
0.392242
0.319580
0.233321
0.164863
0.118210
0.129646
0.363520
0.865614
2.060718
0.000000
0.000000
0.000000
0.000000
0.000000
0.000000
0.000000
0.000000
0.000000
0.000000
0.002907
0.005275
0.000000
0.000000
0.000000
0.000000
0.000000
0.000000
0.000000
0.000000
0.000000
0.010115
0.123166
0.185998
1.529808
0.753585
0.656226
0.572475
0.525093
0.725559
0.539292
0.202657
0.309982
0.944352
1.041825
0.876254
0.333296
0.243404
0.241788
0.293769
0.265556
0.233775
0.150458
0.144523
0.316332
0.781393
2.438389
0.000000
0.000000
0.000000
0.000000
0.000000
0.000000
0.000000
0.000000
0.000000
0.000000
0.000000
0.000000
0.000000
0.000000
0.000000
0.000000
0.000000
0.000000
0.000000
0.000000
0.006259
0.035911
1.018483
0.742266
0.619322
0.418941
0.436218
0.819395
1.018579
0.588519
0.253315
0.285312
0.542712
0.273852
0.332038
0.290524
0.273106
0.304158
0.309849
0.288988
0.215427
0.152983
0.300790
0.716467
2.591049
0.000000
0.000000
0.000000
0.000000
0.000000
0.000000
0.000000
0.000000
0.000000
0.000000
0.000000
0.000000
0.000000
0.000000
0.000000
0.000000
0.000000
0.000000
0.000000
0.000000
0.000081
0.008596
0.072276
0.725038
0.649394
0.285068
0.328630
0.509609
0.605596
0.616319
0.184906
0.188086
0.372829
0.314054
0.221981
0.261198
0.286370
0.303509
0.340402
0.323044
0.293388
0.173042
0.297410
0.612546
2.737802
0.000000
0.000000
0.000000
0.000000
0.000000
0.000000
0.000000
0.000000
0.000000
0.000000
0.000000
0.000000
0.000000
0.000000
0.000000
0.000000
0.000000
0.007595
0.017851
0.202492
0.744692
0.750936
0.263334
0.220768
0.247362
0.487623
0.206673
0.077781
0.116826
0.168902
0.268359
0.282404
0.296019
0.268613
0.334393
0.378013
0.385416
0.293732
0.275005
0.498499
2.081640
0.000000
0.000000
0.000000
0.000000
0.000000
0.000000
0.000000
0.000000
0.000000
0.000000
0.000000
0.000000
0.000000
0.000000
0.000000
0.000000
0.000000
0.000000
0.006229
0.214660
0.304773
0.517966
0.288250
0.169768
0.103232
0.116503
0.074044
0.065129
0.075819
0.092384
0.141086
0.228255
0.306321
0.261863
0.314246
0.425563
0.454429
0.405559
0.257917
0.490985
1.987601
0.000000
0.000000
0.000000
0.000000
0.000000
0.000000
0.000000
0.000000
0.000000
0.000000
0.000000
0.000000
0.000066
0.118858
0.252726
0.313172
0.213394
0.120666
0.063554
0.032715
0.044966
0.058988
0.055503
0.068747
0.102704
0.154635
0.279947
0.328352
0.270319
0.433413
0.551031
0.553591
0.270465
0.465772
1.802565
0.000000
0.000000
0.000000
0.000000
0.000000
0.000000
0.000000
0.000000
0.000000
0.000000
0.000000
0.000000
0.016097
0.168387
0.172910
0.194671
0.072231
0.041658
0.020461
0.021624
0.031025
0.042407
0.060354
0.052580
0.061609
0.095906
0.201721
0.326005
0.291279
0.414426
0.683712
0.786808
0.313706
0.401008
1.571838
0.000000
0.000000
0.000000
0.000000
0.000000
0.000000
0.015687
0.138030
0.212421
0.213680
0.081932
0.026170
0.020473
0.020880
0.025027
0.034856
0.053256
0.059683
0.063204
0.074812
0.163225
0.228230
0.293044
0.403651
0.784702
0.946158
0.447298
0.382920
1.454897
0.000000
0.000000
0.000000
0.000000
0.000000
0.000000
0.026068
0.158189
0.178490
0.184627
0.027552
0.018557
0.017254
0.020256
0.020941
0.027179
0.045185
0.055834
0.084459
0.086061
0.139092
0.193399
0.246518
0.405640
0.856048
1.119433
0.574780
0.388894
1.480178
0.085560
0.119842
0.126263
0.122594
0.020116
0.010976
0.000000
0.003539
0.018587
0.021589
0.027841
0.030044
0.036687
0.067596
0.122069
0.189039
0.214144
0.319350
0.855867
1.248581
0.737461
0.416862
1.319925
2.135672
1.905165
0.094446
0.100191
0.096709
0.082683
0.034691
0.012349
0.000000
0.000000
0.004660
0.017362
0.022457
0.024436
0.031784
0.038157
0.066235
0.121383
0.248554
0.313641
1.059121
1.621730
0.655725
0.483119
1.313091
1.867478
1.923993
0.066005
0.055574
0.047758
0.037644
0.007494
0.000000
0.000000
0.004250
0.018207
0.020209
0.023791
0.032217
0.050523
0.079637
0.270701
0.737635
1.448827
1.287919
0.732499
0.632362
1.083305
1.540423
1.845820
0.043070
0.039178
0.034945
0.024718
0.016878
0.001895
0.000000
0.000587
0.003329
0.009849
0.024560
0.039100
0.040174
0.076395
0.283395
1.300913
1.944006
1.712823
0.844365
0.830450
1.049590
1.488541
1.819553
0.020514
0.019543
0.016051
0.001680
0.000000
0.000587
0.002227
0.003329
0.016056
0.019911
0.023120
0.028417
0.148399
1.053185
2.166331
1.920388
1.014672
1.097574
1.181338
1.430365
1.816060
2.205475
2.721450
0.038545
0.027945
0.019005
0.006542
0.000607
0.002576
0.006870
0.006870
0.014991
0.018641
0.019411
0.024753
0.133636
0.533179
1.019511
1.209046
0.877556
1.026685
1.288540
1.554311
1.944840
2.715084
3.961234
0.014152
0.019433
0.019605
0.032603
0.050303
0.073506
0.290233
0.601602
0.670622
0.707149
0.831186
1.067850
1.450737
1.785222
2.136748
3.120988
5.729434
