0.000000
0.000000
0.000000
0.000000
0.000000
0.000000
0.000000
0.000000
0.000000
0.000000
0.000000
0.000000
0.000000
0.000000
0.000000
0.000000
0.000000
0.000000
0.000000
0.000000
0.000000
0.000000
0.000000
0.000000
0.000000
0.000000
0.000000
0.000000
0.000000
0.000000
0.000000
0.000000
0.000000
0.000000
0.000000
0.000000
0.000000
0.000000
0.000000
0.000000
0.000000
0.000000
0.000000
0.000000
0.000000
0.000000
0.000000
0.000000
0.000000
0.000000
0.000000
0.000000
0.000000
0.000000
0.000000
0.000000
0.000000
0.000000
0.000000
0.000000
0.000000
0.000000
0.000000
0.000000
0.000000
0.000000
0.000000
0.000000
0.000000
0.000000
0.000000
0.000000
0.000000
0.000000
0.000000
0.000000
0.000000
0.000000
0.000000
0.000000
0.000000
0.000000
0.000000
0.000000
0.000000
0.000000
0.000000
0.000000
0.000000
0.000000
0.000000
0.000000
0.000000
0.000000
0.000000
0.000000
0.000000
0.000000
0.000000
0.000000
0.000000
0.000000
0.000000
0.000000
0.000000
0.000000
0.000000
0.000000
0.000000
0.000000
0.000000
0.000000
0.000000
0.000000
0.000000
0.000000
0.000000
0.000000
0.000000
0.000000
0.000000
0.000000
0.000000
0.000000
0.000000
0.000000
0.000000
0.000000
0.000000
0.000000
0.000000
0.000000
0.000000
0.000000
0.000000
0.000000
0.000000
0.000000
0.000000
0.000000
0.000000
0.000000
0.000000
0.000000
0.000000
0.000000
0.000000
0.000000
0.000000
0.000000
0.000000
0.000000
0.000000
0.000000
0.000000
0.000000
0.000000
0.000000
0.000000
0.000000
0.000000
0.000000
0.000000
0.000000
0.000000
0.000000
0.000000
0.000000
0.000000
0.000000
0.000000
0.000000
0.000000
0.000000
0.000000
0.000000
0.000000
0.000000
0.000000
0.000000
0.000000
0.000000
0.000000
0.000000
0.000000
0.000000
0.000000
0.000000
0.000000
0.000000
0.000000
0.000000
0.000000
0.000000
0.000000
0.000000
0.000000
0.000000
0.000000
0.000000
0.000000
0.000000
0.000000
0.000000
0.000000
0.000000
0.000000
0.000000
0.000000
0.000000
0.000000
0.000000
0.000000
0.000000
0.000000
0.000000
0.000000
0.000000
0.000000
0.000000
0.000000
0.000000
0.000000
0.000000
0.000000
0.000000
0.000000
0.000000
0.000000
0.000000
0.000000
0.000000
0.000000
0.000000
0.000000
0.000000
0.000000
0.000000
0.000000
0.000000
0.000000
0.000000
0.000000
0.000000
0.000000
0.000000
0.000000
0.000000
0.000000
0.000000
0.000000
0.000000
0.000000
0.000000
0.000000
0.000000
0.000000
0.000000
0.000000
0.000000
0.000000
0.000000
0.000000
0.000000
0.000000
0.000000
0.000000
0.000000
0.000000
0.000000
0.000000
0.000000
0.000000
0.000000
0.000000
0.000000
0.000000
0.000000
0.000000
0.000000
0.000000
0.000000
0.000000
0.000000
0.000000
0.000000
0.000000
0.000000
0.000000
0.000000
0.000000
0.000000
0.000000
0.000000
0.000000
0.000000
0.000000
0.000000
0.000000
0.000000
0.000000
0.000000
0.000000
0.000000
0.000000
0.000000
0.000000
0.000000
0.000000
0.000000
0.000000
0.000000
0.000000
0.000000
0.000000
0.000000
0.000000
0.000000
0.000000
0.000000
0.000000
0.000000
0.000000
0.000000
0.000000
0.000000
0.000000
0.000000
0.000000
0.000000
0.000000
0.000000
0.000000
0.000000
0.000000
0.000000
0.000000
0.000000
0.000000
0.000000
0.000000
0.000000
0.000000
0.000000
0.000000
0.000000
0.000000
0.000000
0.000000
0.000000
0.000000
0.000000
0.000000
0.000000
0.000000
0.000000
0.000000
0.000000
0.000000
0.000000
0.000000
0.000000
0.000000
0.000000
0.000000
0.000000
0.000000
0.000000
0.000000
0.000000
0.000000
0.000000
0.000000
0.000000
0.000000
0.000000
0.000000
0.000000
0.000000
0.000000
0.000000
0.000000
0.000000
0.000000
0.000000
0.000000
0.000000
0.000000
0.000000
0.000000
0.000000
0.000000
0.000000
0.000000
0.000000
0.000000
0.000000
0.000000
0.000000
0.000000
0.000000
0.000000
0.000000
0.000000
0.000000
0.000000
0.000000
0.000000
0.000000
0.000000
0.000000
0.000000
0.000000
0.000000
0.000000
0.000000
0.000000
0.000000
0.000000
0.000000
0.000000
0.000000
0.000000
0.000000
0.000000
0.000000
0.000000
0.000000
0.000000
0.000000
0.000000
0.000000
0.000000
0.000000
0.000000
0.000000
0.000000
0.000000
0.000000
0.000000
0.000000
0.000000
0.000000
0.000000
0.000000
0.000000
0.000000
0.000000
0.000000
0.000000
0.000000
0.000000
0.000000
0.000000
0.000000
0.000000
0.000000
0.000000
0.000000
0.000000
0.000000
0.000000
0.000000
0.000000
0.000000
0.000000
0.000000
0.000000
0.000000
0.000000
0.000000
0.000000
0.000000
0.000000
0.000000
0.000000
0.000000
0.000000
0.000000
0.000000
0.000000
0.000000
0.000000
0.000000
0.000000
0.000000
0.000000
0.000000
0.000000
0.000000
0.000000
0.000000
0.000000
0.000000
0.000000
0.000000
0.000000
0.000000
0.000000
0.000000
0.000000
0.000009
0.000009
0.000000
0.000000
0.000000
0.000000
0.000000
0.000000
0.000000
0.000000
0.000000
0.000000
0.000000
0.000000
0.000000
0.000000
0.000000
0.000000
0.000000
0.000000
0.000000
0.000000
0.000000
0.000000
0.000000
0.000000
0.000000
0.000000
0.000000
0.000000
0.000000
0.000000
0.000000
0.000000
0.000000
0.000000
0.000000
0.000000
0.000000
0.000000
0.000000
0.000000
0.000000
0.000000
0.000000
0.000000
0.000000
0.000000
0.000000
0.000000
0.000000
0.000000
0.000000
0.000000
0.000000
0.000000
0.000019
0.000051
0.000058
0.013247
0.010495
0.000018
0.000018
0.000000
0.000000
0.000000
0.000000
0.000000
0.000000
0.000000
0.000000
0.000000
0.000000
0.000000
0.000000
0.000000
0.000000
0.000000
0.000000
0.000000
0.000000
0.000000
0.000000
0.000000
0.000000
0.000000
0.000000
0.000000
0.000000
0.000000
0.000000
0.000000
0.000000
0.000000
0.000000
0.000000
0.000000
0.000000
0.000000
0.000000
0.000000
0.000000
0.000000
0.000000
0.000000
0.000000
0.000000
0.000000
0.000000
0.000000
0.000000
0.000000
0.000000
0.000000
0.000000
0.000000
0.000000
0.000017
0.000045
0.000943
0.015411
0.010138
0.000000
0.000000
0.000000
0.000000
0.000000
0.000000
0.000000
0.000000
0.000000
0.000000
0.000000
0.000000
0.000000
0.000000
0.000000
0.000000
0.000000
0.000000
0.000000
0.000000
0.000000
0.000000
0.000000
0.000000
0.000000
0.000000
0.000000
0.000000
0.000000
0.000000
0.000000
0.000000
0.000000
0.000000
0.000000
0.000000
0.000000
0.000000
0.000000
0.000000
0.000000
0.000000
0.000000
0.000000
0.000000
0.000000
0.000000
0.000000
0.000000
0.000000
0.000000
0.000000
0.000000
0.000000
0.000000
0.000000
0.000000
0.000000
0.007059
0.019337
0.010137
0.000070
0.000070
0.000000
0.000000
0.000000
0.000000
0.000000
0.000000
0.000000
0.000000
0.000000
0.000000
0.000000
0.000000
0.000000
0.000000
0.000000
0.000000
0.000000
0.000000
0.000000
0.000000
0.000000
0.000000
0.000000
0.000000
0.000000
0.000000
0.000042
0.003323
0.005872
0.003442
0.000000
0.000000
0.000000
0.000000
0.000000
0.000000
0.000000
0.000000
0.000000
0.000000
0.000000
0.000000
0.000000
0.001794
0.005143
0.002025
0.000000
0.000000
0.000000
0.000000
0.000000
0.000000
0.000000
0.000000
0.000000
0.000169
0.009663
0.011803
0.010862
0.000015
0.000015
0.000000
0.000000
0.000000
0.000000
0.000000
0.000000
0.000000
0.000000
0.000000
0.000000
0.000000
0.000000
0.000000
0.000000
0.000000
0.000000
0.000004
0.000545
0.000002
0.000001
0.000000
0.000000
0.000000
0.000000
0.000000
0.000000
0.004103
0.014028
0.001806
0.000000
0.000000
0.000000
0.000000
0.000000
0.000000
0.000000
0.000000
0.000000
0.000000
0.000000
0.000000
0.000000
0.000449
0.009368
0.093045
0.015622
0.002015
0.000213
0.000000
0.000000
0.000000
0.000000
0.000766
0.000803
0.000022
0.008937
0.010239
0.011284
0.010758
0.000000
0.000000
0.000000
0.000000
0.000000
0.000000
0.000000
0.000000
0.000000
0.000000
0.000000
0.000000
0.000000
0.000000
0.000000
0.000000
0.000000
0.000000
0.005580
0.009200
0.006480
0.000935
0.000344
0.002735
0.000816
0.001963
0.001245
0.000000
0.008983
0.030121
0.015734
0.000057
0.000000
0.000000
0.000000
0.000000
0.000000
0.000000
0.000000
0.000000
0.000000
0.000000
0.000000
0.000000
0.000093
0.003490
0.057783
0.076506
0.021466
0.001323
0.000000
0.000000
0.000000
0.000597
0.008074
0.008838
0.003008
0.009730
0.010290
0.010357
0.014329
0.000157
0.000157
0.000000
0.000000
0.000000
0.000000
0.000000
0.000000
0.000000
0.000000
0.000000
0.000000
0.000000
0.000000
0.000000
0.000000
0.000000
0.000000
0.013148
0.037114
0.061876
0.002759
0.009611
0.011062
0.009023
0.010845
0.009860
0.004466
0.043987
0.031933
0.011123
0.000004
0.000002
0.001125
0.000575
0.000000
0.000000
0.000000
0.000000
0.000000
0.000000
0.000000
0.000000
0.000000
0.004134
0.028118
0.072697
0.004263
0.009061
0.001751
0.000098
0.000066
0.000000
0.000836
0.016862
0.015641
0.021645
0.027712
0.013476
0.014641
0.040534
0.000207
0.000207
0.000000
0.000000
0.000000
0.000000
0.000000
0.000000
0.000000
0.000000
0.000000
0.000000
0.000000
0.000000
0.000000
0.000000
0.000000
0.000000
0.000016
0.029590
0.163406
0.125770
0.030984
0.057372
0.052946
0.047637
0.043012
0.082711
0.080555
0.112008
0.069747
0.010273
0.004116
0.010970
0.006256
0.000000
0.000000
0.000000
0.000000
0.000000
0.000000
0.000000
0.000000
0.000000
0.143931
0.332300
0.009244
0.000033
0.001297
0.001358
0.002028
0.002499
0.001282
0.000160
0.004380
0.008870
0.009914
0.045134
0.098021
0.081734
0.091736
0.000000
0.000000
0.000000
0.000000
0.000000
0.000000
0.000000
0.000000
0.000000
0.000000
0.000000
0.000000
0.000000
0.000000
0.000000
0.000000
0.000000
0.000000
0.000000
0.001677
0.123038
0.276394
0.156086
0.206048
0.283737
0.165611
0.110755
0.175013
0.241540
0.330070
0.429075
0.149781
0.106187
0.025148
0.000502
0.000000
0.000000
0.000000
0.000000
0.000000
0.000000
0.000000
0.000000
0.000259
0.421960
0.182065
0.000326
0.001644
0.012639
0.016216
0.010545
0.016391
0.010424
0.001288
0.007595
0.040026
0.050149
0.032565
0.126879
0.127749
0.185043
0.000263
0.000263
0.000000
0.000000
0.000000
0.000000
0.000000
0.000000
0.000000
0.000000
0.000000
0.000000
0.000000
0.000000
0.000000
0.000000
0.000000
0.000000
0.000000
0.003896
0.154363
0.364562
0.456411
0.409939
0.842382
0.323540
0.205286
0.153691
0.395056
0.625448
0.546331
0.590920
0.642138
0.276225
0.012931
0.000006
0.000000
0.000000
0.001703
0.001937
0.000009
0.000000
0.000000
0.000000
0.253796
0.671598
0.004926
0.010402
0.023520
0.023465
0.010632
0.010711
0.012338
0.010771
0.011429
0.052738
0.135368
0.135886
0.174601
0.207504
0.277747
0.000385
0.000385
0.000000
0.000000
0.000000
0.000000
0.000000
0.000000
0.000000
0.000000
0.000000
0.000000
0.000000
0.000000
0.000000
0.000000
0.000000
0.000000
0.000000
0.000000
0.010658
0.062041
0.149915
0.126321
0.663152
0.167284
0.433493
0.686843
0.661763
0.716835
1.046712
1.033693
0.899351
0.871223
0.531085
0.190767
0.019310
0.001437
0.009839
0.010300
0.013652
0.014586
0.000180
0.000019
0.362187
0.548912
0.232907
0.022105
0.016505
0.020383
0.023851
0.013337
0.077497
0.112498
0.065577
0.155480
0.198718
0.222655
0.278771
0.359289
0.472311
0.000000
0.000000
0.000000
0.000000
0.000000
0.000000
0.000000
0.000000
0.000000
0.000000
0.000000
0.000000
0.000000
0.000000
0.000000
0.000000
0.000000
0.000000
0.000000
0.000002
0.004819
0.012374
0.171735
0.240718
0.165392
0.299129
0.162561
0.568254
0.944795
0.338736
0.503464
0.825303
0.872242
0.664271
0.100522
0.010753
0.010469
0.016820
0.107383
0.076721
0.000018
0.000000
0.104944
0.415875
0.538151
0.193780
0.044049
0.162984
0.375944
0.147121
0.180144
0.298617
0.152705
0.190775
0.244454
0.287889
0.392010
0.577278
0.801181
0.000000
0.000000
0.000000
0.000000
0.000000
0.000000
0.000000
0.000000
0.000000
0.000000
0.000000
0.000000
0.000000
0.000000
0.000000
0.000000
0.000000
0.000000
0.000000
0.000000
0.007072
0.012283
0.044375
0.021738
0.034883
0.082769
0.121648
0.141632
0.484772
0.250426
0.488563
0.577637
1.052721
1.248156
0.282395
0.011004
0.021624
0.078651
0.242384
0.058818
0.000002
0.002688
0.298123
0.549453
0.466603
0.435936
0.013109
0.011203
0.192074
0.288660
0.318369
0.533738
0.457051
0.305832
0.279595
0.345526
0.508045
0.784660
1.100750
0.000000
0.000000
0.000000
0.000000
0.000000
0.000000
0.000000
0.000000
0.000000
0.000000
0.000000
0.000000
0.000000
0.000000
0.000000
0.000000
0.005531
0.010823
0.024074
0.048207
0.038641
0.056767
0.052862
0.039632
0.015455
0.128166
0.314858
0.420828
1.098075
0.351204
0.125836
0.039335
0.241328
0.141826
0.229463
0.078943
0.030825
0.081137
0.347132
0.385724
0.911744
0.976015
0.028895
0.017410
0.426308
0.993731
0.841858
0.980567
0.653535
0.368543
0.312789
0.364042
0.554075
0.919411
1.532565
0.000000
0.000000
0.000000
0.000000
0.000000
0.000000
0.000000
0.000000
0.000000
0.000000
0.000000
0.000000
0.000000
0.000000
0.000000
0.000000
0.001977
0.009962
0.012569
0.018807
0.019453
0.024302
0.022790
0.016737
0.019091
0.038577
0.033176
0.165930
0.597874
0.771815
0.719594
0.883900
1.043615
0.687082
0.807789
0.539852
0.421315
0.539758
0.541901
0.466089
1.302308
1.724296
0.719791
0.650312
1.867756
1.594782
1.336056
0.908061
0.502570
0.298382
0.282440
0.318607
0.512048
0.856683
1.813709
0.000000
0.000000
0.000000
0.000000
0.000000
0.000000
0.000000
0.000000
0.000000
0.001295
0.009996
0.010233
0.009860
0.009806
0.009457
0.010306
0.012945
0.008976
0.009170
0.016464
0.038874
0.495601
1.990482
2.378935
1.681281
1.325234
1.099667
1.134284
0.672749
0.768135
0.542502
0.270121
0.975213
1.559766
2.274177
1.760198
1.645538
1.518282
1.900279
1.006022
0.508272
0.308155
0.236766
0.243492
0.379616
0.607955
1.297557
0.000000
0.000000
0.000000
0.000000
0.000000
0.000000
0.000000
0.000000
0.000000
0.000000
0.000845
0.001882
0.000065
0.000077
0.000001
0.000018
0.001002
0.000000
0.000000
0.000000
0.000000
0.036169
0.738500
1.292402
1.702749
1.088669
0.854735
0.712250
0.611070
0.865534
0.643881
0.315885
0.346953
1.454886
1.650792
1.828917
1.742165
1.420354
1.404900
1.885730
0.651313
0.458417
0.194952
0.122501
0.195619
0.291221
1.330173
0.000000
0.000000
0.000000
0.000000
0.000000
0.000000
0.000000
0.000000
0.000000
0.000000
0.000000
0.000000
0.000000
0.000000
0.000000
0.000000
0.000000
0.000000
0.000000
0.000002
0.046911
0.283045
1.156099
0.848934
0.861777
0.548655
0.620423
1.059290
1.313398
0.805300
0.346501
0.538381
1.399715
1.394471
1.409309
1.475264
1.036343
0.798377
0.636331
0.607685
0.328781
0.124252
0.114235
0.213818
1.532669
0.000000
0.000000
0.000000
0.000000
0.000000
0.000000
0.000000
0.000000
0.000000
0.000000
0.000000
0.000000
0.000000
0.000000
0.000000
0.000000
0.000000
0.000000
0.000000
0.000000
0.000000
0.000000
0.115652
0.849658
0.913204
0.430241
0.558822
0.915676
1.230814
0.895160
0.385376
0.384290
1.142516
1.338394
0.535921
1.087803
0.848868
0.564439
0.642206
0.689659
0.523235
0.188858
0.106887
0.198310
1.696952
0.000000
0.000000
0.000000
0.000000
0.000000
0.000000
0.000000
0.000000
0.000000
0.000000
0.000000
0.000000
0.000000
0.000000
0.000000
0.000000
0.000000
0.000000
0.011746
0.291334
1.057708
1.282579
0.639025
0.469518
0.534478
1.000832
0.577491
0.186138
0.244270
0.376419
0.431665
0.214051
0.355974
0.384094
0.680101
0.794418
0.768288
0.364858
0.106435
0.154699
1.167285
0.000000
0.000000
0.000000
0.000000
0.000000
0.000000
0.000000
0.000000
0.000000
0.000000
0.000000
0.000000
0.000000
0.000000
0.000000
0.000000
0.000000
0.000000
0.011387
0.409404
0.504374
0.866969
0.838848
0.594539
0.348763
0.436751
0.392847
0.084691
0.121376
0.106458
0.178700
0.275570
0.156679
0.163690
0.455863
0.839083
0.969194
0.568479
0.110386
0.156789
1.061420
0.000000
0.000000
0.000000
0.000000
0.000000
0.000000
0.000000
0.000000
0.000000
0.000000
0.000000
0.000000
0.000011
0.254523
0.481494
0.581802
0.558174
0.436375
0.307364
0.209070
0.016217
0.015183
0.022911
0.074010
0.017035
0.025729
0.067618
0.102736
0.185845
0.531360
1.086550
0.892738
0.138396
0.155437
0.806855
0.000000
0.000000
0.000000
0.000000
0.000000
0.000000
0.000000
0.000000
0.000000
0.000000
0.000000
0.000000
0.021393
0.318239
0.385636
0.399176
0.220517
0.167328
0.095152
0.047838
0.011008
0.007260
0.007849
0.008903
0.033193
0.011721
0.019271
0.052264
0.091826
0.271678
1.043979
1.513569
0.241239
0.144066
0.475806
0.000000
0.000000
0.000000
0.000000
0.000000
0.000000
0.012132
0.271061
0.409394
0.418307
0.207108
0.108749
0.044411
0.014135
0.004863
0.000035
0.000825
0.002178
0.015174
0.011370
0.021637
0.019571
0.034793
0.105795
0.681334
2.028636
0.388957
0.147058
0.450230
0.000000
0.000000
0.000000
0.000000
0.000000
0.000000
0.055929
0.284092
0.336590
0.369176
0.111741
0.048886
0.010384
0.008730
0.000999
0.000000
0.000000
0.000000
0.005682
0.010802
0.019002
0.014355
0.016286
0.038101
0.301995
2.130128
0.579051
0.159094
0.557300
0.166307
0.217971
0.234878
0.237090
0.045208
0.010372
0.010063
0.006450
0.000000
0.000000
0.000000
0.000000
0.005106
0.009701
0.011874
0.012128
0.011516
0.015111
0.165620
1.529466
0.949084
0.206399
0.647877
1.941657
0.584814
0.162907
0.179229
0.176577
0.160435
0.073315
0.014272
0.004015
0.000366
0.000000
0.000000
0.000000
0.000000
0.001074
0.003275
0.011419
0.011674
0.011659
0.014482
0.201919
1.572446
1.048041
0.279560
0.762020
1.709150
0.624310
0.119556
0.107661
0.096966
0.066317
0.004902
0.000000
0.000000
0.000000
0.000000
0.000000
0.001074
0.001074
0.009808
0.010176
0.011728
0.048624
0.617664
2.774426
0.899885
0.445420
0.737736
1.190506
0.674888
0.079711
0.076427
0.068163
0.039452
0.007334
0.000294
0.000000
0.000000
0.000000
0.000000
0.002801
0.010851
0.011122
0.011206
0.014965
0.193233
1.864886
3.693664
0.839397
0.646660
0.757028
1.007279
0.694337
0.022725
0.025258
0.009249
0.000926
0.000000
0.000000
0.000000
0.000000
0.002801
0.005709
0.007183
0.007257
0.010233
0.193572
3.172499
3.565379
0.943098
0.887635
0.883174
0.979269
0.789836
0.685391
0.501406
0.011521
0.011150
0.010710
0.003395
0.000298
0.000000
0.000000
0.000000
0.003692
0.003692
0.007433
0.007433
0.010263
0.186505
1.521362
2.431167
0.796892
0.723394
0.878954
1.078277
1.044180
0.999259
0.925171
0.000000
0.000000
0.004313
0.004764
0.009095
0.009434
0.043076
0.416651
0.407682
0.541300
0.541566
0.733123
0.952993
1.263867
1.332151
1.380921
1.665642
