0.000000
22.907778
20.387305
6.381394
79.257931
187.515375
41.284219
107.558277
5.861217
13.865900
44.882377
23.881459
26.635531
47.242670
95.216889
227.970766
14.707689
15.214330
32.735661
16.167084
193.914922
64.422638
74.850506
92.296822
23.083820
11.900304
5.279011
41.948592
82.584792
208.514234
31.407717
65.957688
33.970209
26.799845
13.678333
59.051613
114.420927
96.790684
101.572356
128.804594
14.141586
18.530834
32.935670
10.088891
256.800594
34.890588
335.382875
39.746491
25.027050
18.087289
23.187909
27.722792
140.395125
119.932305
117.452961
29.031992
6.737071
50.924042
22.825766
11.588876
50.431742
108.651188
47.177277
139.857641
226.306484
584.539875
474.804344
533.514203
861.457609
667.766734
752.116125
947.172234
217.186047
420.976906
511.827578
463.826500
639.627063
861.871906
856.972031
808.639438
228.157688
546.744797
438.943703
510.973094
843.452922
1089.336250
1057.780000
684.970938
378.851094
617.910219
375.369313
233.340344
774.666031
1019.080000
680.655578
869.925078
583.882031
427.986656
194.363469
519.242891
876.592047
692.773609
747.644172
899.968641
486.645188
239.118750
312.631188
408.156344
787.465406
860.922000
659.848344
1006.109531
567.977500
374.413563
145.852547
485.309719
934.043156
747.324094
911.472625
673.936406
160.840094
600.284891
208.903844
507.961937
962.649266
623.505938
623.689563
915.000078
4.392911
8.937766
26.498767
10.714748
37.050081
52.469156
73.192523
57.848584
5.033140
17.048784
10.126236
8.586085
29.540244
71.708525
28.752167
77.131641
13.346270
6.970048
20.010745
31.343631
116.221344
137.189281
32.888456
19.360775
6.599642
15.810638
6.998537
14.575619
29.621928
86.541291
65.518380
17.612777
11.912495
4.001725
18.222170
29.743791
197.791891
45.769844
56.245975
16.365031
11.993239
6.708275
32.525084
5.297973
33.659984
91.176908
26.332714
44.095595
10.281039
4.267026
19.244030
22.378438
166.498125
107.445336
25.186475
48.646913
4.213717
14.435323
16.360841
8.229718
58.077092
76.435323
23.063258
50.753334
130.580734
488.304891
276.378734
188.636125
621.818703
863.450344
839.114500
689.844203
83.896658
220.373484
189.792016
303.401406
849.036000
506.151109
1010.120000
315.157656
382.491656
166.612469
307.669641
157.010047
421.486344
820.570797
877.554500
680.462031
292.606828
102.794023
558.876359
78.109280
912.565000
672.974188
386.783563
1020.080000
136.968906
611.023594
302.394969
433.325109
733.482875
858.438328
707.303578
1003.950000
121.285984
330.670844
129.608688
369.464938
738.873000
972.583000
567.913531
930.315000
230.592078
368.372172
252.340984
398.888828
678.511344
944.744000
728.732438
887.871000
332.821750
176.661141
285.776078
170.552891
676.614000
947.695000
720.816016
809.226828
47.655266
19.098539
8.528430
21.849067
161.164219
88.072409
96.592306
56.722361
10.659361
7.895395
21.197425
31.558708
30.137319
45.074277
265.181078
83.791452
15.906509
39.959317
13.130975
44.564703
78.603814
114.351622
45.390303
228.584719
51.597491
7.971504
22.486881
11.738606
86.106166
59.512000
35.608106
196.343594
11.839667
37.584645
11.116528
32.983227
73.358403
86.109150
54.923934
78.916161
8.036655
65.598389
5.829850
34.912895
222.448953
34.006252
68.935988
69.334541
12.025458
35.734170
20.346622
5.767311
57.923758
181.006500
68.268045
128.299603
32.491822
31.713587
6.988843
10.663077
84.770673
22.984214
336.746875
130.639250
287.095938
619.693422
601.090969
130.161281
841.804609
1096.487656
724.880484
1090.748125
338.887875
397.879250
431.418375
432.833516
710.240625
944.466000
888.048547
680.214828
185.761875
559.298984
521.894828
285.123109
1070.638281
653.856156
771.567594
937.995047
363.027844
481.595750
351.207328
144.899563
642.256766
890.907141
951.963469
463.391734
328.450219
495.251641
404.480328
349.963844
781.282453
1043.635000
666.175750
1039.727500
339.975656
410.213047
616.470438
75.202827
794.917438
1067.870000
724.450078
894.530500
339.801922
616.533625
501.815250
155.237125
660.376016
1004.141406
870.672000
816.363422
122.665594
499.574344
548.864328
244.950984
596.079953
1032.316250
714.699688
1012.485938
4.982519
28.778106
4.141950
22.311275
224.727484
26.268314
32.952183
73.319156
4.904885
12.964883
8.357192
14.726650
24.495252
49.432883
53.628338
23.589745
4.471595
9.374523
16.771334
15.286994
72.342700
47.248567
59.400248
59.271164
8.930381
9.866651
5.342241
20.828238
49.689094
61.758442
18.592783
43.554742
8.279211
30.921961
4.108887
33.201822
50.326070
24.169302
117.145672
95.697595
10.753121
10.398485
5.360132
13.819928
41.523703
71.035928
110.739797
29.799448
23.945236
20.889589
7.314446
12.185005
214.583438
43.711598
45.211891
24.139581
9.548113
6.119144
16.323206
4.904270
47.465130
28.477509
66.065909
44.896969
420.138313
231.390438
111.308328
517.118125
651.153266
999.032000
638.065938
931.801656
355.094844
124.278000
119.017531
216.951844
802.438031
525.474797
756.867422
478.110438
72.243994
591.749656
538.949375
80.691866
987.024547
610.887391
400.114906
963.394922
202.253406
84.806611
109.218289
350.509078
781.060297
739.054109
636.983281
821.396266
305.271281
604.714281
150.183031
239.631063
736.600672
806.609266
335.929844
996.408937
477.029250
85.751884
140.194422
306.032813
881.337000
415.326719
791.964047
961.517000
152.106266
405.482375
464.800891
129.373203
552.944016
932.005000
628.367859
1030.058125
556.834516
148.260250
77.301027
296.207328
613.305969
955.536000
639.684391
794.098297
25.684203
29.042580
7.156327
35.854280
43.419098
120.764594
136.688359
88.277805
16.982256
67.732259
6.986757
12.171500
167.490781
38.159363
47.471947
141.678438
12.182673
12.709070
46.921683
21.836666
63.555756
112.263480
214.191359
36.437275
5.141608
65.258881
9.964095
35.563108
85.310988
139.514016
21.326980
68.060127
24.705583
29.460647
33.576683
10.776683
85.165380
109.505313
99.711570
100.991944
21.949458
16.831591
11.884966
20.767398
70.286758
105.774248
19.792691
304.939422
54.606842
25.711833
32.229677
10.761690
110.685713
56.846263
137.811453
44.060725
6.371670
41.477281
5.882697
58.119841
31.631402
47.927859
91.450169
170.036859
473.948047
293.049172
517.149578
399.555703
1088.475469
774.120297
930.349484
748.670938
385.803203
397.994188
478.990141
351.419625
723.724422
873.968234
916.560000
732.151453
499.317844
378.093484
163.921375
500.228344
670.475531
1016.584688
834.367000
891.632547
497.722219
140.823828
506.886172
145.340813
679.689250
1061.640000
751.191297
842.092391
357.001750
599.715969
430.770688
529.004437
670.444109
952.372641
985.569469
804.544688
340.867922
312.985078
401.880578
294.213313
1032.496719
822.951063
813.086953
1029.665156
550.405531
357.613875
385.913547
609.963406
848.162375
818.340625
664.083969
1035.222344
298.812234
454.191187
308.924922
342.571094
810.268531
1061.524375
780.867094
990.186016
4.505404
10.689487
13.055986
38.389706
28.866164
81.260239
26.302356
152.291141
11.165075
7.816594
6.684989
13.128744
100.436461
34.198272
15.986284
49.168969
14.077728
33.838362
3.935627
9.473010
256.909359
46.614131
44.277813
23.291214
4.561393
14.387644
4.511252
16.558028
58.533792
27.476391
43.615959
56.262811
15.045122
12.920463
22.739442
14.303172
44.747456
52.921908
79.863792
55.010970
6.175221
16.085436
22.497855
5.123570
69.590767
50.257133
27.213848
50.554056
27.105284
23.019041
6.266333
9.998125
137.041984
18.848653
118.267094
20.441875
4.114547
14.745895
3.827995
9.541692
71.125289
22.947917
33.056719
80.332494
470.207141
59.863397
230.575313
192.600047
718.956375
887.827281
815.130844
799.752047
134.320984
280.018844
73.133652
243.280984
1023.778437
774.546188
640.703297
1002.070000
215.056625
609.408906
184.029250
100.262667
782.305391
962.043000
653.800516
885.224000
119.225703
470.551688
90.473428
268.958750
661.697000
768.995719
739.394312
985.541000
375.052578
151.349922
325.510078
271.245516
639.003734
924.236172
880.917031
500.268266
88.394908
328.519469
387.177016
120.683797
447.440688
934.188000
342.732203
996.500000
592.647234
80.637259
114.469344
519.517969
792.451969
965.378469
905.539109
731.987328
275.010359
91.078622
192.767156
126.347750
790.337688
929.301000
920.647000
709.847578
23.131530
45.071055
8.281423
25.424859
161.499484
55.253861
87.020689
47.601109
25.326161
13.296286
6.687496
55.301869
46.049036
21.037828
194.553688
91.494092
22.112788
41.592370
8.168660
19.250555
41.548278
144.685609
64.825717
56.133264
4.841131
45.531302
31.738091
11.620735
42.876631
18.548622
73.630609
154.591500
14.529131
21.771061
38.966272
6.847402
238.671078
30.915420
170.732078
47.416303
13.360355
29.319345
8.988726
54.458475
44.867848
288.475406
36.969484
180.086609
61.792164
10.211685
39.302691
12.149102
50.284009
80.570747
82.304916
248.139688
53.671034
27.435537
7.570380
17.139758
82.850106
84.404855
34.445341
164.330906
385.485063
397.261188
232.789813
488.202094
971.374891
710.826844
678.459422
1045.402656
392.211250
526.662156
197.175266
101.528672
765.671063
874.963438
1045.310000
771.516188
185.532641
539.418094
166.541469
535.557109
999.864719
636.985016
907.020500
690.740125
532.241891
79.740931
579.270391
344.519844
745.680688
928.004000
1059.566094
654.182453
600.678844
164.297000
377.437453
562.003141
801.960109
924.315141
643.765203
892.429000
311.222000
456.262172
117.553531
471.512813
645.943422
931.772719
890.948000
641.539000
236.264359
509.746141
267.591453
606.651594
791.434016
995.589297
761.377063
986.550781
352.421984
512.927391
362.518938
160.279938
1074.486406
703.408438
806.485625
1016.392500
6.188848
11.587942
38.379666
13.995377
22.989261
31.937227
52.355894
100.876331
26.328197
9.182300
12.103947
5.437181
38.190103
109.482008
39.151017
21.397433
4.453090
13.686666
25.225070
21.233533
45.451559
63.110311
74.412466
29.382842
6.978419
16.129184
17.522416
7.211166
49.218797
79.780005
40.829967
24.036397
13.928358
39.958353
4.303346
9.959260
23.021763
53.715850
33.567430
199.653797
24.200347
4.812321
3.971301
8.045371
29.269563
39.511713
45.382775
76.874566
8.410076
20.126802
24.423994
14.004183
111.120056
18.517608
123.128953
26.234731
6.703958
17.230345
12.298331
8.927143
29.242727
59.402836
26.607180
38.360711
417.848547
116.585156
215.779656
376.588734
565.712422
974.276125
696.964031
914.369000
258.642047
150.312578
278.949984
110.595023
681.960250
879.082578
383.547938
804.124000
449.362734
61.140713
151.921375
210.321422
784.070359
782.745844
1032.368125
411.825422
109.226266
345.166672
166.989953
134.225750
612.174875
905.696000
809.034609
500.275344
224.799391
180.141766
97.380700
594.526297
621.216031
1017.662812
519.022609
911.390125
266.064906
107.439586
256.147984
101.862727
888.747000
689.741297
802.322844
770.458781
314.281141
532.544078
108.149886
252.803750
925.074578
567.529047
716.100750
953.577000
94.240197
358.693734
112.624531
293.582078
992.885000
755.792578
850.092000
763.868672
2.607913
4.955587
4.585874
12.810628
1.175580
0.401226
1.844963
0.620888
12.277194
6.030080
1.306424
3.772100
3.136411
1.417679
0.554655
0.232538
5.904053
6.423159
2.760512
5.920386
0.408418
1.491618
0.860816
0.990329
2.393701
6.396746
16.506608
1.543239
0.957661
0.142179
2.149743
1.039083
2.353298
3.240822
7.147210
1.513513
0.520409
1.268241
0.830888
0.897854
4.350842
4.712315
3.073264
6.143583
0.255563
1.719454
0.122746
1.691310
4.413463
4.861959
4.197528
3.153070
0.889769
0.829844
0.996179
3.016856
10.879644
1.381055
3.854560
5.597446
0.835853
0.722287
1.492504
0.528048
0.239382
0.090345
0.084988
0.184870
0.030902
0.094742
0.021099
0.035362
0.208151
0.060686
0.142407
0.041414
0.113861
0.011156
0.008795
0.057229
0.433439
0.056946
0.230910
0.070435
0.041779
0.012387
0.027639
0.028900
0.064660
0.112143
0.111473
0.350669
0.009943
0.031352
0.013825
0.044045
0.140137
0.098696
0.300230
0.066025
0.015412
0.082267
0.068695
0.025903
0.033177
0.278537
0.186029
0.094702
0.009130
0.040720
0.013556
0.030417
0.073527
0.227393
0.512818
0.131978
0.012345
0.061587
0.020479
0.097896
0.426041
0.018328
0.266966
0.029779
0.008490
0.110550
0.104566
0.006475
7.792637
4.804655
1.023463
3.648715
1.555190
0.311113
0.290249
0.787874
3.859268
1.462853
2.739971
2.075535
0.759534
0.145030
0.780934
0.120941
2.212143
8.313461
2.555644
0.971890
0.247577
0.084453
0.909644
2.348357
2.922662
1.343609
2.526996
1.587704
0.664710
0.106584
0.220355
1.284840
2.520820
10.058585
2.342797
1.202358
0.080617
0.602507
0.743909
1.822534
1.732964
2.867151
0.891348
3.209441
0.540509
0.098187
0.817368
0.555862
3.083595
11.842509
2.105588
1.227178
0.090646
0.241126
1.733723
0.955215
5.663285
1.360491
1.340202
2.739558
0.239830
0.139665
1.147925
0.301066
0.155434
0.024710
0.127505
0.064125
0.012118
0.026022
0.045243
0.012341
0.106711
0.055748
0.036377
0.030545
0.008849
0.016978
0.009789
0.054344
0.033758
0.246353
0.081761
0.156919
0.048654
0.014782
0.029779
0.011456
0.026123
0.090814
0.012730
0.146238
0.015681
0.010629
0.039922
0.009631
0.161494
0.013089
0.057575
0.039658
0.010183
0.030605
0.015600
0.027880
0.171405
0.020030
0.121985
0.019414
0.007472
0.012624
0.011610
0.016926
0.180266
0.035476
0.189170
0.037614
0.009263
0.024555
0.015530
0.028912
0.018761
0.056868
0.023079
0.047395
0.009486
0.015155
0.012947
0.012368
1.914877
5.482413
12.258006
4.654240
0.516765
1.317979
0.642586
1.695654
6.077489
11.061493
3.331295
1.919236
2.431683
1.556349
0.139584
0.911499
6.059159
2.054886
7.355690
2.232478
0.838582
0.574621
1.762069
0.354222
1.120189
10.874534
2.421798
7.362584
0.844092
1.118337
1.732217
0.234963
8.738946
2.101166
7.684220
3.154755
1.463775
0.905680
1.661691
0.944959
10.109333
1.189227
14.126620
1.777128
0.235581
2.227689
0.842228
1.046800
7.866995
2.560563
4.545190
14.978625
1.376489
0.391798
1.483218
0.932566
1.794360
3.307039
10.061798
5.428773
0.770049
2.603693
0.112296
0.274921
0.281980
0.032245
0.126808
0.544410
0.033278
0.023839
0.033355
0.022398
0.192161
0.102713
0.175153
0.045418
0.081609
0.045160
0.009083
0.024586
0.404614
0.162933
0.060267
0.220518
0.020251
0.089832
0.023414
0.020869
0.070874
0.040003
0.199660
0.680072
0.014638
0.010898
0.042999
0.300030
0.204872
0.125461
0.194066
0.250497
0.052471
0.011443
0.061318
0.022650
0.195556
0.059294
0.016313
0.702774
0.011528
0.035750
0.009137
0.041685
0.319435
0.037941
0.154376
0.685391
0.079880
0.016083
0.013978
0.051463
0.580995
0.036187
0.019709
0.279432
0.225988
0.006524
0.008826
0.033825
6.792584
1.516056
11.388839
1.584791
0.088738
1.306172
0.812593
0.706917
4.129843
1.752322
2.449234
1.854949
0.848111
0.430314
0.204149
1.016578
7.907597
6.110474
1.476777
3.724556
0.628200
0.789791
0.274317
0.849083
2.303713
2.618570
4.694898
1.012634
0.334713
0.167715
1.222961
0.334626
4.495055
1.365231
12.553859
1.086625
0.480593
1.601832
0.109415
0.294245
2.181464
1.890683
3.662573
1.323834
0.634646
0.174347
0.105618
0.700228
1.131403
2.341455
6.881498
4.297102
0.110198
0.619311
0.966910
1.022425
2.050423
3.377266
1.461404
3.791861
0.277547
0.890061
0.168007
0.593369
0.030930
0.160263
0.607747
0.021821
0.010156
0.020100
0.043770
0.008563
0.022477
0.077430
0.171378
0.033939
0.012279
0.018786
0.015448
0.014072
0.295081
0.016856
0.019292
0.252984
0.010101
0.050137
0.170737
0.006844
0.031317
0.217950
0.092487
0.023490
0.018489
0.008870
0.013202
0.020097
0.083905
0.014076
0.348339
0.092434
0.103430
0.007687
0.075929
0.009783
0.014006
0.186793
0.052602
0.042957
0.009573
0.037243
0.009993
0.008872
0.129604
0.058444
0.023510
0.337557
0.129319
0.021567
0.011600
0.007615
0.014295
0.053076
0.209507
0.029547
0.017306
0.008067
0.011899
0.017378
3.376027
3.455084
11.942400
2.983834
1.701608
0.585951
0.703599
0.956866
3.910545
1.177303
12.471959
4.342030
0.270743
2.018741
1.020041
0.487941
7.900818
6.825847
2.027436
4.754992
1.606386
0.960794
0.337916
2.218964
12.789716
1.030290
8.841324
1.680265
1.018779
0.223569
3.823998
0.732000
3.515014
2.869288
3.780112
8.189750
1.067865
0.666161
0.561919
1.087716
4.344394
3.374602
7.578614
3.250857
1.068426
0.578492
3.369345
0.166708
1.914624
3.148805
2.715863
8.113265
0.876361
1.391763
0.807037
2.234418
11.835706
1.844235
15.642984
1.079422
2.617841
1.018387
0.601557
0.403280
0.170147
0.325040
0.089681
0.201574
0.012333
0.066622
0.019657
0.059903
0.173332
0.066332
0.161392
0.088433
0.011297
0.007670
0.032214
0.088208
0.144371
0.149333
0.354842
0.175183
0.093533
0.013290
0.043491
0.019342
0.035973
0.603425
0.031738
0.503047
0.105837
0.020190
0.008810
0.009333
0.336632
0.102419
0.207476
0.053801
0.080218
0.011718
0.034127
0.031366
0.076712
0.226625
0.071347
0.136756
0.006641
0.012653
0.050832
0.029320
0.049523
0.344431
0.153467
0.112199
0.011185
0.055909
0.029444
0.023755
0.132222
0.071610
0.245292
0.086574
0.069929
0.009478
0.064206
0.008209
7.456886
3.564394
3.519549
0.946640
0.914428
0.618410
1.594960
0.159995
1.804423
3.163725
3.163591
1.757178
0.119649
0.470682
1.475896
0.289108
2.018851
1.171261
14.296245
3.588065
0.096367
0.833829
1.213270
1.283096
5.455935
1.448505
4.212353
1.398692
0.190508
0.773324
0.301677
0.222599
3.228400
2.506809
2.172772
2.764427
1.095498
0.584190
0.237822
0.822465
3.394796
1.416371
1.046094
4.112338
0.158201
0.294488
0.638479
0.341547
0.981780
2.077701
8.307388
2.364661
0.176135
1.898090
0.114333
2.149558
5.238390
1.436092
5.790530
1.934783
0.332476
0.957645
0.813391
0.123112
0.035369
0.465406
0.183984
0.076372
0.010366
0.029583
0.035148
0.009287
0.058860
0.050295
0.144572
0.033944
0.009736
0.009887
0.032598
0.007515
0.064425
0.015699
0.126281
0.336110
0.009545
0.024126
0.009255
0.038432
0.117551
0.015346
0.178259
0.025966
0.015115
0.024737
0.010289
0.007981
0.040753
0.287572
0.060206
0.087690
0.045766
0.010923
0.008585
0.140179
0.169680
0.018550
0.027387
0.103925
0.033858
0.010192
0.020056
0.007686
0.013190
0.525078
0.417996
0.021571
0.089410
0.006853
0.026439
0.008859
0.027831
0.168886
0.035707
0.169929
0.007081
0.017198
0.010637
0.011335
4.029519
2.361269
12.282689
3.975672
0.558839
1.629912
0.934854
2.367132
2.637544
6.410834
12.735936
1.231204
1.545967
2.561185
0.361352
0.625012
4.293985
2.502944
12.793897
4.787279
2.066254
0.646160
1.314827
1.313891
13.314447
1.345645
2.979907
6.591581
1.380024
4.159503
0.930925
0.274570
6.517298
4.294229
2.247769
11.068594
0.299047
3.197531
0.663196
1.428275
4.211628
3.736647
8.899792
1.149006
2.093776
0.114689
2.083156
0.351114
1.259524
9.738210
3.301062
7.713223
1.683803
1.453398
1.117967
0.464242
1.428300
2.117896
9.817410
4.408637
1.081358
0.821093
1.896588
0.374995
0.180004
0.184609
0.549761
0.075068
0.027037
0.074031
0.064320
0.007644
0.065067
0.030118
0.364865
0.554598
0.016678
0.073750
0.023953
0.011851
0.584804
0.088966
0.337059
0.075178
0.016450
0.025849
0.038983
0.084004
0.153946
0.681875
0.024390
0.104933
0.016365
0.034422
0.007449
0.207887
0.041673
0.395765
0.191003
0.146100
0.025548
0.036001
0.048127
0.039376
0.117003
0.055522
0.760685
0.036859
0.110213
0.007326
0.043597
0.015815
0.441735
0.079102
0.510000
0.116449
0.052304
0.026660
0.028710
0.016051
0.070543
0.037400
0.208489
0.559427
0.026057
0.164082
0.008118
0.012108
6.625987
3.186846
1.044874
2.555949
1.856275
0.837636
0.680260
0.135069
0.982903
2.272718
1.383665
3.909893
0.374144
0.104853
0.451290
0.999414
7.713442
3.544732
2.146017
1.333601
0.584836
0.588032
0.237804
1.845243
2.610437
1.421162
1.195922
3.299590
0.431567
0.127281
0.511558
0.923339
1.897290
1.064216
9.285472
3.388630
1.888164
0.491255
0.888887
0.117596
0.983820
3.848010
5.484155
2.484222
0.626074
0.398008
0.563817
0.127758
5.228509
1.844232
2.129010
2.205475
0.212283
1.346012
0.149496
1.663690
2.918437
1.455667
2.042474
2.043991
0.600074
0.206221
0.744906
0.483312
0.023237
0.365636
0.118142
0.068145
0.094926
0.009220
0.012555
0.029614
0.064930
0.055633
0.025680
0.064125
0.013685
0.013401
0.059361
0.008869
0.029900
0.427180
0.463831
0.049904
0.014172
0.039935
0.007809
0.109315
0.076696
0.025078
0.046155
0.063277
0.011142
0.007380
0.020147
0.017270
0.062342
0.177924
0.665750
0.011622
0.063803
0.012369
0.058685
0.008077
0.029394
0.138025
0.027277
0.158141
0.008024
0.021714
0.011704
0.008140
0.043351
0.022225
0.269798
0.100758
0.007089
0.098850
0.012683
0.030289
0.141834
0.020867
0.192206
0.021335
0.009376
0.017934
0.007457
0.011801
