0.000000
2.360219
2.428270
1.069044
5.143728
8.016749
4.271521
7.272700
0.137039
1.146218
3.465933
2.008135
3.772562
5.018957
5.285181
6.713840
3.003763
0.708476
3.038377
2.691140
8.528417
4.368805
6.351423
4.342128
1.251084
1.973086
0.090650
4.151781
5.607507
6.205296
2.761887
6.482440
3.570075
2.893560
1.481884
4.759064
7.537506
5.983737
5.729149
6.157921
1.641956
1.206085
2.738634
1.645215
8.736906
4.163960
9.313158
4.282718
2.244259
3.195447
2.545366
1.631024
6.079639
8.675548
5.796471
3.422014
0.690935
3.567538
2.125689
0.478668
5.500941
6.851772
5.346830
6.215345
10.749500
19.455900
15.267636
16.494200
47.254100
24.788931
42.203800
60.242400
13.502153
12.680158
20.052300
15.411183
27.537100
67.837400
67.865100
32.915400
9.994425
18.558600
13.320930
15.885000
40.759800
111.469891
87.444000
31.133600
11.850797
22.606250
9.166046
12.912087
46.142600
66.710000
35.775200
43.530000
18.471800
14.437664
9.541442
15.493400
64.520200
25.010800
34.553900
62.501800
17.126712
11.824428
15.712252
12.346370
50.218500
36.052200
34.492200
74.653800
19.266500
13.986200
8.930470
14.719245
75.032400
32.772000
67.993700
34.545600
10.546400
25.185700
11.088200
20.367400
84.892500
28.255300
26.312100
75.561325
0.066715
0.591714
2.028157
0.568536
4.394270
3.773735
4.547791
6.070497
0.067482
1.903543
0.157769
1.450711
2.941994
5.946950
4.467050
6.317040
3.004721
0.114489
0.620821
2.977209
4.950254
8.304960
5.022610
3.399030
0.594577
1.669165
0.497001
0.260695
3.607154
5.644372
7.037540
3.309860
2.213586
0.084844
0.869756
2.995416
9.283026
3.651810
5.687352
3.356830
2.264763
0.097276
3.105872
0.041908
3.914423
6.087600
4.046750
5.053310
1.926300
0.036755
2.206175
0.513312
8.268150
4.144856
3.071872
5.803170
0.176745
0.914699
1.191186
0.592135
3.900321
6.206550
3.506655
5.531220
9.283550
17.724300
18.919178
9.606410
28.793200
36.637900
35.984800
34.249400
6.786620
12.342900
11.463500
13.907800
50.547100
20.242370
65.192900
17.572500
13.154300
10.804867
10.627300
10.658100
20.508641
55.535484
38.993600
36.748400
15.559400
7.602226
21.450600
6.786020
41.115700
28.598100
18.207000
74.292300
10.563283
28.713200
17.303081
13.925953
43.215600
36.777300
35.996900
56.315500
8.894920
17.273600
9.790158
17.433000
32.303400
49.223800
23.478700
46.206700
14.429625
14.540300
17.497100
12.974402
32.652100
47.053100
38.635200
39.260600
16.470800
9.741140
13.335700
9.856060
28.024400
52.308800
35.594000
36.465400
5.588008
1.031127
0.193367
4.463171
8.103210
5.359025
6.926520
3.776046
0.300272
1.457982
1.285101
4.414596
4.018480
3.416854
6.821026
7.339536
0.712853
5.127814
0.488347
6.806690
6.154080
5.304843
3.211129
10.477142
5.259974
0.087951
0.866381
2.151539
7.447563
5.562827
4.393720
6.041865
0.642864
2.829899
2.477115
4.826976
3.784868
6.915040
5.894267
4.732295
0.116641
6.175167
1.056480
2.348208
8.492201
4.181250
3.464560
6.319623
2.982249
2.601629
0.802205
1.263659
4.049695
9.053477
8.592610
5.693468
2.093018
6.069952
1.292440
0.238637
7.385900
0.845576
8.497068
6.942776
10.817462
25.173169
22.889000
8.602170
45.599900
87.737400
31.000600
95.669900
19.052155
12.624161
17.527600
13.623400
25.854000
51.131600
75.183700
30.361400
10.246300
17.298300
18.192800
10.710619
97.519000
20.033700
39.921800
72.164300
12.584209
15.957305
15.685500
12.233989
28.786500
76.342269
57.466100
27.596300
12.752600
16.911906
17.412852
12.355408
37.999975
89.585500
25.990200
80.341600
14.377700
14.596477
27.038900
6.856272
53.646000
75.154900
42.320500
48.951400
11.722136
23.616900
17.125897
12.918728
21.598700
92.019700
62.193719
43.756900
9.583970
19.039430
22.689500
11.213600
32.471508
107.588000
41.287300
59.849600
0.037233
1.535128
0.437961
2.278979
7.582455
2.047501
4.171300
6.281916
0.468779
2.820657
0.144607
0.159969
3.185960
5.519650
4.630467
1.859249
0.039976
1.557160
0.258889
2.028904
6.174855
5.370380
2.410636
5.199126
0.108513
0.069041
0.810369
2.553410
4.448175
3.510438
3.269730
2.340317
1.482272
1.193821
0.035273
3.059795
5.536610
3.612940
5.671791
6.023514
1.224591
0.111621
0.423771
0.468861
3.648666
6.298163
6.114617
4.223700
2.577895
0.663876
1.185975
0.282672
9.624310
1.660852
5.511790
1.047127
0.200478
0.777871
0.250834
0.564419
2.827663
4.379300
4.408863
3.989596
13.541700
13.076000
9.825090
19.735700
30.282000
53.855100
26.082000
75.104425
17.310200
8.372710
8.466993
11.576700
45.146500
22.294300
32.624700
20.573300
6.901210
24.647400
19.810100
6.597884
95.907350
28.293100
18.573400
77.832900
10.500300
6.928720
7.454611
16.716300
32.742300
30.659200
27.280100
33.845200
10.943500
24.341900
11.785855
14.699800
37.654500
47.922800
17.314900
91.941400
21.750900
7.074630
8.933910
18.179100
40.278600
21.058600
43.548800
57.563200
11.429739
14.446919
15.566400
9.410050
22.640500
48.874400
26.002900
100.948000
20.118200
9.536490
6.607049
15.222300
23.758200
64.241900
26.410900
34.238400
2.144655
2.986404
0.714788
3.723496
4.408313
8.260950
6.704667
5.539212
1.114309
4.309677
0.477902
0.922187
6.656641
4.141100
5.520781
5.869782
0.576343
2.684910
2.809728
2.825478
5.620832
6.046974
6.702962
4.196462
0.179839
3.527924
0.445786
3.609791
5.712955
5.177215
3.223321
6.865544
1.982733
3.780482
3.176953
0.617241
5.449890
7.398182
7.035633
5.831276
2.270835
1.627491
1.282328
1.578183
7.051058
5.065473
2.309567
8.783542
4.970644
1.786143
4.152180
0.416950
7.647740
5.386366
6.079353
4.727389
0.778672
3.220878
0.125024
5.416122
3.815955
5.047680
4.263826
7.520107
18.539400
11.413208
17.236700
12.200550
103.711891
36.467100
66.691800
27.999300
14.601920
11.372242
21.567000
10.856717
39.867100
77.954000
43.554900
38.558600
16.616373
10.483833
8.295080
20.975100
27.054800
88.004100
40.346900
62.105900
18.474377
8.571628
18.508142
9.195280
33.111800
62.414300
44.261703
60.858600
12.995500
16.913400
13.479700
18.527116
20.507400
88.150700
78.101400
43.487500
10.493852
16.081900
11.710334
15.435500
103.249297
61.120400
33.516600
83.225800
18.980900
11.438945
12.320058
20.581837
56.731398
42.312900
28.725700
77.257598
14.510183
17.174698
16.721600
9.324403
43.991500
113.654391
31.421300
100.449000
0.084278
1.886670
0.561301
3.195693
4.382720
5.227123
4.587345
5.561735
0.538110
0.210258
0.058475
2.568404
6.701410
4.360130
2.928245
5.283390
1.401811
1.795729
0.115722
0.510709
8.175479
3.461080
5.664910
2.544460
0.042786
2.784828
0.103562
0.244414
5.497720
3.913120
3.603817
5.228670
2.359432
0.971426
1.239948
2.570280
5.062380
3.621625
4.766688
5.579580
0.116534
0.675269
2.328348
0.034274
6.111830
4.151630
3.718036
6.042680
1.395414
2.760341
0.065372
2.357060
6.078405
2.325075
7.278240
3.388770
0.092295
2.283515
0.036016
0.125764
6.940310
2.816432
3.211068
6.191700
15.878800
7.015560
14.608714
9.205681
40.820189
40.762700
31.672800
56.039200
8.662680
15.463559
7.291180
13.158600
94.085000
31.921500
29.455200
74.211700
10.133800
25.882600
13.663900
8.041490
50.617162
47.190700
31.852500
39.975100
8.062578
21.572000
8.071380
13.783400
25.722300
35.349100
38.309600
65.300800
13.607600
10.022700
10.784100
17.694100
29.395423
72.674381
75.438800
21.171400
6.939840
16.793000
17.119500
9.424500
25.520800
52.765100
18.094400
79.336100
22.918200
7.096250
9.700730
19.169500
37.261200
93.771300
40.926000
43.535778
14.414800
7.169980
11.162300
9.198390
35.710300
50.470200
45.824900
37.081200
1.133766
6.111024
1.819009
1.715367
9.766093
6.114773
6.508486
3.388189
1.653211
0.314702
1.175313
5.936570
4.480273
3.301300
7.943966
3.893645
1.593663
5.953681
0.098744
3.549220
3.061804
9.628590
3.696918
5.656050
0.769287
2.712930
5.221484
0.248622
4.840650
0.635549
6.661063
5.707131
0.973488
0.952050
5.430636
1.962900
7.435639
2.143163
8.769222
4.993580
2.499592
4.227730
0.280855
3.034622
4.750427
10.234459
2.696421
5.883056
3.302353
2.781809
6.613880
0.491573
3.685559
6.715297
4.849190
11.131300
6.044184
1.987524
1.314687
0.321934
6.514760
6.572936
4.072860
4.528875
11.928848
16.166200
8.516722
17.693700
62.560000
36.743300
29.684400
101.414562
10.247773
20.418700
13.804200
7.926080
43.569300
43.445770
74.682800
48.597200
12.828230
16.643400
8.650904
19.405477
76.361359
32.138712
52.211600
23.808400
18.059900
6.440712
24.482816
11.101466
44.610800
45.575700
110.822125
31.444148
24.070316
8.115042
11.645833
17.832500
45.015000
69.003300
25.149600
53.195100
15.765400
16.895756
9.011310
15.398542
24.284200
73.774903
40.982086
28.967900
9.676595
16.904400
11.769541
17.309900
36.937270
73.222300
39.472781
90.545500
10.264994
19.101745
14.491100
11.418600
70.818900
35.891800
60.624100
91.077284
0.062423
2.545772
3.486774
0.227667
3.765120
2.280128
2.819116
6.643323
2.755033
0.063436
0.398215
0.782520
3.450151
6.914880
4.928150
1.730530
0.735116
0.332306
3.069552
0.553398
5.097730
2.863977
4.932490
1.281893
0.053065
2.183073
0.310793
1.207599
2.323456
6.091420
2.542243
3.299580
0.245850
3.460681
0.440096
0.188421
1.815700
5.691060
3.066635
6.678645
0.440583
0.481692
0.350418
0.125539
3.882292
4.483040
3.951787
5.352818
1.493314
2.104380
1.240695
0.337395
4.113837
0.960503
7.254060
3.882930
0.889557
2.110040
0.453350
0.058592
1.294439
2.731425
3.221530
5.118680
15.858700
9.722762
11.855700
13.187645
32.194400
83.801700
36.453900
39.632200
13.323900
9.572060
14.707500
8.072480
27.500900
37.746200
19.325200
39.459900
16.595300
6.330580
13.768100
9.956339
52.888300
34.337100
101.209875
24.510489
6.981148
16.867300
10.392600
6.622765
24.926400
56.357500
30.908600
22.789200
10.697900
11.194600
7.813894
23.357000
25.976300
100.926000
31.528500
71.137862
14.893100
9.297930
13.196900
7.664780
47.341600
27.603700
34.455600
40.701800
12.333500
18.936173
8.408980
19.184300
75.071700
25.655700
36.218677
46.939100
6.380744
17.204200
9.062600
15.780711
60.972400
30.286600
48.590300
40.997700
0.025570
0.137017
0.179501
1.030506
0.016010
0.013281
0.046198
0.012725
0.526518
0.362474
0.069119
0.056791
0.076345
0.016231
0.005799
0.000000
0.211684
0.824934
0.029142
0.198503
0.012876
0.028087
0.014752
0.020707
0.028813
0.131466
1.436813
0.022466
0.018936
0.000000
0.031099
0.012798
0.062933
0.060214
0.351041
0.018341
0.012416
0.018651
0.015489
0.013061
0.052037
0.209302
0.024287
0.107260
0.003439
0.017071
0.000000
0.024160
0.205361
0.089990
0.108219
0.223364
0.014224
0.016454
0.015081
0.056211
0.507133
0.020228
0.029866
0.141222
0.012575
0.015761
0.015922
0.000014
0.010926
0.000000
0.000000
0.000000
0.000000
0.000000
0.000000
0.000000
0.002540
0.000000
0.000000
0.000000
0.000000
0.000000
0.000000
0.000000
0.019829
0.000000
0.000000
0.000000
0.000000
0.000000
0.000000
0.000000
0.000000
0.000000
0.000076
0.008593
0.000000
0.000000
0.000000
0.000000
0.000000
0.000000
0.010897
0.000000
0.000000
0.000000
0.000000
0.000000
0.000000
0.010237
0.001463
0.000000
0.000000
0.000000
0.000000
0.000000
0.000000
0.000000
0.010878
0.000000
0.000000
0.000000
0.000000
0.000000
0.017576
0.000000
0.010320
0.000000
0.000000
0.000297
0.000000
0.000000
0.058056
0.026753
0.021277
0.045361
0.013949
0.000000
0.000000
0.013204
0.029753
0.022388
0.031319
0.023046
0.016414
0.000239
0.005803
0.000000
0.018027
0.500325
0.033292
0.018064
0.000000
0.000000
0.012217
0.020910
0.030976
0.019481
0.024381
0.021998
0.015760
0.000000
0.000000
0.016756
0.018727
0.200676
0.047151
0.026825
0.000000
0.016163
0.012053
0.030685
0.018700
0.029975
0.017655
0.032904
0.004720
0.000000
0.015187
0.000000
0.021224
1.459137
0.023378
0.020600
0.000000
0.000000
0.015737
0.023947
0.028506
0.018698
0.019293
0.033422
0.000000
0.000000
0.014275
0.011391
0.000000
0.000000
0.000000
0.000000
0.000000
0.000000
0.000000
0.000000
0.000000
0.000000
0.000000
0.000000
0.000000
0.000000
0.000000
0.000000
0.000000
0.000000
0.000000
0.000000
0.000000
0.000000
0.000000
0.000000
0.000000
0.000073
0.000000
0.000000
0.000000
0.000000
0.000000
0.000000
0.000000
0.000000
0.000000
0.000000
0.000000
0.000000
0.000000
0.000000
0.000000
0.000000
0.000000
0.000000
0.000000
0.000000
0.000000
0.000000
0.000000
0.000000
0.000000
0.004709
0.000000
0.000000
0.000000
0.000000
0.000000
0.000000
0.000000
0.000000
0.000000
0.000000
0.000000
0.000000
0.020797
1.810679
1.972737
0.076219
0.015391
0.016555
0.012633
0.042761
0.347065
0.535164
0.206857
0.022112
0.031690
0.014292
0.000000
0.017205
1.937242
0.021947
2.017076
0.022665
0.013638
0.013646
0.110038
0.022282
0.018984
2.513881
0.330633
0.100726
0.017048
0.012397
0.015596
0.008956
1.711662
0.068194
0.314662
0.028147
0.016679
0.012699
0.019191
0.026844
1.210960
0.020427
0.600519
0.067653
0.006447
0.022432
0.020618
0.012041
0.221244
0.293583
1.178299
0.559461
0.062765
0.020714
0.019346
0.013455
0.402061
0.028384
0.401658
0.965708
0.020786
0.063423
0.007046
0.014095
0.009311
0.000000
0.000000
0.011197
0.000000
0.000000
0.000000
0.000000
0.000384
0.000000
0.000000
0.005264
0.000000
0.000000
0.000000
0.000000
0.010820
0.000000
0.000000
0.000681
0.000000
0.000000
0.000000
0.000000
0.000000
0.004255
0.000000
0.010096
0.003403
0.000000
0.000000
0.003765
0.001803
0.000000
0.008092
0.000920
0.000000
0.000000
0.000000
0.000000
0.000000
0.000000
0.000000
0.011181
0.000000
0.000000
0.000000
0.000000
0.003610
0.000000
0.000000
0.010632
0.000000
0.000000
0.000000
0.000000
0.012751
0.000000
0.004205
0.000000
0.002775
0.000000
0.000000
0.000000
0.313258
0.022401
0.178096
0.021862
0.005934
0.015067
0.013643
0.029452
0.031000
0.018282
0.049038
0.023467
0.030005
0.013482
0.000000
0.003942
0.638167
0.082679
0.025700
0.033144
0.017948
0.012544
0.009607
0.011854
0.115706
0.497824
0.029133
0.018339
0.015166
0.014131
0.016778
0.007928
0.026090
0.021151
1.704172
0.019875
0.000000
0.014999
0.007008
0.026649
0.024820
0.025828
0.027872
0.017807
0.030754
0.000332
0.000000
0.016038
0.019834
0.483654
0.098999
0.180956
0.000000
0.030918
0.012533
0.015920
0.021538
0.026196
0.025714
0.034424
0.013408
0.014933
0.010781
0.033872
0.000000
0.000000
0.000296
0.000000
0.000000
0.000000
0.000000
0.000000
0.000000
0.000000
0.000021
0.000000
0.000000
0.000000
0.000000
0.000000
0.005715
0.000000
0.003989
0.006886
0.000000
0.000000
0.000000
0.000000
0.000575
0.000000
0.000000
0.000000
0.000000
0.000000
0.000000
0.000000
0.000000
0.000000
0.000000
0.000000
0.000000
0.000000
0.000000
0.000000
0.000000
0.000000
0.000000
0.000000
0.000000
0.000000
0.000000
0.000000
0.004331
0.000000
0.004908
0.000000
0.000000
0.000000
0.000000
0.000000
0.000000
0.000000
0.008726
0.000000
0.000000
0.000000
0.000000
0.000000
0.076380
0.118972
1.229174
0.025111
0.039453
0.012000
0.013351
0.016624
0.045043
0.018689
0.557446
0.060523
0.000000
0.031674
0.013471
0.013977
1.312947
0.185964
0.021882
0.111196
0.017622
0.014750
0.000000
0.044748
0.500676
0.020211
0.740310
0.021243
0.031570
0.000000
0.063599
0.011730
0.069809
0.090804
0.029133
0.733978
0.016067
0.012990
0.013437
0.026217
0.082489
0.047115
0.222416
0.036929
0.013219
0.003040
0.080903
0.000000
0.023937
0.099845
0.065025
0.940620
0.014409
0.039319
0.013390
0.020159
0.379506
0.023363
1.676219
0.020250
0.033888
0.015122
0.016070
0.004694
0.003998
0.018386
0.000000
0.000000
0.000000
0.000000
0.000000
0.000000
0.014789
0.000000
0.000000
0.000000
0.000000
0.000000
0.000000
0.000000
0.000000
0.000000
0.011318
0.000000
0.000000
0.000000
0.000000
0.000000
0.000000
0.010442
0.000000
0.010472
0.000000
0.000000
0.000000
0.000000
0.000523
0.002422
0.000000
0.000000
0.000000
0.000000
0.000000
0.000000
0.000000
0.016288
0.000000
0.000000
0.000000
0.000000
0.000000
0.000000
0.000000
0.008695
0.000000
0.000000
0.000000
0.000000
0.000000
0.000000
0.000000
0.000000
0.008515
0.000000
0.000000
0.000000
0.000000
0.000000
0.054023
0.023657
0.034734
0.024026
0.001978
0.015784
0.016332
0.000000
0.022285
0.030343
0.035941
0.017946
0.000000
0.000000
0.017211
0.000000
0.024307
0.023131
0.378754
0.024440
0.000000
0.032953
0.012933
0.014352
0.073372
0.018166
0.029212
0.021285
0.000000
0.027384
0.000000
0.013566
0.018281
0.025593
0.028115
0.024088
0.012987
0.029204
0.000000
0.012163
0.026830
0.020751
0.019807
0.050082
0.000200
0.001494
0.001237
0.000000
0.016733
0.024992
0.646212
0.019309
0.000000
0.016874
0.000000
0.020662
0.032383
0.021520
0.100734
0.022638
0.000000
0.016804
0.017186
0.000000
0.000000
0.000000
0.000000
0.000000
0.000000
0.000000
0.000000
0.000000
0.000000
0.000000
0.000000
0.000000
0.000000
0.000000
0.000000
0.000000
0.000000
0.000000
0.000000
0.004713
0.000000
0.000000
0.000000
0.000000
0.000000
0.000000
0.000000
0.000000
0.000000
0.000000
0.000000
0.000000
0.000000
0.003150
0.000000
0.000000
0.000000
0.000000
0.000000
0.000000
0.000000
0.000000
0.000000
0.000000
0.000000
0.000000
0.000000
0.000000
0.000000
0.019268
0.000000
0.000000
0.000000
0.000000
0.000000
0.000000
0.000000
0.000295
0.000000
0.000000
0.000000
0.000000
0.000000
0.000000
0.904481
0.021709
0.774213
0.476046
0.013197
0.017800
0.013486
0.046070
0.124836
0.960355
0.495553
0.019154
0.015229
0.031001
0.013360
0.015151
1.039823
0.022901
2.659264
0.050098
0.113942
0.025477
0.024983
0.014779
0.557703
0.154327
0.026781
1.211643
0.013683
0.664634
0.017608
0.011723
2.387175
0.670621
0.024279
0.316491
0.011344
0.333436
0.012812
0.018374
0.078054
0.029737
1.024125
0.019649
0.018418
0.002282
0.021149
0.012102
0.067265
0.414638
0.022595
2.209983
0.087756
0.015022
0.028796
0.011387
0.020585
0.393860
0.153532
0.757528
0.012190
0.016873
0.017476
0.014455
0.000000
0.000000
0.019641
0.000000
0.000000
0.000006
0.000000
0.000000
0.000000
0.000000
0.008981
0.010904
0.000000
0.000000
0.000000
0.000000
0.010238
0.000000
0.010976
0.000000
0.000000
0.000000
0.000000
0.000000
0.000000
0.010831
0.000000
0.000000
0.000000
0.000000
0.000000
0.000000
0.000000
0.015008
0.005212
0.000000
0.000000
0.000000
0.000000
0.000000
0.000000
0.000000
0.011315
0.004549
0.000000
0.000000
0.000000
0.000000
0.011428
0.000000
0.010668
0.000000
0.000000
0.000000
0.000000
0.000000
0.005091
0.000000
0.000000
0.009394
0.000000
0.000000
0.000000
0.000000
0.264519
0.025751
0.018858
0.261622
0.015184
0.004683
0.010252
0.007083
0.034347
0.511580
0.021012
0.025374
0.001689
0.000000
0.029176
0.004210
0.037203
0.311064
0.025072
0.045687
0.012633
0.016059
0.008529
0.004467
0.360984
0.020176
0.015479
0.025192
0.009129
0.000000
0.008952
0.016411
0.023888
0.018902
0.088491
0.091805
0.015474
0.021818
0.017576
0.007549
0.019093
0.030823
0.033699
0.155373
0.014454
0.011427
0.015529
0.007557
0.036034
0.024632
0.271009
0.035539
0.009006
0.011420
0.000000
0.017560
0.026565
0.025964
0.018902
0.142736
0.010953
0.008295
0.028892
0.013063
0.000000
0.000000
0.000000
0.000000
0.000000
0.000000
0.000000
0.000000
0.000000
0.000000
0.000000
0.004913
0.000000
0.000000
0.000000
0.000000
0.000000
0.020454
0.000000
0.000000
0.000000
0.000000
0.000000
0.000022
0.000000
0.000000
0.000000
0.006134
0.000000
0.000000
0.000000
0.000000
0.000000
0.000000
0.010115
0.000000
0.000000
0.000000
0.000000
0.000000
0.000000
0.000000
0.000000
0.000000
0.000000
0.000000
0.000000
0.000000
0.000000
0.004400
0.001482
0.003011
0.000000
0.000000
0.000000
0.000000
0.006681
0.000000
0.000000
0.004021
0.000000
0.000000
0.000000
0.000000
