0.000000
1.508272
1.402641
0.922857
4.909655
6.824450
4.570805
9.899750
0.584792
1.324503
2.306602
1.024037
4.225584
5.846110
3.115913
7.235370
2.171765
1.190394
1.297554
1.761137
7.178870
2.952378
7.829330
3.241116
0.854697
2.757738
0.388623
2.488573
2.765992
7.351470
4.072615
8.582600
2.662128
1.316614
1.308871
2.991785
10.883000
5.201461
5.378180
8.937110
1.909056
0.608081
1.365935
1.319196
8.886950
5.286050
11.331100
5.980740
1.292165
3.496592
1.484427
1.527791
7.184890
5.355556
6.958840
3.125837
0.911074
1.618549
1.038534
1.153418
6.957310
4.789386
7.692770
5.256535
16.995900
34.579300
29.602125
24.911000
121.202000
39.239800
81.487000
189.144547
19.097700
16.199900
27.757000
20.201600
40.257900
85.583300
99.991800
84.531575
15.688300
31.004000
19.227300
33.924400
102.001000
471.120000
309.938000
57.230000
13.164100
33.212400
13.394400
25.737600
85.060538
144.504484
48.519500
109.941109
31.274400
22.999000
15.849800
25.472200
147.179000
66.174356
60.618600
162.895000
27.127400
14.991100
20.344300
17.668800
77.961400
95.024933
60.324100
182.002000
32.321300
20.411900
15.697700
28.144300
210.489000
83.280569
184.074516
39.370200
15.207200
43.830900
18.215400
22.738900
160.049266
42.002800
40.324500
153.316000
0.346011
0.724439
1.209863
0.396765
6.165970
2.609411
4.790160
6.948740
0.443643
1.073281
0.445224
1.300249
2.049425
7.641550
5.388340
8.521010
2.680583
0.410322
0.373686
1.475936
3.064483
10.110300
4.295283
2.732754
0.919809
1.635876
0.850833
0.784829
3.986061
5.588733
8.034410
2.613960
1.438762
0.334678
0.393774
1.155186
7.088990
2.581066
8.475590
3.387328
1.684891
0.629446
1.774059
0.439601
3.196902
6.770970
4.754630
5.520295
1.411068
0.227815
0.579407
0.587515
7.654910
2.864084
2.492449
6.251840
0.486874
1.505774
1.279056
0.673804
3.188450
7.494990
4.668490
7.205470
13.621500
18.437100
22.609000
10.896600
36.776100
84.615300
78.140000
39.823000
7.887680
17.654700
17.673900
14.053200
69.286800
28.961600
90.053800
23.860100
13.632400
17.097000
10.938200
17.283800
34.851500
79.989900
69.152100
47.916100
16.620000
10.174800
20.407100
9.794370
84.695000
32.892700
28.174200
106.290000
14.210300
39.724700
26.412900
15.880600
54.283800
65.639300
45.194300
147.554547
13.252900
18.276700
12.913700
17.366000
40.203600
88.492000
30.345300
72.194300
20.281600
13.430100
20.391000
15.091000
43.989500
118.808000
48.756600
106.836578
20.305400
10.589700
17.613300
12.135000
32.170000
79.171500
44.680200
68.420900
2.479316
0.516997
0.470556
2.230499
6.194070
3.334744
9.356470
2.998817
1.000208
1.580479
0.551192
2.089165
5.371150
5.799300
6.829516
3.815720
0.260487
5.230340
0.561729
3.970855
7.177870
3.401630
2.712522
9.593400
3.431863
0.589343
0.518395
2.808921
3.765660
8.856960
5.937200
5.493801
0.542218
1.031351
1.984473
3.321189
3.918857
8.208570
4.506301
5.751385
0.464214
2.678410
1.343094
1.018941
8.404750
5.890900
2.440397
8.945870
2.133523
0.752338
0.608456
1.250466
4.851428
13.408600
4.933730
6.715860
0.935215
2.442837
1.558410
1.168224
10.694200
2.466826
11.760000
4.986710
13.313500
49.139100
34.514600
13.613400
115.692000
288.600000
67.374600
290.379656
25.010000
18.903900
27.755600
18.330000
47.109000
130.746594
97.871800
52.737400
13.797800
29.235000
31.778500
13.181200
366.401000
47.522700
91.333800
217.122000
11.439200
26.960700
23.983400
13.613100
41.682300
115.814344
113.971000
29.985600
21.049000
30.505863
20.367200
12.803400
86.995000
347.322000
58.621828
190.508000
21.865700
16.735200
37.978700
11.495400
87.376700
184.186109
65.187100
113.390609
18.757800
40.272700
31.241358
14.273200
36.213500
302.624000
147.249891
115.564016
14.583200
25.198500
24.877000
14.144100
31.472000
205.138078
56.162800
155.391609
0.277587
0.789025
0.435012
1.005418
9.044700
2.720195
4.534964
4.442318
0.591079
2.399276
0.788857
0.525088
3.114116
6.459710
5.505833
4.157772
0.210067
1.725642
0.671978
0.537115
4.491821
7.169110
2.394040
8.132940
0.665818
0.320507
0.771898
2.564659
4.378635
5.859000
3.030603
4.722922
1.121299
1.138252
0.199762
2.095016
6.962360
3.827430
7.791540
5.647830
1.051425
0.634851
0.600375
1.254745
2.478577
8.295790
8.003250
5.457740
1.560414
0.333005
0.936110
0.705906
8.595750
1.478904
6.743970
4.136280
1.030662
1.006914
0.662930
0.585845
5.487350
5.594120
6.645830
3.000105
15.069400
19.757400
13.690300
21.252500
40.725600
128.699000
44.202000
102.180875
16.876800
11.542900
13.483300
15.198300
58.443600
31.091800
58.707700
23.000300
8.711650
27.379200
20.815000
9.217410
118.293094
48.896000
29.004100
94.333900
13.468800
9.147880
10.862000
17.023000
50.714300
40.843000
32.037000
66.793300
10.888800
27.737000
16.935100
21.697400
52.886500
74.475200
28.843400
134.371672
21.981500
9.945330
12.371600
20.514900
62.594300
32.453000
57.684500
98.334934
20.556200
15.646100
17.462200
13.471200
35.067500
87.535700
31.530300
148.574828
22.358400
11.366300
10.044800
19.462900
37.065900
84.790800
29.475800
71.616541
1.524082
2.397722
0.575652
2.359875
4.586536
11.244000
7.924080
3.188651
0.462067
2.666353
1.227251
2.161955
6.616480
6.307020
7.670450
6.178680
0.654043
1.947636
2.356360
1.572507
4.141360
7.929170
9.451190
4.637349
0.526376
1.897644
1.108619
2.426340
4.247673
3.124035
3.465565
11.830700
1.500502
2.563507
2.411481
0.981231
5.303859
9.424440
10.651800
4.379866
0.994593
1.988141
1.961448
1.063034
9.720250
3.146216
3.271370
13.095200
4.274197
1.257605
3.859153
1.036670
6.908700
7.176490
6.574100
6.689360
0.854627
1.213181
0.560978
4.053066
4.763430
7.417310
3.131887
7.081690
25.689500
17.485500
24.961600
21.019100
434.426000
65.762400
187.878000
73.358653
24.571500
13.375400
23.107300
13.365800
72.580155
96.148100
116.202688
46.111200
24.850600
18.606600
13.470900
24.158100
40.847900
304.167000
125.218125
159.261000
29.929962
15.132300
23.943800
11.875800
40.973600
182.738234
75.821255
106.014000
15.662800
44.867600
15.928800
41.712417
59.203181
225.845000
158.372000
124.695078
15.317500
20.523500
13.187900
33.172500
175.878125
102.138000
82.980111
188.834000
30.551900
21.137800
22.065100
31.411800
135.807016
112.830000
48.597400
290.549156
32.557800
18.098800
19.936500
13.853200
62.682100
190.308078
79.856008
244.857000
0.383637
2.111359
0.280777
2.094273
3.873153
4.800863
3.761166
4.218905
0.958645
0.688945
0.511905
1.993038
7.748940
4.092548
2.387410
5.940710
0.913162
1.198187
0.325093
1.090885
10.168900
2.535751
6.813730
4.149868
0.291627
2.277524
0.457903
1.062948
7.646440
5.087260
4.076316
5.914710
2.492096
0.808610
0.580029
3.777978
7.882160
3.095779
5.989500
7.717130
0.609797
1.020315
2.544458
0.234369
8.817060
4.494056
4.075455
6.344250
1.160363
0.905585
0.356972
1.904185
6.071697
4.119531
7.609960
3.381561
0.365710
1.940990
0.196906
0.897509
8.773510
2.615405
2.888758
7.292210
14.961200
8.772970
27.631300
9.191820
63.565356
76.736400
76.753427
67.073500
11.065200
20.772200
8.414980
15.351500
137.593984
66.573500
42.210300
90.601900
9.009960
31.098700
16.926800
12.467800
77.953719
86.841000
39.882000
103.247672
12.841100
20.948900
9.621920
16.675400
58.130637
59.631000
46.454500
107.520016
17.037900
20.200400
11.263500
22.512100
43.344200
121.951125
89.659100
53.966720
9.802740
17.051600
18.065300
11.352900
34.569000
72.631100
33.215500
109.240109
27.209300
10.983700
13.855100
28.478100
70.522100
105.372000
89.990647
65.797506
17.752800
10.577200
13.928700
13.636700
70.862394
75.850500
89.829314
40.434800
0.836544
3.406251
1.215332
1.025606
7.505500
5.247300
9.038750
2.995420
0.690465
0.782314
1.545941
2.869255
6.579140
4.533520
5.664937
3.058410
0.543804
5.016580
0.407270
4.044350
2.940665
6.890620
2.905815
8.166610
0.734385
0.989738
2.299042
0.675351
6.740510
1.406428
4.162155
4.985285
0.482636
2.535004
4.126145
1.756160
14.770200
2.001137
8.093480
6.606140
2.332308
2.259735
0.569885
1.756967
6.437710
12.156800
4.912296
4.940827
2.693510
2.051917
5.028820
0.530796
6.220460
6.212170
3.078676
15.717000
2.869912
0.627148
1.923553
2.392922
10.253800
3.949600
6.207310
6.551950
14.587300
22.347500
16.532900
34.151289
176.560000
57.418300
52.884700
322.619922
16.982200
24.114900
16.437200
14.110000
88.130714
108.958141
168.835484
83.100300
12.884700
26.973000
14.313000
37.065044
256.086000
43.592100
176.446828
43.603400
26.830700
12.586100
32.537100
13.313900
80.636958
121.366812
236.670000
40.275400
38.231500
15.142200
21.130600
25.429400
119.149531
176.587000
41.568800
159.086188
33.142300
17.371400
10.087800
29.325400
35.826000
126.629313
106.442047
41.447200
15.891900
27.332300
14.441100
41.620900
106.211859
156.784000
98.880303
276.921000
10.943500
35.832373
20.911800
21.114400
196.930266
43.764600
78.047100
266.900281
0.390946
2.413030
2.281573
0.310323
3.926455
3.141647
2.398981
8.205560
1.812077
0.436497
1.177982
0.862668
3.571224
7.657320
5.354460
2.393187
0.660952
1.500573
1.456661
0.440699
6.948440
3.001485
4.961220
3.861074
0.413910
1.871000
1.345791
1.160187
2.553306
6.778180
5.298783
3.000335
0.524713
3.076590
0.564086
0.674563
2.328664
8.968730
1.873845
9.478550
1.404767
0.564979
0.473242
0.618806
5.305988
5.064400
4.002684
7.270400
1.179294
0.964401
0.566710
1.331809
5.574321
2.519830
7.198240
5.662720
0.869059
2.003109
1.141350
0.541208
4.726596
2.644829
4.141180
5.268334
14.624100
13.589400
25.509600
15.765900
41.019400
112.327688
44.927300
108.282062
23.698100
11.824900
17.565000
10.133300
52.094466
67.609200
32.118800
58.089700
16.639700
8.980060
15.784600
13.012500
64.138000
63.364109
131.899906
51.773700
11.076800
17.635800
13.077300
9.459710
26.149000
63.759400
71.026153
23.991700
10.212700
15.458100
15.520400
25.593600
63.724673
139.232000
37.346200
113.565891
18.345100
11.258500
19.281200
10.913000
60.263800
64.192075
46.023000
67.186684
10.722400
36.878150
13.227500
20.624300
84.272200
42.266500
58.733733
117.652703
10.888600
19.504900
12.828800
18.336100
91.704800
62.149812
87.304798
47.501400
0.194576
0.210804
0.223188
0.537742
0.017402
0.014296
0.018595
0.002199
0.296536
0.205596
0.025551
0.343644
0.018870
0.004622
0.016521
0.014072
0.119235
0.744854
0.222372
0.245283
0.013362
0.026549
0.001432
0.041468
0.123416
0.022867
0.916751
0.024441
0.019171
0.013031
0.016836
0.000000
0.040661
0.185048
0.379538
0.045318
0.001956
0.013247
0.019362
0.013813
0.023206
0.742006
0.182292
0.032683
0.013166
0.015257
0.006780
0.014811
0.266821
0.021132
0.192312
0.297854
0.013410
0.016259
0.020016
0.018958
0.223859
0.047157
0.238605
0.050127
0.013450
0.017030
0.000554
0.016406
0.000000
0.000000
0.000018
0.000000
0.000000
0.000000
0.000000
0.000000
0.000088
0.005477
0.000000
0.000033
0.000000
0.000000
0.000000
0.000000
0.000000
0.000000
0.003388
0.003799
0.000000
0.000000
0.000000
0.000000
0.000130
0.000000
0.007385
0.000217
0.002146
0.000000
0.000000
0.000000
0.000000
0.000011
0.000196
0.003116
0.000000
0.000000
0.000000
0.000000
0.003414
0.000000
0.000000
0.000582
0.000000
0.000000
0.000000
0.000000
0.003429
0.000000
0.001034
0.000000
0.000000
0.000000
0.000000
0.000000
0.000043
0.003057
0.000000
0.000000
0.000000
0.000050
0.000000
0.000000
0.196869
0.095304
0.021813
0.248437
0.008793
0.016370
0.012831
0.012282
0.148086
0.023356
0.161467
0.034540
0.018785
0.007475
0.016150
0.004652
0.028834
0.173926
0.143900
0.019593
0.014718
0.000000
0.015105
0.018566
0.044982
0.020341
0.046885
0.039255
0.009987
0.008370
0.003496
0.018330
0.021220
0.343824
0.104453
0.022825
0.005766
0.017989
0.012534
0.018998
0.021284
0.073556
0.019665
0.147502
0.010249
0.006812
0.016061
0.013517
0.033574
0.264070
0.044734
0.040661
0.004033
0.015529
0.016841
0.002599
0.183414
0.030059
0.021682
0.074723
0.014744
0.000034
0.017126
0.000835
0.000231
0.002931
0.000092
0.004063
0.000000
0.000000
0.000000
0.000000
0.004935
0.000000
0.000000
0.003093
0.000000
0.000000
0.000000
0.000000
0.003272
0.000000
0.000307
0.000880
0.000000
0.000000
0.000000
0.001923
0.002656
0.000620
0.000000
0.000000
0.000000
0.000000
0.000000
0.000000
0.001384
0.001868
0.000000
0.003027
0.000000
0.000000
0.000000
0.000000
0.000294
0.000000
0.000000
0.000000
0.000000
0.000000
0.000000
0.000000
0.000000
0.000000
0.000163
0.004357
0.001393
0.000000
0.000000
0.000000
0.000000
0.000000
0.000000
0.004273
0.000000
0.000000
0.000000
0.000000
0.032531
0.960634
1.216734
0.037866
0.006894
0.020518
0.000032
0.103107
0.100050
0.242483
0.433046
0.024769
0.003968
0.014925
0.012609
0.018761
1.261869
0.018413
1.193653
0.026312
0.000000
0.037990
0.194783
0.000743
0.020480
0.684422
0.183444
0.023118
0.018459
0.013357
0.001251
0.014885
1.085997
0.322350
0.126933
0.023365
0.027038
0.000000
0.019223
0.018693
0.261423
0.020195
0.366930
0.067193
0.001254
0.001199
0.022318
0.006387
0.179105
0.431563
0.909493
0.208826
0.051899
0.000000
0.019260
0.018359
0.102484
0.061022
0.120260
0.080635
0.000000
0.039023
0.012194
0.000139
0.000240
0.002943
0.002887
0.000000
0.000000
0.000000
0.000000
0.000000
0.000420
0.000003
0.000000
0.006289
0.000000
0.000000
0.001001
0.000000
0.011408
0.000000
0.000000
0.012513
0.000000
0.000000
0.002247
0.000000
0.000000
0.006330
0.000000
0.003944
0.003637
0.000000
0.000000
0.004435
0.000000
0.009591
0.000062
0.000849
0.000000
0.000000
0.000000
0.000000
0.000000
0.000000
0.003280
0.012160
0.000000
0.000000
0.001875
0.000000
0.000000
0.000000
0.009272
0.011122
0.000000
0.001840
0.000000
0.001654
0.010561
0.000000
0.004710
0.000000
0.000696
0.000973
0.000000
0.000000
0.289614
0.093133
0.091160
0.023558
0.009236
0.017061
0.002153
0.006059
0.117004
0.020114
0.068159
0.108737
0.014756
0.000160
0.013492
0.019544
0.391523
0.024677
0.094662
0.091217
0.005119
0.000656
0.017108
0.013132
0.092384
0.333200
0.059653
0.011386
0.001521
0.014186
0.010827
0.014284
0.043459
0.060923
0.307359
0.020618
0.013320
0.005836
0.012915
0.001029
0.038942
0.104614
0.114260
0.044703
0.008859
0.008629
0.009494
0.001172
0.021264
0.285124
0.069699
0.057447
0.000000
0.021512
0.001376
0.022881
0.073436
0.032249
0.056606
0.104453
0.013425
0.001040
0.013698
0.000690
0.005021
0.000000
0.002266
0.000000
0.000000
0.000000
0.000000
0.000000
0.000000
0.000000
0.001480
0.000894
0.000000
0.000000
0.000000
0.000368
0.000000
0.000000
0.004521
0.011223
0.000000
0.000325
0.000000
0.000000
0.001051
0.000000
0.001653
0.000000
0.000000
0.000000
0.000000
0.000000
0.000000
0.000000
0.000000
0.000317
0.000000
0.000000
0.000000
0.000000
0.000000
0.000000
0.004929
0.000000
0.000000
0.000000
0.000000
0.000000
0.002498
0.000000
0.004166
0.000000
0.000000
0.000000
0.000000
0.000986
0.000045
0.000000
0.007755
0.000000
0.000000
0.000000
0.000000
0.000000
0.168101
0.127603
0.895029
0.043917
0.022448
0.000090
0.013850
0.021227
0.286925
0.023155
0.415174
0.075759
0.014485
0.007452
0.013630
0.015954
0.854848
0.110632
0.136495
0.224049
0.027992
0.014621
0.013997
0.019626
0.240829
0.033335
0.357251
0.026248
0.018801
0.014834
0.019466
0.012564
0.177607
0.058459
0.094706
0.420048
0.030105
0.002148
0.002212
0.016286
0.456227
0.052523
0.162660
0.205137
0.000895
0.017087
0.019005
0.011984
0.019578
0.232504
0.031025
0.471911
0.015716
0.015368
0.015087
0.017434
0.247226
0.088817
0.869952
0.020292
0.017388
0.008181
0.018026
0.011111
0.000000
0.000000
0.000000
0.010861
0.000000
0.000000
0.000000
0.000000
0.000000
0.005999
0.000000
0.001154
0.000000
0.000000
0.000000
0.000000
0.000000
0.006535
0.000000
0.000000
0.000000
0.000000
0.000000
0.000000
0.000000
0.000278
0.004060
0.000000
0.000000
0.000000
0.001432
0.000000
0.000000
0.000000
0.010037
0.000000
0.000000
0.000000
0.000000
0.000000
0.005701
0.000000
0.000471
0.000000
0.000000
0.000000
0.000000
0.000000
0.003250
0.000847
0.000000
0.000000
0.000000
0.000000
0.000000
0.000000
0.000000
0.000050
0.000000
0.007695
0.000000
0.000000
0.000000
0.000000
0.251608
0.033949
0.192929
0.020188
0.014637
0.017364
0.015933
0.008440
0.031294
0.119771
0.115935
0.020206
0.007028
0.008874
0.019367
0.009224
0.048360
0.025914
0.253677
0.053655
0.008709
0.019026
0.003890
0.017269
0.303984
0.020133
0.140304
0.045602
0.008336
0.010716
0.015145
0.001666
0.019825
0.099229
0.112470
0.020160
0.014097
0.016971
0.010126
0.003793
0.110823
0.024152
0.019694
0.285759
0.001640
0.015802
0.012070
0.005324
0.021031
0.069274
0.332087
0.021426
0.014075
0.018929
0.005207
0.018681
0.253349
0.021018
0.408801
0.066205
0.001174
0.018893
0.018636
0.008161
0.002960
0.003906
0.000000
0.005645
0.000000
0.000000
0.000000
0.000000
0.003575
0.000000
0.004897
0.000000
0.000000
0.000000
0.000000
0.000000
0.005443
0.000000
0.000494
0.000461
0.000000
0.000000
0.001351
0.000000
0.004841
0.000000
0.000028
0.000000
0.000000
0.000000
0.000000
0.000000
0.003003
0.000000
0.004388
0.000000
0.000000
0.000000
0.000000
0.000000
0.005403
0.000000
0.000000
0.000000
0.000000
0.000000
0.000000
0.000000
0.000000
0.001317
0.002068
0.003536
0.000000
0.000000
0.000000
0.000000
0.000000
0.005979
0.000000
0.000000
0.000000
0.000000
0.000000
0.000000
0.409286
0.042514
0.421972
0.350950
0.013728
0.005558
0.013129
0.108785
0.233435
0.304915
0.328548
0.020763
0.013962
0.016891
0.003416
0.025234
0.769682
0.020125
1.671300
0.023050
0.186989
0.009865
0.092775
0.000036
0.166387
0.218807
0.047138
0.173348
0.001283
0.072675
0.018035
0.016217
1.238783
0.326401
0.021805
0.293219
0.013185
0.189071
0.007811
0.003976
0.030318
0.213796
0.317440
0.040393
0.003079
0.000000
0.016181
0.015579
0.176170
0.258246
0.020822
1.319378
0.045797
0.000618
0.108176
0.000067
0.021624
0.192187
0.046237
0.054394
0.012717
0.005076
0.000000
0.017936
0.011391
0.000000
0.011387
0.000000
0.000000
0.000000
0.000000
0.001170
0.007342
0.000000
0.002536
0.000000
0.000000
0.000000
0.000000
0.002693
0.010615
0.000000
0.000000
0.008947
0.000000
0.004580
0.000000
0.000000
0.000000
0.011618
0.004639
0.000000
0.002532
0.000000
0.000000
0.000721
0.003327
0.012359
0.000089
0.000000
0.001887
0.000000
0.000000
0.000000
0.000000
0.000000
0.008568
0.005118
0.000000
0.000000
0.000000
0.003206
0.016610
0.000000
0.011495
0.000000
0.000000
0.000000
0.000000
0.001739
0.011332
0.000000
0.000000
0.010009
0.000000
0.000253
0.000000
0.002205
0.165293
0.021002
0.020490
0.240804
0.006517
0.015461
0.027441
0.000000
0.019667
0.147255
0.033661
0.059225
0.015049
0.000000
0.001013
0.018736
0.090463
0.040852
0.028810
0.091193
0.000454
0.018285
0.000000
0.015977
0.163352
0.021560
0.034279
0.033623
0.016109
0.000000
0.014613
0.001573
0.126089
0.020479
0.286884
0.065978
0.021840
0.000213
0.018268
0.013003
0.028452
0.109222
0.200864
0.080530
0.016640
0.000163
0.016033
0.010863
0.031199
0.024919
0.163432
0.040174
0.015298
0.023046
0.000004
0.015475
0.053131
0.021214
0.036057
0.149839
0.017035
0.015606
0.004280
0.000007
0.003207
0.000000
0.000626
0.000000
0.000000
0.000000
0.000000
0.000000
0.000000
0.000000
0.000338
0.001084
0.000000
0.000000
0.000000
0.000000
0.000000
0.000024
0.002469
0.006896
0.001600
0.000000
0.000000
0.003324
0.001456
0.000000
0.000000
0.005553
0.000339
0.000000
0.000000
0.000000
0.000000
0.000000
0.002234
0.000000
0.000000
0.000000
0.000006
0.000000
0.003205
0.001105
0.000000
0.000000
0.000000
0.000000
0.000000
0.000000
0.000000
0.004209
0.000000
0.000734
0.000000
0.000000
0.000000
0.000000
0.004132
0.000000
0.000000
0.001539
0.000000
0.000000
0.000000
0.000000
