0.000000
0.000000
0.000000
0.000000
0.000000
0.000000
0.000000
0.000000
0.000000
0.000000
0.000000
0.000000
0.000000
0.000000
0.000000
0.000000
0.000000
0.000000
0.000000
0.000000
0.000000
0.000000
0.000000
0.000000
0.000000
0.000000
0.000000
0.000000
0.000000
0.000000
0.000000
0.000000
0.000000
0.000000
0.000000
0.000000
0.000000
0.000000
0.000000
0.000000
0.000000
0.000000
0.000000
0.000000
0.000000
0.000000
0.000000
0.000000
0.000000
0.000000
0.000000
0.000000
0.000000
0.000000
0.000000
0.000000
0.000000
0.000000
0.000000
0.000000
0.000000
0.000000
0.000000
0.000000
0.000000
0.000000
0.000000
0.000000
0.000000
0.000000
0.000000
0.000000
0.000000
0.000000
0.000000
0.000000
0.000000
0.000000
0.000000
0.000000
0.000000
0.000000
0.000000
0.000000
0.000000
0.000000
0.000000
0.000000
0.000000
0.000000
0.000000
0.000000
0.000000
0.000000
0.000000
0.000000
0.000000
0.000000
0.000000
0.000000
0.000000
0.000000
0.000000
0.000000
0.000000
0.000000
0.000000
0.000000
0.000000
0.000000
0.000000
0.000000
0.000000
0.000000
0.000000
0.000000
0.000000
0.000000
0.000000
0.000000
0.000000
0.000000
0.000000
0.000000
0.000000
0.000000
0.000000
0.000000
0.000000
0.000000
0.000000
0.000000
0.000000
0.000000
0.000000
0.000000
0.000000
0.000000
0.000000
0.000000
0.000000
0.000000
0.000000
0.000000
0.000000
0.000000
0.000000
0.000000
0.000000
0.000000
0.000000
0.000000
0.000000
0.000000
0.000000
0.000000
0.000000
0.000000
0.000000
0.000000
0.000000
0.000000
0.000000
0.000000
0.000000
0.000000
0.000000
0.000000
0.000000
0.000000
0.000000
0.000000
0.000000
0.000000
0.014246
0.014246
0.000000
0.000000
0.000000
0.000000
0.000000
0.000000
0.000000
0.000000
0.000000
0.000000
0.000000
0.000000
0.000000
0.000000
0.000000
0.000000
0.000000
0.000000
0.000000
0.000000
0.000000
0.000000
0.000000
0.000000
0.000000
0.000000
0.000000
0.000000
0.000000
0.008190
0.008190
0.000000
0.000000
0.000000
0.000000
0.000000
0.000000
0.000000
0.000000
0.000000
0.000000
0.000000
0.000000
0.000000
0.000000
0.000000
0.000000
0.000000
0.003501
0.000000
0.000000
0.000000
0.000000
0.000000
0.000000
0.000000
0.000000
0.000000
0.000000
0.000000
0.000000
0.000000
0.000000
0.000000
0.000000
0.000000
0.000000
0.000000
0.000000
0.000000
0.000000
0.000000
0.000000
0.000000
0.000000
0.000000
0.000000
0.000000
0.000000
0.000000
0.013385
0.030604
0.000053
0.000000
0.000000
0.000000
0.000000
0.000000
0.000000
0.000000
0.000000
0.000000
0.000000
0.000000
0.000000
0.010087
0.010087
0.003438
0.008342
0.003395
0.000181
0.000000
0.000000
0.000000
0.000000
0.000000
0.000000
0.000000
0.000000
0.000000
0.000000
0.000717
0.003909
0.043077
0.051020
0.008872
0.022882
0.013532
0.003455
0.000000
0.000000
0.000000
0.000000
0.000000
0.000000
0.000000
0.000000
0.000000
0.000000
0.000000
0.010048
0.010048
0.040114
0.047844
0.045936
0.027618
0.006414
0.014459
0.000000
0.000000
0.000000
0.000000
0.000000
0.000000
0.000000
0.000000
0.008705
0.044263
0.064431
0.050080
0.055477
0.049614
0.046164
0.045475
0.010641
0.000120
0.000000
0.000000
0.000000
0.000000
0.000000
0.000000
0.000000
0.000000
0.000000
0.000000
0.000000
0.051292
0.118947
0.091723
0.061001
0.120203
0.034737
0.000225
0.000053
0.000000
0.000000
0.002503
0.024307
0.000555
0.000470
0.018772
0.052361
0.069855
0.130254
0.184272
0.153433
0.087492
0.050912
0.040114
0.004693
0.000000
0.000000
0.000000
0.000000
0.000000
0.000000
0.000000
0.000000
0.000000
0.000000
0.000000
0.000000
0.000000
0.009855
0.009855
0.081188
0.316437
0.525883
0.931456
1.051113
0.498572
0.073566
0.046258
0.007605
0.047635
0.062904
0.069527
0.021216
0.035613
0.410722
0.370270
0.202181
0.280705
0.362595
0.338876
0.199841
0.107727
0.045805
0.031150
0.000284
0.000000
0.000000
0.000000
0.000000
0.000000
0.000000
0.000000
0.000000
0.000000
0.000000
0.000000
0.000000
0.008861
0.008861
0.395575
0.811533
1.364537
2.121352
2.356213
2.042348
0.671728
0.374058
0.933649
0.916183
0.689709
1.485179
0.895801
1.814102
2.302051
0.362086
0.732519
0.536147
0.724361
0.757248
0.357329
0.210206
0.058460
0.045732
0.004264
0.001597
0.024161
0.003001
0.000009
0.000000
0.000000
0.000000
0.000000
0.000000
0.000000
0.000000
0.000000
0.000000
0.000000
0.000000
0.000000
0.402235
1.158594
1.857343
2.425672
2.901947
3.139668
3.405657
3.407957
2.761784
2.798706
3.188313
5.128649
5.127299
3.975711
1.030181
0.890719
0.853517
0.771719
1.173821
1.411091
0.461730
0.179492
0.049666
0.247856
0.051059
0.033644
0.041823
0.029932
0.014419
0.006313
0.000000
0.000000
0.000000
0.000000
0.000000
0.000000
0.000000
0.000000
0.000000
0.001353
0.001353
0.387026
1.139699
1.915601
2.518548
3.000817
3.278307
3.851603
4.019216
4.201093
5.137648
6.349739
6.279532
4.332363
2.709368
0.877998
1.417504
1.449624
1.160456
2.090705
2.381500
0.881296
0.357082
0.367033
0.896780
0.107507
0.050608
0.051522
0.045538
0.047452
0.009252
0.000000
0.000000
0.000000
0.000000
0.000000
0.000000
0.000000
0.000000
0.000000
0.000000
0.000000
0.000000
0.000089
0.000011
0.000000
0.000000
0.000000
0.000000
0.000000
0.000000
0.041659
0.085916
1.226122
2.417645
3.468092
4.940813
3.328727
5.677115
2.113675
0.005956
0.005956
0.372886
1.122792
1.932118
2.520066
2.983718
3.210057
3.685152
4.002356
4.499951
5.229787
6.193835
6.286751
6.624483
6.499478
5.011882
4.655825
8.267603
8.269776
6.186146
7.048062
4.480804
2.016571
0.989445
0.242994
0.407042
0.335744
0.212076
0.103272
0.185350
0.006416
0.000000
0.000000
0.000000
0.000000
0.000000
0.000000
0.000000
0.000000
0.000000
0.000000
0.000000
0.000000
0.003492
0.006479
0.006042
0.000033
0.000000
0.000000
0.000000
0.000255
0.317694
1.665707
2.641749
3.538588
0.673938
0.319458
3.671212
7.095262
0.137496
0.000000
0.000000
0.357535
1.076895
1.836807
2.485827
2.958129
3.147353
3.421938
3.254402
2.630670
3.699725
5.881340
6.611015
7.328607
7.779925
7.763691
8.233288
9.391384
8.066069
6.098587
2.807374
1.085041
0.657796
0.588132
0.793788
0.657438
0.557586
0.393903
0.633800
1.189108
0.022081
0.000000
0.000000
0.000000
0.000000
0.000000
0.000000
0.000000
0.000000
0.000000
0.000000
0.000000
0.000000
0.017450
0.209802
0.082303
0.000793
0.000130
0.000043
0.000000
0.003358
0.344552
1.575428
1.479311
0.284801
0.067886
0.399431
0.926672
4.241286
0.235504
0.014110
0.014110
0.320151
0.963285
1.661672
2.192852
2.557183
2.481182
1.967735
0.615315
0.181698
0.536595
2.022520
3.986333
8.043215
8.390325
8.556828
8.890110
8.843842
7.124903
3.839092
2.150109
2.429106
1.950659
0.894601
0.743885
0.914675
0.734605
0.666257
1.640330
2.695238
0.114372
0.000000
0.000000
0.000000
0.000008
0.000236
0.006020
0.000856
0.000000
0.000000
0.000000
0.000000
0.000000
0.027176
1.146637
1.378982
0.075751
0.047804
0.006566
0.000000
0.000030
0.252244
0.920882
1.112657
0.188074
0.227442
0.591625
0.491788
3.125249
0.368221
0.014536
0.014536
0.248339
0.737222
1.261462
1.296778
0.547935
0.110337
0.027906
0.000000
0.000000
0.000000
1.020881
5.598739
5.445099
7.031973
7.445781
7.721755
8.123998
7.515859
5.492078
4.125807
1.443757
1.469448
1.931477
1.913257
1.618487
1.101239
2.224066
4.054615
3.017390
0.506361
0.000000
0.000000
0.000266
0.047135
0.046743
0.045386
0.013407
0.006074
0.000802
0.000000
0.000000
0.022028
0.240931
1.579722
4.123598
0.792066
0.740985
0.058750
0.000000
0.000020
0.102098
1.473649
2.903848
2.103132
0.873757
1.228137
1.066629
1.905920
1.044876
0.000000
0.000000
0.178707
0.505650
0.883859
1.089800
0.199247
0.018717
0.000000
0.000000
0.000000
0.000000
1.149301
3.689467
1.265934
4.773723
5.575975
5.857475
7.342544
6.448603
5.592552
4.497913
2.227911
2.200133
2.834888
2.966932
2.752205
2.041353
4.188653
4.859650
3.116219
0.920808
0.000000
0.000000
0.125933
0.344164
0.052992
0.045948
0.023722
0.024346
0.009001
0.000000
0.000000
0.075687
1.032588
3.102724
4.282498
2.696715
2.401435
0.491335
0.024700
0.031058
0.666280
2.767620
4.972085
4.657390
4.458887
4.585865
4.491618
2.656992
3.334709
0.015784
0.015784
0.116136
0.319393
0.246907
0.334481
0.081773
0.026311
0.000000
0.000000
0.000000
0.000090
0.477719
0.598671
0.597012
3.144545
3.399132
5.181640
6.661476
6.461477
6.315371
4.826884
2.501919
2.918115
3.475298
3.404460
3.581839
3.734465
6.011245
5.271060
3.503806
1.212099
0.258852
0.792064
1.853314
0.792691
0.048720
0.045220
0.047534
0.048644
0.017846
0.005615
0.000140
0.040860
1.689870
3.871826
3.486142
0.745819
1.578122
0.435317
0.023308
0.198645
0.915900
2.686258
5.303775
5.810168
6.259710
6.300986
5.686163
5.017156
6.698793
0.025467
0.025467
0.063828
0.163892
0.031129
0.000020
0.000000
0.000000
0.000000
0.000000
0.000000
0.000000
0.000000
0.000000
0.035170
0.035783
1.426553
4.812651
4.590186
5.230125
6.240540
5.754007
4.310403
4.418657
4.500605
4.578870
4.804393
5.890701
5.864292
5.183289
5.713487
5.399112
4.571011
5.259964
3.225861
0.735826
0.067044
0.107972
0.052918
0.074831
0.157874
0.129600
0.001903
0.481613
5.766582
7.590309
1.137068
0.260706
0.560775
0.916421
0.812001
1.375997
0.971013
1.271107
4.179299
5.049918
6.552118
8.302665
8.506061
8.677289
9.747528
0.000000
0.000000
0.040429
0.063816
0.010975
0.000000
0.000000
0.000000
0.000000
0.000000
0.000000
0.000000
0.000000
0.000000
0.000028
0.128093
1.535839
2.116718
2.485779
4.269172
5.939968
6.058779
5.525497
5.514447
5.598057
5.592330
5.997967
6.796386
5.843341
6.505734
7.553353
7.529864
7.867120
7.463540
4.943857
3.276200
1.423378
1.265989
0.062470
0.300337
1.079260
1.187190
0.022298
0.928592
7.843485
7.776549
1.003156
1.269039
3.613182
5.993170
2.046019
2.631476
2.916634
2.929579
4.738851
5.828557
7.251143
8.440530
10.067700
11.107400
13.559922
0.021377
0.021377
0.035823
0.034502
0.000000
0.000000
0.000000
0.000000
0.000000
0.000000
0.000000
0.000000
0.000000
0.000000
0.000000
0.099879
0.275422
0.257767
2.132885
4.219724
5.428491
6.247179
6.414738
6.479040
6.665395
6.679960
6.651682
7.872066
7.512964
7.979368
8.905012
9.432424
10.236055
10.191455
8.267527
7.223708
5.517654
1.567349
0.362333
1.402858
2.782854
2.979507
0.198663
1.242735
9.533595
11.175680
5.675137
5.239350
7.074857
7.407186
3.784868
3.695645
5.508909
5.459644
8.254531
8.839608
10.335581
12.309600
12.309600
14.648900
14.898100
0.020490
0.020490
0.000000
0.000000
0.000000
0.000000
0.000000
0.000000
0.000000
0.000000
0.000000
0.000000
0.000000
0.000000
0.000000
0.000000
0.005188
0.094600
1.574141
2.967525
3.960895
4.870787
4.941933
4.498203
6.429855
7.218250
7.631837
7.616610
7.640427
8.352787
9.723111
10.288467
10.784717
11.151647
11.634603
11.969489
8.179461
2.153539
3.500776
3.698079
5.040142
5.783805
1.943958
3.988528
13.214931
12.880681
11.305925
11.883341
8.780095
6.613405
7.064071
5.243643
7.944790
7.662603
8.637342
9.514519
11.490800
12.750800
14.453900
15.691887
16.566412
0.000000
0.000000
0.000000
0.000000
0.000000
0.000000
0.000000
0.000000
0.000000
0.000000
0.000000
0.000000
0.000000
0.000000
0.006329
0.018955
0.881350
2.339339
3.654181
3.889713
3.813133
4.079596
5.610442
7.675685
7.823806
6.745974
6.576299
7.845819
10.220565
10.239842
10.554170
11.249491
12.464005
13.420067
11.947405
7.993841
6.004400
5.475490
6.900295
6.549990
3.628818
8.252710
13.931078
14.259597
14.995019
15.542628
10.122282
6.594522
9.072657
6.822256
8.963046
8.868437
11.010230
11.783265
13.414073
14.840050
16.101962
17.052012
17.540500
0.000000
0.000000
0.000000
0.000000
0.000000
0.000000
0.000000
0.000000
0.000000
0.000000
0.000000
0.000000
0.000000
0.000000
0.004243
0.011802
0.712078
2.471917
3.562020
3.571886
3.652504
4.026737
5.652825
7.746003
7.809459
6.284156
5.755645
7.385082
10.282393
9.970341
10.184033
10.895410
12.921206
14.312698
13.218903
10.152937
7.147438
6.704096
7.764146
6.793748
4.992098
10.734678
14.446313
15.543500
16.056525
15.795295
9.415988
6.462160
10.546588
8.035103
9.594981
9.991712
12.460783
13.194975
14.670792
16.178594
17.570959
18.373783
18.537734
0.000000
0.000000
0.000000
0.000000
0.000000
0.000000
0.000000
0.000000
0.000000
0.000000
0.423214
1.967288
1.511362
3.564552
4.485393
4.248529
4.311540
4.626645
5.663528
6.333489
6.817140
6.133345
5.264170
6.233320
8.133934
8.408832
8.634060
8.866938
12.530622
13.178038
11.071622
9.591548
8.499847
8.518843
8.897454
8.044475
6.846244
15.013002
15.609087
16.793477
16.328409
16.257088
10.604048
7.433649
14.638688
11.263402
9.878419
10.164265
12.510812
13.532795
15.310077
16.881666
19.027903
20.136878
20.800064
0.000000
0.000000
0.000000
0.000000
0.000000
0.000000
0.000000
0.000000
0.000000
0.000000
0.442013
2.884058
4.124141
4.159620
4.912710
4.783130
4.849757
4.985762
5.331405
5.672649
5.839087
5.564586
5.273690
5.498101
6.801043
7.123942
7.239973
7.162973
11.513227
14.093250
11.684225
11.511839
10.439487
9.793441
9.590499
9.845310
8.721803
13.144100
14.661900
15.334163
17.025325
17.311909
15.415103
15.569486
17.649262
12.157317
10.834400
11.299900
12.659650
13.232375
14.750088
16.281241
18.943127
20.931028
22.009717
0.000086
0.000000
0.129924
1.844102
4.674218
4.637394
4.796003
4.910698
5.134528
5.291312
5.269746
5.232380
5.216970
4.946670
4.797253
4.977926
5.915775
5.219543
5.127862
5.175827
6.895001
12.039581
12.898059
12.928630
11.621961
10.770512
10.246612
10.727558
11.264000
12.277500
12.322900
12.545413
13.595733
16.694986
17.625459
16.235967
15.969764
12.211072
11.625900
12.232800
12.778787
12.865438
13.871638
15.490200
17.313697
19.936397
21.743041
0.220701
0.192376
0.344313
0.976372
3.891424
4.632020
4.666020
4.888708
5.031771
5.055389
3.939406
3.768673
3.413557
3.105288
2.933469
2.955366
2.020364
1.061931
0.551436
0.259319
0.511782
2.538477
10.333249
12.683612
12.179012
9.973416
9.395176
10.076635
11.429086
10.783028
11.759214
11.101612
10.692530
13.449550
13.729036
13.204700
12.637600
12.196800
11.373789
11.307825
12.047387
12.219338
12.753375
13.694713
15.241859
17.823827
20.124538
2.755156
3.340532
4.419207
4.475199
4.561140
4.945137
4.718592
3.575306
0.761873
0.624937
0.469421
0.445925
0.318594
0.339000
0.070170
0.011508
0.000000
0.000000
0.015771
0.394970
4.060188
9.141441
11.542986
10.501101
10.070996
10.077671
9.964432
10.047730
12.089475
11.981383
9.988673
9.479747
12.653044
12.466052
12.070788
12.641769
10.462963
9.656464
11.274186
11.543627
12.218594
13.299833
14.242883
16.991261
20.368667
3.617649
3.923960
4.369998
4.292619
4.372972
4.833875
3.989894
1.451096
0.060943
0.050482
0.042490
0.000693
0.000000
0.000000
0.000000
0.000000
0.000000
0.000000
0.000000
0.000000
0.186732
2.605545
10.181544
10.843808
10.514552
10.301545
9.341475
9.747539
12.048514
12.800117
11.302283
10.617383
11.951855
11.927030
11.591161
12.658344
10.653548
8.734217
10.732469
11.063630
11.944197
13.329109
14.344370
16.863494
21.179703
3.762225
3.013880
2.654974
0.866398
0.050567
0.053641
0.000019
0.000000
0.000000
0.000000
0.000000
0.000000
0.000000
0.000000
0.000000
0.000000
0.007214
0.061869
3.296704
8.540551
10.567629
10.882550
9.469881
9.363224
10.433111
11.673425
11.400800
10.054210
11.030174
10.641358
10.248992
10.781661
10.659217
9.254701
10.208216
10.623463
12.063064
13.523900
15.051405
18.862487
23.482002
3.722095
3.078023
2.178170
0.751767
0.072835
0.053324
0.000859
0.000000
0.000000
0.000000
0.000000
0.000000
0.000000
0.000000
0.000000
0.000000
0.012564
0.052096
2.739088
7.323388
9.087272
9.506878
9.614570
9.193657
9.649190
10.281911
11.027531
9.986282
9.831618
7.976747
7.793122
11.056830
10.654770
10.230742
10.350475
11.196238
13.318706
14.243706
14.167180
18.851416
24.313647
0.000125
0.000000
0.000000
0.000000
0.000000
0.000000
0.000000
0.000000
0.000000
0.000000
0.037756
0.153955
2.107656
6.700771
8.245439
8.650070
8.967120
9.046167
9.092320
8.824190
9.143819
9.875430
8.557854
8.132484
6.228897
7.059138
9.957459
11.295558
9.550273
10.380925
13.496030
15.637619
14.982878
18.011358
24.960691
0.000000
0.000000
0.000000
0.000000
0.000000
0.000000
0.000000
0.000000
0.000000
0.000000
0.046026
0.173457
3.089095
6.949096
8.122526
8.628520
8.665880
9.214746
8.754640
7.879386
7.487860
7.250784
7.566252
5.790170
4.566934
4.663547
7.367130
10.130210
9.919041
10.668694
14.381963
18.297900
16.629225
19.149122
26.484500
0.000000
0.000000
0.000000
0.000000
0.043215
0.203354
3.290926
6.863728
7.840453
8.236970
8.344449
8.818459
8.321781
7.365306
5.974278
5.040404
4.716916
4.729159
2.269796
3.094237
5.907081
8.846862
10.033396
10.964534
14.862142
19.815150
18.947689
20.417148
29.214563
0.000000
0.000000
0.000000
0.002249
0.066438
0.345740
4.284907
7.042549
7.642023
7.969417
8.069785
8.229352
7.873206
6.844639
5.346228
3.562793
2.058355
2.038926
2.502623
2.398645
4.684300
7.854442
9.734192
10.777858
15.308673
21.396667
18.678527
20.219212
30.876505
5.752558
6.513006
7.023546
7.505909
7.027291
6.358594
5.455223
4.172728
2.710104
1.215570
1.843510
1.692913
1.446852
2.071775
3.295335
5.258384
7.758667
9.465281
15.575617
21.629527
19.935472
21.709253
31.104756
41.648039
38.925559
5.654648
6.014450
6.428828
6.790039
6.975618
6.592605
5.001031
3.098920
1.338112
0.854111
1.014189
1.582108
1.770498
1.652301
1.826526
2.590332
4.976977
6.582591
13.849705
23.237394
20.030097
23.959284
34.783786
45.612780
46.020984
5.753405
6.057980
6.971525
7.327022
3.892030
1.380954
0.872967
1.046915
0.849960
0.921409
1.723833
2.382481
2.585887
2.886007
5.400897
7.563488
15.513975
25.580805
23.011705
25.805620
33.211700
44.625627
46.540817
4.888074
5.235480
5.691960
6.328499
3.768370
0.453856
0.451345
0.973100
1.097984
0.890579
1.112016
2.003295
3.918857
4.877436
14.726860
19.033775
25.598675
28.378695
23.228252
27.320788
33.945900
49.891725
61.785939
5.236297
5.271296
3.192769
0.724238
0.176248
0.381012
1.097838
1.460143
1.337818
1.501335
3.048750
4.318061
13.711134
20.428431
30.191448
30.288613
28.624055
32.802403
37.405150
49.146709
67.524986
73.358403
76.245828
4.255012
3.835970
2.990197
1.204261
0.158640
0.209501
0.446275
0.780905
1.780357
2.809835
3.477094
4.697345
12.694923
19.090170
30.336384
30.187402
27.551420
31.542059
46.168513
67.233908
104.946844
124.201056
162.818266
0.383305
0.669150
1.633627
3.393998
4.359059
5.547155
13.019758
17.604278
24.912586
26.859750
24.314080
34.694562
53.581120
85.653425
161.743050
201.831859
208.276641
