0.000000
4.119618
3.518094
1.568990
8.052620
13.059281
6.519409
14.769961
0.251395
2.790940
5.027947
2.927677
5.937948
7.527316
7.532662
11.147200
5.254748
2.558856
4.010655
4.316346
16.433159
5.090161
14.850845
6.259596
2.143630
4.406611
0.321444
5.752168
8.112110
9.708340
5.119951
12.748300
6.544467
3.967020
2.715609
7.663890
16.052803
10.852962
9.264590
10.928400
2.955523
2.135162
5.168416
2.692289
15.355237
9.671050
15.541002
7.567147
3.444442
6.084330
4.538565
3.944219
9.300830
12.894312
10.915600
7.480950
0.693001
4.346473
3.119669
1.644271
10.058800
10.466209
11.522400
7.227978
17.251700
27.238800
29.017298
21.878745
51.069337
32.517200
52.471984
57.218650
19.237300
23.396656
20.831200
32.160016
31.993864
70.250947
64.510123
48.962917
23.886564
32.213245
19.085914
24.262116
50.663972
97.478900
72.927700
37.730800
25.342439
31.473241
16.825200
21.805700
53.962370
68.087642
43.255834
50.933011
24.501300
28.260972
21.987944
24.073200
60.514202
32.714436
43.228722
65.778000
32.949484
16.646000
19.364200
24.565023
53.392944
48.324823
48.541242
65.757541
25.789802
24.690000
16.720700
31.922952
65.668300
44.110861
72.217200
31.298609
16.055400
35.375319
18.054600
31.917886
84.964642
30.129544
35.032195
74.319870
0.127855
0.803401
2.586327
0.521522
10.625800
4.929050
7.811814
10.334900
0.171009
2.097611
0.185480
1.666769
4.517124
12.422800
8.121720
11.008600
5.816150
0.299334
1.503363
4.991742
7.249232
18.285694
6.651576
7.286790
0.510426
2.420700
0.297546
0.693031
7.970567
9.369840
11.574200
6.670600
2.897335
0.093618
1.010006
3.759864
14.140112
6.218278
12.373300
5.369510
3.517261
0.223178
4.206947
0.165133
6.830650
11.782500
7.736690
8.459090
3.554826
0.204377
1.999762
1.227764
18.630923
6.151112
4.533014
9.069430
0.109871
1.910307
2.130104
0.305021
6.565802
9.469350
5.282365
9.115580
13.647700
30.694128
20.785400
19.812364
38.980598
42.483092
46.014408
45.087313
10.803500
15.308400
13.441900
26.710367
48.556656
28.289500
45.726800
24.036436
24.497091
13.895700
21.462280
18.517100
31.550609
62.824920
41.000900
43.699106
25.276000
13.559200
29.382900
9.154700
38.447047
34.587100
23.774500
60.419994
14.517900
41.815086
22.022100
25.790844
49.495597
31.535000
50.667594
53.315845
14.764800
23.400800
12.305400
23.044700
35.960483
41.228800
37.568511
38.251203
19.330700
23.089941
19.333200
23.966712
43.355973
38.483045
48.931894
48.215100
21.155600
19.735484
16.569900
15.224000
38.269600
40.206536
39.606556
38.489500
8.376579
2.375596
1.069366
6.048967
16.344772
6.440716
14.886600
5.896701
1.156382
2.869759
2.240366
5.354894
9.670720
5.614560
10.038600
11.322987
1.765955
13.714583
1.880204
10.558189
15.907411
6.777237
4.779715
21.199758
9.244846
0.689658
2.004154
6.706360
13.161575
7.236459
9.714820
7.731271
1.917244
3.841109
4.223847
7.506930
5.783805
15.815691
10.201580
7.514153
0.456236
10.141816
1.278606
3.227352
17.654492
11.362000
4.742928
10.859800
5.109541
3.626382
2.481729
2.375328
5.638425
22.948430
11.829036
7.161692
3.022133
8.711160
2.654839
1.380033
12.103000
3.460591
10.723600
16.952450
23.366020
29.584534
23.964352
19.995178
51.164616
61.422400
34.799600
80.742420
23.615341
27.425936
21.106200
18.869578
34.089814
57.511078
73.894133
37.894700
14.400200
25.525100
33.559034
11.253800
80.370100
27.210600
46.623709
61.377600
22.978292
22.011480
20.736000
15.476800
32.287537
72.930661
46.505500
27.473944
22.883200
22.924800
22.075336
24.727737
41.177930
74.077862
36.591100
62.150400
18.282500
28.726594
33.604317
14.201600
50.782100
64.929439
51.389800
42.289400
27.180672
32.456797
23.722000
15.073700
26.589900
77.760717
63.199372
48.383984
17.372900
33.640967
24.904656
15.641300
29.033555
117.678000
39.192500
53.614100
0.243232
2.642327
0.170505
3.932157
11.429661
3.474576
8.703360
11.057236
0.082123
6.061570
0.417453
0.455593
6.928770
8.615680
6.561972
4.256011
0.256427
3.872621
0.677980
2.734393
12.247094
8.903010
3.673817
7.658059
0.472085
0.350761
0.573967
6.186620
10.717941
5.729039
7.384960
4.504338
2.302008
2.600455
0.215411
6.174923
7.340610
6.751767
8.664120
15.482364
1.369694
0.419401
0.122990
1.257596
8.353720
10.259400
10.306600
8.479140
5.171903
1.521787
1.517467
0.788102
20.555970
3.208833
7.850220
3.466733
0.621159
0.848280
0.694606
0.120166
5.330900
8.696350
6.980053
9.415713
20.176692
19.357600
15.103200
27.032731
40.737245
49.481381
32.943700
79.805075
23.499800
9.245040
15.198900
16.642200
49.439323
26.547978
34.136200
24.784400
9.553010
30.037000
22.978900
11.112300
94.380872
30.441319
21.665000
73.426453
15.866900
9.592050
13.573000
17.806400
36.054464
37.486389
25.892500
27.795600
23.254142
31.600778
17.417780
23.426800
37.628572
58.237356
25.129500
86.817870
22.388600
9.615890
17.105300
20.812400
40.249770
23.582400
47.672030
43.861800
17.700800
26.191536
19.219000
13.618300
26.799800
47.517977
30.045463
105.684109
31.229800
10.354000
11.779900
14.541100
23.588700
63.363391
30.275994
37.004802
3.847428
4.043860
1.602255
5.188245
6.557996
17.045653
15.697697
6.381240
1.864650
6.983144
0.960859
2.470074
9.521952
9.454620
10.964400
9.828330
1.933998
4.520453
4.999863
4.772670
8.004180
10.328300
13.187200
9.157431
0.127538
5.034335
1.909080
4.821260
9.046990
6.341891
6.170350
13.825000
3.688539
5.365526
4.774464
2.215134
9.100350
14.460558
14.939058
7.935600
3.306227
3.747691
2.494484
2.161202
13.214200
7.423319
5.063444
17.714850
7.544060
3.117508
7.336611
2.168811
15.648352
8.340190
8.304150
10.240380
0.730368
4.660206
0.367103
8.580093
5.522651
11.429600
6.777871
13.602495
23.038034
26.255892
25.529861
25.744631
103.536047
44.704748
62.194397
39.137722
22.154600
19.165553
22.971505
26.500283
54.211281
66.452613
52.563000
39.957819
27.155295
18.987497
20.261689
22.486470
33.508400
67.228000
53.865000
77.217300
37.927900
16.747100
27.078320
13.452400
36.134600
60.815000
67.209784
56.357406
20.263225
26.099100
21.121487
40.391002
30.797397
71.353206
64.399612
51.635000
23.025247
19.117633
20.937266
21.415058
111.115156
57.022931
44.387600
67.274111
26.572553
23.860605
28.889837
31.061178
79.426117
47.951906
37.323269
97.517886
19.513300
27.127761
19.206800
20.110620
46.010089
115.223922
42.449077
84.314000
0.222381
3.669718
0.645911
4.330485
6.463080
8.508090
5.776400
8.097550
0.818552
0.450883
0.119723
3.999168
13.929616
7.407110
4.816013
8.506350
1.185396
2.745192
0.098415
0.845991
16.030244
6.514161
9.394930
5.586894
0.228347
5.694180
0.110964
0.646031
11.171500
8.381140
5.358204
13.126322
3.760707
1.059717
1.763465
5.485380
12.328500
6.644973
7.410978
10.898100
0.250219
1.254278
3.975840
0.076811
15.066000
7.029677
5.680310
8.837270
2.588320
3.343830
0.148004
3.929989
10.279700
3.739662
14.013650
8.772150
0.060801
3.703474
0.198060
0.259260
7.803330
4.372818
7.321775
9.583620
24.623187
11.729500
18.913600
18.409011
60.281975
37.531100
43.515584
54.047000
11.117600
19.029100
9.255770
27.144877
95.878413
36.636862
34.503902
46.894800
17.915477
34.902005
17.864050
14.463500
67.550828
36.352600
38.446023
49.798700
13.976900
21.198687
8.810760
19.524600
33.478900
35.845137
40.310308
64.193100
29.214395
16.321700
17.713745
18.577839
37.367864
89.776197
60.743650
29.456459
13.648200
20.347253
32.042100
10.088200
30.719700
38.019800
29.231800
88.377486
32.168386
13.571100
13.903300
34.841731
43.899819
84.264216
52.320678
61.653961
22.057400
14.691300
12.689100
11.168900
47.667011
42.735820
45.601000
37.428327
2.804691
8.543224
2.296690
3.094332
21.073353
13.338734
12.830200
5.210650
2.616034
1.751468
1.522899
9.779139
6.371677
10.210700
14.689880
5.793684
2.515481
14.816814
0.565379
8.511407
4.419910
18.080336
5.735356
15.209112
0.358824
3.844798
7.322026
1.423885
8.388070
3.147889
11.790328
6.641077
2.116811
3.485035
9.176836
4.098339
14.073000
3.575843
16.017055
15.809286
6.284900
6.244825
1.269735
4.492995
10.438700
25.890039
6.062785
6.857590
5.216059
4.557670
9.051589
1.899508
6.385490
15.576572
5.581773
27.960747
10.462433
2.983128
2.583731
2.562098
10.770700
11.466848
9.258519
7.857044
16.475100
21.010400
16.693266
36.910656
66.682000
33.621469
38.225322
117.207484
19.473206
33.189530
18.613500
14.526600
59.307727
52.750287
55.655500
45.145025
16.180600
24.094900
22.284761
26.720900
91.444236
30.362645
60.102586
27.158303
22.314000
13.608300
26.700337
26.294631
58.718300
44.306400
92.215900
30.026834
26.494436
15.651400
30.193150
23.771800
54.113645
55.130792
34.081047
65.085800
18.280500
27.790950
13.455900
29.677830
35.261122
91.667941
54.747011
33.987780
16.129300
27.246572
14.351700
23.194516
45.941334
50.594600
55.202848
75.521400
12.584700
32.745973
21.331300
20.223200
78.892300
31.804514
48.528608
113.172656
0.354539
6.913320
5.358460
0.532143
7.561660
3.793760
3.716652
16.969777
5.826210
0.376030
0.763344
0.551359
5.181544
13.397195
9.448680
3.140787
0.343284
1.412080
5.464282
1.433898
9.063400
4.532174
10.971252
3.423925
0.379423
4.488100
1.012487
1.976641
3.772234
9.321578
4.976719
6.208780
0.583759
8.611549
0.271865
0.596891
3.189343
9.571180
6.134001
11.953300
1.796116
0.107226
0.058964
0.468600
5.949632
7.010010
11.061686
8.397520
2.880286
4.509770
2.151729
0.855252
6.512259
2.829728
13.973581
9.508430
0.650745
4.407883
1.485342
0.362636
3.844940
3.863069
10.281687
7.079360
21.103600
15.925544
21.516000
29.721142
30.069387
94.249080
38.840283
40.527300
15.265000
9.909170
28.114856
12.855700
33.307600
38.993414
23.175800
41.546661
23.464855
12.139700
17.663639
15.393200
53.432387
29.079100
97.084439
29.227675
14.709700
21.986000
10.729800
11.745500
32.993517
41.563080
28.883600
20.351100
24.636731
14.915000
17.325800
27.055892
31.639300
79.408123
29.876681
97.683591
30.190484
12.107700
16.080900
10.110573
42.883172
36.225400
32.671314
48.439444
16.984700
30.489500
11.818900
20.886605
65.615131
28.503400
49.862698
56.763147
14.956800
21.740700
11.382200
17.516889
44.052400
30.218600
64.315183
32.233100
0.131277
0.382962
0.489594
1.993349
0.055469
0.015779
0.276160
0.071971
1.076487
0.618110
0.026762
0.110704
0.296504
0.035820
0.016812
0.008277
0.605741
1.444542
0.102844
0.855514
0.019331
0.167319
0.093884
0.034000
0.044881
0.398758
2.156635
0.036856
0.024538
0.001995
0.059409
0.075268
0.292190
0.164243
1.084376
0.089585
0.059318
0.057537
0.027765
0.030035
0.116214
0.511100
0.104780
0.273051
0.013417
0.051383
0.001693
0.068795
0.368479
0.355964
0.436038
0.423579
0.029747
0.031720
0.038937
0.333724
0.972806
0.019845
0.151839
0.116496
0.013917
0.025751
0.066211
0.009539
0.026595
0.004430
0.001316
0.010418
0.000000
0.002671
0.000000
0.000000
0.001189
0.001336
0.009130
0.001764
0.007319
0.000000
0.000000
0.000000
0.024649
0.000966
0.016822
0.001102
0.001348
0.000000
0.000000
0.000000
0.010080
0.007161
0.001425
0.006074
0.000000
0.000000
0.000000
0.000000
0.008130
0.009674
0.044235
0.000990
0.000000
0.000312
0.000525
0.000000
0.001135
0.014676
0.009619
0.009430
0.000000
0.000000
0.000000
0.000000
0.001065
0.012133
0.033000
0.011177
0.000000
0.000002
0.000000
0.002358
0.021878
0.000622
0.015580
0.000326
0.000000
0.000922
0.000024
0.000000
0.097569
0.055097
0.019756
0.145351
0.018035
0.015313
0.014663
0.008898
0.056172
0.028635
0.055479
0.035556
0.018289
0.001619
0.015285
0.001728
0.033137
0.275641
0.059313
0.025958
0.008982
0.012111
0.012856
0.098619
0.064562
0.017632
0.066655
0.023683
0.019432
0.001617
0.001546
0.028393
0.025202
0.426026
0.059895
0.025968
0.001562
0.019659
0.015037
0.023093
0.023977
0.047880
0.023052
0.052920
0.015507
0.002130
0.016704
0.008519
0.060340
0.687813
0.049575
0.023052
0.011669
0.003799
0.015560
0.017441
0.101544
0.018400
0.019035
0.099600
0.011303
0.011807
0.015462
0.014183
0.001310
0.000856
0.001047
0.003624
0.000000
0.000000
0.000000
0.000000
0.001664
0.000570
0.000904
0.001074
0.000000
0.000000
0.000000
0.000000
0.001257
0.009515
0.010584
0.001164
0.000121
0.000000
0.000000
0.000000
0.000868
0.001268
0.000000
0.011812
0.000000
0.000000
0.000000
0.000000
0.001264
0.000000
0.000922
0.001215
0.000000
0.000000
0.000000
0.000000
0.001381
0.000000
0.001175
0.000199
0.000000
0.000000
0.000000
0.000000
0.004171
0.000787
0.000471
0.001343
0.000000
0.000000
0.000000
0.000000
0.000223
0.010431
0.000000
0.001221
0.000000
0.000000
0.000000
0.000000
0.111452
1.740740
3.024198
0.443519
0.023691
0.050827
0.083526
0.175315
0.261500
1.374648
0.066492
0.091702
0.182369
0.021338
0.001940
0.049980
2.756591
0.233110
3.156318
0.190660
0.114000
0.002028
0.161852
0.025763
0.062495
2.803301
0.032652
0.461395
0.060475
0.001604
0.108733
0.007653
2.487810
0.070635
0.894377
0.228477
0.046662
0.084369
0.148286
0.074627
1.125137
0.079123
1.488772
0.002895
0.018511
0.164540
0.017316
0.016161
1.089927
0.046645
1.607281
1.494457
0.128388
0.031562
0.123460
0.024859
0.004826
0.232960
1.016535
0.082824
0.034057
0.027580
0.006196
0.030535
0.020063
0.000234
0.007835
0.031963
0.000780
0.000000
0.000090
0.000626
0.001023
0.012609
0.008195
0.001439
0.000629
0.000000
0.000000
0.000000
0.019491
0.008001
0.003885
0.011515
0.000544
0.000374
0.000000
0.000000
0.011149
0.001745
0.008322
0.009893
0.000000
0.000000
0.000000
0.000949
0.013587
0.001828
0.013397
0.017735
0.001333
0.000221
0.000564
0.000000
0.009971
0.010075
0.000000
0.010973
0.000000
0.000000
0.000000
0.000000
0.014852
0.000009
0.008897
0.014586
0.000697
0.000000
0.000000
0.001896
0.002016
0.004173
0.000566
0.012299
0.002381
0.000000
0.000000
0.000000
0.061925
0.002949
0.505566
0.071675
0.001515
0.015012
0.024813
0.032027
0.150317
0.048521
0.004938
0.004705
0.025288
0.018383
0.002544
0.002134
0.062191
0.320409
0.003018
0.207055
0.036247
0.030276
0.001984
0.001535
0.002930
0.031511
0.155435
0.061304
0.027232
0.007509
0.043494
0.001705
0.120920
0.006129
0.902818
0.034148
0.005469
0.047770
0.001625
0.023013
0.107350
0.002965
0.109709
0.002535
0.023452
0.001498
0.001726
0.026424
0.043919
0.040061
0.364920
0.002742
0.013893
0.009140
0.029054
0.002082
0.002741
0.145610
0.002756
0.216596
0.001935
0.044092
0.002099
0.030050
0.002286
0.007852
0.001245
0.000001
0.000000
0.000000
0.000000
0.000000
0.000000
0.003250
0.005161
0.000851
0.000000
0.000000
0.000000
0.000000
0.013887
0.000000
0.000357
0.008139
0.000000
0.000000
0.000004
0.000000
0.000839
0.011150
0.005558
0.000000
0.000000
0.000000
0.000000
0.000000
0.012173
0.000000
0.009274
0.000410
0.000000
0.000000
0.000036
0.000000
0.000000
0.010391
0.001496
0.000147
0.000000
0.000000
0.000000
0.000000
0.001230
0.010025
0.001709
0.010665
0.000000
0.000000
0.000000
0.000000
0.000000
0.001676
0.005937
0.000000
0.000000
0.000000
0.000000
0.000000
0.312792
0.315470
2.213525
0.144673
0.286412
0.050753
0.052161
0.016821
0.071012
0.030591
1.072676
0.139848
0.007869
0.152143
0.016529
0.015236
2.050310
0.641434
0.055407
0.483093
0.074673
0.031451
0.013431
0.321084
1.002486
0.018273
0.951711
0.043234
0.031304
0.003556
0.282495
0.013665
0.290429
0.359133
0.245199
1.039237
0.066155
0.053119
0.089659
0.028779
0.184414
0.125199
0.421793
0.177585
0.032750
0.016180
0.288546
0.012043
0.078627
0.342537
0.381056
1.175688
0.077237
0.126749
0.020727
0.187201
0.776483
0.021615
2.501554
0.038171
0.087221
0.070330
0.017055
0.015886
0.009865
0.021685
0.001216
0.013201
0.000000
0.000104
0.000000
0.006920
0.012889
0.001388
0.008790
0.011402
0.000000
0.000000
0.000000
0.001766
0.009222
0.001449
0.062290
0.008161
0.000564
0.000000
0.001341
0.000000
0.003006
0.024148
0.000805
0.019411
0.000897
0.000000
0.000000
0.000000
0.013532
0.010356
0.003472
0.005168
0.006097
0.000000
0.000000
0.000367
0.003505
0.009357
0.001375
0.007802
0.000000
0.000000
0.000000
0.000000
0.000449
0.021608
0.011753
0.003216
0.000000
0.000786
0.000000
0.000000
0.004339
0.003869
0.008729
0.002007
0.000000
0.000000
0.000000
0.000000
0.091865
0.082383
0.070524
0.020632
0.014069
0.020420
0.017045
0.002098
0.023981
0.047761
0.098660
0.023259
0.005486
0.007414
0.025011
0.001689
0.080263
0.019750
0.621575
0.037873
0.001909
0.022368
0.017771
0.015389
0.056841
0.033523
0.073666
0.027128
0.002160
0.019043
0.002946
0.016437
0.021176
0.048781
0.080270
0.036938
0.014403
0.020537
0.002319
0.013702
0.044299
0.020819
0.023911
0.107954
0.007078
0.015273
0.010527
0.001628
0.018511
0.132870
0.396760
0.040545
0.012848
0.016510
0.001775
0.103455
0.184640
0.026704
0.060648
0.027034
0.010760
0.016848
0.028272
0.001512
0.001061
0.002143
0.003690
0.001760
0.000000
0.000000
0.000000
0.000000
0.001234
0.000269
0.001540
0.001234
0.000000
0.000000
0.000000
0.000000
0.001529
0.000000
0.000807
0.013412
0.000000
0.000000
0.000000
0.000000
0.001373
0.000000
0.009018
0.000000
0.000000
0.000000
0.000000
0.000000
0.001227
0.009653
0.001405
0.000348
0.000000
0.000000
0.000000
0.000372
0.001872
0.000000
0.001049
0.001209
0.000000
0.000000
0.000000
0.000000
0.000000
0.015586
0.001253
0.001697
0.000000
0.000000
0.000000
0.000000
0.000133
0.001474
0.000551
0.001275
0.000000
0.000000
0.000000
0.000000
1.109387
0.131491
1.692898
0.468262
0.041687
0.127900
0.046299
0.091172
0.031633
1.290638
1.212967
0.062838
0.024444
0.163784
0.019658
0.015983
0.611871
0.222932
4.216311
0.428908
0.159594
0.047565
0.053927
0.140065
1.150969
0.003212
0.158514
0.376336
0.059817
0.252062
0.069762
0.007711
2.662635
1.127034
0.236991
1.026878
0.019937
0.227836
0.027267
0.189278
0.287312
0.220947
0.862478
0.002716
0.123894
0.015428
0.049502
0.002194
0.028499
1.465120
0.186406
3.523453
0.187200
0.105646
0.003792
0.033509
0.115816
0.018632
0.484908
0.218932
0.017113
0.054584
0.148184
0.001895
0.010370
0.009703
0.024117
0.008969
0.000000
0.001355
0.000161
0.000000
0.001381
0.000602
0.001169
0.032233
0.000000
0.000717
0.000000
0.000000
0.013520
0.008292
0.030438
0.005278
0.000000
0.000000
0.001003
0.000038
0.006854
0.002201
0.000000
0.014187
0.000000
0.000000
0.000000
0.001400
0.000428
0.030545
0.014869
0.007668
0.000336
0.000707
0.000040
0.000000
0.006494
0.007223
0.016863
0.001306
0.003157
0.000000
0.000000
0.000000
0.021759
0.005453
0.012601
0.006893
0.006231
0.000000
0.000000
0.000000
0.001289
0.004921
0.009171
0.004946
0.000000
0.001395
0.000000
0.000000
0.035936
0.152643
0.029581
0.050826
0.034844
0.013794
0.008435
0.017050
0.034377
0.006342
0.014935
0.108676
0.013714
0.012993
0.019058
0.002109
0.173682
0.002533
0.145097
0.002749
0.029434
0.002165
0.019528
0.001883
0.004409
0.074778
0.002630
0.166974
0.001949
0.013813
0.003065
0.038740
0.003075
0.053367
0.267168
0.026364
0.007913
0.024403
0.024765
0.004156
0.019638
0.136282
0.210880
0.002938
0.014747
0.016624
0.024248
0.006558
0.148749
0.129551
0.004562
0.002531
0.001903
0.002156
0.015139
0.128260
0.147963
0.072767
0.002418
0.005391
0.002069
0.007760
0.040506
0.021080
0.000727
0.011793
0.001084
0.011009
0.000000
0.000000
0.000000
0.000000
0.000008
0.001309
0.001373
0.001194
0.000000
0.000000
0.000000
0.000000
0.000149
0.018920
0.000880
0.007842
0.000000
0.000000
0.000000
0.000000
0.005527
0.000001
0.000089
0.001271
0.000000
0.000000
0.000000
0.000000
0.010587
0.008283
0.001428
0.000000
0.000009
0.000000
0.000000
0.000000
0.001216
0.001318
0.000001
0.010146
0.000000
0.000000
0.000000
0.000000
0.001386
0.000958
0.012447
0.000719
0.000000
0.000000
0.000000
0.000000
0.001363
0.000000
0.009691
0.000153
0.000000
0.000000
0.000000
0.000000
