0.000000
0.000000
0.000000
0.000000
0.000000
0.000000
0.000000
0.000000
0.000000
0.000000
0.000000
0.000000
0.000000
0.000000
0.000000
0.000000
0.000000
0.000000
0.000000
0.000000
0.000000
0.000000
0.000000
0.000000
0.000000
0.000000
0.000000
0.000000
0.000000
0.000000
0.000000
0.000000
0.000000
0.000000
0.000000
0.000000
0.000000
0.000000
0.000000
0.000000
0.000000
0.000000
0.000000
0.000000
0.000000
0.000000
0.000000
0.000000
0.000000
0.000000
0.000000
0.000000
0.000000
0.000000
0.000000
0.000000
0.000000
0.000000
0.000000
0.000000
0.000000
0.000000
0.000000
0.000000
0.000000
0.000000
0.000000
0.000000
0.000000
0.000000
0.000000
0.000000
0.000000
0.000000
0.000000
0.000000
0.000000
0.000000
0.000000
0.000000
0.000000
0.000000
0.000000
0.000000
0.000000
0.000000
0.000000
0.000000
0.000000
0.000000
0.000000
0.000000
0.000000
0.000000
0.000000
0.000000
0.000000
0.000000
0.000000
0.000000
0.000000
0.000000
0.000000
0.000000
0.000000
0.000000
0.000000
0.000000
0.000000
0.000000
0.000000
0.000000
0.000000
0.000000
0.000000
0.000000
0.000000
0.000000
0.000000
0.000000
0.000000
0.000000
0.000000
0.000000
0.000000
0.000000
0.000000
0.000000
0.000000
0.000000
0.000000
0.000000
0.000000
0.000000
0.000000
0.000000
0.000000
0.000000
0.000000
0.000000
0.000000
0.000000
0.000000
0.000000
0.000000
0.000000
0.000000
0.000000
0.000000
0.000000
0.000000
0.000000
0.000000
0.000000
0.000000
0.000000
0.000000
0.000000
0.000000
0.000000
0.000000
0.000000
0.000000
0.000000
0.000000
0.000000
0.000000
0.000000
0.000000
0.000000
0.000000
0.000000
0.000000
0.000000
0.000000
0.000000
0.000000
0.000000
0.000000
0.000000
0.000000
0.000000
0.000000
0.000000
0.000000
0.000000
0.000000
0.000000
0.000000
0.000000
0.000000
0.000000
0.000000
0.000000
0.000000
0.000000
0.000000
0.000000
0.000000
0.000000
0.000000
0.000000
0.000000
0.000000
0.000000
0.000000
0.000000
0.000000
0.000000
0.000000
0.000000
0.000000
0.000000
0.000000
0.000000
0.000000
0.000000
0.000000
0.000000
0.000000
0.000000
0.000000
0.000000
0.000000
0.000000
0.000000
0.000000
0.000000
0.000000
0.000000
0.000000
0.000000
0.000000
0.000000
0.000000
0.000000
0.000000
0.000000
0.000000
0.000000
0.000000
0.000000
0.000000
0.000000
0.000000
0.000000
0.000000
0.000000
0.000000
0.000000
0.000000
0.000000
0.000000
0.000000
0.000000
0.000000
0.000000
0.000000
0.000000
0.000000
0.000000
0.000000
0.000000
0.000000
0.000000
0.000000
0.000000
0.000000
0.000000
0.000000
0.000000
0.000000
0.000000
0.000000
0.000000
0.000000
0.000000
0.000000
0.000000
0.000000
0.000000
0.000000
0.000000
0.000000
0.000000
0.000000
0.000000
0.000000
0.000000
0.000000
0.000000
0.000000
0.000000
0.000000
0.000000
0.000000
0.000000
0.000000
0.000000
0.000000
0.000000
0.000000
0.000000
0.000000
0.000000
0.000000
0.000000
0.000000
0.000000
0.000000
0.000000
0.000000
0.000000
0.000000
0.000000
0.000000
0.000000
0.000000
0.000000
0.000000
0.000000
0.000000
0.000000
0.000000
0.000000
0.000000
0.000000
0.000000
0.000000
0.000000
0.000000
0.000000
0.000000
0.000000
0.000000
0.000000
0.000000
0.000000
0.000000
0.000000
0.000000
0.000000
0.000000
0.000000
0.000000
0.000000
0.000000
0.000000
0.000000
0.000000
0.000000
0.000000
0.000000
0.000000
0.000000
0.000000
0.000000
0.000000
0.000000
0.000000
0.000000
0.000000
0.000000
0.000000
0.000000
0.000000
0.000000
0.000000
0.000000
0.000000
0.000000
0.000000
0.000000
0.000000
0.000000
0.000000
0.000000
0.000000
0.000000
0.000000
0.000000
0.000000
0.000000
0.000000
0.000000
0.000000
0.000000
0.000000
0.000000
0.000000
0.000000
0.000000
0.000000
0.000000
0.000000
0.000000
0.000000
0.000000
0.000000
0.000000
0.000000
0.000000
0.000000
0.000000
0.000000
0.000000
0.000000
0.000000
0.000000
0.000000
0.000000
0.000000
0.000000
0.000000
0.000000
0.000000
0.000000
0.000000
0.000000
0.000033
0.000033
0.000000
0.000000
0.000000
0.000000
0.000000
0.000000
0.000000
0.000000
0.000000
0.000000
0.000000
0.000000
0.000000
0.000000
0.000000
0.000000
0.000000
0.000000
0.000000
0.000000
0.000000
0.000000
0.000000
0.000000
0.000000
0.000000
0.000000
0.000000
0.000000
0.000000
0.000000
0.000000
0.000000
0.000000
0.000000
0.000000
0.000000
0.000000
0.000000
0.000000
0.000000
0.000000
0.000000
0.000000
0.000000
0.000000
0.000000
0.000000
0.000000
0.000000
0.000000
0.000000
0.000000
0.000000
0.000000
0.000000
0.000000
0.000000
0.000000
0.000000
0.000000
0.000000
0.000000
0.000000
0.000000
0.000000
0.000000
0.000000
0.000000
0.000000
0.000000
0.000000
0.000000
0.000000
0.000000
0.000000
0.000000
0.000000
0.000000
0.000000
0.000027
0.000027
0.000000
0.000000
0.000000
0.000000
0.000000
0.000000
0.000000
0.000000
0.000000
0.000000
0.000000
0.000000
0.000000
0.000000
0.000000
0.000000
0.000000
0.000000
0.000000
0.000000
0.000000
0.000000
0.000000
0.000000
0.000000
0.000000
0.000000
0.000000
0.000000
0.000000
0.000000
0.000000
0.000000
0.000000
0.000000
0.000000
0.000000
0.000000
0.000000
0.000000
0.000000
0.000000
0.000000
0.000000
0.000000
0.000000
0.000000
0.000000
0.000000
0.000000
0.000000
0.000000
0.000000
0.000000
0.000004
0.000011
0.000990
0.036103
0.019761
0.000039
0.000039
0.000000
0.000000
0.000000
0.000000
0.000000
0.000000
0.000000
0.000000
0.000000
0.000000
0.000000
0.000000
0.000000
0.000000
0.000000
0.000000
0.000000
0.000000
0.000000
0.000000
0.000000
0.000000
0.000000
0.000000
0.000000
0.000000
0.000000
0.000000
0.000000
0.000000
0.000000
0.000000
0.000000
0.000000
0.000000
0.000000
0.000000
0.000000
0.000000
0.000000
0.000000
0.000000
0.000000
0.000000
0.000000
0.000000
0.000000
0.000000
0.000000
0.000000
0.000000
0.000000
0.000000
0.000000
0.000004
0.000009
0.014091
0.038980
0.018409
0.000000
0.000000
0.000000
0.000000
0.000000
0.000000
0.000000
0.000000
0.000000
0.000000
0.000000
0.000000
0.000000
0.000000
0.000000
0.000000
0.000000
0.000000
0.000000
0.000000
0.000000
0.000000
0.000000
0.000000
0.000000
0.000000
0.000000
0.000000
0.000000
0.000000
0.000000
0.000000
0.000000
0.000000
0.000000
0.000000
0.000000
0.000000
0.000000
0.000000
0.000000
0.000000
0.000000
0.000000
0.000000
0.000000
0.000003
0.000000
0.000000
0.000000
0.000000
0.000000
0.000000
0.000000
0.000000
0.000000
0.000000
0.000000
0.006119
0.037410
0.012144
0.000037
0.000037
0.000000
0.000000
0.000000
0.000000
0.000000
0.000000
0.000000
0.000000
0.000000
0.000000
0.000000
0.000000
0.000000
0.000000
0.000000
0.000000
0.000000
0.000000
0.000000
0.000000
0.000000
0.000000
0.000000
0.000000
0.000000
0.000000
0.000000
0.000000
0.000000
0.000000
0.000000
0.000000
0.000000
0.000000
0.000000
0.000000
0.000000
0.000000
0.000000
0.000000
0.000000
0.000000
0.000000
0.001214
0.019961
0.002799
0.000004
0.000000
0.000000
0.000000
0.000000
0.000000
0.000000
0.000000
0.000341
0.012121
0.019287
0.022488
0.020635
0.000075
0.000075
0.000000
0.000000
0.000000
0.000000
0.000000
0.000000
0.000000
0.000000
0.000000
0.000000
0.000000
0.000000
0.000000
0.000000
0.000000
0.000000
0.000000
0.000000
0.000000
0.000000
0.000000
0.000000
0.000000
0.000000
0.000000
0.000000
0.000000
0.000000
0.000000
0.000000
0.000000
0.000000
0.000000
0.000000
0.000000
0.000000
0.000000
0.000000
0.000000
0.000000
0.000000
0.000000
0.000310
0.017495
0.086510
0.017542
0.014992
0.000938
0.000000
0.000000
0.000000
0.000000
0.000000
0.000008
0.008911
0.019328
0.019510
0.021240
0.020680
0.000000
0.000000
0.000000
0.000000
0.000000
0.000000
0.000000
0.000000
0.000000
0.000000
0.000000
0.000000
0.000000
0.000000
0.000000
0.000000
0.000000
0.000000
0.000000
0.000000
0.000000
0.000000
0.000000
0.000000
0.000000
0.000000
0.000000
0.000000
0.000000
0.000000
0.000000
0.000000
0.000000
0.000000
0.000000
0.000000
0.000000
0.000000
0.000000
0.000000
0.000000
0.000000
0.000000
0.000000
0.003127
0.020893
0.053536
0.050872
0.029224
0.008967
0.000000
0.000000
0.000000
0.000125
0.007577
0.008698
0.019420
0.019507
0.019529
0.019903
0.019780
0.000220
0.000220
0.000000
0.000000
0.000000
0.000000
0.000000
0.000000
0.000000
0.000000
0.000000
0.000000
0.000000
0.000000
0.000000
0.000000
0.000000
0.000000
0.000000
0.000000
0.000000
0.000000
0.000000
0.000000
0.000000
0.000000
0.000000
0.000009
0.001200
0.002588
0.000285
0.000000
0.000000
0.000155
0.000086
0.000000
0.000000
0.000000
0.000000
0.000000
0.000000
0.000000
0.000000
0.000004
0.004517
0.031974
0.082187
0.007561
0.017854
0.017147
0.000008
0.000000
0.000044
0.000181
0.017467
0.019475
0.031783
0.054931
0.039019
0.026007
0.043494
0.000322
0.000322
0.000000
0.000000
0.000000
0.000000
0.000000
0.000000
0.000000
0.000000
0.000000
0.000000
0.000000
0.000000
0.000000
0.000000
0.000000
0.000000
0.000000
0.000000
0.000000
0.000000
0.000000
0.000000
0.000000
0.000546
0.000261
0.008444
0.019570
0.022573
0.018864
0.001573
0.003624
0.017570
0.001129
0.000000
0.000000
0.000000
0.000000
0.000000
0.000000
0.000000
0.000000
0.000000
0.143762
0.302842
0.017604
0.000000
0.000942
0.002407
0.000011
0.002018
0.002950
0.002474
0.004171
0.020773
0.019803
0.064549
0.112666
0.101255
0.091308
0.000000
0.000000
0.000000
0.000000
0.000000
0.000000
0.000000
0.000000
0.000000
0.000000
0.000000
0.000000
0.000000
0.000000
0.000000
0.000000
0.000000
0.000000
0.000000
0.000000
0.000000
0.000000
0.000000
0.000000
0.004259
0.012849
0.012899
0.019364
0.032653
0.079740
0.104049
0.037887
0.085539
0.034516
0.000976
0.000000
0.000000
0.000000
0.000000
0.001387
0.002215
0.000000
0.000000
0.000348
0.386365
0.168102
0.000584
0.000000
0.011993
0.020243
0.004929
0.016664
0.020457
0.019855
0.018232
0.077862
0.098262
0.072135
0.152157
0.155656
0.174894
0.000434
0.000434
0.000000
0.000000
0.000000
0.000000
0.000000
0.000000
0.000000
0.000000
0.000000
0.000000
0.000000
0.000000
0.000000
0.000000
0.000000
0.000000
0.000000
0.000000
0.000000
0.000000
0.000000
0.003930
0.021621
0.035862
0.033374
0.031113
0.091779
0.194644
0.166127
0.167238
0.278969
0.280103
0.012686
0.001330
0.001595
0.000000
0.013162
0.019341
0.014294
0.002870
0.000005
0.001035
0.216872
0.618618
0.006673
0.011555
0.027516
0.054978
0.025964
0.027526
0.021207
0.023017
0.024567
0.110671
0.226489
0.198654
0.218292
0.214168
0.230990
0.000229
0.000229
0.000000
0.000000
0.000000
0.000000
0.000000
0.000000
0.000000
0.000000
0.000000
0.000000
0.000000
0.000000
0.000000
0.000000
0.000000
0.000000
0.000000
0.000000
0.000000
0.000000
0.000000
0.006525
0.032105
0.024115
0.090338
0.199176
0.203418
0.260907
0.439175
0.425903
0.451073
0.476104
0.415645
0.163401
0.018880
0.003978
0.020007
0.021571
0.044549
0.072767
0.005225
0.016376
0.406190
0.507902
0.186349
0.051603
0.015775
0.005844
0.018390
0.020286
0.071859
0.123055
0.158088
0.257867
0.292922
0.315664
0.310439
0.313112
0.277430
0.000000
0.000000
0.000000
0.000000
0.000000
0.000000
0.000000
0.000000
0.000000
0.000000
0.000000
0.000000
0.000000
0.000000
0.000000
0.000000
0.000000
0.000000
0.000000
0.000000
0.000000
0.000006
0.015063
0.028634
0.039819
0.072540
0.054242
0.230715
0.426814
0.123540
0.271396
0.503861
0.617505
0.523626
0.091548
0.021411
0.020172
0.070205
0.230957
0.182733
0.020984
0.016556
0.213445
0.331381
0.397280
0.121211
0.021060
0.051634
0.098550
0.062605
0.130203
0.195026
0.222065
0.288605
0.386489
0.427236
0.417205
0.386915
0.372090
0.000000
0.000000
0.000000
0.000000
0.000000
0.000000
0.000000
0.000000
0.000000
0.000000
0.000000
0.000000
0.000000
0.000000
0.000000
0.000000
0.000000
0.000000
0.000000
0.000000
0.000000
0.000000
0.000627
0.015147
0.019714
0.035892
0.048835
0.048730
0.190314
0.129126
0.280554
0.368767
0.763576
1.031007
0.248764
0.038125
0.038760
0.162713
0.350049
0.079901
0.000215
0.007736
0.240900
0.369235
0.272678
0.317879
0.020594
0.019866
0.033492
0.080738
0.138993
0.262517
0.348159
0.396432
0.462858
0.535126
0.565679
0.515821
0.561600
0.000000
0.000000
0.000000
0.000000
0.000000
0.000000
0.000000
0.000000
0.000000
0.000000
0.000000
0.000000
0.000000
0.000000
0.000000
0.000000
0.000000
0.000000
0.000000
0.000000
0.015830
0.019598
0.019488
0.021739
0.024349
0.130095
0.352562
0.454349
0.812514
0.219387
0.115251
0.057834
0.319124
0.311542
0.384248
0.152332
0.039721
0.064859
0.307389
0.292794
0.547088
0.570531
0.032527
0.018985
0.065794
0.172295
0.263973
0.336271
0.445562
0.519321
0.630890
0.749087
0.857114
0.996691
1.178391
0.000000
0.000000
0.000000
0.000000
0.000000
0.000000
0.000000
0.000000
0.000000
0.000000
0.000000
0.000000
0.000000
0.000000
0.000000
0.000000
0.000000
0.000000
0.000000
0.000000
0.001825
0.008680
0.015117
0.019420
0.026036
0.061199
0.087246
0.196764
0.442541
0.609000
0.581932
0.479139
0.988888
0.822592
0.807249
0.666159
0.515479
0.484786
0.443691
0.349662
0.787812
1.010143
0.314634
0.195002
0.335275
0.460303
0.338651
0.327836
0.454506
0.572815
0.742457
0.872699
1.087541
1.357905
1.749244
0.000000
0.000000
0.000000
0.000000
0.000000
0.000000
0.000000
0.000000
0.000000
0.000000
0.000000
0.000000
0.000000
0.000000
0.000630
0.015029
0.019690
0.017060
0.018136
0.027361
0.085503
0.425789
1.549616
2.130230
1.872950
1.201865
1.013209
1.055195
0.670868
0.675920
0.513470
0.229468
0.576290
0.852095
1.061912
0.893287
0.329662
0.486359
0.341079
0.277467
0.434099
0.672463
0.837349
0.986856
1.310659
1.825728
2.602679
0.000000
0.000000
0.000000
0.000000
0.000000
0.000000
0.000000
0.000000
0.000000
0.000000
0.000000
0.000000
0.000000
0.000000
0.000000
0.000000
0.000036
0.000000
0.000053
0.000018
0.000000
0.016762
0.445784
0.854430
1.822215
0.851428
0.904938
0.757140
0.660065
0.813173
0.576973
0.451322
0.251736
0.918617
0.973807
0.957300
0.508535
0.492398
0.539241
0.834727
0.818806
0.843128
0.847192
1.112382
1.456181
2.321117
4.318170
0.000000
0.000000
0.000000
0.000000
0.000000
0.000000
0.000000
0.000000
0.000000
0.000000
0.000000
0.000000
0.000000
0.000000
0.000000
0.000000
0.000000
0.000000
0.000000
0.000002
0.041112
0.315359
1.443261
0.911918
0.927668
0.600432
0.587190
0.953737
1.281236
0.889850
0.263764
0.330083
0.952667
0.821640
0.836769
0.923803
0.658280
0.650872
1.259625
1.140506
0.979029
1.121531
1.436504
2.390945
4.576151
0.000000
0.000000
0.000000
0.000000
0.000000
0.000000
0.000000
0.000000
0.000000
0.000000
0.000000
0.000000
0.000000
0.000000
0.000000
0.000000
0.000000
0.000000
0.000000
0.000000
0.000000
0.000026
0.324655
1.062547
1.049496
0.513892
0.484017
0.717421
1.026045
1.066216
0.465489
0.503001
1.229297
1.567104
0.948180
0.853412
1.313305
1.192778
1.689162
1.481685
1.056739
1.101999
1.320023
2.243670
4.900807
0.000000
0.000000
0.000000
0.000000
0.000000
0.000000
0.000000
0.000000
0.000000
0.000000
0.000000
0.000000
0.000000
0.000000
0.000000
0.000000
0.000000
0.000000
0.024753
0.336741
1.123734
1.392957
0.623413
0.543646
0.791160
1.174238
0.799169
0.333898
0.587321
0.863434
1.283826
0.451781
1.163415
1.796003
1.826596
1.673696
1.261206
1.083676
1.119821
1.437834
3.687224
0.000000
0.000000
0.000000
0.000000
0.000000
0.000000
0.000000
0.000000
0.000000
0.000000
0.000000
0.000000
0.000000
0.000000
0.000000
0.000000
0.000000
0.000000
0.039302
0.479242
0.543418
0.931945
0.806754
0.637138
0.691989
0.720885
0.895670
0.385728
0.711613
0.685170
1.013771
1.158436
1.525027
0.914447
1.580879
1.918807
1.475044
1.201354
0.878809
0.714930
2.307408
0.000000
0.000000
0.000000
0.000000
0.000000
0.000000
0.000000
0.000000
0.000000
0.000000
0.000000
0.000000
0.015017
0.354771
0.586057
0.660193
0.669650
0.567020
0.528178
0.471191
0.199895
0.366421
0.402952
0.912665
0.290347
0.738317
1.459181
1.593989
0.735359
1.304268
1.608605
1.303899
0.569268
0.418497
1.734641
0.000000
0.000000
0.000000
0.000000
0.000000
0.000000
0.000000
0.000000
0.000000
0.000000
0.000000
0.000000
0.027557
0.383647
0.538317
0.547701
0.436410
0.298127
0.214699
0.159621
0.053893
0.039480
0.079502
0.068597
0.253212
0.321637
0.054771
0.287210
0.169752
0.508105
1.240185
1.622026
0.235903
0.217022
1.130708
0.000000
0.000000
0.000000
0.000000
0.000000
0.000000
0.032164
0.364433
0.521790
0.539212
0.413563
0.251650
0.128169
0.066936
0.024942
0.019618
0.024453
0.023075
0.023156
0.022852
0.027121
0.054358
0.071987
0.177227
0.775065
2.093098
0.377206
0.202332
0.940631
0.000000
0.000000
0.000000
0.000000
0.000000
0.000000
0.109915
0.391589
0.455238
0.491161
0.209623
0.115894
0.025685
0.041810
0.022244
0.019326
0.010773
0.018154
0.018500
0.018966
0.022078
0.022731
0.032887
0.073503
0.421402
2.107106
0.560771
0.206989
0.994973
0.271722
0.342316
0.355466
0.349318
0.140212
0.040021
0.030857
0.019443
0.019696
0.010829
0.000000
0.000000
0.000082
0.006963
0.021379
0.022976
0.021324
0.027542
0.272908
1.406673
0.923657
0.250202
0.958747
2.935746
1.732590
0.270683
0.297521
0.298675
0.283659
0.177820
0.038670
0.039287
0.019766
0.011680
0.000815
0.000000
0.000000
0.000658
0.002910
0.020591
0.021955
0.021843
0.021502
0.334060
2.048594
0.997400
0.328279
1.033903
2.544581
1.603005
0.234304
0.219587
0.258140
0.217166
0.020161
0.019486
0.002440
0.000000
0.000000
0.000000
0.000658
0.000658
0.017383
0.018852
0.020746
0.061098
0.896780
2.740692
0.897858
0.525136
0.913167
1.602498
1.410568
0.198390
0.238363
0.288579
0.249216
0.025790
0.011523
0.001218
0.000000
0.000000
0.000000
0.002679
0.011241
0.021214
0.020995
0.054146
0.311182
2.143609
3.357248
1.027979
0.802462
0.910534
1.276004
1.358571
0.262852
0.273210
0.133685
0.031836
0.002562
0.000000
0.000000
0.000000
0.002679
0.005692
0.013539
0.013493
0.035557
0.492356
4.771055
4.832013
2.031297
1.250404
1.126781
1.213551
1.298740
1.455667
1.702275
0.292409
0.259672
0.273406
0.086844
0.020352
0.000000
0.000000
0.000000
0.002961
0.002961
0.014353
0.014353
0.019659
0.380485
2.992370
4.637842
1.724878
1.207710
1.236452
1.368168
1.489048
1.711336
2.375456
0.000073
0.000022
0.003228
0.003814
0.017402
0.017704
0.078687
0.552260
1.114670
1.870153
1.032017
1.241272
1.519352
1.699415
1.677614
2.060618
3.476498
