0.000000
0.000000
0.000000
0.000000
0.000000
0.000000
0.000000
0.000000
0.000000
0.000000
0.000000
0.000000
0.000000
0.000000
0.000000
0.000000
0.000000
0.000000
0.000000
0.000000
0.000000
0.000000
0.000000
0.000000
0.000000
0.000000
0.000000
0.000000
0.000000
0.000000
0.000000
0.000000
0.000000
0.000000
0.000000
0.000000
0.000000
0.000000
0.000000
0.000000
0.000000
0.000000
0.000000
0.000000
0.000000
0.000000
0.000000
0.000000
0.000000
0.000000
0.000000
0.000000
0.000000
0.000000
0.000000
0.000000
0.000000
0.000000
0.000000
0.000000
0.000000
0.000000
0.000000
0.000000
0.000000
0.000000
0.000000
0.000000
0.000000
0.000000
0.000000
0.000000
0.000000
0.000000
0.000000
0.000000
0.000000
0.000000
0.000000
0.000000
0.000000
0.000000
0.000000
0.000000
0.000000
0.000000
0.000000
0.000000
0.000000
0.000000
0.000000
0.000000
0.000000
0.000000
0.000000
0.000000
0.000000
0.000000
0.000000
0.000000
0.000000
0.000000
0.000000
0.000000
0.000000
0.000000
0.000000
0.000000
0.000000
0.000000
0.000000
0.000000
0.000000
0.000000
0.000000
0.000000
0.000000
0.000000
0.000000
0.000000
0.000000
0.000000
0.000000
0.000000
0.000000
0.000000
0.000000
0.000000
0.000000
0.000000
0.000000
0.000000
0.000000
0.000000
0.000000
0.000000
0.000000
0.000000
0.000000
0.000000
0.000000
0.000000
0.000000
0.000000
0.000000
0.000000
0.000000
0.000000
0.000000
0.000000
0.000000
0.000000
0.000000
0.000000
0.000000
0.000000
0.000000
0.000000
0.000000
0.000000
0.000000
0.000000
0.000000
0.000000
0.000000
0.000000
0.000000
0.000000
0.000000
0.000000
0.000000
0.000000
0.000000
0.000000
0.000094
0.000094
0.000000
0.000000
0.000000
0.000000
0.000000
0.000000
0.000000
0.000000
0.000000
0.000000
0.000000
0.000000
0.000000
0.000000
0.000000
0.000000
0.000000
0.000000
0.000000
0.000000
0.000000
0.000000
0.000000
0.000000
0.000000
0.000000
0.000000
0.000000
0.000000
0.000037
0.000037
0.000000
0.000000
0.000000
0.000000
0.000000
0.000000
0.000000
0.000000
0.000000
0.000000
0.000000
0.000000
0.000000
0.000000
0.000000
0.000000
0.000000
0.000000
0.000000
0.000000
0.000000
0.000000
0.000000
0.000000
0.000000
0.000000
0.000000
0.000000
0.000000
0.000000
0.000000
0.000000
0.000000
0.000000
0.000000
0.000000
0.000000
0.000000
0.000000
0.000000
0.000000
0.000000
0.000000
0.000000
0.000000
0.000000
0.000000
0.000000
0.000000
0.000000
0.000000
0.000000
0.000000
0.000000
0.000000
0.000000
0.000000
0.000000
0.000000
0.000000
0.000000
0.000000
0.000000
0.000000
0.000049
0.000049
0.000000
0.000000
0.000000
0.000000
0.000000
0.000000
0.000000
0.000000
0.000000
0.000000
0.000000
0.000000
0.000000
0.000000
0.000000
0.000000
0.000000
0.000000
0.000000
0.000000
0.000000
0.000000
0.000000
0.000000
0.000000
0.000000
0.000000
0.000000
0.000000
0.000000
0.000000
0.000000
0.000000
0.000065
0.000065
0.000000
0.000000
0.000000
0.000000
0.000000
0.000000
0.000000
0.000000
0.000000
0.000000
0.000000
0.000000
0.000000
0.000000
0.000000
0.000000
0.000000
0.000000
0.000000
0.000000
0.000000
0.000000
0.000000
0.000000
0.000000
0.000000
0.000000
0.000000
0.000000
0.000000
0.000000
0.000000
0.000000
0.000000
0.000000
0.000000
0.000000
0.000000
0.000000
0.000000
0.000000
0.000000
0.000000
0.000000
0.000000
0.000000
0.000000
0.000000
0.000000
0.000000
0.000000
0.000000
0.000000
0.000000
0.000000
0.000000
0.000000
0.000000
0.000000
0.000000
0.000000
0.000000
0.000000
0.000000
0.000000
0.000000
0.000000
0.000000
0.000000
0.000000
0.000000
0.000000
0.000057
0.000057
0.000000
0.000000
0.000000
0.000000
0.000000
0.000000
0.000000
0.000000
0.000000
0.000000
0.000000
0.000000
0.000000
0.000000
0.000000
0.000000
0.000000
0.000000
0.000000
0.000000
0.000000
0.000000
0.000000
0.000000
0.000000
0.000000
0.000000
0.000000
0.000000
0.000000
0.000000
0.000000
0.000000
0.000000
0.000000
0.000000
0.000000
0.000062
0.000062
0.000000
0.000000
0.000000
0.000000
0.000000
0.000000
0.000000
0.000000
0.000000
0.000000
0.000000
0.000531
0.000000
0.000000
0.000000
0.000000
0.000000
0.000000
0.000000
0.000000
0.000000
0.000000
0.000000
0.000000
0.000000
0.000000
0.000000
0.000000
0.000000
0.000000
0.000000
0.000000
0.000000
0.000000
0.000000
0.000000
0.000000
0.000000
0.000000
0.000000
0.000000
0.000000
0.000000
0.000000
0.000000
0.000000
0.000000
0.000000
0.000000
0.000000
0.000000
0.002447
0.015577
0.000000
0.000000
0.000000
0.000000
0.000000
0.000000
0.000000
0.000000
0.000000
0.000000
0.000000
0.000000
0.000000
0.000000
0.000000
0.000000
0.000000
0.000000
0.000000
0.000000
0.000000
0.000000
0.000000
0.000000
0.000000
0.000000
0.000000
0.000059
0.000059
0.000000
0.000000
0.000000
0.000000
0.000000
0.000000
0.000000
0.000000
0.000000
0.000018
0.014514
0.027771
0.005624
0.004284
0.000007
0.000000
0.000001
0.000000
0.000000
0.000000
0.000000
0.000000
0.000028
0.000074
0.000000
0.000000
0.000000
0.000000
0.000000
0.000000
0.000000
0.000000
0.000000
0.000000
0.000000
0.000000
0.000000
0.000000
0.000000
0.000000
0.000000
0.000000
0.000000
0.000000
0.000000
0.000000
0.000000
0.000000
0.000000
0.000000
0.023131
0.025199
0.031231
0.035333
0.058073
0.023243
0.024664
0.049367
0.020875
0.000129
0.000129
0.000000
0.000000
0.000000
0.000000
0.000000
0.000000
0.000000
0.000000
0.000000
0.001941
0.028866
0.083457
0.258758
0.307757
0.089298
0.015955
0.103800
0.028691
0.000001
0.000000
0.000000
0.000131
0.012036
0.013472
0.001490
0.000000
0.000000
0.000000
0.000000
0.000000
0.000000
0.000000
0.000000
0.000000
0.000000
0.000000
0.000000
0.000000
0.000000
0.000000
0.000000
0.000000
0.000000
0.000000
0.000000
0.000000
0.000000
0.000000
0.000000
0.000000
0.020916
0.026192
0.034006
0.060801
0.019478
0.023442
0.052972
0.183119
0.019828
0.000000
0.000000
0.000000
0.000000
0.000000
0.000000
0.000000
0.000000
0.000000
0.000000
0.000000
0.001031
0.028274
0.067773
0.190139
0.623638
0.491017
0.400499
0.306298
0.034707
0.000003
0.000000
0.000000
0.007691
0.029034
0.037941
0.018703
0.007338
0.000000
0.000000
0.000255
0.000000
0.000000
0.000000
0.000000
0.000000
0.000000
0.000000
0.000000
0.000000
0.000000
0.000000
0.000000
0.000000
0.000000
0.000000
0.000010
0.000000
0.000000
0.000000
0.000000
0.000000
0.005946
0.024772
0.027035
0.016769
0.009941
0.024955
0.027692
0.041924
0.026488
0.000627
0.000627
0.000000
0.000000
0.000000
0.000000
0.000000
0.000000
0.000000
0.000000
0.000000
0.000000
0.008145
0.020792
0.250874
0.787337
1.019046
1.007638
0.535597
0.045095
0.025186
0.025723
0.025998
0.033826
0.027754
0.025836
0.023869
0.020069
0.001773
0.025455
0.079935
0.000039
0.000000
0.000000
0.000000
0.000000
0.000000
0.000000
0.000000
0.000000
0.000000
0.000000
0.000000
0.000000
0.000000
0.001156
0.035147
0.000592
0.000000
0.000000
0.000000
0.000000
0.011935
0.025865
0.025934
0.015336
0.009270
0.025558
0.027280
0.032752
0.027383
0.000689
0.000689
0.000000
0.000000
0.000000
0.000000
0.000000
0.000000
0.000000
0.000000
0.000000
0.000000
0.009027
0.030418
0.061661
0.407998
0.513147
0.731510
1.297631
0.819857
0.033360
0.031722
0.026220
0.058382
0.091571
0.081577
0.043439
0.024015
0.106078
0.415124
0.114240
0.002865
0.000000
0.000000
0.000000
0.000000
0.000000
0.000000
0.000000
0.000000
0.000000
0.000000
0.000000
0.000000
0.000157
0.022958
0.390035
0.073366
0.046084
0.016175
0.000000
0.000000
0.000000
0.001649
0.027467
0.026691
0.019997
0.024263
0.025151
0.028563
0.028090
0.000000
0.000000
0.000000
0.000000
0.000000
0.000000
0.000000
0.000000
0.000000
0.000000
0.000000
0.000000
0.003674
0.009142
0.000962
0.036719
0.067815
0.130838
1.453900
0.961838
0.554255
0.173706
0.063098
0.124239
0.192526
0.177787
0.106365
0.037886
0.169152
0.406077
0.251771
0.015486
0.000000
0.000000
0.012179
0.000000
0.000000
0.000000
0.000000
0.000000
0.000000
0.000000
0.000000
0.000000
0.003226
0.033813
0.280276
0.450086
0.336074
0.041838
0.000000
0.000000
0.000001
0.016471
0.071996
0.055714
0.050827
0.071882
0.026511
0.025659
0.086425
0.001000
0.001000
0.000000
0.000000
0.000000
0.000000
0.000000
0.000000
0.000000
0.000000
0.000000
0.000000
0.000000
0.000000
0.000000
0.000000
0.000022
0.021301
1.198687
1.560061
1.839840
0.449917
0.069709
0.298927
0.342119
0.328362
0.222805
0.059737
0.362912
0.346615
0.075512
0.000467
0.000016
0.002780
0.020465
0.000007
0.000000
0.000000
0.000000
0.000000
0.000000
0.000000
0.000000
0.000003
0.015522
0.093813
0.198437
0.061567
0.111076
0.028166
0.000005
0.000000
0.000014
0.021313
0.053217
0.062427
0.259024
0.381477
0.154751
0.131116
0.279954
0.001957
0.001957
0.000000
0.000000
0.000000
0.000000
0.000000
0.000000
0.000000
0.000000
0.000000
0.000000
0.000000
0.000000
0.000000
0.000000
0.000512
0.018579
0.059903
0.771163
1.781840
1.466331
0.525746
0.739918
0.720881
0.679257
0.519072
0.682742
0.584490
0.436296
0.385208
0.075702
0.037615
0.065295
0.024113
0.000342
0.000000
0.000000
0.000000
0.000000
0.000000
0.000000
0.000000
0.007145
0.421250
0.912252
0.021984
0.000000
0.001413
0.003286
0.004334
0.008041
0.003071
0.021022
0.023689
0.061847
0.174169
0.548068
0.845156
0.761445
0.589062
0.000000
0.000000
0.000000
0.000000
0.000000
0.000000
0.000000
0.000000
0.000000
0.000000
0.000000
0.000000
0.000000
0.000000
0.000000
0.000000
0.000000
0.000501
0.023516
0.093612
1.225682
1.810232
1.287607
1.417850
1.278926
1.084081
0.749513
0.883934
0.970598
1.037201
1.260370
0.615115
0.572059
0.222305
0.024528
0.000000
0.000005
0.000000
0.000000
0.000013
0.000000
0.000000
0.000000
0.011198
1.068100
0.530273
0.000813
0.008944
0.019583
0.030978
0.026500
0.045228
0.063403
0.029854
0.030814
0.431186
0.602538
0.712830
1.399740
1.629199
1.188245
0.001163
0.001163
0.000000
0.000000
0.000000
0.000000
0.000000
0.000000
0.000000
0.000000
0.000000
0.000000
0.000000
0.000000
0.000000
0.000000
0.000000
0.000000
0.019583
0.099426
1.265346
1.943482
2.068441
2.066087
2.356550
1.632316
1.150588
0.802230
1.255715
1.704405
1.467151
1.407095
1.733950
1.036849
0.086957
0.015707
0.015688
0.000000
0.020461
0.023477
0.001054
0.000000
0.000000
0.008872
0.655855
1.655469
0.031736
0.025599
0.042683
0.324280
0.056791
0.084243
0.103389
0.065609
0.120074
0.562978
1.151493
1.438310
1.957790
2.256860
1.341946
0.001304
0.001304
0.000000
0.000000
0.000000
0.000000
0.000000
0.000000
0.000000
0.000000
0.000000
0.000000
0.000000
0.000000
0.000000
0.000000
0.000000
0.000000
0.000000
0.000000
0.228916
0.665406
0.902278
0.703027
1.948384
0.746020
1.277062
1.789976
1.698360
1.753309
2.237136
2.120426
1.982228
2.012926
1.613927
1.127415
0.299522
0.024046
0.025918
0.036741
0.088505
0.110704
0.000484
0.009113
0.997171
1.795013
0.744218
0.179819
0.076037
0.091925
0.150577
0.155511
0.969551
0.936287
0.677957
1.174355
1.553576
1.785860
2.122130
2.290460
1.646917
0.000000
0.000000
0.000000
0.000000
0.000000
0.000000
0.000000
0.000000
0.000000
0.000000
0.000000
0.000000
0.000000
0.000000
0.000000
0.000000
0.000000
0.003117
0.021280
0.024365
0.025939
0.119809
0.657534
0.779265
0.542206
0.844582
0.557213
1.424824
2.030959
0.943183
1.232904
1.908799
2.072182
2.255892
0.704731
0.037530
0.026280
0.155222
0.538902
0.452514
0.003073
0.006032
0.549221
1.650545
1.823965
1.176343
0.358395
0.775720
1.173234
0.763730
1.621163
1.570111
1.055197
1.245201
1.573612
1.836576
2.110596
2.116291
1.947441
0.000000
0.000000
0.000000
0.000000
0.000000
0.000000
0.000000
0.000000
0.000000
0.000000
0.000000
0.000000
0.000000
0.000000
0.000000
0.000000
0.000000
0.010106
0.024251
0.027211
0.064123
0.110974
0.224360
0.114461
0.133887
0.278921
0.342986
0.470337
1.251329
0.623511
1.011129
1.357633
2.176433
2.863756
1.039818
0.064239
0.089130
0.403553
0.871429
0.237291
0.003861
0.065867
1.115925
1.882027
1.966618
2.011348
0.142307
0.116373
1.050902
1.359361
1.979777
2.080078
1.572609
1.201805
1.180562
1.402287
1.879554
2.017961
2.173848
0.000000
0.000000
0.000000
0.000000
0.000000
0.000000
0.000000
0.000000
0.000000
0.000000
0.000000
0.000000
0.000477
0.024538
0.096337
0.081141
0.089577
0.112263
0.148879
0.217468
0.213602
0.303628
0.229769
0.185013
0.066634
0.345320
0.778909
1.013168
2.240080
1.176733
0.403872
0.169798
0.642535
0.602776
0.914243
0.416816
0.143483
0.833800
2.548506
3.350235
2.837560
2.610111
0.824081
1.192793
2.828910
2.841826
2.089154
1.595171
1.307661
0.939184
0.836173
1.023068
2.013480
2.071354
2.225887
0.000000
0.000000
0.000000
0.000000
0.000000
0.000000
0.000000
0.000000
0.000000
0.000000
0.000000
0.001245
0.015420
0.032477
0.124227
0.081614
0.124338
0.101983
0.114162
0.129558
0.167240
0.180241
0.145675
0.092463
0.088112
0.142779
0.140018
0.420077
1.242394
1.603993
1.557737
1.757835
1.956917
1.618862
1.949324
1.563642
1.458826
2.175397
2.454029
2.795313
4.219210
3.792088
2.656262
3.375831
3.786653
3.012956
2.030603
1.466269
1.055681
0.855711
0.859730
1.021747
2.161495
2.354739
2.015170
0.000000
0.000000
0.000028
0.018170
0.045490
0.091065
0.130612
0.093173
0.135031
0.140580
0.133732
0.065433
0.077799
0.069909
0.038844
0.031974
0.056987
0.021530
0.022939
0.063430
0.111294
1.020223
3.248121
3.789468
2.754421
2.373564
2.197796
2.387546
2.201382
2.804580
2.180258
1.705209
3.023092
3.766463
4.648285
3.756726
2.371363
2.724964
2.151257
1.518252
1.166575
0.965734
0.928153
1.035325
2.133034
2.501013
2.047201
0.000000
0.000000
0.000000
0.000000
0.020934
0.051067
0.030140
0.029469
0.080828
0.058578
0.027567
0.040217
0.003074
0.000500
0.000000
0.015323
0.020680
0.000075
0.000000
0.000000
0.000000
0.114157
1.534677
2.457775
2.999920
2.022527
1.669790
1.844127
2.146875
2.368352
2.495405
1.687990
1.329606
2.840663
3.219901
3.109578
2.359248
1.914145
1.707595
2.345347
1.224035
1.124848
0.989273
1.115018
2.014170
2.615470
2.654345
0.000000
0.000000
0.022583
0.030072
0.024011
0.025363
0.037109
0.006110
0.008976
0.008924
0.000014
0.000000
0.000000
0.000000
0.000004
0.000000
0.000000
0.000000
0.000000
0.000008
0.136043
0.709791
2.010817
1.728632
1.847947
1.703849
1.572576
2.179179
2.608883
2.237533
1.251620
1.302003
2.504289
2.412768
1.993794
1.945671
1.546160
1.432715
1.255602
1.223482
1.138570
1.116150
1.966515
2.758978
2.989719
0.000000
0.000000
0.016277
0.016897
0.021340
0.023507
0.021556
0.001653
0.000000
0.000000
0.000000
0.000000
0.000000
0.000000
0.000000
0.000000
0.000000
0.000000
0.000000
0.000000
0.001449
0.022397
0.463186
1.701108
1.953128
1.672599
1.178911
1.801900
2.379285
2.131818
0.835299
1.116479
1.943598
2.135183
1.649160
1.606197
1.470200
1.411721
1.361995
1.307184
1.204432
1.140383
1.944997
2.859089
3.398629
0.000000
0.000027
0.000005
0.000000
0.000000
0.000000
0.000000
0.000000
0.000000
0.000000
0.000000
0.000000
0.000000
0.000000
0.000000
0.000000
0.002577
0.021637
0.160585
0.751327
2.064599
2.518316
1.412515
1.207879
1.306821
1.941178
1.244699
0.562929
0.838153
1.091591
1.627190
1.699600
1.607455
1.483551
1.450554
1.442978
1.399166
1.235608
1.646299
2.654081
3.284785
0.002147
0.000000
0.000000
0.000000
0.000000
0.000000
0.000000
0.000000
0.000000
0.000000
0.000000
0.000000
0.000000
0.000000
0.000000
0.000000
0.003717
0.022033
0.207272
0.868222
1.100656
1.685962
1.723828
1.465637
1.167647
1.092694
1.012091
0.521262
0.660812
0.825893
1.329578
2.034222
1.946440
1.697688
1.697766
1.725053
1.670868
1.396524
1.355498
2.414132
3.417101
0.000000
0.000000
0.000000
0.000000
0.000000
0.000000
0.000000
0.000000
0.000000
0.000000
0.007079
0.035936
0.162874
0.626425
1.080927
1.267223
1.379742
1.232988
0.981861
0.723966
0.313124
0.400077
0.399988
0.532359
0.866343
1.312287
1.901723
1.995057
1.721714
1.771245
1.861061
1.738148
1.302663
1.951668
3.468336
0.000000
0.000000
0.000000
0.000000
0.000000
0.000000
0.000000
0.000000
0.000000
0.000000
0.007505
0.022847
0.275473
0.752835
1.013540
1.062319
0.779661
0.654229
0.404935
0.263453
0.204845
0.261588
0.380411
0.324665
0.392619
0.693828
1.439047
1.882516
1.942946
2.011661
2.194567
2.277345
1.379890
1.910744
3.172376
0.000000
0.000000
0.000000
0.000000
0.002810
0.019512
0.115997
0.743516
1.055623
1.110818
0.804414
0.526393
0.227608
0.194009
0.196778
0.225006
0.316068
0.405483
0.316007
0.395927
1.000183
1.499523
2.039734
2.143370
2.382933
2.593094
1.581637
1.911856
3.343824
0.000000
0.000000
0.000000
0.000000
0.000000
0.015474
0.239221
0.796318
0.933478
1.031408
0.498090
0.273421
0.100650
0.137319
0.203005
0.220427
0.253069
0.340087
0.439858
0.407212
0.685464
1.065846
1.936380
2.434662
2.586242
2.831683
1.708657
1.859394
3.457000
0.540815
0.684494
0.737254
0.771894
0.280337
0.070415
0.040760
0.055335
0.084311
0.128350
0.221308
0.229334
0.237828
0.356281
0.540988
0.798744
1.079205
2.214418
2.736492
3.201246
2.033826
2.018639
2.919718
3.495475
2.967473
0.545620
0.589465
0.607537
0.587869
0.367187
0.109840
0.030109
0.037846
0.052467
0.061728
0.102925
0.178882
0.246562
0.255625
0.332343
0.507160
0.903847
1.559200
2.765202
3.849700
2.211725
2.241899
3.096182
3.378712
3.206097
0.606656
0.479817
0.441917
0.346130
0.026639
0.028270
0.032303
0.040400
0.048489
0.071043
0.164223
0.266387
0.371573
0.467571
1.150849
2.370367
3.375196
4.042274
2.617239
2.475643
3.063140
3.228856
3.253556
0.733108
0.482037
0.373760
0.282121
0.026252
0.023909
0.026806
0.032645
0.039962
0.041924
0.065752
0.135736
0.343644
0.612670
1.675745
5.231550
6.096367
5.590725
3.019329
2.842257
3.013956
3.438947
3.484664
0.244216
0.230556
0.055290
0.018398
0.009761
0.022470
0.033829
0.046645
0.060340
0.077923
0.168701
0.272220
1.158889
4.863569
7.491310
6.517424
3.704806
3.670663
3.419062
3.589715
3.675996
3.772100
3.835872
0.311970
0.244323
0.130913
0.032918
0.002631
0.000982
0.016169
0.025123
0.036635
0.057507
0.099389
0.204261
1.085973
3.225489
5.091791
5.813126
3.633144
3.896043
4.299919
4.675307
4.760627
5.142506
5.848462
0.034264
0.053088
0.130033
0.271548
0.425670
0.589570
1.384827
2.327598
3.054393
3.365221
3.774765
4.491496
4.940673
5.665210
5.610119
6.614380
9.375235
