0.000000
0.000000
0.000000
0.000000
0.000000
0.000000
0.000000
0.000000
0.000000
0.000000
0.000000
0.000000
0.000000
0.000000
0.000000
0.000000
0.000000
0.000000
0.000000
0.000000
0.000000
0.000000
0.000000
0.000000
0.000000
0.000000
0.000000
0.000000
0.000000
0.000000
0.000000
0.000000
0.000000
0.000000
0.000000
0.000000
0.000000
0.000000
0.000000
0.000000
0.000000
0.000000
0.000000
0.000000
0.000000
0.000000
0.000000
0.000000
0.000000
0.000000
0.000000
0.000000
0.000000
0.000000
0.000000
0.000000
0.000000
0.000000
0.000000
0.000000
0.000000
0.000000
0.000000
0.000000
0.000000
0.000000
0.000000
0.000000
0.000000
0.000000
0.000000
0.000000
0.000000
0.000000
0.000000
0.000000
0.000000
0.000000
0.000000
0.000000
0.000000
0.000000
0.000000
0.000000
0.000000
0.000000
0.000000
0.000000
0.000000
0.000000
0.000000
0.000000
0.000000
0.000000
0.000000
0.000000
0.000000
0.000000
0.000000
0.000000
0.000000
0.000000
0.000000
0.000000
0.000000
0.000000
0.000000
0.000000
0.000000
0.000000
0.000000
0.000000
0.000000
0.000000
0.000000
0.000000
0.000000
0.000000
0.000000
0.000000
0.000000
0.000000
0.000000
0.000000
0.000000
0.000000
0.000000
0.000000
0.000000
0.000000
0.000000
0.000000
0.000000
0.000000
0.000000
0.000000
0.000000
0.000000
0.000000
0.000000
0.000000
0.000000
0.000000
0.000000
0.000000
0.000000
0.000000
0.000000
0.000000
0.000000
0.000000
0.000000
0.000000
0.000000
0.000000
0.000000
0.000000
0.000000
0.000000
0.000000
0.000000
0.000000
0.000000
0.000000
0.000000
0.000000
0.000000
0.000000
0.000000
0.000000
0.000000
0.000000
0.000000
0.000000
0.000423
0.000423
0.000000
0.000000
0.000000
0.000000
0.000000
0.000000
0.000000
0.000000
0.000000
0.000000
0.000000
0.000000
0.000000
0.000000
0.000000
0.000000
0.000000
0.000000
0.000000
0.000000
0.000000
0.000000
0.000000
0.000000
0.000000
0.000000
0.000000
0.000000
0.000000
0.000324
0.000324
0.000000
0.000000
0.000000
0.000000
0.000000
0.000000
0.000000
0.000000
0.000000
0.000000
0.000000
0.000000
0.000000
0.000000
0.000000
0.000000
0.000000
0.000000
0.000000
0.000000
0.000000
0.000000
0.000000
0.000000
0.000000
0.000000
0.000000
0.000000
0.000000
0.000000
0.000000
0.000000
0.000000
0.000000
0.000000
0.000000
0.000000
0.000000
0.000000
0.000000
0.000000
0.000000
0.000000
0.000000
0.000000
0.000000
0.000000
0.000000
0.000000
0.000000
0.000000
0.000000
0.000000
0.000000
0.000000
0.000000
0.000000
0.000000
0.000000
0.000000
0.000000
0.000000
0.000000
0.000000
0.000581
0.000581
0.000000
0.000000
0.000000
0.000000
0.000000
0.000000
0.000000
0.000000
0.000000
0.000000
0.000000
0.000000
0.000000
0.000000
0.000000
0.000000
0.000000
0.000000
0.000000
0.000000
0.000000
0.000000
0.000000
0.000000
0.000000
0.000000
0.000000
0.000000
0.000000
0.000000
0.000000
0.000000
0.000000
0.000531
0.000531
0.000000
0.000000
0.000000
0.000000
0.000000
0.000000
0.000000
0.000000
0.000000
0.000000
0.000000
0.000000
0.000000
0.000000
0.000000
0.000000
0.000000
0.000000
0.000000
0.000000
0.000000
0.000000
0.000000
0.000000
0.000000
0.000000
0.000000
0.000000
0.000000
0.000000
0.000000
0.000000
0.000000
0.000000
0.000000
0.000000
0.000000
0.000000
0.000000
0.000000
0.000000
0.000000
0.000000
0.000000
0.000000
0.000000
0.000000
0.000000
0.000000
0.000000
0.000000
0.000000
0.000000
0.000000
0.000000
0.000000
0.000000
0.000000
0.000000
0.000000
0.000000
0.000000
0.000000
0.000000
0.000000
0.000000
0.000000
0.000000
0.000000
0.000000
0.000000
0.000000
0.000886
0.000886
0.000000
0.000000
0.000000
0.000000
0.000000
0.000000
0.000000
0.000000
0.000000
0.000000
0.000000
0.000000
0.000000
0.000000
0.000000
0.000000
0.000000
0.000000
0.000000
0.000000
0.000000
0.000000
0.000000
0.000000
0.000000
0.000000
0.000000
0.000000
0.000000
0.000000
0.000000
0.000000
0.000000
0.000000
0.000000
0.000000
0.000000
0.000401
0.000401
0.000000
0.000000
0.000000
0.000000
0.000000
0.000000
0.000000
0.000000
0.001040
0.000003
0.001166
0.027334
0.004403
0.000008
0.000000
0.000000
0.000000
0.000000
0.000000
0.000000
0.000000
0.000000
0.000000
0.000088
0.000043
0.000000
0.000000
0.000000
0.000000
0.000000
0.000000
0.000000
0.000000
0.000000
0.000000
0.000000
0.000000
0.000000
0.000000
0.000000
0.000000
0.000000
0.000000
0.000000
0.000000
0.000000
0.000000
0.000000
0.000805
0.018624
0.030448
0.094542
0.444481
0.044252
0.000323
0.000000
0.000000
0.000000
0.000000
0.000000
0.000000
0.000000
0.000000
0.005627
0.015895
0.003096
0.000000
0.000000
0.000000
0.000000
0.000000
0.000000
0.000000
0.000000
0.000000
0.000000
0.000000
0.000000
0.000000
0.000000
0.000201
0.000201
0.000000
0.000000
0.000000
0.000000
0.000000
0.000000
0.001126
0.021402
0.081369
0.221731
0.537847
0.410983
0.060641
0.040126
0.003261
0.000428
0.000001
0.000000
0.001140
0.010947
0.004467
0.003609
0.029245
0.124511
0.024801
0.003268
0.001541
0.000113
0.000000
0.000000
0.000000
0.000000
0.000000
0.000000
0.000000
0.000000
0.000000
0.000000
0.000000
0.000000
0.000000
0.000000
0.000000
0.000000
0.000000
0.000000
0.000000
0.000000
0.000000
0.000000
0.021780
0.024470
0.027038
0.101274
0.047947
0.038006
0.077070
0.561646
0.018412
0.000934
0.000934
0.000000
0.000000
0.000000
0.000000
0.000000
0.000000
0.003820
0.022621
0.130192
0.262674
0.595212
0.853074
1.396769
1.480933
0.534424
0.126892
0.733127
0.319900
0.086320
0.334974
0.074990
0.030510
0.102368
0.034006
0.042569
0.025146
0.023712
0.010221
0.003123
0.000039
0.000000
0.000000
0.000000
0.000000
0.000000
0.000000
0.000000
0.000000
0.000000
0.000000
0.000000
0.000000
0.000000
0.000000
0.000000
0.000000
0.000000
0.000000
0.000000
0.000000
0.025851
0.033129
0.037733
0.097582
0.026177
0.030065
0.525531
1.310847
0.027425
0.000000
0.000000
0.000000
0.000000
0.000000
0.000000
0.000000
0.000000
0.000568
0.010299
0.029796
0.125488
0.505065
0.820181
1.167971
2.450342
1.946208
1.673986
1.679470
0.742435
0.170464
0.029735
0.024322
0.041073
0.096837
0.191079
0.096825
0.053296
0.026125
0.064691
0.114678
0.000118
0.000000
0.000000
0.000000
0.000000
0.000000
0.000000
0.000000
0.000000
0.000000
0.000000
0.000000
0.000000
0.000000
0.000000
0.000008
0.000000
0.000000
0.000000
0.000000
0.000000
0.025839
0.031409
0.072807
0.056801
0.025733
0.073362
0.051022
0.355725
0.028433
0.001492
0.001492
0.000000
0.000000
0.000000
0.000000
0.000000
0.000000
0.000000
0.000000
0.000006
0.000063
0.060869
0.093628
1.425071
2.884344
3.097577
3.256190
2.382585
0.363676
0.101900
0.102379
0.246457
0.331153
0.163918
0.150205
0.152656
0.087779
0.059716
0.364942
0.986567
0.016901
0.000000
0.000000
0.000000
0.000000
0.000000
0.000000
0.000000
0.000000
0.000000
0.000000
0.000000
0.000000
0.000004
0.021818
0.084023
0.004669
0.000003
0.000000
0.000000
0.000022
0.020861
0.027003
0.029794
0.025976
0.024475
0.027802
0.027566
0.151223
0.030976
0.001682
0.001682
0.000000
0.000000
0.000000
0.000000
0.000000
0.000000
0.000000
0.000000
0.000000
0.000000
0.012955
0.331778
0.512869
1.676656
2.356834
2.558817
3.228840
2.323456
0.320320
0.432935
0.156845
0.316796
0.555490
0.520353
0.315579
0.150565
0.592556
1.614220
1.118794
0.030029
0.000000
0.000000
0.000000
0.000279
0.000000
0.000000
0.000000
0.000000
0.000000
0.000000
0.000000
0.008867
0.025211
0.115017
0.627892
0.079227
0.049685
0.010008
0.000000
0.000000
0.001241
0.022150
0.079973
0.080199
0.030667
0.046816
0.071939
0.088203
0.063956
0.000000
0.000000
0.000000
0.000000
0.000000
0.000000
0.000000
0.000000
0.000000
0.000000
0.000000
0.000000
0.015978
0.083369
0.001804
0.305447
0.520669
0.594558
3.291727
2.286256
1.666610
1.184286
0.390234
0.603945
0.956983
0.888343
0.546978
0.318347
1.012484
1.859420
1.319497
0.135957
0.000000
0.000000
0.013156
0.014883
0.000210
0.000026
0.000000
0.000000
0.000000
0.000000
0.000000
0.009044
0.069265
0.267154
0.504652
0.432681
0.351491
0.042514
0.000000
0.000000
0.010602
0.024025
0.306362
0.211845
0.162564
0.346070
0.248622
0.109158
0.436515
0.001180
0.001180
0.000000
0.000000
0.000000
0.000000
0.000000
0.000000
0.000000
0.000000
0.000000
0.000000
0.000000
0.000000
0.000000
0.041823
0.022205
0.097539
2.965357
3.231624
3.925216
2.040648
0.471665
1.155437
1.556518
1.483451
0.968984
0.496212
1.498447
1.594813
0.601019
0.007039
0.001876
0.005974
0.026580
0.023789
0.000377
0.000037
0.000000
0.000000
0.000000
0.000000
0.000000
0.008975
0.054095
0.166262
0.411989
0.059353
0.131651
0.033046
0.002975
0.002959
0.009017
0.021998
0.331829
0.302239
0.721265
1.003980
0.833841
0.623476
1.270903
0.002423
0.002423
0.000000
0.000000
0.000000
0.000000
0.000000
0.000000
0.000000
0.000000
0.000000
0.000000
0.000000
0.000000
0.000000
0.000103
0.013576
0.313695
0.428867
2.182717
3.572528
3.111133
1.863873
2.191457
2.193301
2.110598
1.756180
1.670310
1.718475
1.510010
1.666193
0.773775
0.252207
0.358744
0.081998
0.008417
0.000000
0.000000
0.000000
0.001113
0.001900
0.000020
0.000000
0.009247
0.725085
1.514636
0.024190
0.000149
0.022599
0.024992
0.025202
0.050937
0.027736
0.026175
0.048736
0.326643
0.700628
1.453591
1.987858
2.050431
2.226713
0.000000
0.000000
0.000000
0.000000
0.000000
0.000000
0.000000
0.000000
0.000000
0.000000
0.000000
0.000000
0.000000
0.000000
0.000000
0.000008
0.030766
0.059022
0.286211
0.713375
2.729027
3.308611
3.058599
3.036003
2.969313
2.876315
2.536323
2.657213
2.221464
2.383501
2.940946
2.045173
1.915034
0.969186
0.037031
0.000000
0.000014
0.000005
0.000000
0.009742
0.020553
0.008603
0.000000
0.014145
1.654665
0.881785
0.001516
0.008388
0.028555
0.203993
0.051372
0.203587
0.427693
0.143576
0.206711
1.318593
1.675218
1.743367
2.225615
2.497740
2.801980
0.001105
0.001105
0.000000
0.000000
0.000000
0.000000
0.000000
0.000000
0.000000
0.000000
0.000000
0.000000
0.000000
0.000000
0.000000
0.000000
0.000465
0.018506
0.249843
0.993022
2.971238
3.579025
3.637250
3.734775
3.940867
3.916861
3.186433
3.619665
3.045561
3.112787
3.410037
3.518571
3.565420
2.677390
0.518806
0.516704
0.354276
0.003909
0.002701
0.027052
0.027667
0.024688
0.000150
0.003077
1.039803
2.588681
0.055502
0.029277
0.172161
1.389064
0.379506
0.502939
0.552249
0.416879
0.669543
1.746282
2.525177
2.668090
2.817270
3.299540
3.299540
0.002379
0.002379
0.000000
0.000000
0.000000
0.000000
0.000000
0.000000
0.000000
0.000000
0.000000
0.000000
0.000000
0.000000
0.000000
0.000000
0.000000
0.000000
0.030396
0.173861
1.139822
1.646798
1.881836
1.522630
3.668521
2.600051
3.450467
3.591184
2.985572
3.035530
3.701983
3.957620
4.193516
4.387034
4.610765
4.583434
1.652798
0.036600
0.080797
0.139242
0.564485
0.776483
0.030458
0.070903
2.212110
3.008628
1.809561
1.435326
0.399358
0.173700
0.513486
0.382761
2.125564
2.241183
2.278266
2.516555
3.056829
3.390360
3.602620
3.921970
4.277305
0.000000
0.000000
0.000000
0.000000
0.000000
0.000000
0.000000
0.000000
0.000000
0.000000
0.000000
0.000000
0.000000
0.000000
0.000000
0.000000
0.020786
0.073296
0.203528
0.219618
0.134800
0.387406
1.481747
1.868094
1.483180
1.674051
1.275920
2.555724
3.817492
3.766847
3.962910
4.456499
5.212692
5.905347
3.281662
0.354403
0.190393
0.621438
1.689310
1.467169
0.085373
0.276251
2.719029
3.926534
4.063341
4.001881
1.226621
1.152130
2.160651
1.799262
3.027663
2.709159
2.943329
3.128422
3.610928
4.184916
4.264514
5.512601
5.662403
0.000000
0.000000
0.000000
0.000000
0.000000
0.000000
0.000000
0.000000
0.000000
0.000000
0.000000
0.000000
0.000000
0.000000
0.000000
0.000000
0.010179
0.042143
0.128574
0.166174
0.247784
0.360819
0.591789
0.355008
0.385183
0.751537
0.791464
2.201038
3.658434
3.507047
3.681708
4.158387
5.491771
6.575124
4.059649
0.596048
0.384239
1.317683
2.276827
0.847560
0.239638
1.264498
4.266088
4.409820
4.397917
4.767820
0.789738
0.221083
1.667539
2.383720
3.256261
3.435614
3.443107
3.526677
3.999520
4.680828
4.783016
6.532861
6.722158
0.000000
0.000000
0.000000
0.000000
0.000000
0.000000
0.000000
0.000000
0.000000
0.000000
0.000000
0.009949
0.003529
0.087537
0.343285
0.383384
0.313490
0.387346
0.449628
0.599353
0.640256
0.960777
0.953059
1.123303
0.746614
1.832783
2.532996
2.805236
4.829437
4.507125
2.051418
0.802196
1.335375
2.080338
2.577274
2.006516
0.472484
2.093112
4.785568
5.037199
4.567096
4.473262
1.077061
0.659661
3.610257
3.640570
3.512388
3.711535
3.938448
4.060764
4.496420
4.984470
5.766939
7.292685
9.119433
0.000000
0.000000
0.000000
0.000000
0.000000
0.000000
0.000000
0.000000
0.000000
0.000000
0.000000
0.020920
0.085215
0.149666
0.420495
0.391795
0.451731
0.421338
0.441931
0.413469
0.570361
0.685945
0.799032
0.840761
0.807943
1.127788
0.942353
1.333276
3.663185
4.812333
3.905624
3.646951
3.248128
3.008224
3.343857
3.617688
3.535570
4.760530
4.970371
4.838942
5.483387
6.184096
3.586566
4.860995
5.771154
3.258634
3.733780
3.826889
4.539157
4.645591
5.224201
6.170270
6.707450
8.991174
11.956398
0.000000
0.000000
0.000029
0.019584
0.236620
0.333598
0.452637
0.416507
0.543525
0.551009
0.498308
0.317895
0.459866
0.462329
0.571858
0.559392
0.684145
0.340453
0.180860
0.313264
0.689943
3.960894
6.139674
6.491557
4.863140
4.116484
3.872316
4.409499
4.310508
5.203767
4.351420
3.472243
5.432960
6.784912
7.603381
5.992331
5.590573
3.805680
4.283494
4.738312
4.872080
4.826965
5.272876
6.170270
7.523749
10.682295
13.660744
0.000000
0.000000
0.001443
0.003357
0.085772
0.227201
0.173762
0.287735
0.380558
0.268238
0.126964
0.236463
0.046654
0.043199
0.060511
0.020927
0.027172
0.021029
0.000054
0.000000
0.000013
0.504335
4.477203
6.337611
5.224670
3.583506
3.291335
3.763552
4.108640
3.990641
3.679511
2.691250
3.176440
5.976687
5.915785
5.308903
4.553730
4.371890
4.268768
4.480737
5.023257
4.991561
5.017501
5.354370
7.127146
10.468794
14.021108
0.019475
0.027590
0.095210
0.133121
0.128238
0.177566
0.173500
0.039471
0.009181
0.010461
0.009016
0.009151
0.005691
0.000008
0.000003
0.000016
0.000000
0.000000
0.000038
0.016665
0.933205
3.603152
4.178436
3.499542
3.839569
3.765204
3.234785
3.110964
4.208071
3.545169
2.152456
2.677002
4.997499
5.052103
4.704342
5.056358
3.976511
4.095997
4.636622
4.603180
4.800759
5.354370
6.622864
9.621932
12.891383
0.034884
0.028146
0.088878
0.071761
0.061743
0.089261
0.039849
0.013084
0.000000
0.000000
0.000000
0.000000
0.000000
0.000000
0.000000
0.000000
0.000000
0.000000
0.000000
0.000000
0.000000
0.047079
1.590047
3.645198
4.227977
3.914348
2.759892
2.732624
4.280477
3.814104
2.203833
2.619573
4.683924
4.897091
4.686648
5.310414
4.357187
4.047001
4.219771
4.177871
4.557383
5.175275
5.528622
8.783823
12.168457
0.023799
0.017373
0.019975
0.000000
0.000000
0.000000
0.000000
0.000000
0.000000
0.000000
0.000000
0.000000
0.000000
0.000000
0.000000
0.000000
0.000000
0.000000
0.081497
1.657837
4.337182
4.315928
2.675476
2.417791
3.406034
4.027181
3.193651
1.965545
3.482167
3.990091
4.001794
4.095181
5.007709
4.220413
2.842486
2.990220
3.539499
3.886330
4.152870
5.521446
9.638581
0.011269
0.001485
0.001605
0.000000
0.000000
0.000000
0.000000
0.000000
0.000000
0.000000
0.000000
0.000000
0.000000
0.000000
0.000000
0.000000
0.000000
0.000000
0.168681
1.951291
2.824090
3.107326
3.201985
2.687770
2.958270
3.325735
3.570986
2.149706
2.989238
2.561942
2.809890
4.104472
4.446405
2.726700
2.797291
3.190256
3.806714
3.665990
3.328415
4.798962
8.117683
0.000000
0.000000
0.000000
0.000000
0.000000
0.000000
0.000000
0.000000
0.000000
0.000000
0.000000
0.000000
0.038948
1.671629
2.507520
2.561940
2.640670
2.544190
2.573350
2.478213
1.801767
2.199195
1.890874
2.628765
1.012475
2.108149
3.139562
2.773382
2.381830
2.937231
4.008067
4.419867
2.653780
4.169435
8.273701
0.000000
0.000000
0.000000
0.000000
0.000000
0.000000
0.000000
0.000000
0.000000
0.000000
0.000000
0.000000
0.260592
1.768824
2.295612
2.365100
2.332960
2.484730
2.098351
1.682551
1.056679
0.530612
0.560047
0.380745
0.841255
0.675865
0.971235
2.138655
2.267977
2.803841
4.528970
5.786129
3.021748
4.153740
8.489642
0.000000
0.000000
0.000000
0.000000
0.000000
0.000000
0.309854
1.757215
2.177813
2.253656
2.210879
2.388147
1.633404
1.148974
0.379071
0.167972
0.190076
0.217705
0.183617
0.188486
0.594626
1.087808
1.888496
2.765143
4.592225
6.256708
3.793143
4.161707
8.636216
0.000000
0.000000
0.000000
0.000000
0.000000
0.000000
0.795974
1.908140
2.094965
2.176060
2.089299
1.615339
0.662182
0.775133
0.255104
0.117495
0.131495
0.178623
0.237342
0.209216
0.381696
0.577772
1.101348
2.502725
4.769250
6.509343
4.444493
4.069188
8.726917
1.467993
1.772344
1.906470
2.064564
1.443064
0.815430
0.578387
0.214502
0.052027
0.060020
0.102022
0.095797
0.092752
0.178173
0.307005
0.462757
0.477882
1.144216
4.291963
6.554297
5.997961
4.276663
7.254572
11.983842
11.891450
1.439772
1.604828
1.697200
1.755611
1.499622
0.771003
0.325152
0.048543
0.029373
0.032756
0.050512
0.083916
0.093904
0.092858
0.149105
0.279196
0.566458
0.778863
3.810220
7.247777
7.045076
4.629896
7.589329
11.046044
12.074105
1.460076
1.487324
1.627151
1.507022
0.087435
0.024840
0.025722
0.028779
0.029849
0.039561
0.092556
0.123773
0.135924
0.175256
0.673334
2.113613
4.723755
7.389980
7.015627
4.953071
6.898560
9.501536
10.887874
1.262585
1.306609
1.397242
1.248761
0.099138
0.006430
0.000000
0.019843
0.025742
0.027233
0.042703
0.108069
0.247226
0.400858
1.751044
6.216984
9.727473
10.971527
6.926947
5.419765
6.371427
9.366219
11.246631
1.012875
0.985844
0.300251
0.037270
0.001646
0.000000
0.005902
0.009435
0.025776
0.026838
0.048478
0.093464
0.713906
5.747139
12.030785
12.450028
7.898710
6.950361
7.075327
9.198543
11.423159
11.835706
11.838115
0.614634
0.458666
0.331059
0.079024
0.017585
0.000000
0.002082
0.005552
0.021126
0.025224
0.026944
0.044249
0.564909
3.788685
9.550699
12.644505
6.481667
6.026648
7.881293
11.078002
14.599997
17.343608
22.968097
0.008318
0.027646
0.038552
0.083366
0.157245
0.288172
1.264577
2.854881
4.254258
6.019065
4.886450
6.452223
8.493458
12.883022
18.768612
22.154044
43.876602
