0.000000
0.000000
0.000000
0.000000
0.000000
0.000000
0.000000
0.000000
0.000000
0.000000
0.000000
0.000000
0.000000
0.000000
0.000000
0.000000
0.000000
0.000000
0.000000
0.000000
0.000000
0.000000
0.000000
0.000000
0.000000
0.000000
0.000000
0.000000
0.000000
0.000000
0.000000
0.000000
0.000000
0.000000
0.000000
0.000000
0.000000
0.000000
0.000000
0.000000
0.000000
0.000000
0.000000
0.000000
0.000000
0.000000
0.000000
0.000000
0.000000
0.000000
0.000000
0.000000
0.000000
0.000000
0.000000
0.000000
0.000000
0.000000
0.000000
0.000000
0.000000
0.000000
0.000000
0.000000
0.000000
0.000000
0.000000
0.000000
0.000000
0.000000
0.000000
0.000000
0.000000
0.000000
0.000000
0.000000
0.000000
0.000000
0.000000
0.000000
0.000000
0.000000
0.000000
0.000000
0.000000
0.000000
0.000000
0.000000
0.000000
0.000000
0.000000
0.000000
0.000000
0.000000
0.000000
0.000000
0.000000
0.000000
0.000000
0.000000
0.000000
0.000000
0.000000
0.000000
0.000000
0.000000
0.000000
0.000000
0.000000
0.000000
0.000000
0.000000
0.000000
0.000000
0.000000
0.000000
0.000000
0.000000
0.000000
0.000000
0.000000
0.000000
0.000000
0.000000
0.000000
0.000000
0.000000
0.000000
0.000000
0.000000
0.000000
0.000000
0.000000
0.000000
0.000000
0.000000
0.000000
0.000000
0.000000
0.000000
0.000000
0.000000
0.000000
0.000000
0.000000
0.000000
0.000000
0.000000
0.000000
0.000000
0.000000
0.000000
0.000000
0.000000
0.000000
0.000000
0.000000
0.000000
0.000000
0.000000
0.000000
0.000000
0.000000
0.000000
0.000000
0.000000
0.000000
0.000000
0.000000
0.000000
0.000000
0.000000
0.000000
0.000000
0.002352
0.002352
0.000000
0.000000
0.000000
0.000000
0.000000
0.000000
0.000000
0.000000
0.000000
0.000000
0.000000
0.000000
0.000000
0.000000
0.000000
0.000000
0.000000
0.000000
0.000000
0.000000
0.000000
0.000000
0.000000
0.000000
0.000000
0.000000
0.000000
0.000000
0.000000
0.001525
0.001525
0.000000
0.000000
0.000000
0.000000
0.000000
0.000000
0.000000
0.000000
0.000000
0.000000
0.000000
0.000000
0.000000
0.000000
0.000000
0.000000
0.000000
0.000000
0.000000
0.000000
0.000000
0.000000
0.000000
0.000000
0.000000
0.000000
0.000000
0.000000
0.000000
0.000000
0.000000
0.000000
0.000000
0.000000
0.000000
0.000000
0.000000
0.000000
0.000000
0.000000
0.000000
0.000000
0.000000
0.000000
0.000000
0.000000
0.000000
0.000000
0.000000
0.000000
0.000000
0.000000
0.000000
0.000000
0.000000
0.000000
0.000000
0.000000
0.000000
0.000000
0.000000
0.000000
0.000000
0.000000
0.001499
0.001499
0.000000
0.000000
0.000000
0.000000
0.000000
0.000000
0.000000
0.000000
0.000000
0.000000
0.000000
0.000000
0.000000
0.000000
0.000000
0.000000
0.000000
0.000000
0.000000
0.000000
0.000000
0.000000
0.000000
0.000000
0.000000
0.000000
0.000000
0.000000
0.000000
0.000000
0.000000
0.000000
0.000000
0.001666
0.001666
0.000000
0.000000
0.000000
0.000000
0.000000
0.000000
0.000000
0.000000
0.000000
0.000000
0.000000
0.000000
0.000000
0.000000
0.000000
0.000000
0.000000
0.000000
0.000000
0.000000
0.000000
0.000000
0.000000
0.000000
0.000000
0.000000
0.000000
0.000000
0.000000
0.000000
0.000000
0.000000
0.000000
0.000000
0.000000
0.000000
0.000000
0.000000
0.000000
0.000000
0.000000
0.000000
0.000000
0.000000
0.000000
0.000000
0.000000
0.000000
0.000000
0.000000
0.000000
0.000000
0.000000
0.000000
0.000000
0.000000
0.000000
0.000000
0.000000
0.000000
0.000000
0.000000
0.000000
0.000000
0.000000
0.000000
0.000000
0.000000
0.000000
0.000000
0.000000
0.000000
0.002248
0.002248
0.000000
0.000000
0.000000
0.000694
0.009715
0.000792
0.000000
0.000000
0.000070
0.002561
0.009091
0.003981
0.000000
0.000017
0.000000
0.000000
0.000000
0.000000
0.000000
0.000000
0.000000
0.000000
0.000000
0.000000
0.000000
0.000000
0.000000
0.000000
0.000000
0.000000
0.000000
0.000000
0.000000
0.000000
0.000000
0.000000
0.000000
0.001417
0.001417
0.000000
0.000000
0.002364
0.025674
0.062781
0.059948
0.022473
0.022557
0.068952
0.044989
0.044612
0.325184
0.084073
0.038425
0.029063
0.004742
0.000000
0.000000
0.000000
0.000000
0.000000
0.000000
0.000000
0.000286
0.000076
0.000000
0.002435
0.000304
0.000000
0.000000
0.000000
0.000000
0.000000
0.000000
0.000000
0.000000
0.000000
0.000000
0.000000
0.000000
0.000000
0.000000
0.000000
0.006442
0.027329
0.121121
0.233367
0.429867
0.301836
0.441439
0.488939
0.686827
1.766177
0.465822
0.117134
0.013539
0.001168
0.000394
0.000000
0.000000
0.000000
0.000000
0.000000
0.001178
0.030151
0.018898
0.002887
0.018671
0.008827
0.000000
0.000000
0.000000
0.000000
0.000000
0.000000
0.000000
0.000000
0.000000
0.000000
0.000000
0.000374
0.000374
0.000000
0.000000
0.007383
0.028045
0.124485
0.262677
0.505828
0.480469
0.937197
1.460885
2.265041
1.891631
0.236778
0.150849
0.028868
0.028154
0.014998
0.004455
0.002698
0.061495
0.046041
0.010665
0.054413
0.339881
0.042794
0.017768
0.028493
0.028356
0.004605
0.000125
0.000000
0.000000
0.000000
0.000000
0.000000
0.000000
0.000000
0.000000
0.000000
0.000000
0.000000
0.000000
0.000000
0.000000
0.000000
0.000000
0.000000
0.000000
0.000000
0.000000
0.003599
0.026379
0.050707
0.338631
0.245254
0.279040
0.334445
1.695649
0.163258
0.001892
0.001892
0.000000
0.000000
0.006066
0.027196
0.105873
0.234954
0.468584
0.700499
1.191194
1.438932
2.146962
2.377946
2.847810
3.038709
1.737245
0.588443
2.328029
1.290406
0.843706
1.648523
0.595386
0.083177
0.212730
0.063157
0.151529
0.103311
0.046774
0.036258
0.040391
0.002245
0.000000
0.000000
0.000000
0.000000
0.000000
0.000000
0.000000
0.000000
0.000000
0.000000
0.000000
0.000000
0.000000
0.000000
0.000000
0.000000
0.000000
0.000000
0.000000
0.000000
0.031417
0.049715
0.183350
0.468762
0.033747
0.053109
1.457107
2.933951
0.035112
0.000000
0.000000
0.000000
0.000000
0.004418
0.026510
0.101851
0.234772
0.409917
0.415738
0.322811
0.744550
1.812894
2.228785
2.528801
4.015636
3.679755
3.316315
3.916138
2.517928
1.080794
0.269862
0.061896
0.089848
0.186069
0.347440
0.266527
0.205260
0.112513
0.218957
0.457093
0.000000
0.000000
0.000000
0.000000
0.000000
0.000000
0.000000
0.000000
0.000000
0.000000
0.000000
0.000000
0.000000
0.000000
0.000000
0.000014
0.000000
0.000000
0.000000
0.000000
0.000000
0.032919
0.063993
0.340614
0.169790
0.031907
0.095520
0.233740
1.167002
0.038328
0.004713
0.004713
0.000000
0.000000
0.002218
0.024411
0.077212
0.103532
0.093041
0.030498
0.022136
0.028203
0.256788
0.498765
2.639531
4.359487
4.642263
4.799037
4.627884
2.000217
0.424409
0.234276
0.479718
0.543780
0.296653
0.293378
0.374352
0.297742
0.251127
0.749740
1.552922
0.035681
0.000000
0.000000
0.000000
0.000000
0.000000
0.000000
0.000000
0.000000
0.000000
0.000000
0.000000
0.000000
0.000023
0.066430
0.227878
0.012572
0.000013
0.000000
0.000000
0.000010
0.030584
0.036128
0.086580
0.032124
0.032545
0.074454
0.079082
0.551287
0.055732
0.007303
0.007303
0.000000
0.000000
0.000000
0.000000
0.012872
0.000132
0.000000
0.000000
0.000000
0.000000
0.039629
1.071543
1.264604
2.780236
3.918542
4.029065
4.684879
4.342461
1.273119
0.866879
0.273252
0.473399
0.797122
0.816797
0.664020
0.503021
1.364175
2.538716
1.803966
0.197621
0.000000
0.000000
0.000000
0.000000
0.000000
0.000000
0.000000
0.000000
0.000000
0.000000
0.000000
0.010724
0.037994
0.286810
1.286895
0.143310
0.107696
0.011838
0.000000
0.000000
0.010994
0.061306
0.281428
0.251060
0.083878
0.190529
0.296282
0.356076
0.152743
0.000000
0.000000
0.000000
0.000000
0.000000
0.000000
0.000000
0.000000
0.000000
0.000000
0.000000
0.000000
0.073479
0.366234
0.023296
0.934300
1.343734
1.465211
4.550648
3.517445
2.223181
1.619893
0.562118
0.817005
1.265645
1.292405
1.095336
0.942762
2.469569
3.116054
1.756502
0.335691
0.000000
0.000000
0.015688
0.018235
0.000040
0.000000
0.000000
0.000000
0.000000
0.000000
0.000000
0.011268
0.153825
0.522567
1.049079
0.669695
0.547708
0.063370
0.000000
0.000000
0.017306
0.142139
0.936198
0.643685
0.624415
1.109548
0.933732
0.448838
0.858456
0.004441
0.004441
0.000000
0.000000
0.000000
0.000000
0.000000
0.000000
0.000000
0.000000
0.000000
0.000000
0.005006
0.001702
0.025152
0.294230
0.053006
0.424598
4.076592
3.793665
4.159751
2.424662
0.800210
1.490313
1.952081
1.970696
1.842195
1.634787
3.224620
2.828109
1.458545
0.150853
0.004845
0.036613
0.096315
0.047142
0.000134
0.000000
0.000000
0.000897
0.001495
0.000000
0.000000
0.010775
0.117302
0.308665
0.719836
0.095742
0.251097
0.052051
0.003553
0.008329
0.019831
0.086592
1.098978
0.937511
1.785162
2.480463
2.112752
1.517954
2.201055
0.008671
0.008671
0.000000
0.000000
0.000000
0.000000
0.000000
0.000000
0.000000
0.000000
0.000000
0.000000
0.000000
0.000000
0.006626
0.000161
0.124831
0.963343
1.007621
2.921354
3.941514
3.406815
2.433848
2.536323
2.541305
2.573744
2.570878
2.917003
2.575112
2.337132
2.754506
2.259323
0.947657
1.126080
0.377584
0.019275
0.000031
0.000000
0.000000
0.009290
0.020563
0.004451
0.000097
0.012351
1.346337
2.418425
0.044585
0.015117
0.029080
0.044085
0.055085
0.246779
0.127117
0.101077
0.364565
1.036469
1.870998
2.833173
3.380788
3.408404
3.354185
0.000000
0.000000
0.000000
0.000000
0.000000
0.000000
0.000000
0.000000
0.000000
0.000000
0.000000
0.000000
0.000000
0.000000
0.000000
0.006858
0.154984
0.283313
0.854752
1.876921
3.635477
3.723787
3.430907
3.358708
3.273418
3.225050
3.243300
3.410391
2.698945
3.166658
3.825309
3.675867
3.755858
2.565697
0.213882
0.075107
0.019660
0.018483
0.000060
0.016987
0.043612
0.029978
0.000661
0.036443
2.549624
1.818802
0.006728
0.015888
0.081004
0.771473
0.275614
0.684762
1.120836
0.528206
0.825768
2.461589
3.179791
3.289770
3.876510
4.158640
4.386960
0.004721
0.004721
0.000000
0.000000
0.000000
0.000000
0.000000
0.000000
0.000000
0.000000
0.000000
0.000000
0.000000
0.000000
0.000000
0.009863
0.026103
0.051643
0.782933
2.082496
3.454446
3.979944
4.078347
4.066742
4.068339
4.049857
4.002371
4.621283
4.048047
4.285894
4.863682
5.252864
5.662848
5.228134
1.401763
1.322057
1.190613
0.086398
0.004329
0.110619
0.269628
0.236889
0.000447
0.027042
1.849153
4.219860
0.170702
0.110477
0.557289
2.725267
1.285101
1.089003
1.378680
0.922988
1.572630
3.227396
4.346928
4.824190
4.824190
5.457580
5.457580
0.006202
0.006202
0.000000
0.000000
0.000000
0.000000
0.000000
0.000000
0.000000
0.000000
0.000000
0.000000
0.000000
0.000000
0.000000
0.000000
0.000000
0.000000
0.236988
0.732300
1.569364
2.041309
2.423051
1.942916
4.012024
4.583804
5.112252
4.335753
4.142340
4.524947
5.440189
5.772661
5.910093
6.001330
6.121662
6.141959
2.920479
0.162684
0.426810
0.595237
1.823792
2.240366
0.108575
0.453936
3.822567
4.435909
3.186845
3.613094
1.391260
0.506103
1.065634
1.068045
3.520044
3.104008
3.645105
4.057902
4.684566
5.118460
5.428630
5.896310
6.351346
0.000000
0.000000
0.000000
0.000000
0.000000
0.000000
0.000000
0.000000
0.000000
0.000000
0.000000
0.000000
0.000000
0.000000
0.000000
0.000000
0.083458
0.420627
0.732239
0.626192
0.617738
0.991275
2.672875
4.006688
3.780625
2.863420
3.411465
4.048670
5.862770
5.707685
5.684927
6.082284
6.754443
7.480337
5.814702
2.366646
1.058122
1.779800
3.318436
3.258421
0.427054
0.941039
4.882635
5.779986
6.218471
6.899488
2.749274
1.776717
2.877574
2.625090
4.189090
3.966587
4.655471
4.899853
5.506487
6.306810
6.423124
7.981797
8.191196
0.000000
0.000000
0.000000
0.000000
0.000000
0.000000
0.000000
0.000000
0.000000
0.000000
0.000000
0.000000
0.000000
0.000000
0.000000
0.000024
0.026930
0.333303
0.730665
0.828183
0.920802
1.174751
1.797714
1.460917
1.010270
1.748154
2.699167
3.615849
5.792145
5.542561
5.419768
5.749476
7.098717
8.301970
6.914783
4.141443
1.868630
2.480330
3.842108
2.043926
0.799842
2.097250
5.381550
6.257247
7.048331
7.275465
2.038537
0.461717
2.864428
3.427087
4.479375
4.514033
5.298183
5.445124
6.141106
7.033475
7.189261
9.325135
9.481829
0.000000
0.000000
0.000000
0.000000
0.000000
0.000000
0.000000
0.000000
0.000000
0.000000
0.011955
0.099744
0.049788
0.555833
1.185407
1.225488
1.137045
1.360723
1.549348
1.930381
1.719797
2.305000
2.008493
2.516496
3.965892
4.186440
4.308669
4.421268
6.774789
6.677667
4.568170
3.507630
2.877457
3.325510
4.053460
3.426084
1.839301
3.751308
6.413073
6.922947
6.453606
6.326206
2.452049
2.057111
4.730512
4.863364
4.713723
5.051027
5.756484
6.125427
6.801044
7.450489
8.662813
10.460031
11.843331
0.000000
0.000000
0.000000
0.000000
0.000000
0.000000
0.000000
0.000000
0.000000
0.000000
0.004816
0.248829
0.601855
0.796980
1.363471
1.315541
1.484918
1.568035
1.507770
1.435776
1.662340
1.903496
1.945851
2.071020
2.900323
3.043920
2.731164
2.472043
5.670240
7.299606
5.556138
5.846751
4.714165
4.378974
4.678198
4.829060
5.067267
5.609340
6.320026
6.718848
7.349935
7.881721
5.325668
6.203690
7.743650
5.333510
5.627730
5.922780
7.176429
7.372540
7.990349
8.956030
10.238737
12.301175
14.548342
0.000000
0.000000
0.000054
0.165440
1.076330
1.252440
1.491360
1.458238
1.736818
1.811571
1.620022
1.290830
1.462573
1.468364
1.680769
1.875397
2.287427
1.646244
1.170187
0.909245
2.034017
5.878244
7.371796
7.932121
6.418911
5.655792
5.258267
5.684948
5.562259
5.787345
5.980119
5.134580
6.845419
8.576511
9.506379
8.112571
8.376727
6.332340
6.758249
7.388919
7.658715
7.771742
8.409721
9.242540
11.054066
13.867314
16.346014
0.003679
0.001524
0.008005
0.031329
0.559725
1.002765
0.921290
1.220875
1.426849
1.197162
0.684060
0.901634
0.466592
0.324024
0.334831
0.203167
0.173089
0.127314
0.017315
0.000027
0.000043
0.847694
5.673249
7.543524
6.597489
4.870239
4.661325
5.252148
5.834770
5.830049
6.206567
5.161450
4.686035
7.133760
7.470864
7.050716
6.858640
6.532280
6.046776
6.396753
7.328100
7.497718
7.945698
8.740485
11.067608
14.047694
16.966805
0.225136
0.327378
0.683995
0.801012
0.752807
0.944355
0.974898
0.368087
0.023824
0.078929
0.014953
0.011710
0.018483
0.010841
0.001646
0.000041
0.000000
0.000000
0.000130
0.050195
1.547201
4.779668
5.953214
5.268436
5.266258
5.278309
4.909539
5.010145
6.697464
6.263499
3.917590
3.732493
6.660325
6.835984
6.702434
7.003168
5.610629
5.503111
6.708235
6.916352
7.485716
8.397714
10.279116
13.450802
16.466150
0.428235
0.392432
0.684955
0.615831
0.583968
0.716061
0.454469
0.043428
0.000000
0.000000
0.000000
0.000000
0.000000
0.000000
0.000000
0.000000
0.000000
0.000000
0.000000
0.000000
0.010690
0.390017
4.775240
5.493055
5.619255
5.482669
4.419071
4.643573
6.704287
7.148986
5.321493
4.601795
6.375522
6.704825
6.408261
7.091526
5.995510
4.995139
6.187695
6.450950
7.126317
8.059681
9.465066
12.659116
16.136678
0.303818
0.155161
0.133738
0.016956
0.000000
0.000000
0.000000
0.000000
0.000000
0.000000
0.000000
0.000000
0.000000
0.000000
0.000000
0.000000
0.000000
0.000156
0.510875
4.020777
5.683846
6.006807
4.524776
4.157858
5.252691
6.256286
5.521611
4.072820
5.059532
5.238614
4.805734
5.706343
6.272510
5.160678
5.204296
5.579078
6.488165
7.007175
7.777925
9.710084
13.773256
0.201176
0.123947
0.034778
0.011501
0.000000
0.000000
0.000000
0.000000
0.000000
0.000000
0.000000
0.000000
0.000000
0.000000
0.000000
0.000000
0.000000
0.000833
0.745642
3.442800
4.631466
4.973308
5.011107
4.462057
4.701870
4.969204
5.780662
4.683921
4.816745
3.448194
3.722041
6.163937
6.157935
5.564577
5.594989
5.688464
6.202037
6.491536
6.774580
9.081419
12.816109
0.000000
0.000000
0.000000
0.000000
0.000000
0.000000
0.000000
0.000000
0.000000
0.000000
0.000008
0.024877
0.332829
3.140023
4.066501
4.271620
4.394780
4.370040
4.277319
3.826340
4.007581
5.111847
4.338138
4.305923
3.429957
4.341960
6.169536
5.705821
3.833870
4.661980
6.222559
7.312900
4.985124
7.875321
12.891586
0.000000
0.000000
0.000000
0.000000
0.000000
0.000000
0.000000
0.000000
0.000000
0.000000
0.000000
0.020850
0.808274
3.213298
3.950130
4.146240
4.152800
4.616210
3.566895
3.082636
2.879981
2.878069
3.513891
2.551775
2.522087
1.742838
2.124630
3.577921
3.667692
4.260633
6.720542
8.900214
5.296037
7.617594
13.498837
0.000000
0.000000
0.000000
0.000000
0.000000
0.006511
0.909644
3.174303
3.694259
3.835565
3.725261
4.026908
3.367993
3.014324
1.944141
1.178726
0.800316
0.998036
0.478525
0.362788
1.230400
2.173622
3.371728
4.090086
6.660904
9.497837
6.141980
7.528925
14.190086
0.000000
0.000000
0.000000
0.000000
0.000000
0.001581
1.588787
3.245171
3.525519
3.622463
3.402725
3.333443
3.155426
2.932755
1.571833
0.671561
0.256615
0.286457
0.343004
0.317174
0.638959
1.097566
2.827981
4.094312
6.611552
9.823324
6.807412
7.097926
14.715136
2.521038
2.973959
3.132000
3.279907
2.629865
1.922658
1.687528
1.143117
0.545889
0.134650
0.221676
0.215533
0.260072
0.337269
0.428787
0.652838
0.808233
2.912379
6.098928
10.017837
8.740665
6.831524
12.983839
19.214350
19.596609
2.537036
2.743855
2.823287
2.862864
2.628786
1.956597
1.244444
0.570561
0.182975
0.072217
0.113167
0.187949
0.211442
0.191271
0.241910
0.393837
0.740509
1.574977
5.351154
9.589853
10.235019
7.099225
13.306219
19.073945
20.522706
2.516189
2.541120
2.687790
2.685877
0.488384
0.084219
0.038024
0.036303
0.048669
0.087585
0.212091
0.290379
0.307027
0.345229
1.035042
3.036621
6.582496
11.005227
10.925152
7.684151
11.313792
15.583314
19.575505
2.187053
2.311892
2.451374
2.431357
0.392718
0.018676
0.029372
0.034674
0.036074
0.034176
0.085873
0.230782
0.551192
0.880919
3.042997
8.772391
13.823667
16.223377
11.410083
8.764474
9.856830
15.565916
20.487245
2.081971
2.031400
0.779218
0.093554
0.006907
0.013975
0.031400
0.032450
0.032385
0.037170
0.100900
0.193874
1.448312
9.655305
16.870933
17.836605
12.810147
11.541308
10.987936
14.940312
20.098806
21.197425
21.738122
1.652766
1.286066
0.811780
0.211126
0.023324
0.000000
0.009918
0.021083
0.030336
0.036494
0.048979
0.101658
1.223275
7.239102
15.606783
17.121280
10.885416
9.709353
12.606913
18.356800
27.337811
32.698856
44.683200
0.028777
0.040236
0.067618
0.161342
0.304091
0.541524
2.330334
6.075429
10.204891
13.620550
8.407619
10.681339
13.622519
21.868373
33.930483
48.144537
78.220406
