0.000000
2.213909
1.768325
0.391856
5.028150
6.625438
3.186423
6.290557
0.000000
0.976157
2.489131
1.124512
2.738883
3.531805
3.482164
6.094421
2.326173
0.528444
1.793340
2.193319
6.984349
2.930726
5.871889
4.331148
0.502766
2.329734
0.000000
2.822983
4.558246
5.157334
2.466389
5.796379
2.743906
1.922147
1.455436
3.954478
7.011370
5.643110
5.864320
5.754606
0.943664
0.402046
2.317988
0.432319
7.300920
3.381714
7.530485
3.427614
1.482990
2.529673
2.260786
1.398567
5.532850
6.071351
5.702376
3.320689
0.046762
2.154007
1.723301
0.183510
3.676120
5.439305
4.476949
4.793661
9.619144
16.055798
11.756394
12.462598
27.232461
17.702048
22.135616
29.770348
9.984833
8.671190
13.392517
10.814675
16.992581
27.830355
28.192369
27.199555
9.285139
15.147738
9.340405
12.261638
25.128428
37.204163
46.646288
22.387181
8.130646
18.244981
7.755591
9.442319
23.352938
29.876281
21.530866
31.204325
13.954891
11.369023
9.366219
11.661656
27.546138
20.686638
19.582998
30.690238
11.611033
8.683311
11.436063
9.037254
24.021250
26.612431
20.360192
33.658988
13.168631
10.896141
8.513408
13.177370
35.000125
24.912278
30.815194
15.080394
7.795111
14.927725
10.653600
11.610569
42.178938
16.463659
19.113170
25.774627
0.000000
0.006267
0.777246
0.000083
3.470539
2.202582
3.187889
3.955073
0.000000
0.350787
0.000000
0.254897
1.602596
3.626889
2.719477
4.180468
1.931189
0.000000
0.113424
2.213091
3.612524
5.694756
2.120562
2.624612
0.042728
0.392282
0.001573
0.000000
2.972985
3.294097
3.681730
2.079736
0.611874
0.000000
0.078124
1.467222
5.256843
2.792764
4.439603
1.921004
0.729040
0.000000
1.876592
0.000000
2.639688
4.002099
2.422820
2.977694
0.530956
0.000000
0.757778
0.084918
5.800069
3.075725
1.406837
4.051134
0.000000
0.167483
0.256054
0.000000
2.429405
4.001633
1.668844
4.069490
7.339110
9.793725
11.312513
6.280916
16.186506
25.758322
22.510827
20.391100
4.012394
7.692294
8.039340
8.641138
25.057791
12.356725
28.026669
11.140069
8.311923
8.559501
7.335534
8.474926
16.436978
29.134081
19.911294
17.165553
8.883653
4.476141
12.248117
5.136998
23.168992
18.461447
12.912567
28.746259
8.331581
16.060475
12.758275
8.474371
20.549078
23.238402
20.145263
32.714828
7.190204
11.011138
6.812925
8.949855
18.315688
30.147314
13.812450
23.050467
11.524675
7.641881
9.194766
8.763290
16.567164
28.618388
24.421253
24.743041
10.294788
6.600580
8.226599
5.886409
15.191661
22.263709
20.127852
26.180889
3.726408
0.170709
0.000000
2.892911
6.620950
3.347354
6.677666
2.482070
0.049022
1.317236
0.234772
2.367768
3.582264
2.888533
5.616173
5.187876
0.010278
4.918178
0.027308
4.987365
6.220373
3.260500
2.068080
7.953178
3.330344
0.000000
0.040173
2.439095
5.214450
3.334069
3.987175
4.426385
0.151703
1.089238
2.329206
3.786412
3.147353
6.315018
5.052443
3.535194
0.000000
3.928522
0.421529
0.768569
6.422262
3.921751
2.449265
4.539658
2.378759
0.566025
0.154852
0.964398
2.710388
8.901143
5.669269
4.330789
0.432251
3.851123
0.984569
0.006981
7.210996
0.703513
6.081136
4.917121
9.207195
14.510155
12.979377
7.873682
24.195864
52.588925
24.578931
32.691005
11.042022
10.294363
14.810277
7.999963
23.211186
25.582916
28.103517
21.601881
6.807348
16.419591
15.434370
6.385063
30.891923
20.626247
20.012325
42.318263
7.855498
9.430294
14.603828
6.236276
14.078727
41.178288
42.917788
13.053469
11.148088
10.884600
9.471725
9.197630
21.324014
28.873884
22.626491
46.405300
11.530658
10.129181
13.485109
5.853389
29.646513
27.760077
20.418697
37.187137
11.341338
19.108692
10.653113
6.350551
18.982738
26.812013
40.254725
21.748413
7.490800
15.190722
11.033931
9.812069
12.810273
31.685855
24.530663
49.928363
0.000000
0.384014
0.000176
1.406461
5.596641
1.098300
3.554416
3.723373
0.000000
1.995874
0.000000
0.000000
2.482367
4.380208
2.352005
1.062049
0.000000
1.098330
0.000000
0.916329
3.731500
4.554061
1.217276
3.242483
0.000000
0.000000
0.186972
2.638311
3.782771
1.774206
2.804565
1.420863
0.394272
0.412119
0.000000
2.526246
2.974030
3.219280
3.470956
4.173440
0.287776
0.000000
0.000000
0.031062
2.823944
3.380229
3.792761
3.774784
2.211398
0.000000
0.378781
0.000000
6.843589
0.670768
4.256824
0.932896
0.000000
0.353257
0.000000
0.000476
1.758189
3.908859
2.381670
3.166828
8.065704
11.956738
6.243488
12.734453
14.999272
25.318000
22.468963
41.386655
10.912625
6.853349
6.284280
6.497383
26.361256
11.945963
25.376525
10.528000
5.975587
18.036550
10.263669
3.576426
47.521086
14.372248
16.707250
24.034317
6.285883
6.169205
4.300116
12.526338
16.116917
14.636573
18.357558
28.221230
7.751976
12.339814
9.173077
9.423456
16.995414
20.878269
15.567206
44.188638
13.194564
5.829488
6.101609
8.743606
20.095500
16.157180
17.913327
36.810813
8.099264
10.525363
7.758739
9.387585
21.182147
21.000041
18.074520
32.708869
10.340813
7.097112
3.613205
12.523763
18.302452
21.728014
21.065353
16.966359
2.050251
2.074916
0.272363
2.799248
3.287659
6.763327
7.544066
4.074155
0.475201
3.690698
0.129343
0.545735
4.896460
3.900969
3.717003
5.701786
0.217286
2.168340
2.538239
2.472079
4.732073
4.978060
6.903205
3.723311
0.000000
2.582278
0.442287
2.275976
4.546925
3.718515
2.420287
5.822085
1.888362
2.795726
2.612268
0.676674
4.570715
5.828681
6.947029
4.606574
1.485101
0.846004
1.317628
0.725189
5.235096
4.472688
2.444515
7.882099
4.307758
0.889479
3.341723
0.348314
7.326361
3.832861
5.367880
3.945495
0.115172
1.945480
0.000000
3.583210
2.420897
4.798456
3.411656
5.100733
12.056069
10.695338
11.537958
10.509625
51.401775
21.773803
25.383894
21.456548
12.725980
7.723265
12.356386
8.686924
23.050252
27.752888
33.098311
17.889408
12.361006
8.806946
8.250338
11.496744
18.064997
28.100728
26.347402
36.770634
13.394264
7.967130
11.123963
7.623466
15.689583
49.490938
23.356017
29.617288
8.884070
15.476888
8.992503
15.636397
19.854320
35.903725
25.564600
26.664588
8.209604
9.797149
7.795964
13.153275
49.302163
22.340233
26.773913
38.012550
11.739934
10.081781
11.390038
15.435983
29.545253
19.541561
17.947442
51.437325
12.949225
10.308286
9.188415
8.708809
22.435875
56.283613
22.638347
25.794913
0.000000
0.864987
0.021343
1.541645
2.790848
3.651029
2.548348
4.251466
0.019645
0.000000
0.000000
1.064198
4.297232
3.014525
1.327544
2.833880
0.180338
0.908187
0.000000
0.002664
6.905679
2.586914
4.297784
1.610786
0.000000
1.388584
0.000000
0.000203
3.709686
3.026538
2.201853
3.723722
1.198054
0.172389
0.317548
2.296921
3.979050
3.270031
2.944215
4.161123
0.000000
0.129615
1.138988
0.000000
4.553248
2.955677
2.424251
3.063180
0.713853
1.345030
0.000000
1.337756
4.441330
1.156350
4.564308
2.946793
0.000000
1.253756
0.000000
0.000000
4.406928
0.838842
3.080016
3.103409
8.808026
4.126273
11.812875
5.947060
23.894747
22.912194
24.153594
21.751211
5.435549
11.355150
3.905618
8.750459
41.018550
21.793661
15.310644
30.651438
6.575996
15.408995
7.889011
8.002936
29.253545
28.049938
14.618469
26.219441
5.880889
9.399713
5.580036
9.995688
21.357156
15.788408
19.957058
30.624031
9.704703
9.207156
6.291087
9.072128
16.241358
40.552688
22.887588
17.545328
5.222278
8.101699
11.482388
5.735113
13.109438
23.978144
13.232825
38.744572
13.995753
7.611374
6.653217
11.903088
22.534825
23.763506
26.400422
29.514480
10.690225
4.721850
5.730746
6.402528
21.011817
20.024367
32.178900
18.445705
0.494480
4.206181
1.271317
0.925906
8.309211
5.010503
5.559483
2.271417
0.478260
0.143295
0.681518
3.688290
3.062416
3.571431
5.742912
2.879825
0.218001
5.567523
0.000000
3.022710
1.830590
6.778527
2.586942
6.745253
0.087624
0.617671
2.981236
0.007276
4.603089
0.421734
4.323217
3.889059
0.171018
0.811495
4.151271
1.813944
8.512953
1.185957
6.743022
5.368486
1.664897
3.010605
0.037352
1.541297
4.218554
8.512074
2.546583
4.361305
2.062528
2.247597
4.288004
0.016576
3.062875
5.647298
2.760412
10.943013
4.087418
0.315244
1.714627
0.149721
4.735705
4.359195
4.737814
3.689748
7.357239
11.955598
8.477489
15.764438
45.222438
15.630127
19.242909
36.925239
8.623786
13.176116
7.717565
9.302888
29.985686
25.496538
40.792913
18.684963
6.555413
14.209761
9.480317
12.750470
51.169850
13.275608
27.359386
20.684155
15.392592
4.897158
11.393953
9.859425
20.434267
43.337386
45.261200
12.680088
11.889906
7.915668
11.500525
13.269161
24.557583
22.575292
17.692819
39.965812
14.080838
10.549680
5.659536
10.843613
18.145927
47.652255
26.734116
13.217247
8.049728
12.949936
6.688974
20.579016
22.161956
42.662275
33.456053
23.857623
5.817509
17.848277
11.851003
8.994828
60.241138
13.642298
28.873822
36.303406
0.000000
1.950983
2.588055
0.000000
2.998373
1.334253
1.492095
4.832495
1.699489
0.000000
0.000000
0.239917
1.865838
4.253999
3.904889
0.770996
0.108852
0.032808
2.189374
0.000000
4.567929
1.476032
3.641725
1.031566
0.000000
2.048802
0.014171
0.562770
1.288678
4.863039
1.595140
2.972829
0.000000
3.248061
0.013399
0.000000
1.004368
5.133407
2.410199
6.246419
0.173636
0.000113
0.000000
0.000000
1.539655
3.481513
3.531606
2.764827
0.833976
1.277089
0.208028
0.000000
3.231604
0.568437
4.506708
4.014023
0.148920
2.275958
0.055486
0.000000
1.114409
1.279771
3.219903
3.635999
7.671435
8.421774
9.697025
9.589600
13.902428
31.832363
20.350780
37.175025
11.971538
6.513118
9.550275
4.128765
22.320930
19.508175
13.843573
15.783105
9.906175
6.076938
6.875066
6.645816
18.612711
23.167420
56.451175
13.196700
4.572569
13.556088
7.574498
3.943643
12.822138
17.445041
29.571278
14.368556
7.817107
9.048399
7.224096
10.604286
25.382628
42.015742
12.521561
31.637689
10.120644
5.211623
8.043585
7.497550
18.448700
17.604872
19.354047
32.007416
6.803334
12.314563
9.672306
7.557379
20.878184
20.361419
29.820166
25.193677
4.247470
14.542825
7.099399
7.035899
19.012581
30.213200
23.061738
22.187170
0.000000
0.000000
0.000000
0.361486
0.000000
0.000000
0.000000
0.000000
0.054024
0.002099
0.000000
0.000000
0.000000
0.000000
0.000000
0.000000
0.000000
0.561959
0.000000
0.000000
0.000000
0.000000
0.000000
0.000000
0.000000
0.000000
0.962453
0.000000
0.000000
0.000000
0.000000
0.000000
0.000000
0.000000
0.102619
0.000000
0.000000
0.000000
0.000000
0.000000
0.000000
0.002908
0.000000
0.000000
0.000000
0.000000
0.000000
0.000000
0.000314
0.000000
0.000000
0.004196
0.000000
0.000000
0.000000
0.000000
0.001760
0.000000
0.000000
0.000000
0.000000
0.000000
0.000000
0.000000
0.000000
0.000000
0.000000
0.000000
0.000000
0.000000
0.000000
0.000000
0.000000
0.000000
0.000000
0.000000
0.000000
0.000000
0.000000
0.000000
0.000000
0.000000
0.000000
0.000000
0.000000
0.000000
0.000000
0.000000
0.000000
0.000000
0.000000
0.000000
0.000000
0.000000
0.000000
0.000000
0.000000
0.000000
0.000000
0.000000
0.000000
0.000000
0.000000
0.000000
0.000000
0.000000
0.000000
0.000000
0.000000
0.000000
0.000000
0.000000
0.000000
0.000000
0.000000
0.000000
0.000000
0.000000
0.000000
0.000000
0.000000
0.000000
0.000000
0.000000
0.000000
0.000000
0.000000
0.000000
0.000000
0.000000
0.000000
0.000000
0.000000
0.000000
0.000000
0.000000
0.000000
0.000000
0.000000
0.000000
0.000000
0.000000
0.000000
0.000000
0.000000
0.000000
0.000000
0.000000
0.000000
0.000000
0.000000
0.000000
0.000000
0.000000
0.000000
0.000000
0.000000
0.000000
0.000000
0.000000
0.000000
0.000000
0.000000
0.000000
0.000000
0.000000
0.000000
0.000000
0.000000
0.000000
0.000000
0.000000
0.000000
0.000000
0.000000
0.000000
0.000000
0.078153
0.000000
0.000000
0.000000
0.000000
0.000000
0.000000
0.000000
0.000000
0.000000
0.000000
0.000000
0.000000
0.000000
0.000000
0.000000
0.000000
0.000000
0.000000
0.000000
0.000000
0.000000
0.000000
0.000000
0.000000
0.000000
0.000000
0.000000
0.000000
0.000000
0.000000
0.000000
0.000000
0.000000
0.000000
0.000000
0.000000
0.000000
0.000000
0.000000
0.000000
0.000000
0.000000
0.000000
0.000000
0.000000
0.000000
0.000000
0.000000
0.000000
0.000000
0.000000
0.000000
0.000000
0.000000
0.000000
0.000000
0.000000
0.000000
0.000000
0.000000
0.000000
0.000000
0.000000
0.000000
0.000000
0.000000
0.000000
0.000000
0.000000
0.000000
0.000000
0.000000
0.000000
0.000000
0.000000
0.000000
0.000000
0.000000
0.000000
0.875260
1.681360
0.000000
0.000000
0.000000
0.000000
0.000000
0.000000
0.000000
0.000000
0.000000
0.000000
0.000000
0.000000
0.000000
1.698365
0.000000
1.808970
0.000000
0.000000
0.000000
0.000000
0.000000
0.000000
1.555140
0.000000
0.000000
0.000000
0.000000
0.000000
0.000000
1.435410
0.000000
0.000000
0.000000
0.000000
0.000000
0.000000
0.000000
0.257813
0.000000
0.008626
0.000000
0.000000
0.000000
0.000000
0.000000
0.000000
0.000000
0.956350
0.000000
0.000000
0.000000
0.000000
0.000000
0.000000
0.000000
0.000000
0.000000
0.000000
0.000000
0.000000
0.000000
0.000000
0.000000
0.000000
0.000000
0.000000
0.000000
0.000000
0.000000
0.000000
0.000000
0.000000
0.000000
0.000000
0.000000
0.000000
0.000000
0.000000
0.000000
0.000000
0.000000
0.000000
0.000000
0.000000
0.000000
0.000000
0.000000
0.000000
0.000000
0.000000
0.000000
0.000000
0.000000
0.000000
0.000000
0.000000
0.000000
0.000000
0.000000
0.000000
0.000000
0.000000
0.000000
0.000000
0.000000
0.000000
0.000000
0.000000
0.000000
0.000000
0.000000
0.000000
0.000000
0.000000
0.000000
0.000000
0.000000
0.000000
0.000000
0.000000
0.000000
0.000000
0.000000
0.000000
0.000000
0.000000
0.000000
0.000000
0.000000
0.000000
0.000000
0.000000
0.000000
0.000000
0.000000
0.000000
0.000000
0.000000
0.000000
0.000000
0.000000
0.000000
0.000000
0.000000
0.000000
0.000000
0.000000
0.000000
0.000000
0.000000
0.000000
0.000000
0.000000
0.000000
0.000000
0.000000
0.000000
0.000000
0.000000
0.175258
0.000000
0.000000
0.000000
0.000000
0.000000
0.000000
0.000000
0.000000
0.000000
0.000000
0.000000
0.000000
0.000000
0.000000
0.000000
0.000000
0.000000
0.000000
0.000000
0.000000
0.000000
0.000000
0.000000
0.000000
0.000000
0.000000
0.000000
0.000000
0.000000
0.000000
0.000000
0.000000
0.000000
0.000000
0.000000
0.000000
0.000000
0.000000
0.000000
0.000000
0.000000
0.000000
0.000000
0.000000
0.000000
0.000000
0.000000
0.000000
0.000000
0.000000
0.000000
0.000000
0.000000
0.000000
0.000000
0.000000
0.000000
0.000000
0.000000
0.000000
0.000000
0.000000
0.000000
0.000000
0.000000
0.000000
0.000000
0.000000
0.000000
0.000000
0.000000
0.000000
0.000000
0.000000
0.000000
0.000000
0.000000
0.000000
0.000000
0.000000
0.000000
0.000000
0.000000
0.000000
0.000000
0.000000
0.000000
0.000000
0.000000
0.000000
0.000000
0.000000
0.000000
0.000000
0.000000
0.637896
0.000000
0.000000
0.000000
0.000000
0.000000
0.000000
0.000000
0.081040
0.000000
0.000000
0.000000
0.000000
0.000000
1.004966
0.000000
0.000000
0.000000
0.000000
0.000000
0.000000
0.000000
0.007007
0.000000
0.130362
0.000000
0.000000
0.000000
0.000000
0.000000
0.000000
0.000000
0.000000
0.184670
0.000000
0.000000
0.000000
0.000000
0.000000
0.000000
0.000000
0.000000
0.000000
0.000000
0.000000
0.000000
0.000000
0.000000
0.000000
0.395513
0.000000
0.000000
0.000000
0.000000
0.000000
0.000000
1.358469
0.000000
0.000000
0.000000
0.000000
0.000000
0.000000
0.000000
0.000000
0.000000
0.000000
0.000000
0.000000
0.000000
0.000000
0.000000
0.000000
0.000000
0.000000
0.000000
0.000000
0.000000
0.000000
0.000000
0.000000
0.000000
0.000000
0.000000
0.000000
0.000000
0.000000
0.000000
0.000000
0.000000
0.000000
0.000000
0.000000
0.000000
0.000000
0.000000
0.000000
0.000000
0.000000
0.000000
0.000000
0.000000
0.000000
0.000000
0.000000
0.000000
0.000000
0.000000
0.000000
0.000000
0.000000
0.000000
0.000000
0.000000
0.000000
0.000000
0.000000
0.000000
0.000000
0.000000
0.000000
0.000000
0.000000
0.000000
0.000000
0.000000
0.000000
0.000000
0.000000
0.000000
0.000000
0.000000
0.000000
0.000000
0.000000
0.000000
0.000000
0.000000
0.000000
0.000000
0.000000
0.000000
0.000000
0.000000
0.000000
0.000000
0.000000
0.000000
0.000000
0.000000
0.000000
0.000000
0.000000
0.000000
0.000000
0.000000
0.000000
0.000000
0.000000
0.000000
0.000000
0.000000
0.000000
0.000000
0.000000
0.000000
0.000000
0.000000
0.000000
0.000000
0.000000
0.000000
0.000000
0.000000
0.000000
0.000000
0.003021
0.000000
0.000000
0.000000
0.000000
0.000000
0.000000
0.000000
0.000000
0.000000
0.000000
0.000000
0.000000
0.000000
0.000000
0.000000
0.000000
0.000000
0.000000
0.000000
0.000000
0.000000
0.000000
0.000000
0.000000
0.000000
0.000000
0.000000
0.000000
0.000000
0.000000
0.000000
0.000000
0.000000
0.000000
0.000000
0.000000
0.000000
0.000000
0.000000
0.000000
0.000000
0.000000
0.000000
0.000000
0.000000
0.000000
0.000000
0.000000
0.000000
0.000000
0.000000
0.000000
0.000000
0.000000
0.000000
0.000000
0.000000
0.000000
0.000000
0.000000
0.000000
0.000000
0.000000
0.000000
0.000000
0.000000
0.000000
0.000000
0.000000
0.000000
0.000000
0.000000
0.000000
0.000000
0.000000
0.000000
0.000000
0.320211
0.000000
0.080209
0.033737
0.000000
0.000000
0.000000
0.000000
0.000000
0.429202
0.000000
0.000000
0.000000
0.000000
0.000000
0.000000
0.199485
0.000000
2.057670
0.000000
0.000000
0.000000
0.000000
0.000000
0.000000
0.000000
0.000000
0.061355
0.000000
0.000655
0.000000
0.000000
1.439836
0.332562
0.000000
0.000000
0.000000
0.000000
0.000000
0.000000
0.000000
0.000000
0.140216
0.000000
0.000000
0.000000
0.000000
0.000000
0.000000
0.000000
0.000000
1.876771
0.000000
0.000000
0.000000
0.000000
0.000000
0.000000
0.000000
0.001596
0.000000
0.000000
0.000000
0.000000
0.000000
0.000000
0.000000
0.000000
0.000000
0.000000
0.000000
0.000000
0.000000
0.000000
0.000000
0.000000
0.000000
0.000000
0.000000
0.000000
0.000000
0.000000
0.000000
0.000000
0.000000
0.000000
0.000000
0.000000
0.000000
0.000000
0.000000
0.000000
0.000000
0.000000
0.000000
0.000000
0.000000
0.000000
0.000000
0.000000
0.000000
0.000000
0.000000
0.000000
0.000000
0.000000
0.000000
0.000000
0.000000
0.000000
0.000000
0.000000
0.000000
0.000000
0.000000
0.000000
0.000000
0.000000
0.000000
0.000000
0.000000
0.000000
0.000000
0.000000
0.000000
0.000000
0.000000
0.000000
0.000000
0.000000
0.000000
0.000000
0.000000
0.000000
0.000000
0.000000
0.000000
0.000000
0.000000
0.000000
0.000000
0.000000
0.000000
0.000000
0.000000
0.000000
0.000000
0.000000
0.000000
0.000000
0.000000
0.000000
0.000000
0.000000
0.000000
0.000000
0.000000
0.000000
0.000000
0.000000
0.000000
0.000000
0.000000
0.000000
0.000000
0.000000
0.000000
0.000000
0.000000
0.000000
0.000000
0.000000
0.000000
0.000000
0.000000
0.000000
0.000000
0.000000
0.000000
0.000000
0.000000
0.000000
0.000000
0.000000
0.000000
0.000000
0.000000
0.000000
0.000000
0.000000
0.000000
0.000000
0.000000
0.000000
0.000000
0.000000
0.000000
0.000000
0.000000
0.000000
0.000000
0.000000
0.000000
0.000000
0.000000
0.000000
0.000000
0.000000
0.000000
0.000000
0.000000
0.000000
0.000000
0.000000
0.000000
0.000000
0.000000
0.000000
0.000000
0.000000
0.000000
0.000000
0.000000
0.000000
0.000000
0.000000
0.000000
0.000000
0.000000
0.000000
0.000000
0.000000
0.000000
0.000000
0.000000
0.000000
0.000000
0.000000
0.000000
0.000000
0.000000
0.000000
0.000000
0.000000
0.000000
0.000000
0.000000
0.000000
0.000000
0.000000
0.000000
0.000000
0.000000
0.000000
0.000000
0.000000
