0.000000
0.000000
0.000000
0.000000
0.000000
0.000000
0.000000
0.000000
0.000000
0.000000
0.000000
0.000000
0.000000
0.000000
0.000000
0.000000
0.000000
0.000000
0.000000
0.000000
0.000000
0.000000
0.000000
0.000000
0.000000
0.000000
0.000000
0.000000
0.000000
0.000000
0.000000
0.000000
0.000000
0.000000
0.000000
0.000000
0.000000
0.000000
0.000000
0.000000
0.000000
0.000000
0.000000
0.000000
0.000000
0.000000
0.000000
0.000000
0.000000
0.000000
0.000000
0.000000
0.000000
0.000000
0.000000
0.000000
0.000000
0.000000
0.000000
0.000000
0.000000
0.000000
0.000000
0.000000
0.000000
0.000000
0.000000
0.000000
0.000000
0.000000
0.000000
0.000000
0.000000
0.000000
0.000000
0.000000
0.000000
0.000000
0.000000
0.000000
0.000000
0.000000
0.000000
0.000000
0.000000
0.000000
0.000000
0.000000
0.000000
0.000000
0.000000
0.000000
0.000000
0.000000
0.000000
0.000000
0.000000
0.000000
0.000000
0.000000
0.000000
0.000000
0.000000
0.000000
0.000000
0.000000
0.000000
0.000000
0.000000
0.000000
0.000000
0.000000
0.000000
0.000000
0.000000
0.000000
0.000000
0.000000
0.000000
0.000000
0.000000
0.000000
0.000000
0.000000
0.000000
0.000000
0.000000
0.000000
0.000000
0.000000
0.000000
0.000000
0.000000
0.000000
0.000000
0.000000
0.000000
0.000000
0.000000
0.000000
0.000000
0.000000
0.000000
0.000000
0.000000
0.000000
0.000000
0.000000
0.000000
0.000000
0.000000
0.000000
0.000000
0.000000
0.000000
0.000000
0.000000
0.000000
0.000000
0.000000
0.000000
0.000000
0.000000
0.000000
0.000000
0.000000
0.000000
0.000000
0.000000
0.000000
0.000000
0.000000
0.000000
0.000000
0.000289
0.000289
0.000000
0.000000
0.000000
0.000000
0.000000
0.000000
0.000000
0.000000
0.000000
0.000000
0.000000
0.000000
0.000000
0.000000
0.000000
0.000000
0.000000
0.000000
0.000000
0.000000
0.000000
0.000000
0.000000
0.000000
0.000000
0.000000
0.000000
0.000000
0.000000
0.000274
0.000274
0.000000
0.000000
0.000000
0.000000
0.000000
0.000000
0.000000
0.000000
0.000000
0.000000
0.000000
0.000000
0.000000
0.000000
0.000000
0.000000
0.000000
0.000000
0.000000
0.000000
0.000000
0.000000
0.000000
0.000000
0.000000
0.000000
0.000000
0.000000
0.000000
0.000000
0.000000
0.000000
0.000000
0.000000
0.000000
0.000000
0.000000
0.000000
0.000000
0.000000
0.000000
0.000000
0.000000
0.000000
0.000000
0.000000
0.000000
0.000000
0.000000
0.000000
0.000000
0.000000
0.000000
0.000000
0.000000
0.000000
0.000000
0.000000
0.000000
0.000000
0.000000
0.000000
0.000000
0.000000
0.000409
0.000409
0.000000
0.000000
0.000000
0.000000
0.000000
0.000000
0.000000
0.000000
0.000000
0.000000
0.000000
0.000000
0.000000
0.000000
0.000000
0.000000
0.000000
0.000000
0.000000
0.000000
0.000000
0.000000
0.000000
0.000000
0.000000
0.000000
0.000000
0.000000
0.000000
0.000000
0.000000
0.000000
0.000000
0.000452
0.000452
0.000000
0.000000
0.000000
0.000000
0.000000
0.000000
0.000000
0.000000
0.000000
0.000000
0.000000
0.000000
0.000000
0.000000
0.000000
0.000000
0.000000
0.000000
0.000000
0.000000
0.000000
0.000000
0.000000
0.000000
0.000000
0.000000
0.000000
0.000000
0.000000
0.000000
0.000000
0.000000
0.000000
0.000000
0.000000
0.000000
0.000000
0.000000
0.000000
0.000000
0.000000
0.000000
0.000000
0.000000
0.000000
0.000000
0.000000
0.000000
0.000000
0.000000
0.000000
0.000000
0.000000
0.000000
0.000000
0.000000
0.000000
0.000000
0.000000
0.000000
0.000000
0.000000
0.000000
0.000000
0.000000
0.000000
0.000000
0.000000
0.000000
0.000000
0.000000
0.000000
0.000471
0.000471
0.000000
0.000000
0.000000
0.000000
0.000000
0.000000
0.000000
0.000000
0.000000
0.000000
0.000000
0.000000
0.000000
0.000000
0.000000
0.000000
0.000000
0.000000
0.000000
0.000000
0.000000
0.000000
0.000000
0.000000
0.000000
0.000000
0.000000
0.000000
0.000000
0.000000
0.000000
0.000000
0.000000
0.000000
0.000000
0.000000
0.000000
0.000764
0.000764
0.000000
0.000000
0.000000
0.000000
0.000000
0.000000
0.000000
0.000000
0.000000
0.000000
0.000000
0.000000
0.000000
0.000000
0.000000
0.000000
0.000000
0.000000
0.000000
0.000000
0.000000
0.000000
0.000000
0.000000
0.000000
0.000000
0.000000
0.000000
0.000000
0.000000
0.000000
0.000000
0.000000
0.000000
0.000000
0.000000
0.000000
0.000000
0.000000
0.000000
0.000000
0.000000
0.000000
0.000000
0.000000
0.000000
0.000000
0.000000
0.000000
0.000000
0.000000
0.000000
0.006832
0.000000
0.000000
0.000000
0.000000
0.000000
0.000000
0.000000
0.000000
0.000000
0.000000
0.000000
0.000000
0.000000
0.000000
0.000000
0.000000
0.000000
0.000000
0.000000
0.000000
0.000000
0.000000
0.000000
0.000000
0.000000
0.000000
0.000000
0.000408
0.000408
0.000000
0.000000
0.000000
0.000000
0.000000
0.000000
0.000000
0.000000
0.000000
0.000000
0.009868
0.033679
0.005128
0.003910
0.000022
0.000000
0.000001
0.000000
0.000000
0.000000
0.000000
0.002301
0.005434
0.028081
0.001871
0.000000
0.000000
0.000000
0.000000
0.000000
0.000000
0.000000
0.000000
0.000000
0.000000
0.000000
0.000000
0.000000
0.000000
0.000000
0.000000
0.000000
0.000000
0.000000
0.000000
0.000000
0.000000
0.000000
0.000000
0.000000
0.031953
0.034226
0.037291
0.045586
0.052561
0.109486
0.035063
0.145626
0.001536
0.000816
0.000816
0.000000
0.000000
0.000000
0.000000
0.000000
0.000000
0.000000
0.000000
0.000000
0.000000
0.028886
0.067741
0.233675
0.281740
0.088157
0.016078
0.114120
0.038103
0.000023
0.000000
0.000000
0.020921
0.034657
0.033010
0.033063
0.022171
0.003796
0.007477
0.003193
0.000000
0.000000
0.000000
0.000000
0.000000
0.000000
0.000000
0.000000
0.000000
0.000000
0.000000
0.000000
0.000000
0.000000
0.000000
0.000000
0.000000
0.000000
0.000000
0.000000
0.000000
0.030421
0.044443
0.045318
0.051950
0.034637
0.039221
0.169486
0.439690
0.026351
0.000000
0.000000
0.000000
0.000000
0.000000
0.000000
0.000000
0.000000
0.000000
0.000000
0.000000
0.000000
0.024142
0.055016
0.193999
0.566120
0.480127
0.373644
0.328803
0.056503
0.002686
0.000000
0.000000
0.021461
0.037949
0.057529
0.034222
0.033182
0.029919
0.042734
0.051467
0.000000
0.000000
0.000000
0.000000
0.000000
0.000000
0.000000
0.000000
0.000000
0.000000
0.000000
0.000000
0.000000
0.000000
0.000000
0.000015
0.000000
0.000000
0.000000
0.000000
0.000000
0.020453
0.041560
0.045280
0.035179
0.026322
0.060466
0.039574
0.104766
0.036528
0.002401
0.002401
0.000000
0.000000
0.000000
0.000000
0.000000
0.000000
0.000000
0.000000
0.000000
0.000000
0.005865
0.027674
0.276050
0.700201
0.930841
0.913949
0.576950
0.072709
0.038609
0.043361
0.058721
0.089247
0.057011
0.046931
0.051025
0.034409
0.042172
0.212036
0.542611
0.021116
0.000000
0.000000
0.000000
0.000000
0.000000
0.000000
0.000000
0.000000
0.000000
0.000000
0.000000
0.000011
0.000049
0.031604
0.119534
0.007556
0.000010
0.000000
0.000000
0.000000
0.019895
0.035971
0.035950
0.022015
0.029053
0.037160
0.037360
0.047816
0.038332
0.005163
0.005163
0.000000
0.000000
0.000000
0.000000
0.000000
0.000000
0.000000
0.000000
0.000000
0.000000
0.011454
0.037899
0.063663
0.385287
0.520488
0.697400
1.143007
0.779132
0.061321
0.097944
0.045398
0.109579
0.209228
0.206306
0.137154
0.069053
0.366597
0.964440
0.621519
0.026077
0.000000
0.000000
0.000000
0.000000
0.000000
0.000000
0.000000
0.000000
0.000000
0.000000
0.000000
0.032770
0.033543
0.084397
0.783146
0.100925
0.080576
0.012565
0.000000
0.000000
0.000053
0.011583
0.039953
0.039510
0.034563
0.036693
0.046393
0.040855
0.040061
0.000000
0.000000
0.000000
0.000000
0.000000
0.000000
0.000000
0.000000
0.000000
0.000000
0.000000
0.000000
0.005168
0.012762
0.002368
0.051023
0.086586
0.146140
1.362109
0.935868
0.640723
0.359813
0.108945
0.208031
0.358820
0.364730
0.273885
0.185556
0.619439
1.119450
0.774236
0.078695
0.000000
0.000000
0.000286
0.020506
0.000095
0.000010
0.000000
0.000000
0.000000
0.000000
0.000000
0.020209
0.046917
0.227849
0.564826
0.529777
0.414773
0.057692
0.000000
0.000000
0.001143
0.029098
0.110215
0.084942
0.074967
0.141068
0.086630
0.036258
0.132490
0.005718
0.005718
0.000000
0.000000
0.000000
0.000000
0.000000
0.000000
0.000000
0.000000
0.000000
0.000000
0.000000
0.000000
0.000000
0.018989
0.002756
0.031570
1.170344
1.437534
1.772832
0.689592
0.111113
0.427938
0.608392
0.627973
0.521679
0.348970
0.969833
0.981526
0.322344
0.003682
0.000060
0.004243
0.033996
0.031013
0.000133
0.000014
0.000000
0.000000
0.000000
0.000000
0.000000
0.012422
0.053918
0.126474
0.312830
0.080679
0.189097
0.047468
0.004087
0.000000
0.001551
0.029713
0.097519
0.102113
0.298212
0.420216
0.295087
0.204937
0.382050
0.016672
0.016672
0.000000
0.000000
0.000000
0.000000
0.000000
0.000000
0.000000
0.000000
0.000000
0.000000
0.000000
0.000000
0.000000
0.000000
0.012915
0.055933
0.094345
0.860971
1.618252
1.382012
0.644192
0.913125
1.107343
1.118987
1.001874
1.175344
1.208569
0.815777
0.954623
0.395577
0.098088
0.187117
0.043007
0.000452
0.000000
0.000000
0.000229
0.001700
0.002681
0.000040
0.000000
0.012352
0.534890
1.067174
0.031878
0.000631
0.005464
0.032319
0.034740
0.013367
0.004834
0.029398
0.033601
0.112951
0.252363
0.582201
0.846316
0.806733
0.795187
0.000000
0.000000
0.000000
0.000000
0.000000
0.000000
0.000000
0.000000
0.000000
0.000000
0.000000
0.000000
0.000000
0.000000
0.000000
0.000000
0.015246
0.033851
0.058541
0.174795
1.155104
1.621148
1.302672
1.405167
1.643105
1.638327
1.292045
1.332294
1.367970
1.415903
1.823803
1.135687
1.109046
0.532305
0.038691
0.000000
0.000013
0.000000
0.001833
0.015782
0.028284
0.002593
0.000000
0.016818
1.254404
0.675558
0.001095
0.009390
0.026476
0.053162
0.035646
0.073621
0.149484
0.049183
0.074378
0.582316
0.749181
0.735446
1.055413
1.135333
1.200041
0.026071
0.026071
0.000000
0.000000
0.000000
0.000000
0.000000
0.000000
0.000000
0.000000
0.000000
0.000000
0.000000
0.000000
0.000000
0.000000
0.001079
0.025674
0.074956
0.325985
1.144909
1.673135
1.787678
1.768559
2.504271
2.228963
1.742835
1.299768
1.604239
2.052393
2.163745
2.119889
2.217975
1.636317
0.212543
0.084685
0.044899
0.000235
0.028434
0.033390
0.033346
0.033542
0.000184
0.012397
0.792666
2.024562
0.050251
0.035603
0.063760
0.454647
0.111621
0.176583
0.179001
0.174038
0.275394
0.815858
1.297822
1.280335
1.449532
1.621185
1.749052
0.020690
0.020690
0.000000
0.000000
0.000000
0.000000
0.000000
0.000000
0.000000
0.000000
0.000000
0.000000
0.000000
0.000000
0.000000
0.000000
0.000000
0.000000
0.026019
0.036061
0.429457
0.647573
0.933957
0.788135
1.967592
1.042736
1.606665
2.109228
2.066658
2.135010
2.591918
2.469987
2.370800
2.460511
2.253392
1.753806
0.592208
0.035196
0.043756
0.087811
0.306006
0.419401
0.013098
0.034512
1.366479
2.118335
1.025281
0.587335
0.121469
0.095773
0.274556
0.140628
0.652940
0.917191
0.953976
1.425967
1.651329
1.785580
2.268394
2.953227
3.270277
0.000000
0.000000
0.000000
0.000000
0.000000
0.000000
0.000000
0.000000
0.000000
0.000000
0.000000
0.000000
0.000000
0.000000
0.000000
0.000000
0.002919
0.033021
0.055932
0.074874
0.042279
0.173152
0.736014
0.854303
0.690823
1.067840
0.866854
1.772684
2.446645
1.307091
1.559448
2.349942
2.650999
2.975548
1.399796
0.151607
0.093451
0.373623
0.957153
0.798573
0.036490
0.039467
1.027309
1.969742
2.142480
1.898356
0.562437
0.856930
1.399894
1.069190
1.377398
1.632870
1.288687
1.590513
1.886842
2.147846
2.854693
4.118519
4.243189
0.000000
0.000000
0.000000
0.000000
0.000000
0.000000
0.000000
0.000000
0.000000
0.000000
0.000000
0.000000
0.000000
0.000000
0.000000
0.000000
0.000000
0.029587
0.038315
0.054763
0.088180
0.155380
0.286214
0.146337
0.180852
0.412718
0.484736
0.712266
1.712861
0.865240
1.301324
1.730980
2.720323
3.358009
1.819412
0.269958
0.219161
0.751599
1.357220
0.485062
0.003604
0.072688
1.342340
2.119230
2.452029
2.667131
0.325328
0.129017
1.375428
2.105138
2.639068
2.734578
2.192165
1.828007
2.087537
2.439028
3.063476
4.718278
4.830286
0.000000
0.000000
0.000000
0.000000
0.000000
0.000000
0.000000
0.000000
0.000000
0.000000
0.000000
0.000000
0.007389
0.036503
0.092693
0.118598
0.125121
0.160569
0.210328
0.283382
0.320461
0.470898
0.429858
0.429291
0.196482
0.623400
1.201380
1.373572
2.574772
1.664107
0.675010
0.373944
1.018132
1.214992
1.563576
0.936421
0.202393
0.648329
2.258880
2.697403
3.180367
3.324006
1.156999
1.542530
4.296474
3.713948
2.838366
2.374112
2.114314
2.063320
2.198558
2.425450
3.334374
4.805418
5.916656
0.000000
0.000000
0.000000
0.000000
0.000000
0.000000
0.000000
0.000000
0.000000
0.000000
0.000000
0.008347
0.022137
0.047710
0.131785
0.127064
0.180056
0.170222
0.198382
0.194296
0.275038
0.318448
0.341057
0.328383
0.307208
0.453362
0.461196
0.725966
1.493842
1.937493
1.950453
2.271336
2.374051
2.181759
2.415818
2.193159
2.029567
2.510518
2.623644
3.247022
4.943417
5.064221
3.802597
5.042376
5.186217
3.086859
2.615183
2.355468
2.078995
2.052309
2.135834
2.319595
3.447633
4.817230
6.198275
0.000000
0.000000
0.000065
0.025378
0.050919
0.091107
0.138641
0.133436
0.205884
0.228850
0.218756
0.127700
0.214833
0.204181
0.236965
0.220826
0.259697
0.106830
0.071512
0.153419
0.190437
1.246076
3.516127
4.093071
3.156508
2.810467
2.641893
2.841818
2.924188
3.277647
2.736617
3.093731
4.319710
5.054006
5.684467
4.433123
4.358630
3.161372
2.734811
2.685801
2.278785
2.110822
1.945848
2.023060
2.665715
3.993629
5.478300
0.000000
0.000000
0.000000
0.000000
0.029235
0.051255
0.049483
0.083953
0.140496
0.107149
0.056852
0.105529
0.036967
0.035081
0.035401
0.028788
0.028972
0.000087
0.000000
0.000000
0.000000
0.175738
1.946457
2.708192
3.382849
2.449617
2.183739
2.303793
2.377052
2.762277
2.638060
2.014548
2.239249
3.807936
4.060559
3.897039
3.548759
2.891990
2.956329
3.853403
2.655978
2.095665
1.731639
1.642760
2.108173
2.983758
5.675280
0.000000
0.000000
0.030905
0.033244
0.036119
0.049060
0.062401
0.016082
0.012582
0.012816
0.003411
0.012589
0.007790
0.000014
0.000011
0.000000
0.000000
0.000000
0.000000
0.000005
0.273674
1.069177
2.395938
2.226196
2.440852
2.345349
2.092030
2.617682
3.034444
2.664060
1.928316
1.946967
3.214087
3.161214
3.130923
3.383977
2.878834
2.694115
2.456617
2.069377
1.934998
1.921271
2.163405
3.075571
5.692880
0.000000
0.000000
0.016054
0.028263
0.032768
0.034253
0.033088
0.015949
0.000000
0.000000
0.000000
0.000000
0.000000
0.000000
0.000000
0.000000
0.000000
0.000000
0.000000
0.000000
0.000000
0.003074
0.873093
2.205889
2.620483
2.442553
1.893688
2.369891
3.096786
2.730079
1.528899
1.852854
2.614089
2.740845
2.832023
3.574188
3.302110
2.659747
2.286955
2.081895
2.113048
2.093850
2.471953
3.313194
5.684975
0.001953
0.000732
0.000010
0.000000
0.000000
0.000000
0.000000
0.000000
0.000000
0.000000
0.000000
0.000000
0.000000
0.000000
0.000000
0.000000
0.000000
0.004298
0.069847
1.045819
2.641577
3.203546
2.326890
2.001444
2.452816
2.703272
1.899712
1.005289
1.329526
1.694390
2.615242
2.624694
2.876361
2.485701
2.502750
2.515921
2.483524
2.328709
2.645116
3.664069
5.522620
0.000000
0.000000
0.000000
0.000000
0.000000
0.000000
0.000000
0.000000
0.000000
0.000000
0.000000
0.000000
0.000000
0.000000
0.000000
0.000000
0.000000
0.004055
0.153798
1.263349
1.669083
2.270778
2.407373
2.075340
2.087259
1.959293
1.975516
1.069592
1.328281
1.320630
2.098348
3.139470
2.987011
2.559073
2.731751
2.786410
2.762841
2.653377
2.581636
3.885078
5.290920
0.000000
0.000000
0.000000
0.000000
0.000000
0.000000
0.000000
0.000000
0.000000
0.000000
0.000000
0.006742
0.081435
0.989201
1.534905
1.753467
1.991915
1.883186
1.747371
1.529537
0.876256
0.936432
0.771304
1.470484
1.337727
2.008801
2.894570
3.125769
2.882294
2.949203
3.147479
3.201960
2.769915
3.695413
5.784880
0.000000
0.000000
0.000000
0.000000
0.000000
0.000000
0.000000
0.000000
0.000000
0.000000
0.000000
0.016552
0.249991
1.119922
1.526073
1.562682
1.453259
1.245031
0.987727
0.793604
0.385465
0.438842
0.630748
0.511891
0.595275
1.032082
2.096506
2.657991
2.860184
3.058955
3.641526
4.105270
3.023983
4.063980
5.800770
0.000000
0.000000
0.000000
0.000000
0.000000
0.015503
0.243337
1.188012
1.505696
1.551935
1.376049
1.088778
0.689300
0.531103
0.363477
0.397599
0.534316
0.667358
0.476590
0.580145
1.463496
2.142211
2.961140
3.251158
3.844238
4.465501
3.410564
4.286728
6.225551
0.000000
0.000000
0.000000
0.000000
0.000000
0.013424
0.495451
1.261251
1.371027
1.486155
1.010619
0.721774
0.252970
0.381236
0.395604
0.414761
0.453593
0.586967
0.712470
0.612243
1.000100
1.511181
2.757039
3.619331
4.145785
4.724995
3.405502
4.187117
6.472870
0.940598
1.134714
1.187498
1.216541
0.753564
0.367473
0.266221
0.119765
0.159160
0.243442
0.427162
0.435783
0.409829
0.574276
0.817355
1.129841
1.399869
3.015525
4.202310
5.101960
3.895202
4.327564
6.379625
9.022042
9.204899
0.942446
1.034827
1.062032
1.054802
0.840437
0.414425
0.164593
0.077147
0.101951
0.116470
0.195490
0.339388
0.447822
0.432935
0.518525
0.742894
1.185016
1.900302
3.986335
5.964495
4.159319
4.618686
6.720776
8.683508
9.735188
0.945848
0.938636
0.971828
0.870070
0.061819
0.040387
0.061226
0.079381
0.091246
0.131701
0.304740
0.484967
0.644298
0.750148
1.636668
3.123676
4.780166
6.371051
4.644381
4.902226
6.322830
7.686430
9.203968
1.146134
1.293935
1.182929
1.074812
0.110260
0.037024
0.037349
0.060892
0.076999
0.076760
0.120351
0.252616
0.634851
1.102494
2.661236
6.971313
8.492532
7.909020
5.184599
5.320945
6.051622
7.828950
9.619438
1.207615
1.090946
0.361961
0.051924
0.017654
0.037482
0.062321
0.090477
0.112103
0.142389
0.309956
0.500544
2.040565
7.233845
9.450586
8.765297
6.325758
6.718891
6.654092
7.849322
9.536867
10.398485
13.297125
0.980437
0.871454
0.607808
0.159129
0.033444
0.003073
0.022627
0.036497
0.064924
0.115241
0.184560
0.361720
1.770218
4.885511
7.223500
8.205747
5.884729
6.607694
7.612513
9.349529
11.226458
13.514622
18.943395
0.054851
0.089746
0.219715
0.464184
0.728353
0.989068
2.248282
3.542865
4.590868
5.070824
5.840208
7.128592
8.231905
10.710108
12.921675
16.869728
27.936366
