0.000000
0.000000
0.000000
0.000000
0.000000
0.000000
0.000000
0.000000
0.000000
0.000000
0.000000
0.000000
0.000000
0.000000
0.000000
0.000000
0.000000
0.000000
0.000000
0.000000
0.000000
0.000000
0.000000
0.000000
0.000000
0.000000
0.000000
0.000000
0.000000
0.000000
0.000000
0.000000
0.000000
0.000000
0.000000
0.000000
0.000000
0.000000
0.000000
0.000000
0.000000
0.000000
0.000000
0.000000
0.000000
0.000000
0.000000
0.000000
0.000000
0.000000
0.000000
0.000000
0.000000
0.000000
0.000000
0.000000
0.000000
0.000000
0.000000
0.000000
0.000000
0.000000
0.000000
0.000000
0.000000
0.000000
0.000000
0.000000
0.000000
0.000000
0.000000
0.000000
0.000000
0.000000
0.000000
0.000000
0.000000
0.000000
0.000000
0.000000
0.000000
0.000000
0.000000
0.000000
0.000000
0.000000
0.000000
0.000000
0.000000
0.000000
0.000000
0.000000
0.000000
0.000000
0.000000
0.000000
0.000000
0.000000
0.000000
0.000000
0.000000
0.000000
0.000000
0.000000
0.000000
0.000000
0.000000
0.000000
0.000000
0.000000
0.000000
0.000000
0.000000
0.000000
0.000000
0.000000
0.000000
0.000000
0.000000
0.000000
0.000000
0.000000
0.000000
0.000000
0.000000
0.000000
0.000000
0.000000
0.000000
0.000000
0.000000
0.000000
0.000000
0.000000
0.000000
0.000000
0.000000
0.000000
0.000000
0.000000
0.000000
0.000000
0.000000
0.000000
0.000000
0.000000
0.000000
0.000000
0.000000
0.000000
0.000000
0.000000
0.000000
0.000000
0.000000
0.000000
0.000000
0.000000
0.000000
0.000000
0.000000
0.000000
0.000000
0.000000
0.000000
0.000000
0.000000
0.000000
0.000000
0.000000
0.000000
0.000000
0.000000
0.000000
0.019214
0.019214
0.000000
0.000000
0.000000
0.000000
0.000000
0.000000
0.000000
0.000000
0.000000
0.000000
0.000000
0.000000
0.000000
0.000000
0.000000
0.000000
0.000000
0.000000
0.000000
0.000000
0.000000
0.000000
0.000000
0.000000
0.000000
0.000000
0.000000
0.000000
0.000000
0.017004
0.017004
0.000000
0.000000
0.000000
0.000000
0.000000
0.000000
0.000000
0.000000
0.000000
0.000000
0.000000
0.000000
0.000000
0.000000
0.000000
0.000000
0.000000
0.000000
0.000000
0.000000
0.000000
0.000000
0.000000
0.000000
0.000000
0.000000
0.000000
0.000000
0.000000
0.000000
0.000000
0.000000
0.000000
0.000000
0.000000
0.000000
0.000000
0.000000
0.000000
0.000000
0.000000
0.000000
0.000000
0.000000
0.000000
0.000000
0.000000
0.000000
0.000000
0.000000
0.000000
0.000000
0.000000
0.000000
0.000000
0.000000
0.000000
0.000000
0.000000
0.000000
0.000000
0.000000
0.000000
0.000000
0.024731
0.024731
0.006054
0.000000
0.000000
0.000000
0.000000
0.000000
0.000000
0.000000
0.000000
0.000000
0.000000
0.000000
0.000000
0.000000
0.000000
0.000000
0.000000
0.000000
0.000000
0.000000
0.000000
0.000000
0.000000
0.000000
0.000000
0.000000
0.000000
0.000000
0.000000
0.000000
0.000000
0.000000
0.000000
0.022869
0.022869
0.050155
0.033296
0.004468
0.000004
0.000000
0.000000
0.000000
0.000000
0.000000
0.000000
0.000000
0.000000
0.000000
0.000000
0.000000
0.000000
0.000000
0.000000
0.000000
0.000000
0.000000
0.000000
0.000000
0.000000
0.000000
0.000000
0.000000
0.000000
0.000000
0.000000
0.000000
0.000000
0.000000
0.000000
0.000000
0.063732
0.135201
0.050871
0.025105
0.000000
0.000000
0.000000
0.000000
0.000000
0.000000
0.000000
0.000000
0.000000
0.000000
0.000000
0.000000
0.000000
0.000000
0.000000
0.000000
0.000000
0.000000
0.000000
0.000000
0.000000
0.000000
0.000000
0.000000
0.000000
0.000000
0.000000
0.000000
0.000000
0.000000
0.000000
0.000000
0.000000
0.032435
0.032435
0.089334
0.363141
0.515073
0.712423
0.525272
0.153259
0.000000
0.000000
0.000284
0.007592
0.000181
0.000270
0.000000
0.000037
0.000000
0.000057
0.000000
0.000000
0.000000
0.000000
0.000000
0.000000
0.000000
0.000000
0.000000
0.000000
0.000000
0.000718
0.000820
0.000513
0.000000
0.000000
0.050671
0.050671
0.000000
0.000013
0.000001
0.032621
0.032621
0.533913
1.015422
1.750025
3.080748
3.384562
2.474774
0.522623
0.402016
0.617576
0.218237
0.148032
1.249942
0.508498
0.535945
0.257766
0.058481
0.001015
0.000000
0.000000
0.000000
0.000000
0.000000
0.000000
0.000000
0.000000
0.000000
0.000000
0.001141
0.000900
0.000513
0.000000
0.000000
0.051596
0.078063
0.089116
0.073183
0.008618
0.000000
0.000000
0.000000
0.000000
0.553543
1.572026
2.566509
3.383820
4.065677
4.263751
4.167315
3.869598
2.754499
2.446313
2.956942
5.569393
3.079615
1.722390
0.115310
0.058086
0.034740
0.000000
0.000000
0.020769
0.000000
0.000000
0.000000
0.000000
0.000000
0.000000
0.006367
0.033627
0.041035
0.039692
0.036533
0.037376
0.340728
0.399250
0.552686
0.464296
0.041846
0.026205
0.000190
0.032803
0.032803
0.541131
1.594540
2.685826
3.462609
4.077239
4.371605
4.816321
4.629129
4.690625
5.859914
7.306890
6.340332
1.861212
1.144635
0.163590
0.117882
0.076329
0.049414
0.080699
0.260204
0.121442
0.005819
0.000000
0.000000
0.000000
0.001020
0.022414
0.056699
0.085132
0.138221
0.621618
1.117239
0.360504
0.098802
0.120774
0.966737
2.053033
1.201580
0.102251
0.190489
0.165690
0.207320
0.239763
0.028482
0.015629
0.017769
0.022807
0.032223
0.063512
0.081723
0.800545
2.277710
3.854010
4.100828
3.672748
4.432517
5.764174
9.201125
9.086060
0.044458
0.044458
0.516909
1.570282
2.648842
3.407020
3.929184
4.158378
4.547077
4.722920
5.341483
5.863057
7.035802
7.259742
8.006931
7.810713
4.537836
2.495354
6.163270
3.815117
2.206775
3.702083
1.486330
0.039032
0.003390
0.004259
0.000000
0.015173
0.052780
0.070888
0.627426
0.157699
0.056667
0.061638
0.051242
0.000000
0.000000
0.016771
1.459384
3.866738
2.947626
4.167106
4.251969
1.127328
1.171559
0.575522
0.315904
0.047847
0.069061
0.066263
0.203851
0.266238
3.111457
6.870466
4.648381
3.911991
1.117939
3.229060
7.167694
12.714777
6.228065
0.000000
0.000000
0.493932
1.492571
2.546783
3.345373
3.877082
4.069490
4.258598
3.693836
2.506720
3.582330
6.600775
7.571060
8.386417
9.050907
8.612893
7.824023
8.875666
5.606663
2.692810
0.720508
0.076871
0.019451
0.040220
0.049468
0.000000
0.000000
0.007154
0.054405
0.768570
0.038028
0.000000
0.000035
0.000250
0.000000
0.000000
0.014043
0.201996
1.227815
4.182632
5.102533
3.687427
1.746513
4.318919
5.050766
3.439651
0.556060
0.208528
0.114178
0.243972
0.537791
2.170873
3.288609
2.396431
0.520818
1.281393
3.845104
7.573729
15.133900
7.371503
0.122503
0.122503
0.457578
1.343166
2.297464
2.969825
3.346820
2.816822
2.164825
0.453547
0.070666
0.261491
1.702395
3.786361
8.688971
9.534322
9.986824
9.905986
9.298096
4.559709
1.322750
0.477911
0.292765
0.076639
0.059284
0.057598
0.000463
0.000000
0.036120
0.461950
2.311704
0.059296
0.000000
0.000000
0.000000
0.016730
0.058003
0.073762
0.305176
0.368901
0.544883
1.267663
3.581309
4.962860
10.140400
10.059475
7.601442
2.264515
0.779551
0.404646
0.268630
0.424250
1.966195
2.100373
2.952738
0.898259
1.949037
4.496758
6.960954
12.764875
7.119512
0.252669
0.252669
0.348576
1.028350
1.777981
1.573034
0.399486
0.038117
0.000000
0.000000
0.000000
0.000000
0.613034
5.194875
5.101077
7.306955
8.816884
8.144246
8.787572
7.933488
3.561245
2.103517
0.136312
0.173679
0.098037
0.057442
0.000033
0.022187
1.087582
3.276869
2.022152
0.081655
0.033614
0.039874
0.087107
0.131074
0.255208
0.351276
0.439720
0.712265
1.474785
2.471247
7.141131
13.450700
15.792597
13.845478
13.137650
6.235001
4.021170
2.289453
1.579314
1.452589
1.668379
2.144948
4.932132
2.520777
3.367184
5.497632
5.891318
7.271877
7.371138
0.000000
0.000000
0.261420
0.737867
1.186859
1.250998
0.108736
0.000000
0.000000
0.000000
0.000000
0.000000
0.763058
2.895945
0.278373
3.135129
3.471030
3.202115
8.216438
6.907032
5.570722
3.580872
0.348006
0.419369
0.319177
0.127698
0.016192
0.103323
1.885274
3.819744
2.400410
0.339569
0.095748
0.211562
0.818393
1.172206
1.340955
1.284296
1.377475
1.892313
4.088646
7.108277
6.598641
12.710825
16.953845
15.616137
16.262778
9.230535
6.359128
4.058371
3.385415
3.256876
1.632464
2.308050
4.645622
4.249634
5.620904
7.462368
7.648988
7.603618
8.293994
0.403492
0.403492
0.183584
0.463454
0.260601
0.328703
0.074053
0.000000
0.000000
0.000000
0.000000
0.000175
0.092235
0.100269
0.054448
1.027535
0.221589
0.870499
7.033057
7.220940
7.753971
4.785784
0.723211
1.079425
0.867271
0.594101
0.187875
0.194261
3.425073
3.890914
1.317178
0.098270
0.204259
0.790438
1.563431
0.981803
0.693968
0.797160
1.657019
2.387491
4.720324
8.558267
5.910229
12.372113
17.182236
16.671500
16.971647
5.222652
5.015105
4.504866
4.971107
5.091755
2.112129
2.101479
4.076180
4.266050
6.438818
7.784649
7.899921
7.933759
9.055155
0.894066
0.894066
0.108084
0.243073
0.040260
0.000026
0.000000
0.000000
0.000000
0.000000
0.000000
0.000000
0.000000
0.000000
0.044266
0.052980
0.032288
0.287840
0.993611
4.584308
7.248271
6.394441
3.151857
3.288727
3.036075
2.377379
2.415588
3.748308
3.970811
4.170173
4.090782
2.604609
0.818144
1.441074
0.446167
0.655514
1.532732
2.386897
1.741083
2.600146
6.372283
7.976983
4.518351
13.687125
16.452520
18.218258
9.849633
4.930558
5.144364
5.237010
5.311723
4.956147
3.882284
2.834657
3.922520
4.132557
5.021023
6.863650
7.683642
9.254510
10.065196
0.000000
0.000000
0.056658
0.102960
0.014034
0.000000
0.000000
0.000000
0.000000
0.000000
0.000000
0.000000
0.000000
0.000000
0.000700
0.000073
0.025091
0.062749
0.330488
1.745129
5.903235
6.873826
5.956123
5.771965
5.075711
4.467990
4.997381
6.313188
5.156277
5.941712
7.008317
5.900287
5.456722
3.497180
1.247426
1.693422
2.378832
2.296929
2.635211
5.067160
7.110246
6.598875
5.954690
17.644995
17.597047
17.112369
7.815994
6.634589
6.061432
5.805410
4.781981
4.646564
4.921460
3.473291
4.829541
6.098616
6.109381
6.863650
7.437750
9.254510
9.979770
0.519470
0.519470
0.051557
0.055856
0.008305
0.000000
0.000000
0.000000
0.000000
0.000000
0.000000
0.000000
0.000000
0.000000
0.000000
0.000000
0.000543
0.037548
0.224885
2.032890
5.952905
7.487537
7.523823
7.430531
7.194331
6.665927
5.801515
7.054071
6.913119
7.691206
8.546178
9.174084
9.634002
8.587706
2.768997
3.568229
3.761070
3.352167
7.147220
8.072915
8.733757
9.044970
9.082500
15.091800
16.300920
16.055472
9.931856
7.791231
5.976540
6.088998
5.531220
5.531220
4.676062
4.231943
4.497883
5.455265
5.969134
6.749390
6.749390
9.584680
9.584680
0.596310
0.596310
0.038639
0.000243
0.000000
0.000000
0.000000
0.000000
0.000000
0.000000
0.000000
0.000000
0.000000
0.000000
0.000000
0.000000
0.000000
0.000000
0.054450
0.255620
2.309472
3.994155
4.911336
4.077548
7.169998
8.080638
8.543101
7.128730
7.162136
8.038794
9.571257
10.132954
10.860639
11.271372
11.241252
11.917223
7.318934
5.983519
7.580004
8.746406
10.359343
9.115580
8.823110
11.999400
14.418625
15.455239
9.656657
7.127727
6.145019
6.344510
6.595460
5.810810
5.419812
4.621774
4.087629
4.542711
5.274478
6.749390
6.749390
9.584680
10.023000
0.000000
0.000000
0.000000
0.000000
0.000000
0.000000
0.000000
0.000000
0.000000
0.000000
0.000000
0.000000
0.000000
0.000000
0.000000
0.000000
0.055243
0.425863
1.035495
1.037062
1.382676
2.249324
5.946998
8.569120
8.395230
6.075946
5.789500
7.385053
9.988711
10.070351
10.656490
11.682191
14.461212
14.694020
11.757169
7.293117
6.483694
8.349641
10.711762
9.327761
7.816678
10.569163
12.837406
13.012488
11.147430
7.954050
6.025878
5.918885
6.399066
6.104822
5.384552
5.094146
4.338124
4.208032
5.420059
7.514802
7.514802
10.733317
11.483312
0.000000
0.000000
0.000000
0.000000
0.000000
0.000000
0.000000
0.000000
0.000000
0.000000
0.000000
0.000000
0.000000
0.000000
0.000000
0.000035
0.047398
0.684803
2.207276
2.483561
2.630725
3.421308
5.939854
8.412217
7.956831
5.536071
4.431492
6.763354
9.816370
9.777719
10.356623
11.521210
16.026762
15.828186
13.641588
9.390425
6.199269
8.076160
10.736714
8.992660
6.885677
9.740496
11.896620
12.027498
12.049185
8.810744
6.115648
5.810006
6.387836
6.300725
5.434978
5.407657
4.550810
4.411790
5.729752
7.974050
7.974050
11.422500
12.517763
0.000000
0.000000
0.000000
0.000000
0.000000
0.000000
0.000000
0.000000
0.000000
0.000000
0.023271
0.188885
0.160187
1.624710
4.395257
4.245691
3.901133
4.389966
5.253478
5.978119
6.293901
5.148145
3.875051
5.010122
7.152073
7.685587
8.235634
8.776516
13.130088
13.622425
10.132293
8.469988
6.955312
7.914244
9.039354
5.917454
5.882203
9.865679
11.094166
11.524740
9.201438
8.644974
7.365773
6.976476
7.189908
6.509935
5.916636
5.725391
5.070133
4.860232
5.902710
7.974050
7.974050
11.426486
13.767717
0.000000
0.000000
0.000000
0.000000
0.000000
0.000000
0.000000
0.000000
0.000000
0.000000
0.022763
0.631055
2.371448
3.245430
5.131435
4.782244
4.871795
4.851041
4.719342
4.711975
4.664670
3.924149
3.346695
2.900599
4.864519
5.084736
3.704735
4.181493
11.817973
14.059694
11.428300
10.460463
8.546565
8.557333
9.058954
7.891647
6.511342
9.246730
9.642830
10.781441
8.610472
7.689735
7.927792
7.963450
7.580700
7.019150
6.475280
6.475280
5.648326
5.530190
6.446638
7.974050
7.974050
11.395841
14.674444
0.000000
0.000000
0.001268
0.569107
4.014441
4.764500
5.070231
5.233369
5.814782
5.800334
4.942725
4.175177
2.610896
2.024850
1.633278
1.340159
2.865376
2.054061
0.676356
1.223203
7.898762
14.820570
13.598758
11.881013
9.884706
9.898537
8.963838
8.494287
6.893166
7.028030
6.778999
6.869326
5.766920
6.369367
6.760916
6.937830
7.402830
7.019150
7.297390
6.706188
6.139456
5.957887
6.596581
7.974050
7.974050
11.241533
15.051175
0.024462
0.039409
0.148455
0.207575
2.908224
4.333610
4.330748
4.752638
5.148340
4.174229
1.907234
1.969606
0.160486
0.057776
0.051231
0.052596
0.098478
0.011931
0.005083
0.015499
0.134391
2.540295
10.623351
12.234992
9.781897
7.402214
6.606267
7.478630
8.225410
6.621475
5.796137
4.141800
4.576418
5.566990
6.051212
6.244760
7.282610
7.371960
7.778170
7.778170
7.439878
7.391550
7.321537
7.204850
7.610373
10.107061
16.328000
1.627740
2.177753
3.630920
4.045529
4.104225
4.541991
4.198115
1.774151
0.078983
0.143422
0.003065
0.000000
0.000000
0.000000
0.007029
0.015847
0.034147
0.047417
0.102869
0.461607
4.007102
7.702497
7.606771
6.906018
7.106538
7.186787
6.384025
5.026963
5.232264
4.374334
4.402074
4.987049
5.638348
5.882398
7.282610
7.802529
7.778170
7.778170
7.439878
7.405537
7.716782
8.196669
8.297809
10.012752
16.466937
2.767652
3.076696
3.740797
3.799376
3.801275
4.179992
2.714879
0.401822
0.000000
0.000000
0.000000
0.000000
0.000000
0.000000
0.004910
0.028314
0.060541
0.060260
0.141772
0.326659
2.136865
4.584212
6.060896
6.613354
7.399964
6.988662
5.203244
3.906014
4.547189
4.392552
4.333479
4.964848
5.164365
5.565086
7.163785
8.013116
7.835246
7.835246
7.608518
7.595711
8.092853
8.867026
9.447148
10.539269
16.560025
2.729842
1.886723
1.153526
0.058513
0.000000
0.000000
0.000000
0.000000
0.000000
0.001262
0.034303
0.046560
0.060438
0.062108
0.197561
0.565638
1.818824
3.333987
3.836494
3.661745
6.221914
6.289028
4.599600
3.013300
3.341219
3.675260
3.881833
3.825190
4.326415
4.478893
6.332010
7.717830
8.234780
8.300208
8.807318
8.901778
9.174038
9.562941
10.646237
11.914244
16.520787
2.445837
1.774963
0.627727
0.040938
0.000000
0.000000
0.000000
0.000000
0.000000
0.010095
0.054429
0.060367
0.059161
0.115823
0.282532
1.191051
2.340780
2.724895
3.430709
3.312086
3.635771
4.591503
4.212376
3.092583
3.403775
3.642277
4.357463
4.359297
4.243802
4.351408
6.332010
7.990760
8.234780
8.758205
8.935512
9.136966
9.935056
10.746300
11.093906
13.277686
15.769600
0.000000
0.000000
0.000000
0.014933
0.054356
0.060483
0.059648
0.143002
0.613721
2.002353
2.910884
3.692930
3.342155
3.345487
3.344698
3.367879
3.277857
2.720207
2.985298
3.167058
3.779611
4.446095
4.231219
4.152290
4.795610
5.947989
9.317416
11.513526
10.221575
10.010988
10.937250
12.455500
12.025552
13.756680
17.769700
0.000000
0.000000
0.000000
0.014933
0.017066
0.031781
0.058931
0.060512
0.340699
1.745469
3.472110
3.417485
3.066150
2.979092
2.949903
2.914900
2.288556
2.488730
2.815616
3.008017
3.232779
3.532508
4.108565
3.887880
4.795610
5.079236
8.646320
10.304690
10.069275
10.321413
12.228138
14.518200
13.153506
15.971297
19.211800
0.034148
0.058283
0.183878
0.972146
2.043608
2.341360
1.729923
2.140648
2.794130
3.006097
2.274134
2.444952
2.681863
3.118182
3.223224
3.423579
3.821763
3.925111
4.326785
4.375091
6.733632
9.742078
10.386666
10.547209
12.670567
15.542388
14.521231
16.985411
20.929425
0.034055
0.060166
0.191359
0.569135
1.957758
2.060597
1.500773
2.157639
2.488590
2.732299
1.846840
2.121754
2.406319
2.737089
3.360436
3.535299
3.756194
3.930723
4.106217
4.137235
5.445522
9.242023
10.409346
10.712481
13.012625
16.228750
14.658537
17.293242
22.110873
1.558821
1.843851
1.972331
2.049693
1.648805
1.824493
2.093210
2.208819
2.323889
2.613642
3.621512
3.689138
4.386439
4.621331
5.403300
8.075846
10.007802
10.682956
13.435488
16.747612
15.842767
18.261617
23.540558
32.636434
32.075809
1.833000
1.594220
1.601346
1.538729
1.136397
1.439302
1.935257
2.352179
2.592249
2.299887
2.277888
2.959182
3.372340
3.514500
4.841130
5.490887
8.046245
9.016388
12.642125
16.859000
15.901644
19.475358
25.137470
33.663383
36.731486
1.253959
1.167692
1.014559
0.803809
0.931718
1.391852
2.366639
2.793904
2.784977
3.003498
4.014413
4.480190
5.263100
5.797839
9.941904
11.148050
15.505953
21.246583
16.763552
20.002673
24.352500
32.581700
37.584638
0.965085
0.934187
0.858819
0.577033
0.478833
0.744576
1.407810
2.446376
2.917631
2.957274
3.496005
4.574237
7.205470
7.720504
16.293322
18.056988
20.612263
23.344700
18.825989
21.306644
25.335100
37.206312
46.365163
0.438123
0.409336
0.259482
0.353003
0.623218
1.154635
2.494744
3.237335
3.642979
3.989609
6.399257
6.744290
16.250274
19.295120
22.349825
22.475387
22.733847
25.747381
27.337663
37.456633
47.377209
50.753334
58.375023
0.771015
0.575897
0.516745
0.547520
0.689591
0.840412
1.348614
1.902953
3.210913
4.242490
5.077248
5.702697
12.020995
14.749469
19.317831
19.769425
22.968530
26.616694
32.096575
43.943528
61.886406
74.209070
107.419767
2.059950
2.351619
3.285227
4.577700
5.067094
5.990388
9.816978
11.724323
15.631952
18.388047
23.053900
29.396092
35.435577
50.377409
75.585345
99.245633
184.542734
