0.000000
0.000000
0.000000
0.000000
0.000000
0.000000
0.000000
0.000000
0.000000
0.000000
0.000000
0.000000
0.000000
0.000000
0.000000
0.000000
0.000000
0.000000
0.000000
0.000000
0.000000
0.000000
0.000000
0.000000
0.000000
0.000000
0.000000
0.000000
0.000000
0.000000
0.000000
0.000000
0.000000
0.000000
0.000000
0.000000
0.000000
0.000000
0.000000
0.000000
0.000000
0.000000
0.000000
0.000000
0.000000
0.000000
0.000000
0.000000
0.000000
0.000000
0.000000
0.000000
0.000000
0.000000
0.000000
0.000000
0.000000
0.000000
0.000000
0.000000
0.000000
0.000000
0.000000
0.000000
0.000000
0.000000
0.000000
0.000000
0.000000
0.000000
0.000000
0.000000
0.000000
0.000000
0.000000
0.000000
0.000000
0.000000
0.000000
0.000000
0.000000
0.000000
0.000000
0.000000
0.000000
0.000000
0.000000
0.000000
0.000000
0.000000
0.000000
0.000000
0.000000
0.000000
0.000000
0.000000
0.000000
0.000000
0.000000
0.000000
0.000000
0.000000
0.000000
0.000000
0.000000
0.000000
0.000000
0.000000
0.000000
0.000000
0.000000
0.000000
0.000000
0.000000
0.000000
0.000000
0.000000
0.000000
0.000000
0.000000
0.000000
0.000000
0.000000
0.000000
0.000000
0.000000
0.000000
0.000000
0.000000
0.000000
0.000000
0.000000
0.000000
0.000000
0.000000
0.000000
0.000000
0.000000
0.000000
0.000000
0.000000
0.000000
0.000000
0.000000
0.000000
0.000000
0.000000
0.000000
0.000000
0.000000
0.000000
0.000000
0.000000
0.000000
0.000000
0.000000
0.000000
0.000000
0.000000
0.000000
0.000000
0.000000
0.000000
0.000000
0.000000
0.000000
0.000000
0.000000
0.000000
0.000000
0.000000
0.000000
0.000000
0.000000
0.004214
0.004214
0.000000
0.000000
0.000000
0.000000
0.000000
0.000000
0.000000
0.000000
0.000000
0.000000
0.000000
0.000000
0.000000
0.000000
0.000000
0.000000
0.000000
0.000000
0.000000
0.000000
0.000000
0.000000
0.000000
0.000000
0.000000
0.000000
0.000000
0.000000
0.000000
0.002650
0.002650
0.000000
0.000000
0.000000
0.000000
0.000000
0.000000
0.000000
0.000000
0.000000
0.000000
0.000000
0.000000
0.000000
0.000000
0.000000
0.000000
0.000000
0.000000
0.000000
0.000000
0.000000
0.000000
0.000000
0.000000
0.000000
0.000000
0.000000
0.000000
0.000000
0.000000
0.000000
0.000000
0.000000
0.000000
0.000000
0.000000
0.000000
0.000000
0.000000
0.000000
0.000000
0.000000
0.000000
0.000000
0.000000
0.000000
0.000000
0.000000
0.000000
0.000000
0.000000
0.000000
0.000000
0.000000
0.000000
0.000000
0.000000
0.000000
0.000000
0.000000
0.000000
0.000000
0.000000
0.000000
0.003245
0.003245
0.000000
0.000000
0.000000
0.000000
0.000000
0.000000
0.000000
0.000000
0.000000
0.000000
0.000000
0.000000
0.000000
0.000000
0.000000
0.000000
0.000000
0.000000
0.000000
0.000000
0.000000
0.000000
0.000000
0.000000
0.000000
0.000000
0.000000
0.000000
0.000000
0.000000
0.000000
0.000000
0.000000
0.004042
0.004042
0.000250
0.002495
0.000000
0.000000
0.000000
0.000000
0.000000
0.000000
0.000000
0.000000
0.000000
0.000000
0.000000
0.000000
0.000000
0.000000
0.000000
0.000000
0.000000
0.000000
0.000000
0.000000
0.000000
0.000000
0.000000
0.000000
0.000000
0.000000
0.000000
0.000000
0.000000
0.000000
0.000000
0.000000
0.000000
0.018178
0.027579
0.015793
0.005173
0.020052
0.000063
0.000000
0.000000
0.000000
0.000000
0.000610
0.000147
0.000000
0.000000
0.000000
0.000000
0.000000
0.000000
0.000628
0.001913
0.000000
0.000000
0.000000
0.000000
0.000000
0.000000
0.000000
0.000000
0.000000
0.000000
0.000000
0.000000
0.000000
0.000000
0.000000
0.000000
0.000000
0.003745
0.003745
0.028389
0.067800
0.122457
0.246415
0.289199
0.127896
0.020309
0.000368
0.003554
0.018740
0.035393
0.035977
0.000842
0.000027
0.000000
0.002278
0.017723
0.007303
0.030517
0.031731
0.005634
0.000000
0.000000
0.000000
0.000000
0.000000
0.000000
0.000000
0.000000
0.000000
0.000000
0.000000
0.000000
0.000000
0.000000
0.000000
0.000000
0.003104
0.003104
0.130689
0.259429
0.540840
1.018043
1.217403
0.975691
0.232543
0.198852
0.430275
0.351840
0.268562
0.854496
0.325933
0.379166
0.323961
0.041820
0.035023
0.033029
0.042713
0.055142
0.032153
0.006151
0.000000
0.001652
0.000494
0.000000
0.001072
0.000134
0.000000
0.000000
0.000000
0.000000
0.000000
0.000000
0.000000
0.000000
0.000000
0.000000
0.000000
0.000000
0.000000
0.143779
0.429802
0.787501
1.082384
1.524008
1.860261
2.065324
2.059343
1.601145
1.585698
1.736796
3.344327
1.964296
1.173617
0.131226
0.107050
0.054254
0.046799
0.114646
0.187767
0.017640
0.000064
0.007719
0.038680
0.008169
0.001366
0.020229
0.003648
0.000000
0.000000
0.000000
0.000000
0.000000
0.000000
0.000000
0.000000
0.000000
0.000000
0.000000
0.000294
0.000294
0.135913
0.432106
0.816928
1.134594
1.645725
1.995878
2.465155
2.500301
2.650381
3.337640
4.369151
3.783359
1.077138
0.703825
0.193049
0.243899
0.141271
0.083129
0.310430
0.467807
0.191864
0.022107
0.052159
0.366574
0.045361
0.020095
0.031843
0.020620
0.000290
0.000000
0.000000
0.000000
0.000000
0.000000
0.000000
0.000000
0.000000
0.000000
0.000000
0.000000
0.000000
0.000000
0.000119
0.000015
0.000000
0.000000
0.000000
0.000000
0.000000
0.000000
0.032351
0.033482
0.228616
0.715966
0.815973
0.960385
0.613669
3.240579
0.403761
0.002769
0.002769
0.130812
0.412595
0.824056
1.181517
1.740188
1.978595
2.385657
2.608720
2.896072
3.392825
4.167192
4.358046
4.909179
4.819754
2.914590
1.553970
4.096232
2.751430
2.203170
3.357205
1.659906
0.145851
0.135717
0.070359
0.156588
0.108813
0.054378
0.019540
0.032481
0.000000
0.000000
0.000000
0.000000
0.000000
0.000000
0.000000
0.000000
0.000000
0.000000
0.000000
0.000000
0.000000
0.003291
0.003798
0.000000
0.000000
0.000000
0.000000
0.000000
0.000106
0.067249
0.261437
0.579593
1.385448
0.190880
0.116925
2.186116
4.555567
0.055247
0.000000
0.000000
0.132671
0.397336
0.773398
1.133572
1.710940
1.922147
2.162630
1.938115
1.360311
2.094572
3.956910
4.604394
5.225018
5.644823
5.433044
5.051119
5.956172
4.203940
2.494068
0.772308
0.218956
0.126726
0.205499
0.337595
0.265063
0.215030
0.105337
0.208841
0.538903
0.000000
0.000000
0.000000
0.000000
0.000000
0.000000
0.000000
0.000000
0.000000
0.000000
0.000000
0.000000
0.000000
0.012289
0.034938
0.005443
0.000491
0.000000
0.000000
0.000000
0.001387
0.065656
0.280296
0.406528
0.070502
0.037449
0.175306
0.445050
2.125742
0.058249
0.005925
0.005925
0.107906
0.339537
0.681380
1.019229
1.372476
1.309879
1.012378
0.198504
0.036810
0.171647
0.984679
2.310183
5.732183
6.086628
6.406467
6.505661
6.315591
3.483027
1.350167
0.749584
1.052368
0.767456
0.318270
0.267233
0.378262
0.288181
0.231291
0.808117
1.792807
0.049142
0.000000
0.000000
0.000000
0.000000
0.000000
0.000000
0.000000
0.000000
0.000000
0.000000
0.000000
0.000000
0.012696
0.462908
0.706600
0.039969
0.000022
0.000000
0.000000
0.000018
0.057615
0.157080
0.323832
0.045907
0.065577
0.252899
0.256280
1.404128
0.122056
0.006618
0.006618
0.075701
0.224293
0.481158
0.419626
0.174055
0.020470
0.000000
0.000000
0.000000
0.000000
0.427254
3.521219
3.501258
4.990969
5.825184
5.453738
6.093652
5.815817
3.119219
2.229817
0.489022
0.590756
0.902142
0.889878
0.707968
0.519310
1.606905
3.087025
2.106827
0.248911
0.000000
0.000000
0.000000
0.000179
0.000000
0.000000
0.000000
0.000000
0.000000
0.000000
0.000000
0.012184
0.082857
0.902182
2.724128
0.395309
0.360578
0.022881
0.000000
0.000003
0.015794
0.261837
1.010052
0.753051
0.295671
0.652378
0.761236
0.945336
0.358979
0.000000
0.000000
0.043732
0.139505
0.266913
0.299671
0.014755
0.000000
0.000000
0.000000
0.000000
0.000000
0.564560
2.103586
0.395139
2.907900
2.777836
2.627954
5.791148
5.109125
4.008150
2.938325
0.873099
0.996408
1.457010
1.443701
1.162992
1.012420
3.119086
3.694355
1.936685
0.397702
0.000000
0.000000
0.021926
0.047135
0.000069
0.000000
0.000000
0.000000
0.000000
0.000000
0.000000
0.022538
0.457723
1.646164
2.528306
1.622306
1.411146
0.187245
0.000000
0.007247
0.075703
0.544372
2.312529
1.652846
1.945277
2.900705
1.982261
1.157081
1.648200
0.006372
0.006372
0.028141
0.060094
0.050047
0.055900
0.004588
0.000000
0.000000
0.000000
0.000000
0.000061
0.099952
0.108346
0.040911
1.347354
0.464279
1.187504
5.114322
5.123251
4.864804
3.216449
1.164104
1.801980
2.264657
2.241685
2.006128
1.854366
4.142644
3.562169
1.907234
0.301758
0.035394
0.207141
0.531584
0.194594
0.000117
0.000000
0.001758
0.002733
0.002478
0.000006
0.000000
0.012820
0.474029
1.333286
1.882182
0.277720
0.823987
0.190318
0.004050
0.038577
0.094565
0.493386
2.436437
2.739617
3.818603
4.210330
3.660481
3.030745
3.976921
0.012020
0.012020
0.007809
0.028460
0.003907
0.000000
0.000000
0.000000
0.000000
0.000000
0.000000
0.000000
0.000000
0.000000
0.024361
0.007403
0.251786
1.639295
1.914064
3.935066
4.743721
4.165220
3.003841
3.004842
2.963402
2.926409
2.928126
3.819120
3.497770
3.263512
3.791285
3.389560
2.541903
3.083385
1.062072
0.066435
0.004044
0.005167
0.029955
0.031849
0.036549
0.032903
0.000432
0.059794
3.444940
4.768656
0.319616
0.033031
0.051259
0.112421
0.228066
0.726831
0.430910
0.260808
1.001660
2.464343
3.799327
4.429325
5.572794
5.484668
5.776724
0.000000
0.000000
0.000000
0.001598
0.000000
0.000000
0.000000
0.000000
0.000000
0.000000
0.000000
0.000000
0.000000
0.000000
0.000183
0.008473
0.314260
0.512551
1.110389
2.220619
4.274319
4.440344
4.022422
3.937635
3.821836
3.698850
3.830762
4.237505
3.468260
4.232962
5.161926
5.114602
5.739562
4.794606
0.929423
0.557715
0.353025
0.320285
0.023257
0.045082
0.217774
0.195788
0.000488
0.317944
5.296667
4.563134
0.111694
0.062182
0.349536
2.105978
0.921710
1.571994
2.297581
1.371508
2.071272
3.854463
5.021548
5.391300
6.557510
7.071270
7.546700
0.006578
0.006578
0.000000
0.000000
0.000000
0.000000
0.000000
0.000000
0.000000
0.000000
0.000000
0.000000
0.000000
0.000000
0.000000
0.010800
0.031269
0.062110
1.008406
2.660145
4.075046
4.701021
4.795367
4.783148
4.775072
4.647724
4.457971
5.636963
5.099210
5.463515
6.198093
6.672983
7.456632
7.228579
2.909699
2.726707
3.156602
0.458238
0.040852
0.314108
1.124570
1.239920
0.034854
0.274850
4.861795
8.696948
1.397471
1.736230
3.263587
5.589716
2.893560
2.097398
3.118405
2.452507
4.177698
5.282917
7.133348
8.318560
8.318560
9.670750
9.670750
0.010746
0.010746
0.000000
0.000000
0.000000
0.000000
0.000000
0.000000
0.000000
0.000000
0.000000
0.000000
0.000000
0.000000
0.000000
0.000000
0.000000
0.000000
0.258625
0.821241
1.948601
2.573624
3.149629
2.769842
4.452194
5.126106
5.720524
5.288058
5.274199
5.782320
6.891875
7.391684
7.805688
8.149516
8.610254
8.985866
5.394344
0.782707
1.388764
1.419665
3.623571
3.967020
0.399328
1.400326
7.111510
8.849313
7.945709
8.757276
6.324788
4.549953
4.097956
2.855703
5.681909
5.524626
6.235839
6.894879
8.063079
8.747809
9.909753
10.598120
10.892666
0.000000
0.000000
0.000000
0.000000
0.000000
0.000000
0.000000
0.000000
0.000000
0.000000
0.000000
0.000000
0.000000
0.000000
0.000000
0.000000
0.121185
0.645575
1.053809
0.915837
1.175897
2.259153
3.880337
5.535277
5.659588
4.582179
4.369900
5.298841
7.340712
7.300075
7.564287
8.254646
9.377070
10.275787
8.655806
5.164709
3.331970
3.346853
5.451652
5.443197
1.308166
2.196962
7.319087
9.211463
10.472045
11.510930
7.729009
4.826765
6.123986
5.021965
6.977123
7.011422
8.031250
8.616251
9.586645
10.418938
11.644324
12.173911
12.280847
0.000000
0.000000
0.000000
0.000000
0.000000
0.000000
0.000000
0.000000
0.000000
0.000000
0.000000
0.000000
0.000000
0.000000
0.001482
0.004131
0.059664
0.821039
1.556605
1.638965
1.821193
2.531008
3.901237
5.624291
5.459277
4.186829
3.611820
4.863395
7.432836
7.060236
7.224556
7.895828
9.789928
11.157814
9.744523
6.829482
4.225104
4.476491
6.074306
4.255601
2.186370
5.218583
8.004802
9.571560
10.927384
11.369789
6.372355
3.013443
7.261962
6.191525
7.937801
8.157000
9.210551
9.693645
10.727028
11.465575
13.049022
13.574231
13.506317
0.000000
0.000000
0.000000
0.000000
0.000000
0.000000
0.000000
0.000000
0.000000
0.000000
0.058947
0.478777
0.247201
1.531684
2.613237
2.402568
2.535018
2.861893
3.796770
4.352162
4.639451
4.111745
3.225355
3.820360
5.356966
5.577294
5.818466
6.145094
9.264076
9.818770
7.578208
6.310743
5.395392
5.550758
6.240847
5.537773
3.633754
8.480399
9.502878
10.325648
10.418630
10.693320
6.209714
4.365971
10.232360
9.174989
8.795406
8.894689
9.944085
10.686286
11.703095
12.402150
14.080384
15.421558
15.664864
0.000000
0.000000
0.000000
0.000000
0.000000
0.000000
0.000000
0.000000
0.000000
0.000000
0.040695
0.962979
1.811077
2.218873
2.976000
2.866931
2.966456
3.127186
3.488279
3.754230
3.847305
3.588580
3.280060
3.287226
4.208050
4.415769
4.428356
4.302560
7.738172
10.367703
8.349229
8.201470
7.264533
6.782269
6.817234
6.921350
6.643853
8.506288
9.628960
10.294039
11.546611
11.979523
10.102988
10.093371
12.892828
10.384275
9.113851
9.255677
10.053106
10.464113
11.412663
12.089600
14.170991
15.987705
16.533653
0.000060
0.000000
0.011821
0.581271
2.650032
2.823300
2.951520
3.074178
3.187040
3.291851
3.404931
3.370950
3.294610
3.156519
2.923424
2.915820
3.413539
2.748685
2.595310
2.474618
4.024285
8.753342
9.740731
9.664167
8.395544
7.643901
7.387741
7.926471
7.832528
7.925145
8.196426
8.153985
9.924098
11.915727
12.668208
11.487922
12.251538
10.192700
10.100066
10.415700
10.390806
10.345373
10.663288
11.292088
12.904233
15.218772
15.987356
0.042504
0.044576
0.105089
0.192208
2.016218
2.745820
2.839080
3.067280
3.129866
3.097757
2.354682
2.280279
1.872078
1.422690
0.889586
0.578543
0.487494
0.237406
0.049036
0.011743
0.058927
1.419959
7.388832
9.556032
8.760031
6.753901
6.549775
7.329461
8.216418
8.091693
8.479620
7.884277
7.349139
10.034318
10.361325
10.238700
10.291700
10.133720
9.549857
9.793135
9.983780
9.817950
9.599534
9.862677
11.507780
13.225036
14.279628
1.204517
1.559409
2.421237
2.628845
2.748793
3.085657
2.966799
2.079004
0.288094
0.282764
0.108899
0.077814
0.050654
0.015716
0.002698
0.000043
0.000000
0.000000
0.010401
0.121001
2.340174
6.434679
8.264104
7.281811
7.126700
7.238738
7.072120
7.214355
9.024425
8.861791
6.715133
6.516738
9.842225
9.741295
9.743300
10.287903
8.955006
8.381018
8.802712
8.810311
8.624398
8.650372
9.491977
11.215270
13.615927
1.898669
2.060327
2.456460
2.511922
2.604000
2.986858
2.371764
0.608865
0.000083
0.000000
0.000000
0.000000
0.000000
0.000000
0.000000
0.000000
0.000000
0.000000
0.000000
0.000000
0.038041
1.182583
7.019678
7.688748
7.537534
7.419413
6.501530
6.834765
9.086267
9.692796
7.801289
7.609912
9.061665
9.243005
9.185705
10.193347
9.366889
7.644103
7.682149
7.722935
7.954684
8.081000
8.271798
10.248680
13.629238
2.059760
1.514383
1.293354
0.269120
0.000028
0.000000
0.000000
0.000000
0.000000
0.000000
0.000000
0.000000
0.000000
0.000000
0.000000
0.000000
0.001133
0.028961
1.511909
5.891401
7.750913
7.995994
6.643168
6.282483
7.590149
8.673566
7.902396
6.273269
7.282653
7.325441
7.198259
8.403905
9.005965
7.522241
6.180690
6.436245
7.697535
8.411322
8.207654
10.843508
14.118930
1.768703
1.486268
1.005938
0.247790
0.000084
0.000000
0.000000
0.000000
0.000000
0.000000
0.000000
0.000000
0.000000
0.000000
0.000000
0.000000
0.004526
0.029488
1.411922
4.995425
6.453568
6.820238
6.956546
6.582297
6.881610
7.360979
7.802783
6.394304
6.067572
4.398742
4.946657
7.527448
7.908301
6.454430
6.641195
7.209293
8.634112
9.211144
7.620296
11.054480
14.188727
0.000000
0.000000
0.000000
0.000000
0.000000
0.000000
0.000000
0.000000
0.000000
0.000000
0.010321
0.050424
0.683076
4.667296
5.796620
6.073020
6.349848
6.428284
6.373809
5.832472
5.827702
6.395211
5.309369
5.159220
4.037244
4.655131
5.865852
6.772813
6.012279
6.837974
8.896495
10.343170
7.986349
10.486777
14.944280
0.000000
0.000000
0.000000
0.000000
0.000000
0.000000
0.000000
0.000000
0.000000
0.000000
0.018859
0.049720
1.576610
4.695255
5.603415
5.896690
6.005530
6.490434
5.470046
4.642160
4.023523
3.707821
4.427615
3.299902
2.873517
2.456028
4.105443
5.849507
6.047826
6.802671
9.765792
12.683022
9.015047
10.842648
15.606000
0.000000
0.000000
0.000000
0.000000
0.022089
0.039458
1.763881
4.647761
5.384760
5.605965
5.670636
6.125675
5.131363
4.301810
2.718446
1.678288
1.303434
1.452207
0.782373
1.073847
2.969778
4.795378
5.795532
6.646953
9.933852
13.476716
10.001135
11.348317
16.745313
0.000000
0.000000
0.000000
0.000000
0.021516
0.047059
2.540561
4.835397
5.226400
5.401696
5.392817
5.512983
4.803323
3.820961
2.383157
1.038096
0.613068
0.676798
0.850576
0.817593
1.811580
3.975838
5.400149
6.411005
9.951245
13.997231
10.944547
11.055473
17.756241
3.803398
4.415643
4.685539
4.977999
4.378898
3.609990
2.806704
1.801975
0.716308
0.334491
0.550292
0.530602
0.454865
0.672384
1.135532
2.051309
4.006527
5.563035
9.798662
14.784669
13.378048
11.581833
17.060528
23.978587
22.435511
3.756943
4.008332
4.199684
4.333871
4.236300
3.696857
2.194196
0.893308
0.198648
0.173878
0.283931
0.470601
0.551866
0.500938
0.567521
0.941337
2.490526
3.624942
8.800943
15.342317
14.697006
12.560511
18.414692
24.246494
24.579547
3.745260
3.834710
4.346342
4.458810
1.406742
0.180517
0.067557
0.093719
0.131794
0.215293
0.507863
0.725725
0.821010
0.898746
2.882484
4.722269
10.039273
16.518008
16.191408
13.324078
17.940092
24.395939
25.005536
3.201022
3.303860
3.479090
3.930128
1.684699
0.081728
0.037175
0.057996
0.076491
0.089091
0.206658
0.538531
1.316614
2.111684
8.544957
12.340138
18.814825
20.665556
15.657322
14.110214
16.984627
25.380942
28.322941
3.001102
3.154943
1.539294
0.203154
0.027974
0.035941
0.056148
0.079591
0.098746
0.133871
0.344025
0.681105
4.861892
14.072130
22.265138
22.321239
17.198063
17.593303
19.098441
25.924375
29.049825
26.799845
22.544306
2.392429
2.115730
1.382937
0.392496
0.013667
0.008499
0.024295
0.035469
0.060509
0.099310
0.157222
0.323745
2.866256
11.772294
20.528691
21.180561
15.016598
16.041850
21.461170
32.647873
42.557731
45.473775
51.874770
0.044892
0.061354
0.160474
0.371728
0.665736
1.111810
4.274684
9.735621
15.109767
17.402026
13.313423
17.296522
23.432873
38.886598
54.404567
66.620716
98.562703
