0.000000
0.000000
0.000000
0.000000
0.000000
0.000000
0.000000
0.000000
0.000000
0.000000
0.000000
0.000000
0.000000
0.000000
0.000000
0.000000
0.000000
0.000000
0.000000
0.000000
0.000000
0.000000
0.000000
0.000000
0.000000
0.000000
0.000000
0.000000
0.000000
0.000000
0.000000
0.000000
0.000000
0.000000
0.000000
0.000000
0.000000
0.000000
0.000000
0.000000
0.000000
0.000000
0.000000
0.000000
0.000000
0.000000
0.000000
0.000000
0.000000
0.000000
0.000000
0.000000
0.000000
0.000000
0.000000
0.000000
0.000000
0.000000
0.000000
0.000000
0.000000
0.000000
0.000000
0.000000
0.000000
0.000000
0.000000
0.000000
0.000000
0.000000
0.000000
0.000000
0.000000
0.000000
0.000000
0.000000
0.000000
0.000000
0.000000
0.000000
0.000000
0.000000
0.000000
0.000000
0.000000
0.000000
0.000000
0.000000
0.000000
0.000000
0.000000
0.000000
0.000000
0.000000
0.000000
0.000000
0.000000
0.000000
0.000000
0.000000
0.000000
0.000000
0.000000
0.000000
0.000000
0.000000
0.000000
0.000000
0.000000
0.000000
0.000000
0.000000
0.000000
0.000000
0.000000
0.000000
0.000000
0.000000
0.000000
0.000000
0.000000
0.000000
0.000000
0.000000
0.000000
0.000000
0.000000
0.000000
0.000000
0.000000
0.000000
0.000000
0.000000
0.000000
0.000000
0.000000
0.000000
0.000000
0.000000
0.000000
0.000000
0.000000
0.000000
0.000000
0.000000
0.000000
0.000000
0.000000
0.000000
0.000000
0.000000
0.000000
0.000000
0.000000
0.000000
0.000000
0.000000
0.000000
0.000000
0.000000
0.000000
0.000000
0.000000
0.000000
0.000000
0.000000
0.000000
0.000000
0.000000
0.000000
0.000000
0.000000
0.000000
0.000000
0.000000
0.000000
0.000000
0.000000
0.000000
0.000000
0.000000
0.000000
0.000000
0.000000
0.000000
0.000000
0.000000
0.000000
0.000000
0.000000
0.000000
0.000000
0.000000
0.000000
0.000000
0.000000
0.000000
0.000000
0.000000
0.000000
0.000000
0.000000
0.000000
0.000000
0.000000
0.000000
0.000000
0.000000
0.000000
0.000000
0.000000
0.000000
0.000000
0.000000
0.000000
0.000000
0.000000
0.000000
0.000000
0.000000
0.000000
0.000000
0.000000
0.000000
0.000000
0.000000
0.000000
0.000000
0.000000
0.000000
0.000000
0.000000
0.000000
0.000000
0.000000
0.000000
0.000000
0.000000
0.000000
0.000000
0.000000
0.000000
0.000000
0.000000
0.000000
0.000000
0.000000
0.000000
0.000000
0.000000
0.000000
0.000000
0.000000
0.000000
0.000000
0.000000
0.000000
0.000000
0.000000
0.000000
0.000000
0.000000
0.000000
0.000000
0.000000
0.000000
0.000000
0.000000
0.000000
0.000000
0.000000
0.000000
0.000000
0.000000
0.000000
0.000000
0.000000
0.000000
0.000000
0.000000
0.000000
0.000000
0.000000
0.000000
0.000000
0.000000
0.000000
0.000000
0.000000
0.000000
0.000000
0.000000
0.000000
0.000000
0.000000
0.000000
0.000000
0.000000
0.000000
0.000000
0.000000
0.000000
0.000000
0.000000
0.000000
0.000000
0.000000
0.000000
0.000000
0.000000
0.000000
0.000000
0.000000
0.000000
0.000000
0.000000
0.000000
0.000000
0.000000
0.000000
0.000000
0.000000
0.000000
0.000000
0.000000
0.000000
0.000000
0.000000
0.000000
0.000000
0.000000
0.000000
0.000000
0.000000
0.000000
0.000000
0.000000
0.000000
0.000000
0.000000
0.000000
0.000000
0.000000
0.000000
0.000000
0.000000
0.000000
0.000000
0.000000
0.000000
0.000000
0.000000
0.000000
0.000000
0.000000
0.000000
0.000000
0.000000
0.000000
0.000000
0.000000
0.000000
0.000000
0.000000
0.000000
0.000000
0.000000
0.000000
0.000000
0.000000
0.000000
0.000000
0.000000
0.000000
0.000000
0.000000
0.000000
0.000000
0.000000
0.000000
0.000000
0.000000
0.000000
0.000000
0.000000
0.000000
0.000000
0.000000
0.000000
0.000000
0.000000
0.000000
0.000000
0.000000
0.000000
0.000000
0.000000
0.000000
0.000000
0.000000
0.000000
0.000000
0.000000
0.000000
0.000000
0.000000
0.000000
0.000000
0.000000
0.000000
0.000000
0.000000
0.000000
0.000000
0.000000
0.000000
0.000000
0.000000
0.000000
0.000000
0.000000
0.000000
0.000000
0.000000
0.000000
0.000000
0.000000
0.000000
0.000000
0.000000
0.000000
0.000000
0.000000
0.000000
0.000000
0.000000
0.000000
0.000000
0.000000
0.000000
0.000000
0.000000
0.000000
0.000000
0.000000
0.000000
0.000000
0.000000
0.000000
0.000000
0.000000
0.000000
0.000000
0.000000
0.000000
0.000000
0.000000
0.000000
0.000000
0.000000
0.000000
0.000000
0.000000
0.000000
0.000000
0.000000
0.000000
0.000000
0.000000
0.000000
0.000000
0.000000
0.000000
0.000000
0.000000
0.000000
0.000000
0.000000
0.000000
0.000000
0.000000
0.000000
0.000000
0.000000
0.000000
0.000000
0.000000
0.000000
0.000000
0.000000
0.000000
0.000000
0.000000
0.000000
0.000000
0.000000
0.000000
0.000000
0.000000
0.000000
0.000000
0.000011
0.000011
0.000000
0.000000
0.000000
0.000000
0.000000
0.000000
0.000000
0.000000
0.000000
0.000000
0.000000
0.000000
0.000000
0.000000
0.000000
0.000000
0.000000
0.000000
0.000000
0.000000
0.000000
0.000000
0.000000
0.000000
0.000000
0.000000
0.000000
0.000000
0.000000
0.000000
0.000000
0.000000
0.000000
0.000000
0.000000
0.000000
0.000000
0.000000
0.000000
0.000000
0.000000
0.000000
0.000000
0.000000
0.000000
0.000000
0.000000
0.000000
0.000000
0.000000
0.000000
0.000000
0.000000
0.000000
0.000013
0.000034
0.001556
0.011935
0.011565
0.000020
0.000020
0.000000
0.000000
0.000000
0.000000
0.000000
0.000000
0.000000
0.000000
0.000000
0.000000
0.000000
0.000000
0.000000
0.000000
0.000000
0.000000
0.000000
0.000000
0.000000
0.000000
0.000000
0.000000
0.000000
0.000000
0.000000
0.000000
0.000000
0.000000
0.000000
0.000000
0.000000
0.000000
0.000000
0.000000
0.000000
0.000000
0.000000
0.000000
0.000000
0.000000
0.000000
0.000000
0.000000
0.000000
0.000000
0.000000
0.000000
0.000000
0.000000
0.000000
0.000000
0.000000
0.000000
0.000000
0.000126
0.000337
0.011027
0.025399
0.011107
0.000000
0.000000
0.000000
0.000000
0.000000
0.000000
0.000000
0.000000
0.000000
0.000000
0.000000
0.000000
0.000000
0.000000
0.000000
0.000000
0.000000
0.000000
0.000000
0.000000
0.000000
0.000000
0.000000
0.000000
0.000000
0.000000
0.000000
0.000000
0.000000
0.000000
0.000000
0.000000
0.000000
0.000000
0.000000
0.000000
0.000000
0.000000
0.000000
0.000000
0.000000
0.000000
0.000000
0.000000
0.000000
0.000000
0.000000
0.000000
0.000000
0.000000
0.000000
0.000000
0.000000
0.000000
0.000000
0.000000
0.000923
0.003553
0.012198
0.018961
0.009730
0.000033
0.000033
0.000000
0.000000
0.000000
0.000000
0.000000
0.000000
0.000000
0.000000
0.000000
0.000000
0.000000
0.000000
0.000000
0.000000
0.000000
0.000000
0.000000
0.000000
0.000000
0.000000
0.000000
0.000000
0.000000
0.000000
0.000000
0.000000
0.000000
0.000000
0.000000
0.000000
0.000000
0.000000
0.000000
0.000000
0.000000
0.000000
0.000000
0.000000
0.000000
0.000000
0.000000
0.000000
0.000000
0.001351
0.004675
0.002199
0.000000
0.000000
0.000000
0.000000
0.000000
0.000000
0.000000
0.000000
0.000448
0.010675
0.012255
0.013118
0.012396
0.000049
0.000049
0.000000
0.000000
0.000000
0.000000
0.000000
0.000000
0.000000
0.000000
0.000000
0.000000
0.000000
0.000000
0.000000
0.000000
0.000000
0.000000
0.000000
0.000000
0.000000
0.000000
0.000000
0.000000
0.000000
0.000000
0.000000
0.000000
0.000000
0.000000
0.000000
0.000000
0.000000
0.000000
0.000000
0.000000
0.000000
0.000000
0.000000
0.000000
0.000000
0.000000
0.000000
0.000000
0.000487
0.010584
0.017565
0.008183
0.001753
0.000017
0.000000
0.000000
0.000000
0.000000
0.000070
0.000126
0.006283
0.011680
0.011754
0.012543
0.012165
0.000000
0.000000
0.000000
0.000000
0.000000
0.000000
0.000000
0.000000
0.000000
0.000000
0.000000
0.000000
0.000000
0.000000
0.000000
0.000000
0.000000
0.000000
0.000000
0.000000
0.000000
0.000000
0.000000
0.000000
0.000000
0.000000
0.000000
0.000000
0.000000
0.000000
0.000000
0.000000
0.000000
0.000000
0.000000
0.000000
0.000000
0.000000
0.000000
0.000000
0.000000
0.000000
0.000000
0.000000
0.000135
0.004108
0.014639
0.012667
0.004912
0.000052
0.000000
0.000000
0.000000
0.000211
0.006644
0.006956
0.011669
0.011698
0.011731
0.011904
0.014168
0.000092
0.000092
0.000000
0.000000
0.000000
0.000000
0.000000
0.000000
0.000000
0.000000
0.000000
0.000000
0.000000
0.000000
0.000000
0.000000
0.000000
0.000000
0.000000
0.000000
0.000000
0.000000
0.000000
0.000000
0.000000
0.000000
0.000000
0.000000
0.000000
0.000000
0.000000
0.000000
0.000000
0.000000
0.000000
0.000000
0.000000
0.000000
0.000000
0.000000
0.000000
0.000000
0.000000
0.000001
0.002358
0.013987
0.036509
0.002362
0.000000
0.000000
0.000000
0.000000
0.000001
0.000295
0.010533
0.011697
0.020512
0.033681
0.016620
0.015905
0.035455
0.000135
0.000135
0.000000
0.000000
0.000000
0.000000
0.000000
0.000000
0.000000
0.000000
0.000000
0.000000
0.000000
0.000000
0.000000
0.000000
0.000000
0.000000
0.000000
0.000000
0.000000
0.000000
0.000000
0.000000
0.000000
0.000000
0.000000
0.000000
0.000123
0.002467
0.001735
0.000919
0.000709
0.000186
0.000000
0.000000
0.000000
0.000000
0.000000
0.000000
0.000000
0.000000
0.000000
0.000000
0.070879
0.153108
0.010503
0.000000
0.000634
0.001468
0.000009
0.000559
0.001479
0.001463
0.003184
0.009693
0.012139
0.044695
0.080941
0.072128
0.069590
0.000000
0.000000
0.000000
0.000000
0.000000
0.000000
0.000000
0.000000
0.000000
0.000000
0.000000
0.000000
0.000000
0.000000
0.000000
0.000000
0.000000
0.000000
0.000000
0.000000
0.000000
0.000000
0.000000
0.000000
0.000000
0.000000
0.000000
0.000000
0.004562
0.011313
0.020062
0.010148
0.011654
0.007863
0.000000
0.000000
0.000000
0.000000
0.000000
0.000000
0.000000
0.000000
0.000000
0.000237
0.198802
0.078761
0.000343
0.000408
0.009315
0.012085
0.003496
0.006182
0.012151
0.011858
0.010791
0.047554
0.062151
0.052898
0.094423
0.097753
0.100668
0.000099
0.000099
0.000000
0.000000
0.000000
0.000000
0.000000
0.000000
0.000000
0.000000
0.000000
0.000000
0.000000
0.000000
0.000000
0.000000
0.000000
0.000000
0.000000
0.000000
0.000000
0.000000
0.000000
0.000000
0.000000
0.000000
0.000000
0.002248
0.013388
0.027218
0.033551
0.044597
0.070365
0.033966
0.001837
0.000010
0.000205
0.000000
0.001245
0.002131
0.000140
0.000000
0.000000
0.000000
0.113415
0.316021
0.001987
0.008816
0.016789
0.024497
0.012053
0.016419
0.013079
0.013477
0.013942
0.061181
0.137547
0.126381
0.132555
0.128677
0.113556
0.000084
0.000084
0.000000
0.000000
0.000000
0.000000
0.000000
0.000000
0.000000
0.000000
0.000000
0.000000
0.000000
0.000000
0.000000
0.000000
0.000000
0.000000
0.000000
0.000000
0.000000
0.000000
0.000000
0.000000
0.000000
0.000000
0.007479
0.015527
0.025192
0.041590
0.092838
0.139206
0.140601
0.134777
0.116199
0.036593
0.008357
0.001624
0.011092
0.011806
0.013282
0.015037
0.000066
0.000019
0.148138
0.183141
0.065757
0.013807
0.010622
0.007520
0.011848
0.012603
0.048510
0.094309
0.080539
0.153404
0.175060
0.192539
0.193269
0.191170
0.172268
0.000000
0.000000
0.000000
0.000000
0.000000
0.000000
0.000000
0.000000
0.000000
0.000000
0.000000
0.000000
0.000000
0.000000
0.000000
0.000000
0.000000
0.000000
0.000000
0.000000
0.000000
0.000000
0.000000
0.000000
0.003552
0.007410
0.011381
0.044232
0.108435
0.030387
0.077759
0.158730
0.205176
0.165442
0.027681
0.012911
0.011902
0.021455
0.057967
0.041530
0.000012
0.000004
0.049577
0.126580
0.159333
0.045841
0.012279
0.028530
0.061219
0.030811
0.102098
0.147504
0.123903
0.172898
0.235578
0.266127
0.266380
0.258203
0.239951
0.000000
0.000000
0.000000
0.000000
0.000000
0.000000
0.000000
0.000000
0.000000
0.000000
0.000000
0.000000
0.000000
0.000000
0.000000
0.000000
0.000000
0.000000
0.000000
0.000000
0.000000
0.000000
0.000000
0.000000
0.000000
0.008989
0.015780
0.012770
0.035417
0.044630
0.087794
0.118870
0.273688
0.354252
0.069701
0.013383
0.018322
0.054489
0.110225
0.024505
0.000003
0.000586
0.081882
0.154433
0.113157
0.116012
0.011691
0.011614
0.017136
0.031887
0.107399
0.166826
0.205114
0.230502
0.284737
0.345835
0.373511
0.366880
0.422806
0.000000
0.000000
0.000000
0.000000
0.000000
0.000000
0.000000
0.000000
0.000000
0.000000
0.000000
0.000000
0.000000
0.000000
0.000000
0.000000
0.000000
0.000000
0.000000
0.000000
0.000000
0.000000
0.001084
0.009602
0.011675
0.039851
0.113540
0.140167
0.291329
0.068333
0.035225
0.025747
0.152856
0.098676
0.106037
0.035487
0.011625
0.019605
0.089308
0.104519
0.268154
0.240810
0.007950
0.000964
0.015972
0.058329
0.139193
0.178143
0.247244
0.294754
0.392359
0.481573
0.603816
0.813557
1.184548
0.000000
0.000000
0.000000
0.000000
0.000000
0.000000
0.000000
0.000000
0.000000
0.000000
0.000000
0.000000
0.000000
0.000000
0.000000
0.000000
0.000000
0.000000
0.000000
0.000000
0.000000
0.000000
0.000000
0.001054
0.011426
0.016175
0.019249
0.059426
0.161892
0.226616
0.197498
0.182278
0.541348
0.334273
0.319509
0.222696
0.159178
0.174577
0.181267
0.142419
0.399763
0.515492
0.156957
0.080480
0.124168
0.247061
0.197593
0.187372
0.260662
0.326281
0.442482
0.559966
0.774336
1.154763
1.766387
0.000000
0.000000
0.000000
0.000000
0.000000
0.000000
0.000000
0.000000
0.000000
0.000000
0.000000
0.000000
0.000000
0.000000
0.000000
0.000000
0.009082
0.010172
0.010170
0.010520
0.041777
0.173257
0.695917
1.040091
0.954562
0.548133
0.454600
0.518379
0.265288
0.277584
0.217268
0.092962
0.281450
0.408960
0.517861
0.329365
0.177734
0.293918
0.352322
0.376067
0.357373
0.362457
0.474271
0.598920
0.919974
1.513998
2.650730
0.000000
0.000000
0.000000
0.000000
0.000000
0.000000
0.000000
0.000000
0.000000
0.000000
0.000000
0.000000
0.000000
0.000000
0.000000
0.000000
0.000000
0.000000
0.000000
0.000000
0.000000
0.004573
0.143883
0.318023
0.864872
0.377083
0.425375
0.300919
0.254236
0.323163
0.233683
0.164430
0.099520
0.450199
0.489393
0.433589
0.255158
0.349633
0.606463
1.250206
0.655231
0.380273
0.420960
0.604734
0.906604
1.493602
2.745686
0.000000
0.000000
0.000000
0.000000
0.000000
0.000000
0.000000
0.000000
0.000000
0.000000
0.000000
0.000000
0.000000
0.000000
0.000000
0.000000
0.000000
0.000000
0.000000
0.000003
0.007717
0.073711
0.691111
0.391132
0.401428
0.239682
0.245470
0.435375
0.602218
0.360936
0.131553
0.170299
0.472546
0.389586
0.411787
0.598125
0.594972
0.642752
0.547723
0.355286
0.426565
0.570862
0.840769
1.278533
2.355076
0.000000
0.000000
0.000000
0.000000
0.000000
0.000000
0.000000
0.000000
0.000000
0.000000
0.000000
0.000000
0.000000
0.000000
0.000000
0.000000
0.000000
0.000000
0.000000
0.000000
0.000000
0.000000
0.078114
0.439149
0.444071
0.195337
0.205541
0.311142
0.404881
0.410789
0.217317
0.216917
0.608848
0.802082
0.379407
0.831085
0.839906
0.631181
0.443749
0.322138
0.393404
0.504693
0.775131
1.125889
2.185682
0.000000
0.000000
0.000000
0.000000
0.000000
0.000000
0.000000
0.000000
0.000000
0.000000
0.000000
0.000000
0.000000
0.000000
0.000000
0.000000
0.000000
0.000000
0.012316
0.126821
0.453220
0.552005
0.207059
0.192344
0.292535
0.476038
0.281867
0.134439
0.191744
0.379506
0.443178
0.199529
0.500006
0.471219
0.323577
0.387355
0.363244
0.371602
0.578037
0.933010
1.579120
0.000000
0.000000
0.000000
0.000000
0.000000
0.000000
0.000000
0.000000
0.000000
0.000000
0.000000
0.000000
0.000000
0.000000
0.000000
0.000000
0.000000
0.000000
0.016292
0.187457
0.213492
0.373378
0.283815
0.233627
0.209767
0.230560
0.261413
0.082087
0.170497
0.170466
0.232945
0.313056
0.346920
0.121306
0.223802
0.382854
0.436866
0.308170
0.322858
0.410455
1.155882
0.000000
0.000000
0.000000
0.000000
0.000000
0.000000
0.000000
0.000000
0.000000
0.000000
0.000000
0.000000
0.000022
0.122332
0.232133
0.263721
0.230653
0.204440
0.182530
0.148657
0.020146
0.026613
0.045428
0.167384
0.041143
0.080600
0.176013
0.091482
0.094187
0.270988
0.505142
0.448941
0.123075
0.145296
0.824752
0.000000
0.000000
0.000000
0.000000
0.000000
0.000000
0.000000
0.000000
0.000000
0.000000
0.000000
0.000000
0.010615
0.133693
0.207433
0.206627
0.122169
0.090919
0.081162
0.053426
0.013090
0.010321
0.011678
0.011320
0.022864
0.013164
0.015071
0.038588
0.050131
0.137212
0.463459
0.792376
0.122099
0.073146
0.495257
0.000000
0.000000
0.000000
0.000000
0.000000
0.000000
0.010548
0.121846
0.194412
0.194827
0.121846
0.079549
0.049116
0.020809
0.005939
0.000138
0.004216
0.003672
0.002667
0.010596
0.013175
0.020693
0.029409
0.065147
0.322561
0.982001
0.200325
0.068394
0.383593
0.000000
0.000000
0.000000
0.000000
0.000000
0.000000
0.020925
0.132179
0.157235
0.171749
0.058502
0.032991
0.012763
0.012287
0.001465
0.000000
0.000080
0.000214
0.000000
0.008437
0.013368
0.013554
0.018346
0.041745
0.215753
0.962960
0.300329
0.072750
0.371189
0.067727
0.095348
0.109360
0.112907
0.026783
0.011691
0.011675
0.011396
0.001271
0.000000
0.000000
0.000000
0.000015
0.001519
0.013128
0.013745
0.013102
0.017072
0.166445
0.756364
0.483992
0.097704
0.354320
1.429273
0.944586
0.059316
0.070229
0.074945
0.069694
0.028002
0.011783
0.011638
0.004988
0.000005
0.000000
0.000000
0.000000
0.000118
0.000580
0.011329
0.012986
0.013216
0.013655
0.206641
1.080559
0.496332
0.139990
0.403371
1.279509
0.860414
0.040666
0.043654
0.034046
0.025950
0.003581
0.000109
0.000000
0.000000
0.000000
0.000000
0.000118
0.000118
0.009729
0.011776
0.012685
0.044648
0.514987
1.253226
0.432317
0.249080
0.397799
0.865365
0.737810
0.022000
0.021137
0.023036
0.012953
0.011759
0.001459
0.000000
0.000000
0.000000
0.000000
0.000826
0.003598
0.012534
0.012817
0.025214
0.166941
1.130319
1.499186
0.479435
0.396456
0.432259
0.637356
0.641340
0.017684
0.019260
0.011744
0.002219
0.000109
0.000000
0.000000
0.000000
0.000826
0.001832
0.008057
0.008055
0.011691
0.207748
2.010185
2.007579
0.606412
0.606535
0.570461
0.611305
0.617440
0.743909
0.919753
0.018143
0.014997
0.015969
0.008753
0.000926
0.000000
0.000000
0.000000
0.001485
0.001485
0.008079
0.008079
0.011468
0.139991
0.925194
1.295811
0.516152
0.545205
0.641707
0.693862
0.697799
0.832450
1.472867
0.000000
0.000000
0.001881
0.002468
0.009925
0.009948
0.027831
0.203753
0.317435
0.392533
0.428317
0.596508
0.823123
0.952696
0.927892
1.155291
2.730240
