0.000000
0.000000
0.000000
0.000000
0.000000
0.000000
0.000000
0.000000
0.000000
0.000000
0.000000
0.000000
0.000000
0.000000
0.000000
0.000000
0.000000
0.000000
0.000000
0.000000
0.000000
0.000000
0.000000
0.000000
0.000000
0.000000
0.000000
0.000000
0.000000
0.000000
0.000000
0.000000
0.000000
0.000000
0.000000
0.000000
0.000000
0.000000
0.000000
0.000000
0.000000
0.000000
0.000000
0.000000
0.000000
0.000000
0.000000
0.000000
0.000000
0.000000
0.000000
0.000000
0.000000
0.000000
0.000000
0.000000
0.000000
0.000000
0.000000
0.000000
0.000000
0.000000
0.000000
0.000000
0.000000
0.000000
0.000000
0.000000
0.000000
0.000000
0.000000
0.000000
0.000000
0.000000
0.000000
0.000000
0.000000
0.000000
0.000000
0.000000
0.000000
0.000000
0.000000
0.000000
0.000000
0.000000
0.000000
0.000000
0.000000
0.000000
0.000000
0.000000
0.000000
0.000000
0.000000
0.000000
0.000000
0.000000
0.000000
0.000000
0.000000
0.000000
0.000000
0.000000
0.000000
0.000000
0.000000
0.000000
0.000000
0.000000
0.000000
0.000000
0.000000
0.000000
0.000000
0.000000
0.000000
0.000000
0.000000
0.000000
0.000000
0.000000
0.000000
0.000000
0.000000
0.000000
0.000000
0.000000
0.000000
0.000000
0.000000
0.000000
0.000000
0.000000
0.000000
0.000000
0.000000
0.000000
0.000000
0.000000
0.000000
0.000000
0.000000
0.000000
0.000000
0.000000
0.000000
0.000000
0.000000
0.000000
0.000000
0.000000
0.000000
0.000000
0.000000
0.000000
0.000000
0.000000
0.000000
0.000000
0.000000
0.000000
0.000000
0.000000
0.000000
0.000000
0.000000
0.000000
0.000000
0.000000
0.000000
0.000000
0.000000
0.000000
0.000427
0.000427
0.000000
0.000000
0.000000
0.000000
0.000000
0.000000
0.000000
0.000000
0.000000
0.000000
0.000000
0.000000
0.000000
0.000000
0.000000
0.000000
0.000000
0.000000
0.000000
0.000000
0.000000
0.000000
0.000000
0.000000
0.000000
0.000000
0.000000
0.000000
0.000000
0.000759
0.000759
0.000000
0.000000
0.000000
0.000000
0.000000
0.000000
0.000000
0.000000
0.000000
0.000000
0.000000
0.000000
0.000000
0.000000
0.000000
0.000000
0.000000
0.000000
0.000000
0.000000
0.000000
0.000000
0.000000
0.000000
0.000000
0.000000
0.000000
0.000000
0.000000
0.000000
0.000000
0.000000
0.000000
0.000000
0.000000
0.000000
0.000000
0.000000
0.000000
0.000000
0.000000
0.000000
0.000000
0.000000
0.000000
0.000000
0.000000
0.000000
0.000000
0.000000
0.000000
0.000000
0.000000
0.000000
0.000000
0.000000
0.000000
0.000000
0.000000
0.000000
0.000000
0.000000
0.000000
0.000000
0.000874
0.000874
0.000000
0.000000
0.000000
0.000000
0.000000
0.000000
0.000000
0.000000
0.000000
0.000000
0.000000
0.000000
0.000000
0.000000
0.000000
0.000000
0.000000
0.000000
0.000000
0.000000
0.000000
0.000000
0.000000
0.000000
0.000000
0.000000
0.000000
0.000000
0.000000
0.000000
0.000000
0.000000
0.000000
0.001081
0.001081
0.000000
0.000000
0.000000
0.000000
0.000000
0.000000
0.000000
0.000000
0.000000
0.000000
0.000000
0.000000
0.000000
0.000000
0.000000
0.000000
0.000000
0.000000
0.000000
0.000000
0.000000
0.000000
0.000000
0.000000
0.000000
0.000000
0.000000
0.000000
0.000000
0.000000
0.000000
0.000000
0.000000
0.000000
0.000000
0.000000
0.000000
0.000000
0.000000
0.000000
0.000000
0.000000
0.000000
0.000000
0.000000
0.000000
0.000000
0.000000
0.000000
0.000000
0.000000
0.000000
0.000000
0.000000
0.000000
0.000000
0.000000
0.000000
0.000000
0.000000
0.000000
0.000000
0.000000
0.000000
0.000000
0.000000
0.000000
0.000000
0.000000
0.000000
0.000000
0.000000
0.001197
0.001197
0.000000
0.000000
0.000000
0.000000
0.000000
0.000000
0.000000
0.000000
0.000000
0.000000
0.000000
0.000000
0.000000
0.000000
0.000000
0.000000
0.000000
0.000000
0.000000
0.000000
0.000000
0.000000
0.000000
0.000000
0.000000
0.000000
0.000000
0.000000
0.000000
0.000000
0.000000
0.000000
0.000000
0.000000
0.000000
0.000000
0.000000
0.002274
0.002274
0.000000
0.000000
0.000000
0.000000
0.000000
0.000000
0.000000
0.000000
0.000000
0.000000
0.000000
0.000000
0.000000
0.000000
0.000000
0.000000
0.000000
0.000000
0.000000
0.000000
0.000000
0.000000
0.000000
0.000000
0.000000
0.000000
0.000000
0.000000
0.000000
0.000000
0.000000
0.000000
0.000000
0.000000
0.000000
0.000000
0.000000
0.000000
0.000000
0.000000
0.000000
0.000000
0.000000
0.000000
0.000000
0.000000
0.000000
0.000000
0.000000
0.000000
0.000000
0.000000
0.000000
0.000000
0.000000
0.000000
0.000000
0.000000
0.000000
0.000000
0.000000
0.000000
0.000000
0.000000
0.000000
0.000000
0.000000
0.000000
0.000000
0.000000
0.000000
0.000000
0.000000
0.000000
0.000000
0.000000
0.000000
0.000000
0.000000
0.000000
0.000550
0.000550
0.000000
0.000000
0.000000
0.000000
0.000000
0.000000
0.000000
0.000000
0.000000
0.000000
0.000031
0.002807
0.003243
0.002087
0.000007
0.000000
0.000001
0.000000
0.000000
0.000000
0.000000
0.000000
0.000000
0.000000
0.000000
0.000000
0.000000
0.000000
0.000000
0.000000
0.000000
0.000000
0.000000
0.000000
0.000000
0.000000
0.000000
0.000000
0.000000
0.000000
0.000000
0.000000
0.000000
0.000000
0.000000
0.000000
0.000000
0.000000
0.000000
0.000000
0.024263
0.026403
0.026904
0.047836
0.026240
0.024443
0.026573
0.056491
0.023772
0.001884
0.001884
0.000000
0.000000
0.000000
0.000000
0.000000
0.000000
0.000000
0.000000
0.000000
0.000000
0.004721
0.023821
0.112546
0.139888
0.038920
0.007426
0.052823
0.016745
0.000000
0.000000
0.000000
0.000000
0.000000
0.000000
0.000000
0.000000
0.000000
0.000000
0.000000
0.000000
0.000000
0.000000
0.000000
0.000000
0.000000
0.000000
0.000000
0.000000
0.000000
0.000000
0.000000
0.000000
0.000000
0.000000
0.000000
0.000000
0.000000
0.000000
0.000000
0.000000
0.021682
0.027848
0.029129
0.068952
0.019616
0.024938
0.074798
0.250811
0.022230
0.000000
0.000000
0.000000
0.000000
0.000000
0.000000
0.000000
0.000000
0.000000
0.000000
0.000000
0.000000
0.001639
0.021357
0.079838
0.330952
0.267838
0.222342
0.161468
0.007785
0.000000
0.000000
0.000000
0.000000
0.000000
0.000000
0.000000
0.000000
0.000000
0.000000
0.000043
0.000000
0.000000
0.000000
0.000000
0.000000
0.000000
0.000000
0.000000
0.000000
0.000000
0.000000
0.000000
0.000000
0.000000
0.000000
0.000015
0.000000
0.000000
0.000000
0.000000
0.000000
0.004166
0.025634
0.028453
0.016306
0.006062
0.025215
0.029554
0.050800
0.027789
0.004412
0.004412
0.000000
0.000000
0.000000
0.000000
0.000000
0.000000
0.000000
0.000000
0.000000
0.000000
0.000000
0.000310
0.119064
0.438039
0.630617
0.634350
0.319394
0.024953
0.000000
0.000000
0.000963
0.016034
0.016768
0.018437
0.001116
0.000000
0.001219
0.011433
0.029365
0.003970
0.000000
0.000000
0.000000
0.000000
0.000000
0.000000
0.000000
0.000000
0.000000
0.000000
0.000000
0.000000
0.000000
0.001863
0.029387
0.000546
0.000000
0.000000
0.000000
0.000000
0.011072
0.027503
0.027604
0.016094
0.000000
0.023631
0.028562
0.034959
0.029045
0.011480
0.011480
0.000000
0.000000
0.000000
0.000000
0.000000
0.000000
0.000000
0.000000
0.000000
0.000000
0.000792
0.022227
0.025951
0.230073
0.260538
0.459518
0.907115
0.503072
0.001838
0.003213
0.023824
0.025749
0.025784
0.025041
0.024970
0.008851
0.040149
0.150897
0.042101
0.003048
0.000000
0.000000
0.000000
0.000000
0.000000
0.000000
0.000000
0.000000
0.000000
0.000000
0.000000
0.000000
0.000963
0.026553
0.286404
0.058587
0.033589
0.006967
0.000000
0.000000
0.000000
0.001967
0.028541
0.027891
0.002062
0.022860
0.026600
0.030422
0.031435
0.000000
0.000000
0.000000
0.000000
0.000000
0.000000
0.000000
0.000000
0.000000
0.000000
0.000000
0.000000
0.002168
0.008937
0.001101
0.010894
0.027356
0.062646
1.065331
0.660246
0.313475
0.068358
0.029721
0.049447
0.048137
0.039853
0.025617
0.022605
0.044342
0.155277
0.082684
0.015695
0.000000
0.000000
0.000000
0.000000
0.000000
0.000000
0.000000
0.000000
0.000000
0.000000
0.000000
0.000000
0.000326
0.025354
0.202695
0.340015
0.175669
0.029971
0.000000
0.000000
0.000193
0.017997
0.071809
0.055898
0.042666
0.076601
0.027829
0.027055
0.142467
0.006935
0.006935
0.000000
0.000000
0.000000
0.000000
0.000000
0.000000
0.000000
0.000000
0.000000
0.000000
0.000000
0.000000
0.000000
0.000000
0.000019
0.022360
0.855467
1.200050
1.355567
0.184600
0.034820
0.127731
0.102265
0.111050
0.067350
0.027935
0.156395
0.137162
0.032355
0.000577
0.000001
0.001561
0.000001
0.000000
0.000000
0.000000
0.000000
0.000000
0.000000
0.000000
0.000000
0.000002
0.013147
0.083269
0.177639
0.029895
0.053088
0.023485
0.000254
0.000175
0.000275
0.022129
0.049666
0.078391
0.261565
0.392684
0.143871
0.174671
0.448670
0.015634
0.015634
0.000000
0.000000
0.000000
0.000000
0.000000
0.000000
0.000000
0.000000
0.000000
0.000000
0.000000
0.000000
0.000000
0.000000
0.000000
0.000000
0.001494
0.500488
1.457701
1.137935
0.297612
0.456308
0.398927
0.360775
0.280102
0.321091
0.289240
0.264739
0.189930
0.028751
0.013261
0.030463
0.025178
0.000420
0.000000
0.000000
0.000000
0.000000
0.000000
0.000000
0.000000
0.003956
0.379046
0.837693
0.023102
0.000000
0.002432
0.003422
0.006181
0.004594
0.003077
0.022254
0.025091
0.052463
0.160651
0.570984
0.957533
0.918721
1.017767
0.000000
0.000000
0.000000
0.000000
0.000000
0.000000
0.000000
0.000000
0.000000
0.000000
0.000000
0.000000
0.000000
0.000000
0.000000
0.000000
0.000000
0.000000
0.009999
0.043382
0.984911
1.544148
0.930322
1.004827
1.091039
0.819762
0.451041
0.527897
0.607430
0.710927
0.882777
0.355918
0.302759
0.090071
0.016485
0.000000
0.000000
0.000000
0.000000
0.000000
0.000000
0.000000
0.000000
0.010818
1.003782
0.481021
0.000877
0.014475
0.023898
0.028933
0.026526
0.036330
0.044108
0.027801
0.029009
0.367548
0.524998
0.592818
1.219387
1.659035
2.059316
0.009387
0.009387
0.000000
0.000000
0.000000
0.000000
0.000000
0.000000
0.000000
0.000000
0.000000
0.000000
0.000000
0.000000
0.000000
0.000000
0.000000
0.000000
0.000001
0.059589
1.029285
1.715767
1.771944
1.548492
2.302085
1.360555
0.736397
0.477414
0.896544
1.279307
1.148484
1.079602
1.305735
0.622409
0.032894
0.003339
0.001948
0.000000
0.016387
0.013953
0.000026
0.000000
0.000000
0.003058
0.614041
1.559288
0.038118
0.028176
0.055006
0.277200
0.073372
0.089591
0.109186
0.071101
0.174854
0.519908
1.019968
1.194606
1.775308
2.476310
2.071130
0.012670
0.012670
0.000000
0.000000
0.000000
0.000000
0.000000
0.000000
0.000000
0.000000
0.000000
0.000000
0.000000
0.000000
0.000000
0.000000
0.000000
0.000000
0.000000
0.000000
0.147086
0.498110
0.753530
0.589836
1.749858
0.607554
0.983912
1.420048
1.344982
1.454758
1.995860
1.917514
1.668393
1.485597
1.052208
0.454788
0.056250
0.022888
0.026296
0.026273
0.046102
0.056841
0.000615
0.009017
0.928492
1.693746
0.699953
0.157629
0.143319
0.183651
0.198398
0.293590
1.314432
0.882013
0.731653
0.989946
1.310698
1.682019
2.135490
2.704090
2.721460
0.000000
0.000000
0.000000
0.000000
0.000000
0.000000
0.000000
0.000000
0.000000
0.000000
0.000000
0.000000
0.000000
0.000000
0.000000
0.000000
0.000000
0.000000
0.005945
0.023591
0.025591
0.077014
0.545644
0.640193
0.385484
0.623184
0.383169
1.127776
1.778503
0.734354
1.026589
1.563664
1.659923
1.340758
0.270872
0.028647
0.026384
0.074178
0.382708
0.306048
0.003167
0.012904
0.439736
1.381860
1.764446
1.010764
0.639861
1.005439
1.205890
0.770659
1.707818
1.414709
0.791907
0.893564
1.130772
1.490788
2.078962
2.509724
2.727614
0.000000
0.000000
0.000000
0.000000
0.000000
0.000000
0.000000
0.000000
0.000000
0.000000
0.000000
0.000000
0.000000
0.000000
0.000000
0.000000
0.000000
0.001872
0.024996
0.025008
0.033095
0.068551
0.164285
0.080069
0.093750
0.188004
0.247302
0.326569
0.947832
0.501037
0.851405
1.084871
1.926530
2.290267
0.678059
0.033659
0.064027
0.253232
0.716036
0.177071
0.020617
0.098664
1.111620
1.783743
1.801646
1.775151
0.169740
0.255782
1.008975
1.258711
1.635557
1.683050
1.121852
0.765635
0.807919
0.966795
1.492731
2.091624
2.816047
0.000000
0.000000
0.000000
0.000000
0.000000
0.000000
0.000000
0.000000
0.000000
0.000000
0.000000
0.000000
0.000000
0.010319
0.052667
0.035081
0.052007
0.068415
0.098593
0.153515
0.126949
0.167862
0.116823
0.067479
0.030642
0.196822
0.506700
0.743084
1.871577
0.757961
0.304087
0.143163
0.572500
0.465456
0.772819
0.324080
0.160311
0.964767
2.480837
2.602397
2.216453
2.140887
1.048456
1.378490
2.613074
2.265600
1.335544
0.906644
0.705416
0.612965
0.613178
0.645466
1.275631
1.935524
3.189692
0.000000
0.000000
0.000000
0.000000
0.000000
0.000000
0.000000
0.000000
0.000000
0.000000
0.000000
0.000000
0.004320
0.019343
0.069570
0.037336
0.075113
0.058732
0.067579
0.077127
0.075553
0.080779
0.056937
0.032471
0.025312
0.031457
0.044822
0.274885
0.975288
1.316155
1.440901
1.860012
2.006728
1.559383
1.939104
1.488440
1.278518
2.178530
2.412918
2.402957
3.529099
3.223208
2.188077
3.024285
3.712995
2.645925
1.449589
1.013280
0.853470
0.663739
0.568888
0.563694
1.208282
1.792436
3.393635
0.000000
0.000000
0.000000
0.000000
0.022642
0.038717
0.065986
0.065719
0.079741
0.079907
0.078506
0.035465
0.025873
0.025956
0.015407
0.016602
0.025461
0.023671
0.022620
0.029439
0.061566
0.842097
3.317510
4.187523
2.997491
2.463671
2.295783
2.417460
2.059618
2.315471
1.715632
1.481041
2.376563
3.035241
4.435860
4.386534
2.230590
2.331733
1.456073
1.364514
1.041879
0.797282
0.653965
0.619184
1.154486
1.732851
3.670302
0.000000
0.000000
0.000000
0.000000
0.019179
0.024645
0.024968
0.025323
0.046821
0.037157
0.022865
0.025803
0.003352
0.000172
0.000000
0.000000
0.000000
0.000000
0.000000
0.000000
0.000000
0.058045
1.076255
2.421680
3.250448
2.044414
1.687204
1.699377
1.910902
2.208620
1.643436
0.715410
1.085832
2.338057
2.732843
2.636298
1.566642
1.116730
1.050775
1.302995
1.162340
1.024399
0.770871
0.756308
1.138175
1.643302
4.229200
0.000000
0.000000
0.000201
0.008143
0.013890
0.024739
0.026424
0.006092
0.001958
0.008853
0.000025
0.000000
0.000000
0.000000
0.000000
0.000000
0.000000
0.000000
0.000000
0.000027
0.086480
0.627582
2.073237
1.674336
1.609898
1.162939
1.136900
1.924628
2.338141
1.556486
1.034664
1.165396
1.743585
1.410526
1.629033
1.359515
1.257925
1.321808
1.282972
1.217969
0.951610
0.834712
1.208018
1.702487
4.282292
0.000000
0.000000
0.000000
0.000000
0.000000
0.018502
0.004044
0.000000
0.000000
0.000000
0.000000
0.000000
0.000000
0.000000
0.000000
0.000000
0.000000
0.000000
0.000000
0.000000
0.006258
0.029997
0.409498
1.597582
1.698838
0.857476
0.795359
1.169381
1.515300
1.602184
0.747536
0.949664
1.284222
1.452965
1.388825
1.370333
1.403895
1.394738
1.387057
1.326561
1.156549
0.939941
1.329682
1.831161
4.249928
0.000000
0.000000
0.000000
0.000000
0.000000
0.000000
0.000000
0.000000
0.000000
0.000000
0.000000
0.000000
0.000000
0.000000
0.000000
0.000000
0.009518
0.025312
0.158468
0.610474
1.907392
2.156670
1.027568
0.656833
0.749473
1.418521
0.785879
0.479392
0.750131
1.017079
1.488721
1.501475
1.528433
1.426563
1.446093
1.456072
1.386792
1.185184
1.371642
2.004640
3.824966
0.000000
0.000000
0.000000
0.000000
0.000000
0.000000
0.000000
0.000000
0.000000
0.000000
0.000000
0.000000
0.000000
0.000000
0.000000
0.000000
0.010378
0.025344
0.171139
0.691587
0.931193
1.508005
1.072579
0.785243
0.511994
0.605671
0.534946
0.406627
0.499018
0.639118
1.062694
1.614696
1.713020
1.519062
1.583216
1.640720
1.625370
1.348913
1.307895
2.088512
3.817338
0.000000
0.000000
0.000000
0.000000
0.000000
0.000000
0.000000
0.000000
0.000000
0.000000
0.012859
0.027325
0.117039
0.448370
0.825987
0.976435
0.803827
0.600044
0.439087
0.233624
0.261388
0.342067
0.324771
0.403758
0.641906
0.986819
1.609391
1.750949
1.588760
1.713686
1.833229
1.671978
1.370959
1.938567
3.884702
0.000000
0.000000
0.000000
0.000000
0.000000
0.000000
0.000000
0.000000
0.000000
0.000000
0.003464
0.022760
0.127660
0.556345
0.683236
0.694863
0.343903
0.244697
0.151223
0.155680
0.186814
0.239412
0.344039
0.290169
0.311788
0.526709
1.157675
1.762304
1.738356
1.863661
2.088409
2.137617
1.481013
2.089602
3.944301
0.000000
0.000000
0.000000
0.000000
0.000655
0.007863
0.043550
0.491060
0.732558
0.739288
0.375641
0.181362
0.122626
0.159587
0.175034
0.204078
0.290038
0.373383
0.292948
0.344386
0.821866
1.276797
1.825613
2.051494
2.236454
2.396208
1.692397
2.121027
4.208004
0.000000
0.000000
0.000000
0.000000
0.000000
0.000000
0.115185
0.527217
0.610018
0.643207
0.217167
0.095112
0.079773
0.114524
0.173740
0.194220
0.238827
0.314315
0.409371
0.380327
0.596468
0.899938
1.729093
2.258677
2.535322
2.605693
1.777583
2.064683
4.353504
0.329169
0.434033
0.457824
0.446201
0.092714
0.030597
0.034105
0.046972
0.074320
0.113156
0.196051
0.210849
0.224485
0.336841
0.511346
0.725937
0.898738
1.855590
2.564817
2.953521
2.009448
2.151069
3.525752
4.831138
5.077687
0.345854
0.367216
0.358787
0.324542
0.168481
0.046199
0.030100
0.033114
0.047074
0.055723
0.092798
0.163187
0.225439
0.238789
0.322627
0.495502
0.841200
1.282743
2.549974
4.026531
2.108273
2.303780
3.599853
4.444847
5.171126
0.287792
0.244379
0.232506
0.168665
0.024421
0.027230
0.032853
0.038669
0.046064
0.065819
0.147818
0.239144
0.340790
0.445038
1.088138
2.111116
2.927084
3.282879
2.247532
2.423116
3.483107
4.070222
4.853221
0.225067
0.191106
0.186502
0.120399
0.023121
0.010600
0.028118
0.033879
0.039177
0.041540
0.062660
0.123443
0.303984
0.542694
1.499935
4.134903
4.544980
3.416989
2.544963
2.664898
3.286582
4.017065
4.953538
0.110839
0.101731
0.030506
0.010131
0.009895
0.019453
0.033662
0.045675
0.060077
0.076292
0.155645
0.245001
0.969429
3.590254
5.240260
4.253498
3.077166
3.258955
3.358793
3.935020
4.866038
5.455935
7.598990
0.201603
0.150052
0.073192
0.028035
0.002289
0.004932
0.017385
0.023221
0.037233
0.056390
0.101888
0.195784
0.863281
2.247047
3.106325
3.036231
2.838032
3.206962
3.786926
4.623134
5.656190
6.972274
10.962511
0.033429
0.047868
0.111522
0.220517
0.318116
0.427458
1.021484
1.667521
2.222653
2.351853
2.805065
3.471963
4.142408
5.246552
6.392186
8.650567
15.911472
