0.000000
0.000000
0.000000
0.000000
0.000000
0.000000
0.000000
0.000000
0.000000
0.000000
0.000000
0.000000
0.000000
0.000000
0.000000
0.000000
0.000000
0.000000
0.000000
0.000000
0.000000
0.000000
0.000000
0.000000
0.000000
0.000000
0.003794
0.001028
0.000000
0.000000
0.000000
0.000000
0.000000
0.000000
0.000000
0.000000
0.000000
0.000000
0.000000
0.000000
0.000000
0.000000
0.000000
0.056386
0.060468
0.058266
0.047810
0.000000
0.000000
0.000000
0.000000
0.000000
0.000000
0.000000
0.000000
0.000000
0.000000
0.000000
0.000000
0.000000
0.000000
0.000000
0.000000
0.000000
0.000000
0.000000
0.075708
0.077280
0.080148
0.080682
0.062229
0.006185
0.000000
0.000000
0.000000
0.000000
0.000000
0.000000
0.000000
0.000000
0.000000
0.000000
0.000000
0.000000
0.000000
0.000000
0.000000
0.000000
0.000000
0.065758
0.081210
0.116076
0.126642
0.084202
0.084400
0.075832
0.011593
0.000000
0.008962
0.000000
0.001788
0.000255
0.000000
0.000000
0.000000
0.000000
0.000000
0.000000
0.000000
0.000000
0.000000
0.000000
0.000000
0.000000
0.000000
0.000000
0.067453
0.134845
0.182318
0.163184
0.088334
0.113947
0.057643
0.013696
0.000000
0.074571
0.030132
0.031470
0.003664
0.000089
0.000000
0.000000
0.000000
0.000000
0.000000
0.000000
0.000000
0.000000
0.000000
0.000000
0.000000
0.000000
0.000000
0.000000
0.000000
0.078686
0.225489
0.272227
0.182295
0.056202
0.073269
0.086468
0.079321
0.001891
0.074381
0.075172
0.078308
0.016027
0.000709
0.000000
0.000000
0.000000
0.000000
0.000000
0.000000
0.000000
0.000000
0.000000
0.000000
0.000000
0.000000
0.000000
0.000000
0.000000
0.032431
0.032431
0.105505
0.303550
0.180901
0.121643
0.077583
0.074105
0.076104
0.081805
0.082354
0.082944
0.074202
0.075236
0.059556
0.036172
0.014996
0.008604
0.000000
0.000000
0.000000
0.000000
0.000000
0.000000
0.000000
0.000000
0.000000
0.000000
0.000000
0.000000
0.000000
0.015848
0.015848
0.080817
0.112608
0.113738
0.084481
0.074252
0.076057
0.078167
0.077478
0.077656
0.077293
0.111038
0.085391
0.074745
0.074317
0.074788
0.074180
0.054968
0.001575
0.000000
0.000000
0.000000
0.000000
0.000000
0.000000
0.000000
0.000000
0.000000
0.000000
0.000000
0.000000
0.000000
0.000000
0.000000
0.080769
0.125425
0.104080
0.087162
0.082320
0.136294
0.134105
0.109552
0.101886
0.112538
0.106530
0.125734
0.090755
0.075742
0.074966
0.074400
0.073108
0.052803
0.000000
0.021231
0.037020
0.024182
0.000000
0.000000
0.000000
0.000000
0.000000
0.000000
0.000000
0.000000
0.000000
0.030537
0.030537
0.094207
0.162322
0.241728
0.214960
0.272382
0.292506
0.216559
0.137755
0.102034
0.130869
0.157727
0.171401
0.145040
0.112351
0.076269
0.075129
0.136209
0.166411
0.093105
0.089658
0.075127
0.039577
0.000000
0.000000
0.000000
0.000000
0.000000
0.000000
0.000000
0.000000
0.000000
0.000000
0.000000
0.035834
0.035834
0.195766
0.454194
0.520278
0.476660
0.568397
0.564020
0.296159
0.156838
0.084816
0.102326
0.241286
0.251588
0.236638
0.210214
0.111838
0.274085
0.564515
0.211770
0.339379
0.221952
0.144728
0.078814
0.005759
0.000005
0.000000
0.000000
0.000000
0.000000
0.000000
0.000000
0.000000
0.000000
0.000000
0.000000
0.000000
0.317249
0.779736
0.930410
1.098358
1.485028
0.989801
0.298475
0.113695
0.179713
0.147167
0.433087
0.432402
0.346145
0.337880
0.216267
0.707135
0.356177
0.660627
0.774648
0.636032
0.465783
0.180869
0.064221
0.010169
0.000000
0.000000
0.000000
0.000000
0.000000
0.000000
0.000000
0.000000
0.000000
0.000000
0.000000
0.000000
0.000000
0.036745
0.036745
0.364659
1.221378
2.071795
3.124559
3.280892
2.344666
0.944788
0.315071
0.591508
1.053956
1.171973
0.857772
0.417473
0.719990
2.205317
2.048459
0.859250
1.244705
1.338943
1.181350
0.811253
0.435383
0.095076
0.073982
0.073726
0.074044
0.003156
0.000341
0.000000
0.000000
0.000000
0.000000
0.033424
0.033424
0.000212
0.000148
0.000014
0.052743
0.052743
0.912480
2.016358
3.551934
4.871309
5.232384
5.073344
3.973418
3.745905
3.985375
4.439605
4.104338
4.003679
2.794560
4.716963
6.245059
1.848345
2.461914
2.095017
2.261799
2.081324
1.166893
0.746977
0.258145
0.168367
0.104933
0.078900
0.004001
0.000493
0.000000
0.000000
0.002226
0.007884
0.072205
0.194829
0.249391
0.242798
0.012353
0.000000
0.000376
0.000000
0.000000
1.083245
2.850314
4.253420
5.062515
5.743520
6.314002
7.344691
7.467125
6.832792
7.009454
7.491699
8.223153
9.170526
7.827904
4.173150
3.554515
3.009905
3.153706
3.412597
3.210932
1.490991
0.699405
0.283690
1.818108
0.388874
0.078374
0.074221
0.049398
0.049335
0.049027
0.054588
0.078186
1.514335
1.615295
1.503211
1.416929
0.140654
0.161582
0.049658
0.050892
0.050892
1.078478
2.902605
4.370218
5.166488
6.067734
6.685952
7.628484
7.895608
7.565980
7.900595
8.612236
8.948429
7.514631
6.095778
4.107545
4.875043
4.757545
5.393884
5.534682
4.623277
2.317408
1.280743
2.622633
3.910471
0.772753
0.197453
0.383213
0.183160
0.507401
0.431629
1.593735
2.629339
1.784759
0.561033
0.500396
2.450554
3.150063
2.131736
0.550993
0.919788
1.295389
2.346105
1.470758
1.268355
0.769234
0.180210
0.079607
0.104046
0.277520
0.313241
1.756465
2.489175
4.127405
8.098418
8.875855
9.824663
11.471019
11.523902
11.093541
0.115513
0.115513
1.069386
2.913259
4.433465
5.229837
6.139337
6.610344
7.284048
7.575346
8.223390
8.278451
8.672813
9.072892
9.489324
9.139247
8.113123
7.755373
10.137743
10.556022
9.325183
8.576564
6.610520
4.855676
3.942423
1.594012
1.773089
1.562908
1.392566
1.765401
3.398912
0.540042
0.087194
0.155181
0.067622
0.014121
0.007883
0.069607
2.442670
4.923644
4.693361
6.081852
8.777309
5.980663
5.134487
7.319348
4.917833
1.537123
0.520039
0.335590
0.797065
1.136804
4.386292
7.810185
7.920862
9.695797
8.358844
5.631928
8.279619
12.446016
9.843282
0.000000
0.000000
1.094355
2.920545
4.455877
5.238965
6.192523
6.653217
7.179384
7.361878
7.367045
7.498065
8.857687
9.348335
10.061178
10.502373
10.434842
10.473642
11.281727
9.960417
8.207805
4.969804
2.721092
2.774043
2.925605
2.889981
2.400661
2.162316
1.999218
3.303428
4.148598
0.189273
0.000194
0.000426
0.002350
0.000000
0.000523
0.064082
0.459515
2.737154
6.376728
7.598335
8.501210
5.332481
8.934434
13.045703
10.290892
5.670538
1.684087
0.725919
0.937434
1.621725
3.456890
6.002241
4.625179
3.907266
3.401044
6.021010
9.696210
17.209100
11.974553
0.229486
0.229486
1.054914
2.834938
4.334179
5.044382
5.857749
5.940259
5.198250
3.771950
3.449889
3.786229
5.855746
8.518670
10.267004
10.603195
10.791205
10.946117
10.738084
9.292326
7.836062
5.444952
6.071874
5.431158
3.563073
3.169543
3.018452
2.699217
2.617099
4.695175
5.495032
0.786516
0.059321
0.074669
0.046035
0.039367
0.076299
0.165449
0.646533
2.356632
3.307582
3.446596
6.303068
8.377575
13.753700
15.602575
13.205913
11.260734
5.945001
2.156015
1.112414
1.606068
3.142654
4.639423
3.435217
1.610618
3.310000
6.212630
10.623394
17.047967
9.628055
0.184484
0.184484
0.911568
2.467508
4.043793
4.439243
3.446474
1.650430
0.438593
0.009169
0.061409
0.170710
3.142893
7.825320
7.377034
9.101655
9.518058
9.772285
10.131035
9.643430
8.080140
7.273080
5.091169
4.577317
5.047061
5.097380
4.375569
5.103690
5.733307
6.891347
5.481698
1.613069
0.124197
0.095831
0.164270
0.531818
1.427373
2.629242
1.419239
1.575584
2.652321
3.914165
7.918871
16.211700
18.435300
21.318513
19.492927
12.461668
9.483133
5.384551
4.005980
4.276211
3.332020
4.083010
6.353456
4.046088
5.002587
7.751389
8.272588
10.117484
9.568452
0.000000
0.000000
0.735607
1.976616
3.328132
4.140495
2.423478
0.336484
0.000689
0.000000
0.014240
0.045554
2.142500
5.180897
2.988288
6.697494
7.697080
8.101851
9.434679
8.376502
7.579138
6.889863
5.407317
5.268632
5.590539
5.625861
5.577538
6.370758
7.455865
7.444437
5.607779
2.985768
0.251699
0.714322
1.919862
2.756708
2.886312
3.201176
2.041380
2.500965
3.939226
7.019720
7.604536
15.700138
19.548300
22.234856
20.230670
14.478389
11.492319
7.614765
5.768989
7.000743
4.654097
6.768639
8.836130
9.148977
11.540329
13.811564
12.796231
10.618588
12.132709
0.172559
0.172559
0.602270
1.408684
1.425382
2.150161
1.907998
0.565472
0.000000
0.000000
0.000000
0.034917
1.562700
1.642840
2.282359
5.179121
5.734098
7.578735
8.877260
7.985996
7.865424
6.659655
5.596326
5.791398
6.163208
6.130896
6.379934
7.326448
9.417284
7.846164
6.011865
3.557190
1.740447
3.918493
5.434839
3.892905
2.325195
1.436291
2.268270
2.650995
5.101420
9.041746
7.362064
15.513388
21.065261
23.375653
18.507733
10.213705
9.222668
7.061057
6.465790
8.112031
5.999979
7.417731
10.456931
11.480369
14.142545
15.676038
13.460625
11.724250
14.210913
0.341005
0.341005
0.363404
0.918484
0.206040
0.010915
0.144708
0.304164
0.001431
0.000000
0.000000
0.000000
0.008255
0.058817
0.246114
0.295243
3.281780
6.932749
6.851440
6.945626
7.837330
7.617992
7.360624
7.423453
7.513885
7.677852
8.070296
10.005898
9.619179
8.491861
8.368833
8.018855
8.506379
9.690219
8.226081
3.765781
2.406018
3.939442
2.506152
3.644773
8.564205
9.462448
6.312376
16.354700
23.338687
21.582770
13.940727
9.098831
8.394431
8.575614
8.671971
8.723439
8.306418
8.631651
14.044477
14.824272
15.192941
15.770800
15.770800
17.004700
17.004700
0.000000
0.000000
0.221284
0.427389
0.102293
0.009725
0.068702
0.105648
0.000056
0.000000
0.000000
0.000000
0.000000
0.000000
0.024931
0.665740
3.178481
4.112412
4.534975
6.076229
7.865205
8.219024
8.054669
8.197932
8.717646
9.244468
10.017545
10.906033
9.786534
10.049906
11.013566
11.428195
13.017084
12.490055
9.938441
8.329419
6.608981
6.264869
3.294028
6.105985
9.117547
9.135461
6.549820
16.354700
23.330955
23.397859
13.776183
10.494962
11.131369
10.701400
8.724485
8.666520
11.315000
8.511246
13.973551
14.916475
15.346613
15.770800
15.770800
17.004700
17.004700
0.343021
0.343021
0.092187
0.119001
0.065038
0.015388
0.000000
0.001728
0.000000
0.000000
0.000000
0.000000
0.000000
0.000000
0.053963
0.424610
1.162820
1.071739
4.005592
6.143592
7.585046
8.679964
9.067071
9.327179
9.944086
10.323187
10.592594
12.010853
11.504883
12.051736
12.858719
13.544219
14.934445
14.917687
13.260497
12.574323
11.015431
6.729516
8.670101
9.627724
10.407770
10.324959
10.288200
18.561700
25.885845
26.261331
19.022417
15.940011
13.220194
11.771600
9.700730
9.700730
11.095500
10.668675
12.916387
13.485113
14.547013
15.653200
15.693200
16.453300
17.079200
0.427870
0.427870
0.072764
0.073699
0.000000
0.000000
0.000000
0.000000
0.000000
0.000000
0.000000
0.000000
0.000000
0.000000
0.000000
0.000000
0.034680
0.734315
3.423688
5.320898
6.639719
7.846575
8.181750
7.957303
10.034719
10.986573
11.626280
11.550723
11.685216
12.505411
13.690058
14.362603
15.255800
16.118220
16.470633
16.800016
15.253145
11.235898
10.673411
11.437250
13.504675
13.903300
13.184900
18.561700
27.770220
27.952459
24.448447
22.622547
16.241755
12.617852
11.419803
10.406800
11.902400
10.825986
12.918362
13.482900
14.549888
15.670700
16.674500
16.835800
17.222800
0.066863
0.027807
0.000000
0.000000
0.000000
0.000000
0.000000
0.000000
0.000000
0.000000
0.000000
0.000000
0.000000
0.000000
0.035822
0.228924
2.177450
4.606828
6.467325
6.939624
7.058413
7.429855
9.310304
11.737117
12.434536
10.905891
10.800034
12.115377
14.133891
14.346345
15.034714
15.947445
17.315847
18.499834
17.858497
14.061811
13.318312
13.732844
15.228167
15.372409
14.210837
19.966450
27.420272
28.453177
28.008380
26.058827
17.133814
12.336642
11.082184
10.404175
12.122650
11.824756
13.649175
14.133923
15.091770
16.140512
16.850437
16.501191
15.977800
0.007505
0.000134
0.000000
0.000000
0.000000
0.000000
0.000000
0.000000
0.000000
0.000000
0.000000
0.000000
0.000000
0.000000
0.066910
0.181872
1.884925
4.718664
6.469803
6.626712
6.869137
7.279748
9.340191
11.974294
12.632927
10.468920
9.973430
11.692582
14.307727
14.151845
14.725262
15.486175
17.749458
19.342919
19.311964
16.070908
14.940284
15.265095
16.850338
16.333086
14.826400
21.405763
27.083550
28.316273
26.993305
23.796578
15.338789
11.809528
10.946438
10.405963
12.265050
12.248950
14.088273
14.503228
15.346991
16.366741
16.854328
16.157467
15.124800
0.000000
0.000000
0.000000
0.000000
0.000000
0.004107
0.014694
0.000114
0.000000
0.000000
1.183690
4.044051
3.689484
6.143795
7.651477
7.505227
7.622346
8.073284
9.149282
10.053394
10.795002
10.006471
9.205556
10.233847
12.164764
12.797964
13.479897
13.509034
17.635847
19.780841
17.817475
16.748783
16.099091
16.659630
17.850902
17.072175
15.155038
25.007131
25.242487
25.790861
22.875991
19.833884
13.776652
10.830863
11.859850
10.820109
12.415263
12.362588
13.984323
14.205573
14.664423
15.472530
15.729475
14.953638
14.673875
0.000000
0.000000
0.000000
0.000000
0.000000
0.029097
0.092451
0.059124
0.000000
0.000000
1.253008
4.956477
6.602753
7.032470
8.207474
8.121276
8.224300
8.387870
8.798019
9.163650
9.447520
9.054970
8.728970
9.147811
10.353054
10.769870
11.311372
11.605472
16.595570
20.537211
18.123200
18.201337
18.754125
18.831500
18.894083
18.973614
17.555562
20.671900
21.664700
21.832438
20.465975
18.920911
14.865927
13.436848
13.499717
12.454500
12.964500
12.964500
13.096964
13.073611
13.334850
13.840600
13.948500
15.180700
16.711400
0.017129
0.023824
1.064354
4.472380
7.405442
7.700840
8.103270
8.307565
8.611911
8.770004
8.917695
8.846073
8.340380
7.639220
7.429800
7.964223
8.883756
8.467015
8.508336
9.429197
14.256827
20.084666
20.170200
19.987325
19.085500
19.497588
20.423411
20.295598
18.955834
18.790100
18.790100
17.310562
17.113714
17.566669
17.243683
15.024300
13.892644
12.454500
13.363000
13.014313
12.098775
11.823375
12.421788
13.840600
13.840600
15.250223
16.995700
1.968944
2.533766
2.915242
4.479512
6.981211
8.007242
7.931178
8.263040
8.629108
8.651428
7.143297
6.361549
5.703955
5.101335
4.875248
4.918790
4.028246
2.738009
1.995631
2.374075
6.347699
12.535586
17.284097
20.623403
18.599437
17.570200
16.906050
17.165800
17.968470
16.235166
16.261000
15.223545
14.639073
14.933917
14.637228
13.695900
12.572000
11.913400
15.894700
15.894700
13.081663
12.679800
14.221800
16.791800
16.791800
18.139200
22.117600
6.460289
7.080099
7.906379
7.881447
7.793318
8.028884
8.011770
6.613289
2.387624
1.499240
1.521130
1.170800
0.842953
0.851191
0.369986
0.091578
0.058868
0.141414
1.147087
5.642491
13.102335
17.185778
17.374153
17.057700
16.525027
16.149738
16.216150
14.956188
15.730766
15.290134
13.572267
12.067306
13.239127
12.674845
12.160375
11.913400
15.894700
15.894700
13.081663
12.679800
14.406581
17.284550
16.791800
18.139200
23.246662
7.085305
7.534326
7.922952
7.740526
7.678844
7.796402
7.064650
4.031203
0.510055
0.082992
0.148662
0.074622
0.034180
0.012510
0.099116
0.068061
0.065401
0.059578
0.085767
0.982930
5.165646
13.810605
16.295164
16.314117
15.934177
15.339514
15.092458
14.299545
14.943589
15.039434
13.482123
12.223594
12.082202
11.863319
11.719850
11.876700
15.834362
15.834362
13.375153
13.023838
14.754931
17.640088
17.323527
18.369214
24.149588
7.465691
7.202907
6.489814
3.189521
0.429912
0.095453
0.075775
0.047034
0.014911
0.068868
0.236967
0.074095
0.075498
0.079940
0.118766
0.452522
3.674921
7.853601
11.850428
12.516214
12.956939
13.349711
11.985455
11.924925
12.868350
13.710319
12.869467
10.785847
10.469131
9.964025
10.365000
11.761463
15.412000
15.412000
15.429587
15.432100
16.492384
18.259525
20.475408
21.157750
25.811713
7.488348
6.646397
5.434140
2.844195
0.793538
0.110604
0.067644
0.000000
0.054867
0.076054
0.128781
0.122599
0.074610
0.093650
0.424336
1.312741
3.834820
5.557619
7.821084
10.017681
11.415319
11.853100
11.853100
11.178900
11.517700
12.086800
11.990650
10.099122
9.183066
7.598802
10.365000
12.753100
15.412000
15.412000
15.429587
15.432100
17.017975
19.661100
20.731286
23.202359
26.397700
0.000257
0.000000
0.000000
0.026450
0.075470
0.083291
0.081333
0.219023
0.739551
2.481062
5.136375
6.831259
8.493874
9.159829
10.086000
10.350900
10.447800
10.416500
10.369052
9.895512
9.449168
9.106737
7.994800
7.853240
8.982960
9.996200
17.571500
17.727600
17.629763
17.612600
19.491313
22.622500
20.823038
23.358134
30.356500
0.000000
0.000000
0.000000
0.026450
0.030228
0.071360
0.145835
0.147257
0.775940
2.899517
5.329021
6.786643
8.217248
8.717178
9.640650
10.287500
10.287500
10.501100
10.068600
8.554150
7.531011
6.847515
8.160367
7.681850
8.982960
9.749410
17.571500
17.571500
17.607462
17.612600
21.488938
27.949500
23.054734
25.321808
30.217400
0.088984
0.074698
0.291931
2.370259
5.885203
7.670852
8.373610
8.544433
9.324591
9.910675
9.876400
10.021521
9.365947
8.001190
6.527883
6.609252
7.489393
7.803563
8.847322
9.134741
16.135937
17.949156
20.232095
20.521225
23.537031
28.563375
26.022495
26.966653
33.048275
0.051292
0.128811
0.516813
2.127909
6.375660
8.268647
8.548046
8.587505
9.103023
9.656514
9.560362
9.323925
8.699934
7.439923
6.908608
6.688681
7.366088
7.819285
8.765940
8.922210
15.274600
18.066495
21.791267
22.334959
25.209881
29.810975
27.895284
28.125823
35.171884
9.925939
8.613241
8.518449
9.182139
8.785460
7.798336
5.964948
4.424384
4.530803
5.140179
7.462546
7.196691
8.561159
9.749374
14.821538
16.690800
21.542553
22.743770
28.428555
36.960764
31.831086
32.105011
39.396195
56.568220
51.999373
9.397402
7.471857
7.812058
8.304203
8.584265
8.087293
5.730990
4.875467
4.995276
4.456622
4.692554
5.422055
7.127690
7.882290
11.650100
12.414412
20.566337
22.246038
28.281150
38.301012
33.263100
40.665325
47.295812
63.059709
67.238475
6.960662
7.254850
8.206277
8.236325
4.759739
4.235574
5.371458
5.625118
5.305027
5.436066
7.127690
7.914310
11.650100
12.562025
22.479437
25.173525
33.749013
45.155241
38.069400
43.393500
46.414300
64.980969
70.433133
6.175450
6.355500
6.768763
7.044502
4.292072
2.881188
4.108366
5.901474
5.851231
5.777650
6.691787
8.513710
13.855100
15.354062
31.330362
35.485938
40.285225
44.043281
42.748600
58.497900
58.497900
84.371737
95.358938
6.272129
6.052235
3.667322
2.071706
2.447052
3.383966
5.168716
6.078059
7.359621
8.285791
12.927912
13.535141
31.174519
36.721961
42.287373
42.841225
44.537475
59.910713
58.883775
84.419972
99.902102
114.469344
139.546453
7.500133
7.259896
5.625276
4.170209
4.076095
4.948294
7.309053
8.549648
10.668491
11.777953
14.539663
14.566733
31.260228
36.192012
43.681530
44.852600
49.498113
72.821838
72.205675
110.860834
152.823469
190.800500
280.896109
10.087145
10.379625
12.408600
13.917938
16.014000
16.432709
31.576420
35.353386
41.358323
46.106988
51.982709
80.059900
84.831037
135.132130
202.654281
324.171344
422.111937
