0.376100
0.243328
0.063007
0.001371
0.000000
0.000000
0.000000
0.000000
0.000000
1.307340
1.521866
1.244982
0.215175
0.084370
0.000000
0.000000
0.000000
0.000000
0.000000
0.000000
0.000000
0.000000
0.000000
0.000000
0.000000
0.000000
1.891893
2.181009
1.486137
0.282432
0.012681
0.000000
0.000000
0.000000
0.000000
0.000000
0.000000
0.000000
0.000000
0.000000
0.000000
0.000000
0.000000
1.508099
1.883510
2.349751
2.822757
0.830174
0.121034
0.032849
0.000000
0.000000
0.000000
0.000000
0.000000
0.000000
0.000000
0.000000
0.000000
0.000000
0.000000
0.000000
0.000000
0.000000
0.000000
0.000000
1.999917
2.488807
2.666449
2.258083
1.048459
0.263882
0.080732
0.001657
0.000000
0.012662
0.014471
0.010211
0.003112
0.003112
0.000000
0.000000
0.000000
0.000000
0.000000
0.000000
0.000000
0.000000
0.000000
0.486685
1.401774
2.190585
2.652800
1.772962
1.378111
0.780705
0.222578
0.110078
0.015328
0.009871
0.023544
0.026367
0.018445
0.005460
0.006167
0.000000
0.000000
0.000000
0.000000
0.000000
0.000000
0.000000
0.000000
0.000000
0.000000
0.000000
0.674207
1.863845
2.465449
2.148952
1.315181
1.655082
0.713126
0.106293
0.271955
0.245048
0.161597
0.171880
0.093987
0.041808
0.034805
0.028567
0.003226
0.003226
0.000000
0.000000
0.000000
0.000000
0.000000
0.000000
0.000000
0.000000
0.000000
0.000000
0.000000
0.921908
2.658910
3.122163
2.107198
0.225845
0.418648
0.762961
0.328095
0.104862
0.180553
0.349131
0.769451
0.113251
0.102534
0.134915
0.109908
0.025812
0.025812
0.000000
0.000000
0.000000
0.000000
0.000000
0.000000
0.000000
0.000000
0.000000
0.000000
0.000000
0.352130
0.352130
1.230075
3.108652
2.159584
1.298750
0.140812
0.105437
0.201353
0.476811
0.290175
0.583371
0.312899
0.355205
0.220318
0.189629
0.104825
0.100556
0.095262
0.026448
0.000000
0.000000
0.000000
0.000000
0.000000
0.000000
0.000000
0.000000
0.000000
0.000000
0.000000
0.406341
0.406341
0.743733
0.680022
1.108951
0.552894
0.152922
0.545754
0.856602
0.889192
0.637877
0.926636
1.695140
1.046408
0.349489
0.489216
0.456659
0.278943
0.100137
0.097543
0.000000
0.000000
0.000000
0.000000
0.000109
0.000290
0.000290
0.029455
0.029455
0.073490
0.079781
0.084050
0.083578
0.000000
0.000000
0.667679
0.787302
1.035208
1.437947
1.104137
1.490462
1.699873
1.400139
1.394538
1.613769
1.664785
1.610033
1.496242
1.137014
1.048749
0.597722
0.128899
0.102263
0.027699
0.039538
0.018051
0.009213
0.000109
0.000290
0.000834
0.040468
0.063699
0.093124
0.123541
0.358467
0.429126
0.403523
0.403523
0.671934
0.973225
1.912821
2.399297
2.466663
2.781663
2.592711
1.982319
1.530381
1.753109
2.082608
2.092998
2.350237
2.238190
1.784554
0.932135
0.886151
0.929042
0.177085
0.149080
0.100542
0.021854
0.007404
0.012543
0.017447
0.119960
0.260069
0.374618
0.665739
2.552282
3.030311
2.178884
0.961766
0.404699
0.404699
1.437539
2.553480
5.725625
6.209624
5.439907
5.276250
4.465037
2.707006
1.071220
1.678415
3.214012
2.816525
3.072705
3.829086
3.771435
4.129514
4.135397
0.961828
1.101689
0.720170
0.484040
0.135118
0.177234
0.353545
0.793069
1.502535
2.528094
3.051490
3.297523
9.562427
10.540937
6.325579
5.559270
0.000000
0.000000
2.498802
5.233828
8.341800
9.094984
8.989861
8.602850
7.023527
4.752917
2.540472
4.029646
6.409311
4.499618
5.018092
6.178581
7.607991
8.513370
2.449333
2.637242
2.907146
2.460130
2.019430
0.631811
0.760390
1.235076
1.705998
1.518007
1.975534
2.657047
5.167093
7.838453
9.827553
7.439328
5.841222
5.100745
4.584775
4.899761
5.601184
0.200516
0.200516
2.907103
8.040788
11.331500
13.328578
15.321519
15.550800
14.174944
11.927219
8.902396
12.108169
13.416505
11.179705
10.103132
11.085420
14.103553
12.759380
4.603920
5.552021
6.054210
5.442306
4.061771
1.984295
1.445615
2.338711
3.714563
3.861800
5.836262
7.587935
10.330072
9.889188
9.476091
7.687920
9.374656
10.166602
12.040089
11.985902
10.639023
0.226437
0.226437
4.867951
10.614800
14.151408
16.485323
19.258789
19.585303
19.891086
20.548394
20.667714
21.151792
21.657370
21.710639
18.307442
16.936508
14.604400
11.829375
10.932145
11.414405
12.101422
10.652706
6.970297
4.374133
3.862724
7.217699
8.998102
6.119937
8.804357
17.672813
21.499167
21.439284
13.535545
9.263616
17.954336
17.496205
15.348378
13.046161
11.813513
15.735875
20.736303
0.000000
0.000000
4.593818
11.150378
15.665461
17.411859
20.528595
21.858517
23.589258
23.985252
23.839831
24.241452
25.653075
27.211612
23.798361
20.816655
16.572634
14.609187
14.805236
15.764614
15.574078
13.528000
8.227157
5.747596
7.369181
12.009535
8.642499
6.981062
11.751855
21.868441
23.975061
21.373864
16.454534
20.123555
26.820461
20.961964
17.465134
16.710047
16.545114
18.570211
22.203803
0.166499
0.166499
4.758609
11.577264
16.499100
17.973672
21.252939
22.715963
25.057469
25.021984
25.363583
25.908677
27.723898
28.402253
25.633434
23.064875
18.478428
17.932673
18.459858
19.035788
18.698042
15.405494
12.831227
10.640937
12.019997
14.399262
8.000247
7.719985
13.219287
23.839797
24.761300
24.422434
27.179273
28.905848
31.215328
21.434862
17.269937
19.918431
22.079248
23.203128
23.159577
26.962975
27.425650
22.105195
19.845906
16.581927
8.311630
6.531014
4.352795
4.129814
9.358415
9.792671
21.216988
29.431761
38.734103
40.892991
43.526044
47.101253
49.337477
50.423761
50.709897
0.153078
0.153078
4.753899
11.551237
16.375287
18.181277
21.285911
22.387189
23.998175
24.791117
25.796117
26.487730
27.272766
28.058698
28.914214
28.315388
26.640566
25.568977
29.230267
28.421428
23.680494
20.537405
18.897670
19.349262
15.605697
11.056803
8.192504
9.512434
11.831525
20.076103
19.958647
18.964439
21.454448
22.174777
20.115475
14.730125
16.585550
16.502786
23.025102
24.042920
26.157223
29.258325
32.964439
26.212723
24.462969
28.883348
20.806761
13.408044
8.468658
6.480437
9.157802
16.683889
31.208700
32.850181
39.824359
39.189039
37.081881
36.993903
39.114292
43.973209
41.461412
0.000000
0.000000
4.705621
11.253969
15.508600
18.124237
21.537334
22.626491
23.818456
24.448064
24.327291
23.968292
26.759061
28.487083
30.515994
31.321988
31.187833
31.515742
33.131175
28.770108
22.653216
18.150931
17.007445
17.842461
17.295258
14.111480
12.271652
12.623878
12.603800
19.063400
17.311230
8.170645
8.641423
9.396886
13.716600
14.052700
17.021300
17.021300
22.387325
23.307538
26.574469
30.186000
31.564952
27.371513
39.765992
41.454308
32.478428
26.785675
13.650617
9.590874
11.780797
22.125000
32.489725
35.991337
36.652484
30.129716
23.906700
24.487422
35.075183
46.959903
36.177047
0.229010
0.229010
3.806442
9.977725
14.818600
17.189675
18.612711
17.552678
18.713594
15.957599
14.484957
15.720205
21.783858
26.926548
30.632958
31.952669
33.274009
34.121955
33.097500
29.147656
25.066564
20.291750
18.774072
18.365223
16.161641
14.775659
16.456700
17.960900
19.143200
21.504125
19.846094
13.980225
13.801537
13.768100
14.376600
15.614500
17.021300
17.021300
22.387325
23.153900
24.693467
26.427102
23.997714
35.301008
45.186773
51.052008
48.644834
40.676955
24.594611
13.102434
9.427955
14.464745
27.257280
31.788055
25.747388
14.911246
14.289583
22.353134
33.420216
48.290711
38.473773
0.258514
0.258514
3.157324
8.560859
13.012000
13.953839
10.110558
6.757991
5.241742
1.186390
1.594964
4.288370
16.496013
24.068073
25.833792
29.850595
32.777575
34.680498
33.241000
31.150028
27.844772
26.076102
21.270745
19.629331
17.921713
18.029900
18.029900
24.159900
27.119500
26.907313
22.147888
19.896175
17.140037
16.924600
22.645100
22.645100
20.701200
21.687850
19.924450
18.965175
21.048062
26.428500
28.868900
50.499628
60.610100
65.211408
61.737150
46.303117
33.216369
24.189680
16.585812
18.386242
20.061569
22.152961
26.289445
17.739227
18.660095
24.235673
25.944047
33.595880
34.011163
0.000000
0.000000
2.517690
6.982509
11.377105
13.135883
8.115147
1.657432
0.319025
0.209455
1.057564
3.696164
13.488228
18.840298
22.241459
26.299322
30.716477
34.339000
34.480250
30.726100
27.408275
26.237055
22.680028
20.870425
18.892416
18.580525
18.263587
26.957525
30.856750
27.109617
22.110052
19.842011
17.049764
16.924600
24.290600
23.150100
21.088825
21.445694
18.880731
18.249316
21.406656
27.384750
28.491713
51.203372
61.337795
65.907302
61.193763
49.063366
35.300083
27.005364
19.219431
26.215856
22.637970
22.568178
25.788234
26.410075
29.099842
32.532847
32.094791
33.308927
36.315066
0.482458
0.482458
2.101714
5.099199
5.381889
7.617056
6.672603
2.489953
0.056002
0.095120
0.366727
1.892502
7.223067
8.355400
18.916535
23.106361
28.989978
35.411080
35.293533
31.862189
29.691761
26.226258
23.056752
21.823906
20.032641
19.521625
19.333675
29.359216
33.595711
27.179314
22.438438
20.570802
18.339425
18.277300
25.546984
23.521513
21.263237
21.389402
18.598194
18.196875
21.783061
27.793058
27.892994
50.585481
61.606259
66.008117
57.915173
39.729083
30.998605
27.520362
19.955225
30.520913
24.654988
23.620475
24.902941
26.899219
32.098214
36.537164
33.719763
34.031488
38.250475
1.224395
1.224395
1.498487
3.554030
0.917462
0.142968
0.910610
1.491372
0.054289
0.007702
0.085101
0.179656
1.023712
3.192682
7.773480
13.853966
24.505178
33.736223
34.933852
35.340791
33.563725
28.906352
25.096416
24.785881
24.657928
24.523345
26.578641
34.343208
34.716000
29.253758
25.938158
26.725261
28.499816
28.732238
27.682730
25.121534
21.205484
21.880247
20.977141
20.836400
22.890744
26.802659
25.238300
44.821838
59.365162
59.766345
47.503467
31.756991
23.714911
24.316138
27.779025
31.062673
30.606075
30.238488
29.965856
29.846473
30.957163
33.203600
34.094250
37.882800
42.822675
0.000000
0.000000
0.944830
1.772252
0.324228
0.047691
0.204931
0.329315
0.000114
0.000000
0.000000
0.068617
0.254345
1.414075
9.871878
17.896006
25.349120
27.786380
29.442925
33.484708
36.896117
34.042277
30.765913
30.135850
29.913783
30.438777
32.374236
34.492800
33.527550
35.338141
32.819038
32.503313
34.347688
35.886039
28.710361
27.486955
23.996855
21.464955
20.788775
20.836400
22.745459
25.921600
25.238300
47.918134
57.727017
56.567231
40.776292
28.519163
27.240392
27.074400
24.478000
24.791800
34.063900
31.403309
32.385625
32.151448
31.217038
33.203600
34.561500
40.205400
46.742500
0.655695
0.655695
0.390846
0.456750
0.087055
0.060048
0.000075
0.001079
0.000000
0.000000
0.000000
0.000000
0.050242
0.258732
8.718814
14.078658
19.062633
19.852158
24.909200
32.350020
39.254328
40.067512
38.049105
37.762244
37.648120
36.595114
33.975122
38.317448
37.260200
40.611712
40.877875
42.257669
43.710336
42.084505
37.701830
36.329655
25.356178
22.893375
24.213588
24.441000
27.790875
33.374000
32.446500
49.634700
56.650930
55.872630
42.850877
33.908016
27.484153
27.583200
25.990200
25.990200
25.588900
25.588900
26.837175
27.015500
29.224250
32.905500
33.826400
42.303006
40.754500
0.856917
0.856917
0.095506
0.063384
0.000000
0.000000
0.000000
0.000000
0.000000
0.000000
0.000000
0.000000
0.000000
0.026781
0.297568
1.747590
11.491418
15.797845
20.378048
26.646900
34.564927
37.582748
36.306400
36.432244
39.343331
39.122527
37.437666
35.077100
35.752769
41.071642
42.902361
43.721475
45.543700
46.464700
47.896817
48.089197
35.943797
26.520972
25.823039
27.612288
33.141100
36.591100
32.446500
43.948800
51.453236
48.528939
40.216436
33.384073
24.983809
25.440700
25.990200
25.990200
27.682700
26.016262
27.580925
27.703200
31.705300
38.826300
37.169200
43.029584
43.586000
0.088720
0.023576
0.000000
0.000000
0.000000
0.000000
0.000000
0.000000
0.000000
0.000000
0.000000
0.018387
0.096147
1.884882
9.166078
11.834819
17.207963
23.433181
29.422455
31.244669
31.571798
32.479672
36.463219
40.926773
40.015306
33.724725
32.562228
38.005209
42.870095
42.838959
44.913997
47.121325
51.642380
52.406953
43.209477
33.125477
29.647394
30.974217
34.661350
35.046975
29.478055
42.050238
46.662147
43.093669
37.503431
34.549591
26.983020
25.951950
27.355200
27.355200
30.465887
30.275772
30.427722
30.473575
33.723152
39.308175
38.686762
44.788866
45.900562
0.075947
0.000189
0.000000
0.000000
0.000000
0.000000
0.000000
0.000000
0.000000
0.003894
0.005275
0.023298
0.120324
1.433756
7.394586
9.870064
16.106700
21.178895
26.605800
27.888627
29.361058
30.347598
34.659575
40.855731
40.496191
32.549600
29.988812
35.851444
40.735695
41.587647
44.123669
47.132455
53.332905
54.817050
47.601900
38.145283
31.651933
33.015981
35.223167
33.638666
27.664400
40.997030
43.734237
38.949803
36.873897
34.617794
27.535423
26.590338
28.180788
28.174200
32.157275
32.138484
32.251705
32.218589
34.980803
39.722475
39.597300
45.504350
47.775700
0.000000
0.000000
0.000000
0.000000
0.000000
0.070297
0.146747
0.096123
0.315436
3.127414
11.578246
18.059392
16.980341
21.360336
25.755811
26.014055
28.541594
29.538131
31.859195
33.942072
33.573552
29.475200
26.544662
32.468041
33.790345
35.705875
40.076086
42.187814
51.874370
50.806164
42.212475
37.895280
34.118552
33.704884
35.181102
31.151444
27.915850
40.004250
39.339967
36.614206
35.141708
35.466742
30.873784
29.983550
29.100313
29.054200
32.740463
32.891597
33.702569
33.872578
36.032341
41.195825
40.319600
47.975655
52.270888
0.000000
0.000000
0.000000
0.000000
0.000000
0.114286
1.638703
0.827311
0.228123
1.903189
11.126824
18.148227
21.759748
23.881900
26.708808
27.110756
27.937231
27.517537
27.780583
28.568603
27.723467
25.775700
24.308600
24.688514
27.081789
28.373153
31.208422
33.155005
47.004252
50.863252
42.847347
40.886472
38.312959
37.580016
36.489094
34.057344
29.868055
35.039500
33.352089
33.338972
32.111847
34.917794
36.237152
37.485800
35.214200
35.214200
35.770500
35.770500
38.179287
38.523400
41.093013
45.375700
45.375700
53.003700
60.651639
0.540911
1.459875
9.345679
16.919192
22.441217
24.415178
26.320500
27.102050
27.495758
27.205434
26.235225
25.369600
23.680300
20.900200
19.654300
19.694112
19.543350
20.617838
24.037828
25.739297
34.841881
46.274798
45.017159
43.421255
39.983598
37.953125
36.355575
35.798200
31.947945
29.959873
28.324570
25.135042
28.590481
32.623409
34.497700
35.540700
35.214200
35.214200
36.887000
36.068525
39.676387
39.976862
41.858238
45.408400
45.410900
56.740200
61.128450
9.675643
10.832075
15.159887
18.020586
22.304844
23.786700
24.647028
25.736013
26.175166
25.036236
21.907277
19.591613
16.152397
14.213292
12.699690
12.115467
10.856120
9.969884
11.495954
14.314160
22.180942
28.080311
35.753800
42.293725
41.301542
35.658487
32.168772
32.109636
31.499533
26.411663
25.328000
25.436150
27.250163
30.926969
33.618466
34.394700
38.559300
38.559300
43.487100
43.487100
45.986975
46.593470
49.796916
54.680330
54.671400
66.795200
68.826200
19.412887
20.256608
22.882417
23.167325
23.929817
24.613530
24.176750
21.834605
16.505486
11.906368
6.896865
6.812358
6.230720
6.341282
6.684672
7.379862
9.001636
9.882930
13.840870
20.836930
28.951167
35.842123
36.249373
33.931261
31.023766
29.089438
26.791814
23.517367
25.269773
27.412627
28.088503
30.243808
32.609638
33.184888
38.559300
38.559300
43.487100
43.487100
46.309412
48.296633
53.732205
58.981369
56.243337
67.048262
73.710137
20.120511
20.917362
22.505875
22.605987
23.293437
23.218395
21.483214
19.457503
13.069773
5.417071
5.339716
6.563122
6.887909
6.867594
6.995578
7.602581
9.150715
10.090840
13.556425
16.629488
21.003783
29.709486
32.507545
32.027133
29.856552
27.373709
24.034969
21.969097
24.518531
28.039695
29.096273
32.149325
31.203947
32.125650
38.244875
38.351387
44.271663
44.271663
47.692267
50.129913
57.549613
62.738767
57.946775
68.386738
78.388791
21.417203
20.039078
16.577516
13.885106
6.313834
3.231347
4.691388
5.904745
8.238298
8.770678
8.207758
8.346304
10.002820
11.035687
16.555400
17.658988
23.032000
24.246281
23.999203
24.312362
25.273111
25.849356
22.129855
19.643200
20.621362
24.563795
26.592034
27.280009
29.508398
29.779625
36.043900
37.023550
49.763600
50.270673
56.919886
59.074177
65.246094
69.928813
66.016786
77.668930
92.539328
20.692247
18.235980
14.116534
10.331176
3.184877
1.134430
1.266552
2.008266
5.656217
9.951667
10.391322
8.545700
9.743700
10.344700
16.555400
17.761100
23.032000
23.077937
18.211537
19.095088
22.107639
22.775844
21.974384
19.537500
19.537500
24.646975
29.752272
30.907270
29.898803
29.691600
36.043900
37.916400
49.763600
53.820187
63.233000
66.530850
74.509980
80.185566
71.216208
85.213152
96.316900
0.117687
0.272447
1.366908
4.526081
10.732044
10.507399
9.976794
10.201900
16.591000
16.613500
16.397200
14.633288
14.624813
16.630289
18.853400
19.334900
19.335900
17.976300
17.895000
23.413888
28.607148
34.639939
33.783788
33.908100
37.572900
41.752800
55.334753
80.227672
69.768525
70.485113
82.463039
94.657798
82.818484
87.324822
107.969000
0.108200
0.126269
0.304680
0.688988
3.212755
7.636061
9.438335
9.087930
16.591000
16.591000
14.881800
14.439313
14.624163
15.595938
17.743112
18.720800
18.720800
18.179475
17.895000
20.432675
24.134408
26.849711
33.411478
32.280400
37.572900
40.238961
54.703100
78.714412
76.642688
77.883013
93.448469
113.730313
97.545172
102.966297
124.837000
6.786996
7.295097
12.300887
15.681125
17.796363
16.013539
15.012475
15.276797
17.213112
18.170487
17.629800
17.071033
16.756312
19.537948
21.971964
24.327991
28.652775
29.672087
34.539337
35.134337
50.636131
75.486498
79.394836
81.066036
99.312391
123.563563
111.889063
116.115609
142.083875
5.296391
7.496335
10.338435
15.426772
19.861931
17.075138
15.774170
15.396367
16.835773
17.826402
16.804325
15.524248
15.554536
18.496719
23.275053
24.101472
26.449245
27.935425
32.676600
33.079887
47.665550
72.534822
81.483841
85.308056
104.907031
131.697875
121.227734
125.039344
155.651125
17.887175
16.251134
15.826838
17.330708
15.018819
11.850805
11.632966
12.949881
15.656103
19.098692
26.351002
25.890525
31.667538
34.936875
47.436925
63.998652
85.763277
94.225025
122.217961
161.742469
148.869062
154.053047
203.845937
256.253500
304.849187
16.897500
14.412314
14.253308
15.595145
15.361306
13.327989
12.993895
13.677433
15.376634
15.222513
17.738253
19.988300
26.691500
26.753700
39.273000
47.329475
66.392002
79.699325
122.119688
170.835797
169.924047
202.163437
289.215687
410.119000
556.001984
12.353262
13.059700
14.388200
14.210580
12.007800
14.202738
18.059886
18.698042
18.213006
19.039600
26.691500
28.022200
42.100300
45.471412
72.766412
93.231938
152.246953
209.713578
242.186250
333.618859
593.947281
654.304359
666.443875
14.161550
13.869300
13.869300
12.827100
12.827100
15.162913
19.040820
24.830987
24.427084
24.048600
27.651700
32.689800
58.621828
61.180772
111.003987
139.342375
201.766750
246.823000
322.128563
574.140719
666.052797
666.060469
666.080578
14.111800
12.827100
12.895288
12.093098
12.583705
16.202964
22.015342
23.527912
28.329075
31.059737
47.322134
54.224033
107.825730
150.698703
231.789094
270.580500
520.516469
658.971531
666.081813
666.106094
666.157547
666.175750
666.189984
22.399113
23.280475
23.321388
16.618266
13.607914
15.972683
24.623859
29.540773
38.494688
42.317263
53.049425
56.548681
99.551962
144.280469
265.834453
407.223703
657.834797
666.117391
666.145156
666.199000
666.278531
666.269016
666.235719
33.158269
37.196244
44.413800
49.837925
60.395000
62.509427
99.492483
141.797156
276.173531
569.802859
666.148469
666.115250
666.175906
666.237906
666.318359
666.326953
666.311766
