0.000000
0.000000
0.000000
0.000000
0.000000
0.000000
0.000000
0.000000
0.000000
0.000000
0.000000
0.000000
0.000000
0.000000
0.000000
0.000000
0.000000
0.000000
0.000000
0.000000
0.000000
0.000000
0.000000
0.000000
0.000000
0.000000
0.000000
0.000000
0.000000
0.000000
0.000000
0.000000
0.000000
0.000000
0.000000
0.000000
0.000000
0.000000
0.000000
0.000000
0.000000
0.000000
0.000000
0.000000
0.000000
0.000000
0.000000
0.000000
0.000000
0.000000
0.000000
0.000000
0.000000
0.000000
0.000000
0.000000
0.000000
0.000000
0.000000
0.000000
0.000000
0.000000
0.000000
0.000000
0.000000
0.000000
0.000000
0.000000
0.000000
0.000000
0.000000
0.000000
0.000000
0.000000
0.000000
0.000000
0.000000
0.000000
0.000000
0.000000
0.000000
0.000000
0.000000
0.000000
0.000000
0.000000
0.000000
0.000000
0.000000
0.000000
0.000000
0.000000
0.000000
0.000000
0.000000
0.000000
0.000000
0.000000
0.000000
0.000000
0.000000
0.000000
0.000000
0.000000
0.000000
0.000000
0.000000
0.000000
0.000000
0.000000
0.000000
0.000000
0.000000
0.000000
0.000000
0.000000
0.000000
0.000000
0.000000
0.000000
0.000000
0.000000
0.000000
0.000000
0.000000
0.000000
0.000000
0.000000
0.000000
0.000000
0.000000
0.000000
0.000000
0.000000
0.000000
0.000000
0.000000
0.000000
0.000000
0.000000
0.000000
0.000000
0.000000
0.000000
0.000000
0.000000
0.000000
0.000000
0.000000
0.000000
0.000000
0.000000
0.000000
0.000000
0.000000
0.000000
0.000000
0.000000
0.000000
0.000000
0.000000
0.000000
0.000000
0.000000
0.000000
0.000000
0.000000
0.000000
0.000000
0.000000
0.000000
0.000000
0.000000
0.000000
0.000173
0.000173
0.000000
0.000000
0.000000
0.000000
0.000000
0.000000
0.000000
0.000000
0.000000
0.000000
0.000000
0.000000
0.000000
0.000000
0.000000
0.000000
0.000000
0.000000
0.000000
0.000000
0.000000
0.000000
0.000000
0.000000
0.000000
0.000000
0.000000
0.000000
0.000000
0.000245
0.000245
0.000000
0.000000
0.000000
0.000000
0.000000
0.000000
0.000000
0.000000
0.000000
0.000000
0.000000
0.000000
0.000000
0.000000
0.000000
0.000000
0.000000
0.000000
0.000000
0.000000
0.000000
0.000000
0.000000
0.000000
0.000000
0.000000
0.000000
0.000000
0.000000
0.000000
0.000000
0.000000
0.000000
0.000000
0.000000
0.000000
0.000000
0.000000
0.000000
0.000000
0.000000
0.000000
0.000000
0.000000
0.000000
0.000000
0.000000
0.000000
0.000000
0.000000
0.000000
0.000000
0.000000
0.000000
0.000000
0.000000
0.000000
0.000000
0.000000
0.000000
0.000000
0.000000
0.000000
0.000000
0.000303
0.000303
0.000000
0.000000
0.000000
0.000000
0.000000
0.000000
0.000000
0.000000
0.000000
0.000000
0.000000
0.000000
0.000000
0.000000
0.000000
0.000000
0.000000
0.000000
0.000000
0.000000
0.000000
0.000000
0.000000
0.000000
0.000000
0.000000
0.000000
0.000000
0.000000
0.000000
0.000000
0.000000
0.000000
0.000347
0.000347
0.000000
0.000000
0.000000
0.000000
0.000000
0.000000
0.000000
0.000000
0.000000
0.000000
0.000000
0.000000
0.000000
0.000000
0.000000
0.000000
0.000000
0.000000
0.000000
0.000000
0.000000
0.000000
0.000000
0.000000
0.000000
0.000000
0.000000
0.000000
0.000000
0.000000
0.000000
0.000000
0.000000
0.000000
0.000000
0.000000
0.000000
0.000000
0.000000
0.000000
0.000000
0.000000
0.000000
0.000000
0.000000
0.000000
0.000000
0.000000
0.000000
0.000000
0.000000
0.000000
0.000000
0.000000
0.000000
0.000000
0.000000
0.000000
0.000000
0.000000
0.000000
0.000000
0.000000
0.000000
0.000000
0.000000
0.000000
0.000000
0.000000
0.000000
0.000000
0.000000
0.000430
0.000430
0.000000
0.000000
0.000072
0.003133
0.004190
0.001230
0.000000
0.000000
0.000064
0.002564
0.002158
0.000909
0.000000
0.000017
0.000000
0.000000
0.000000
0.000000
0.000000
0.000000
0.000000
0.000000
0.000000
0.000000
0.000000
0.000000
0.000000
0.000000
0.000000
0.000000
0.000000
0.000000
0.000000
0.000000
0.000000
0.000000
0.000000
0.000331
0.000331
0.000000
0.000000
0.011681
0.048344
0.126243
0.089168
0.029508
0.029402
0.074855
0.038001
0.035965
0.308666
0.102339
0.045769
0.028525
0.004588
0.000000
0.000000
0.000000
0.000000
0.000000
0.000000
0.000000
0.000179
0.000073
0.000000
0.000000
0.000000
0.000000
0.000000
0.000000
0.000000
0.000000
0.000000
0.000000
0.000000
0.000000
0.000000
0.000000
0.000000
0.000000
0.000000
0.000000
0.021097
0.054946
0.207229
0.360481
0.583617
0.404108
0.536103
0.580073
0.860083
2.211406
0.624060
0.161046
0.015519
0.001653
0.000000
0.000000
0.000000
0.000000
0.000000
0.000000
0.006617
0.018723
0.002444
0.000000
0.000000
0.000000
0.000000
0.000000
0.000000
0.000000
0.000000
0.000000
0.000000
0.000000
0.000000
0.000000
0.000000
0.000091
0.000091
0.000000
0.000000
0.021368
0.058925
0.212049
0.413326
0.724742
0.655650
1.234799
1.889682
2.755979
2.292198
0.277991
0.161583
0.023338
0.002850
0.004813
0.003126
0.001556
0.036401
0.019191
0.005341
0.030979
0.160576
0.009757
0.003592
0.005990
0.000468
0.000000
0.000000
0.000000
0.000000
0.000000
0.000000
0.000000
0.000000
0.000000
0.000000
0.000000
0.000000
0.000000
0.000000
0.000000
0.000000
0.000000
0.000000
0.000000
0.000000
0.000000
0.000000
0.026970
0.029321
0.033775
0.057321
0.032182
0.031763
0.029981
0.111037
0.012047
0.000454
0.000454
0.000000
0.000000
0.021223
0.059366
0.206345
0.385829
0.679239
0.958831
1.543078
1.808540
2.522368
2.804340
3.297572
3.469905
1.809413
0.448812
1.928165
0.999258
0.347309
0.980604
0.286705
0.034754
0.063370
0.038590
0.062713
0.033987
0.027415
0.007264
0.003713
0.000000
0.000000
0.000000
0.000000
0.000000
0.000000
0.000000
0.000000
0.000000
0.000000
0.000000
0.000000
0.000000
0.000000
0.000000
0.000000
0.000000
0.000000
0.000000
0.000000
0.000000
0.027450
0.036584
0.034764
0.071654
0.026292
0.029006
0.140288
0.414488
0.023646
0.000000
0.000000
0.000000
0.000000
0.019538
0.055684
0.200079
0.391856
0.589744
0.562816
0.419705
0.906264
2.146337
2.631035
2.906364
4.513587
4.013553
3.307256
3.315681
1.841060
0.679252
0.095645
0.033562
0.045337
0.109917
0.190382
0.125556
0.078759
0.027508
0.027807
0.170584
0.000000
0.000000
0.000000
0.000000
0.000000
0.000000
0.000000
0.000000
0.000000
0.000000
0.000000
0.000000
0.000000
0.000000
0.000000
0.000017
0.000000
0.000000
0.000000
0.000000
0.000000
0.025807
0.035089
0.032305
0.024729
0.015249
0.029367
0.033249
0.085455
0.031113
0.000953
0.000953
0.000000
0.000000
0.015482
0.046599
0.153418
0.147345
0.135448
0.033929
0.021050
0.027108
0.305506
0.526231
2.960315
4.914596
5.243242
5.374055
4.210202
1.062028
0.245587
0.142526
0.261667
0.341068
0.162413
0.126656
0.195351
0.089164
0.046053
0.297954
1.130147
0.022948
0.000000
0.000000
0.000000
0.000000
0.000000
0.000000
0.000000
0.000000
0.000000
0.000000
0.000000
0.000000
0.000003
0.027669
0.142870
0.006065
0.000001
0.000065
0.000000
0.000000
0.019108
0.031285
0.031579
0.018651
0.010834
0.029785
0.031241
0.045545
0.031810
0.002374
0.002374
0.000000
0.000000
0.000508
0.016233
0.022980
0.000354
0.000000
0.000000
0.000000
0.000000
0.037101
1.069516
1.414189
3.243268
4.500837
4.407658
5.092587
4.306673
0.852585
0.648179
0.170370
0.316660
0.570143
0.528514
0.361607
0.166459
0.618267
1.821162
0.956525
0.027311
0.000000
0.000000
0.000000
0.000000
0.000000
0.000000
0.000000
0.000000
0.000000
0.000000
0.000000
0.008396
0.029246
0.114528
1.102261
0.113389
0.064800
0.028464
0.000000
0.000000
0.000682
0.025020
0.037402
0.039034
0.021830
0.028448
0.030026
0.033908
0.036566
0.000000
0.000000
0.000000
0.000000
0.000000
0.000000
0.000064
0.000000
0.000000
0.000000
0.000000
0.000000
0.066608
0.335882
0.021674
0.982826
1.336918
1.483212
4.842998
3.662226
2.382368
1.660350
0.381196
0.638796
1.010173
0.957719
0.608736
0.295624
1.125097
2.090091
1.335255
0.139248
0.000000
0.000000
0.007999
0.017024
0.000186
0.000019
0.000000
0.000000
0.000000
0.000000
0.000000
0.012010
0.055580
0.227885
0.807563
0.625331
0.451451
0.052753
0.000000
0.000000
0.000469
0.024690
0.136102
0.100163
0.077216
0.126019
0.037947
0.035106
0.211283
0.001989
0.001989
0.000000
0.000000
0.000000
0.000000
0.000000
0.000000
0.000000
0.000000
0.000000
0.000000
0.000024
0.000008
0.024221
0.216157
0.032497
0.191374
4.004425
4.111587
4.634750
2.580412
0.548496
1.279730
1.685300
1.603436
1.036821
0.449526
1.858456
2.003287
0.574631
0.005903
0.002163
0.005618
0.029524
0.027337
0.000320
0.000027
0.000000
0.000000
0.000000
0.000000
0.000000
0.004469
0.065189
0.190312
0.482162
0.082807
0.157234
0.037149
0.002464
0.003296
0.002872
0.024403
0.110058
0.119064
0.411260
0.585450
0.329107
0.296035
0.638415
0.003955
0.003955
0.000000
0.000000
0.000000
0.000000
0.000000
0.000000
0.000000
0.000000
0.000000
0.000000
0.000000
0.000000
0.005030
0.000181
0.013048
0.264617
0.541492
2.473677
4.117055
3.536487
2.139970
2.418048
2.379704
2.281281
1.945845
2.571423
2.523888
1.859358
1.828149
0.814855
0.256660
0.386254
0.085156
0.011820
0.000000
0.000000
0.000000
0.000819
0.001365
0.000000
0.000000
0.010414
0.910967
1.814691
0.030232
0.004635
0.028761
0.034509
0.033773
0.091062
0.031129
0.026608
0.027908
0.111772
0.318269
0.840484
1.292543
1.302105
1.427592
0.000000
0.000000
0.000000
0.000000
0.000000
0.000000
0.000000
0.000000
0.000000
0.000000
0.000000
0.000000
0.000000
0.000000
0.000000
0.000000
0.017260
0.047770
0.275120
0.769912
2.968990
3.651277
3.337183
3.281880
3.173649
3.034189
2.830118
3.352391
3.157218
2.852005
3.317031
2.271855
2.174878
1.075002
0.043436
0.000000
0.000195
0.000065
0.000000
0.008635
0.020544
0.001938
0.000000
0.021556
2.093844
1.327582
0.012830
0.029750
0.150437
0.568686
0.131646
0.472227
0.681359
0.100335
0.083841
0.665564
0.912610
0.943563
1.552021
1.955110
2.473625
0.003325
0.003325
0.000000
0.000000
0.000000
0.000000
0.000000
0.000000
0.000000
0.000000
0.000000
0.000000
0.000000
0.000000
0.000000
0.000000
0.000315
0.021157
0.174432
0.971806
2.949293
3.956498
4.013859
4.092818
4.233550
4.086884
3.394129
4.048914
3.396082
3.408549
3.718618
3.841051
3.901282
2.883364
0.591691
0.557839
0.443177
0.007151
0.024315
0.032436
0.042147
0.033269
0.000277
0.018421
1.483426
3.478968
0.154951
0.454009
1.166438
2.491192
1.069044
1.090935
1.164303
0.424579
0.675067
1.108044
1.615702
1.707813
2.172409
2.880920
2.528310
0.003173
0.003173
0.000000
0.000000
0.000000
0.000000
0.000000
0.000000
0.000000
0.000000
0.000000
0.000000
0.000000
0.000000
0.000000
0.000000
0.000000
0.000000
0.024980
0.090072
1.058775
1.807132
2.166241
1.852792
3.917458
2.849318
3.653908
3.831830
3.373329
3.335251
3.891111
4.218751
4.558239
4.748234
4.920830
4.838190
1.830719
0.049757
0.151257
0.280494
1.153941
1.568990
0.051944
0.300027
3.611178
4.902352
2.915891
2.741564
1.688559
1.853435
2.253056
2.464537
3.634560
2.803440
1.999385
2.007924
2.047512
2.224020
2.849890
3.611900
3.511290
0.000000
0.000000
0.000000
0.000000
0.000000
0.000000
0.000000
0.000000
0.000000
0.000000
0.000000
0.000000
0.000000
0.000000
0.000000
0.000000
0.023884
0.041281
0.112323
0.121083
0.141228
0.487773
1.707715
2.030914
1.626037
1.886772
1.525778
2.856183
3.896744
3.941195
4.310908
4.912457
5.651875
6.196832
3.639982
0.480720
0.318133
1.035604
2.762759
2.543846
0.347290
0.889583
4.982201
6.178355
6.897515
6.079290
3.248320
3.521972
3.561426
2.753418
3.956672
3.282753
2.328782
2.182396
2.190222
2.431193
3.028323
3.652469
3.652227
0.000000
0.000000
0.000000
0.000000
0.000000
0.000000
0.000000
0.000000
0.000000
0.000000
0.000000
0.000000
0.000000
0.000000
0.000403
0.001075
0.004797
0.045889
0.157379
0.194731
0.286545
0.434371
0.741833
0.423183
0.423155
0.761278
0.869122
1.335661
3.630769
3.638346
4.034569
4.661684
5.976435
6.887063
4.316323
0.722523
0.503940
1.831279
3.289535
1.315729
0.688223
2.488942
5.668750
6.515113
6.875107
6.707746
1.751532
1.511407
2.946162
3.429108
4.199365
3.342211
2.595382
2.332746
2.227024
2.495273
3.095072
3.645988
3.854582
0.000000
0.000000
0.000000
0.000000
0.000000
0.000000
0.000000
0.000000
0.000000
0.000000
0.002821
0.024833
0.003998
0.115779
0.561343
0.530389
0.386423
0.448217
0.498057
0.628053
0.624909
0.890575
0.800224
0.817336
0.642046
2.013387
2.754716
3.056483
5.246060
4.865459
2.363560
0.853620
1.485682
2.498000
3.131507
2.522791
1.767979
5.331873
6.502284
7.133328
6.517690
6.190932
2.867803
2.862481
4.419743
4.603204
4.438415
3.754225
2.937396
2.513454
2.108997
1.989109
2.325130
3.103932
4.690168
0.000000
0.000000
0.000000
0.000000
0.000000
0.000000
0.000000
0.000000
0.000000
0.000000
0.000000
0.024349
0.185492
0.272934
0.720669
0.559709
0.543519
0.484620
0.433407
0.408715
0.537345
0.629724
0.644120
0.562780
0.655755
1.133197
0.920644
1.138361
4.043634
5.185537
4.574068
4.256883
3.652420
3.394835
3.864023
3.911996
4.171729
4.887757
5.994800
6.142209
7.258171
7.052501
5.035777
5.011862
6.133164
5.193803
3.723733
3.414525
2.998191
2.682942
2.154317
1.868864
1.977404
3.195805
5.385126
0.000000
0.000000
0.000047
0.027432
0.521502
0.689001
0.798080
0.631808
0.616605
0.608716
0.517144
0.314367
0.277034
0.294309
0.291053
0.293209
0.518262
0.282060
0.139616
0.208366
0.738274
4.345978
6.559010
7.194193
5.734120
4.863712
4.387064
4.743217
4.146478
4.553930
4.614850
3.866426
5.475556
6.556482
7.391955
5.725330
5.872056
4.786091
4.685020
5.134002
4.076977
3.332474
2.121312
1.571216
1.932715
3.292703
5.585480
0.000916
0.001330
0.003692
0.005112
0.217128
0.538301
0.298594
0.346899
0.451651
0.313137
0.128479
0.175614
0.032121
0.024085
0.024396
0.023912
0.026259
0.005458
0.000000
0.000000
0.000020
0.566173
4.500356
6.488070
5.698260
3.782140
3.637423
4.128968
4.695824
4.223474
4.146977
2.963120
2.973266
6.105576
6.794118
6.444720
5.824190
5.650710
5.337850
6.052838
3.889626
2.526432
1.869667
1.676886
1.910082
3.285297
6.083610
0.092258
0.124636
0.287754
0.359421
0.237419
0.248208
0.233689
0.052921
0.010528
0.010974
0.000026
0.000000
0.000313
0.000000
0.000012
0.000000
0.000000
0.000000
0.000060
0.020267
0.925484
3.587544
3.825833
3.701867
4.088070
4.042161
3.639566
3.416161
4.586181
3.988690
2.419454
3.223677
5.728266
5.394258
5.231419
5.743489
4.994273
3.854737
2.357158
2.160710
2.115793
1.960163
1.990600
3.131869
6.190441
0.180637
0.138547
0.302425
0.248277
0.163951
0.179205
0.086614
0.017625
0.000000
0.000000
0.000000
0.000000
0.000000
0.000000
0.000000
0.000000
0.000000
0.000000
0.000000
0.000000
0.004522
0.060188
1.491979
3.755931
4.379295
4.078395
2.964311
3.058882
4.670079
4.220269
2.293060
2.859568
4.333865
4.488497
4.554138
5.461434
5.119567
2.351661
2.099017
2.195164
2.337173
2.194268
2.174453
3.053912
6.206484
0.081764
0.031914
0.028168
0.015914
0.000000
0.000000
0.000000
0.000000
0.000000
0.000000
0.000000
0.000000
0.000000
0.000000
0.000000
0.000000
0.003868
0.027169
0.250787
1.734093
4.316887
4.288413
2.623717
2.503950
3.649095
4.101182
2.904443
1.564431
1.691474
2.293329
3.288884
2.962343
3.482617
2.716096
2.588399
2.678420
2.861066
2.629181
2.283647
3.200833
5.683522
0.051849
0.028554
0.023121
0.007497
0.000000
0.000000
0.000000
0.000000
0.000000
0.000000
0.000000
0.000000
0.000000
0.000000
0.000000
0.000000
0.005163
0.027043
0.332831
1.910828
2.840461
3.128004
3.153408
2.663580
2.969220
3.120206
2.869402
1.372697
1.550478
1.564273
2.576419
3.535338
3.430964
3.085984
3.053479
3.172613
3.439349
3.167383
2.231499
3.390513
5.249570
0.000000
0.000000
0.000000
0.000000
0.000000
0.000000
0.000000
0.000000
0.000000
0.000000
0.016301
0.056268
0.298407
1.452409
2.387867
2.464840
2.614520
2.551260
2.417446
2.365728
1.121923
1.074183
0.794855
1.378046
1.388443
2.185736
3.141169
3.475518
2.977498
3.126604
3.718549
4.044320
2.420170
3.241234
5.464660
0.000000
0.000000
0.000000
0.000000
0.000000
0.000000
0.000000
0.000000
0.000000
0.000000
0.020593
0.045196
0.625071
1.604455
2.131434
2.158320
2.169380
2.110015
1.784265
1.206571
0.430426
0.361656
0.510662
0.434367
0.543913
1.032100
2.394955
3.027570
3.238429
3.388530
4.311226
5.449099
2.808926
3.455130
5.715810
0.000000
0.000000
0.000000
0.000000
0.019760
0.036753
0.333000
1.563708
2.007482
2.063614
2.056020
2.038045
1.273653
0.876028
0.342576
0.333361
0.438123
0.549327
0.419140
0.542958
1.628689
2.663059
3.245907
3.370138
4.551917
6.116179
3.366779
3.643085
5.947254
0.000000
0.000000
0.000000
0.000000
0.018186
0.042102
0.642195
1.726345
1.915011
1.989887
1.850575
1.355677
0.423169
0.490724
0.358042
0.360382
0.378425
0.479492
0.596125
0.548478
1.065594
2.307461
3.137712
3.636200
4.712711
6.533759
4.100404
3.632343
6.056264
1.244783
1.545915
1.715453
1.893641
1.224939
0.614500
0.320475
0.120464
0.158257
0.228421
0.371946
0.368722
0.337464
0.491630
0.776163
1.345667
2.659022
3.384540
4.888645
6.965019
5.582397
3.940755
5.556249
7.769410
6.000319
1.267155
1.383102
1.496617
1.550018
1.277314
0.610031
0.090118
0.074027
0.107537
0.131909
0.228199
0.324551
0.384040
0.373557
0.456024
0.720665
1.719894
2.466386
4.761479
7.563839
6.912745
4.350754
5.941890
7.208390
6.172624
1.212892
1.243588
1.339254
1.174847
0.049634
0.033022
0.054710
0.073456
0.094662
0.149672
0.349622
0.497334
0.580677
0.704192
2.355287
3.563485
5.928924
8.876690
8.022826
4.792575
5.685992
6.383584
5.832471
1.010437
1.044262
1.111747
0.931707
0.070255
0.029737
0.032428
0.051982
0.067740
0.068868
0.145392
0.375058
0.922857
1.499938
6.372293
9.301172
13.283534
13.558897
9.276527
5.502454
5.818692
7.261386
6.958647
0.795652
0.752345
0.227194
0.034639
0.023195
0.031340
0.052132
0.076567
0.093917
0.120445
0.270347
0.489012
3.427941
9.900955
15.735136
15.554784
10.505017
7.431859
6.796789
7.875107
7.041849
6.381394
5.705125
0.494911
0.331269
0.225731
0.046332
0.002457
0.010549
0.024370
0.034453
0.056916
0.098352
0.151863
0.301478
1.872798
6.985384
13.593391
15.030956
8.715151
7.303104
8.630341
10.620471
9.831289
9.443151
9.454799
0.048913
0.084072
0.205395
0.427102
0.686181
0.987945
2.715103
5.147154
8.735691
11.830920
7.278645
8.592395
9.966691
13.330340
14.455308
14.924669
17.324792
