0.000000
2.475676
2.608871
1.090935
4.473760
7.701420
4.271846
7.176910
0.175679
1.121958
3.689224
1.485431
3.451661
4.019571
4.819160
5.592010
3.509882
0.709534
2.251056
3.238470
8.491870
4.039266
6.341930
4.591071
1.165981
1.881314
0.136987
3.819560
4.958020
4.852021
2.995993
6.482440
3.769789
2.097398
1.414128
4.395480
7.531740
5.562920
5.209660
5.038760
1.448622
1.155133
2.870464
1.366423
8.263640
4.312329
8.201880
4.097414
1.624554
2.901600
2.885476
1.554332
4.754390
8.013890
4.800850
3.577019
0.645622
2.670567
2.225685
0.414393
4.654955
6.674130
5.346830
4.445832
10.674000
19.455900
13.968300
16.176800
47.254100
21.793300
40.914300
60.242400
12.176100
11.933900
17.318100
14.758000
25.331500
62.962000
66.936700
32.915400
9.966600
18.558600
12.924000
15.885000
40.759800
105.679000
87.444000
31.133600
11.009100
19.944800
7.916840
12.808800
46.142600
66.710000
35.775200
43.530000
18.471800
13.650100
9.529570
15.493400
64.191400
25.010800
33.493900
61.165900
16.104700
11.387400
13.803700
12.334800
50.218500
35.426700
34.336600
74.653800
19.266500
13.937400
8.929830
14.714300
73.803700
32.772000
64.126500
33.101000
10.546400
25.185700
11.088200
20.309300
78.664094
27.056800
26.312100
75.245900
0.098409
0.504082
2.247170
0.645660
4.296233
4.131782
4.046861
4.789427
0.087845
1.854387
0.198420
1.284232
3.133231
5.946950
3.899910
6.317040
2.537766
0.156269
0.680143
2.990319
4.167555
8.304960
4.326314
2.868956
0.612301
1.445226
0.549087
0.333142
2.974081
4.590568
7.037540
2.734357
1.822150
0.113859
0.942611
3.243727
8.933790
4.182099
5.700330
2.598574
1.858014
0.124192
3.343710
0.059749
3.378883
6.087600
3.307818
4.166170
1.620581
0.079725
2.388698
0.640710
8.265420
4.168590
2.811243
5.803170
0.241223
0.732015
0.939577
0.584054
4.233545
6.206550
3.500347
5.531220
9.283550
17.452200
17.074300
9.606410
28.793200
36.637900
35.984800
34.249400
6.786620
12.342900
11.463500
13.907800
50.547100
20.066900
65.192900
15.895500
13.154300
10.585700
10.626500
10.658100
19.766200
53.665900
38.993600
36.748400
15.534500
7.559810
21.450600
6.786020
41.115700
28.598100
18.207000
74.309000
9.934700
28.713200
16.095600
13.919900
40.740600
36.777300
35.996900
56.315500
8.894920
17.273600
9.421670
17.433000
32.303400
49.223800
23.478700
46.206700
13.386700
14.540300
16.593000
12.826200
32.652100
47.053100
38.635200
39.260600
16.470800
9.741140
13.335700
9.856060
28.024400
52.308800
35.491900
36.465400
5.095872
0.854526
0.271074
4.228869
8.022670
4.160813
6.926520
2.825807
0.323242
1.318763
1.089003
4.485781
4.018480
3.594939
5.058680
6.960160
0.639237
4.931840
0.533445
6.567173
6.154080
3.874955
2.408994
10.474200
5.180550
0.164842
0.800640
1.841637
7.183440
3.973926
4.393720
4.330787
0.602254
2.175805
2.717663
4.372507
3.695645
6.915040
5.577850
4.780834
0.175962
5.994910
0.965189
1.782112
8.400880
4.181250
2.921884
5.417443
3.420463
1.932990
0.792128
1.169807
3.803564
9.046600
7.928640
4.746599
1.596976
5.542078
1.182081
0.272950
7.385900
0.857778
7.851490
6.666350
10.162100
21.969100
22.110900
8.602170
45.599900
87.737400
31.000600
95.669900
19.042900
12.230400
17.527600
13.321300
25.854000
51.131600
68.647800
30.361400
9.653100
17.298300
18.141500
9.760390
95.596400
20.033700
39.656200
72.164300
12.581800
14.713100
15.685500
11.506000
28.786500
71.071008
57.466100
27.012400
12.732400
14.656000
14.952100
11.624800
36.719500
89.585500
25.990200
80.341600
14.377700
14.596400
27.038900
5.345821
53.646000
75.154900
42.206900
48.951400
11.720500
23.616900
13.925300
11.630800
21.598700
92.019700
56.481192
42.387200
9.323570
18.142100
22.689500
11.213600
30.478400
99.060400
41.287300
59.849600
0.079080
1.206859
0.503124
2.728242
6.174470
1.932187
4.171300
6.136710
0.527357
2.367701
0.175921
0.265535
2.692936
5.519650
4.508864
1.775127
0.095209
1.385923
0.335060
2.388293
6.006660
5.370380
1.787723
4.460790
0.168158
0.146629
0.942956
2.242705
4.351400
3.718643
3.127240
2.190177
1.333182
1.105326
0.077854
3.218066
5.048756
3.525610
4.519240
5.823300
1.168487
0.176583
0.481745
0.390318
3.643970
6.235230
4.791220
4.176170
2.529376
0.655647
1.193710
0.334573
9.624310
1.212593
5.511790
0.908516
0.228764
0.804002
0.317993
0.604820
2.800216
4.379300
4.584867
3.847550
13.541600
13.076000
9.228030
19.698400
30.282000
53.855100
26.082000
68.817600
17.310200
8.372710
8.441070
11.576700
45.146500
21.896700
32.624700
20.573300
6.901210
24.647400
19.474700
5.724873
91.373437
27.529100
18.573400
77.832900
10.461800
6.928720
7.403450
16.716300
31.942700
30.659200
27.280100
33.845200
10.943500
24.341900
11.131100
14.350300
37.129500
47.922800
17.314900
83.452400
21.750900
7.074630
8.933910
18.179100
40.278600
21.058600
43.548800
57.563200
10.587900
14.446400
15.566400
9.410050
22.640500
48.874400
26.002900
100.948000
20.118200
9.536490
6.579680
15.222300
23.758200
63.975800
26.410900
34.238400
2.184105
3.017429
0.793433
3.233914
3.867090
8.153180
6.245040
3.855523
1.016274
3.954007
0.478976
0.814875
6.062440
4.604196
5.492860
5.031599
0.642501
2.733729
2.591247
3.244970
4.958949
4.461600
5.655600
3.866880
0.238341
2.761357
0.452680
3.364010
5.204530
4.233220
3.021386
6.687340
2.112530
3.669638
3.447975
0.611644
5.038430
6.838060
6.963520
5.184780
1.718192
1.545362
1.145360
1.681173
6.848840
4.551080
2.304406
8.235750
4.384250
1.595842
4.784747
0.454929
7.232030
4.248240
4.293803
4.352679
0.696406
2.471880
0.151705
5.137260
3.758729
5.047680
4.209894
7.313020
18.500600
11.404900
17.236700
11.408900
100.694641
36.467100
66.691800
27.999300
14.577700
10.411100
20.314100
10.441100
39.621100
76.147700
43.554900
37.631800
16.465000
9.124330
8.295080
20.306000
24.914600
87.848400
40.346900
61.358500
17.729700
8.492860
18.503300
9.195280
31.383400
62.414300
41.881800
60.858600
12.995500
16.913400
13.479700
17.183600
20.507400
88.150700
78.101400
43.487500
9.865460
15.768900
11.606300
15.435500
101.932969
61.120400
33.516600
83.225800
18.980900
11.337100
11.623700
19.507600
54.260141
42.312900
28.725700
70.966700
14.462500
15.602400
16.044400
8.594310
43.991500
109.145984
31.421300
98.246200
0.114975
1.560936
0.621902
3.327981
3.746841
4.900000
3.701518
4.702170
0.472325
0.237420
0.076657
2.126518
6.701410
3.738044
2.366113
5.283390
1.372643
1.351501
0.159415
0.440608
6.981060
3.542603
5.664910
2.348323
0.079862
2.474169
0.125979
0.317020
5.497720
3.858530
3.834541
5.228670
2.137318
0.939381
1.367749
2.052390
4.874810
3.764215
3.898514
5.579580
0.152336
0.661981
2.267433
0.046641
6.111830
3.543587
3.403812
6.042680
1.275340
3.209316
0.093067
2.002862
5.030936
2.157154
7.278240
2.858373
0.127705
1.958246
0.072665
0.167098
6.940310
2.591476
3.822517
6.191700
15.878800
7.015560
13.643000
9.202890
40.801300
40.762700
31.672800
54.042300
8.662680
14.511600
7.291180
13.099700
94.085000
31.921500
28.750800
74.211700
10.133800
25.882600
13.334100
8.041490
46.742000
47.190700
31.852500
39.975100
8.008710
21.572000
8.071380
13.783400
25.722300
35.349100
38.309600
63.551700
13.607600
10.022700
10.783400
17.651200
29.379100
72.554300
71.486000
21.171400
6.939840
16.793000
17.119500
9.424500
25.520800
52.765100
18.094400
79.121400
22.918200
7.096250
9.700730
19.169500
37.261200
85.401700
40.926000
41.271500
14.414800
7.169980
10.767900
9.198390
35.401900
50.470200
45.824900
37.081200
1.064432
5.776288
1.849243
1.256445
9.516650
5.799770
5.122370
2.655401
1.235474
0.407485
1.060113
5.701040
4.606438
2.798379
7.791980
3.311226
1.184711
5.817790
0.203422
3.805029
2.374082
9.338805
2.795686
5.656050
0.905777
2.062196
4.929179
0.286051
4.840650
0.715596
6.451420
5.142050
0.730964
0.978104
5.041420
1.700065
7.192670
1.542510
8.513100
4.993580
2.041788
3.885772
0.286174
2.327104
4.747260
10.231900
2.979468
4.522379
2.544939
3.034402
5.910790
0.419755
3.844133
6.380580
3.888768
11.131300
5.927000
1.446272
1.226340
0.423104
5.008460
6.466666
4.072860
4.278501
11.349500
16.166200
7.201760
17.693700
62.305000
36.743300
29.684400
91.646500
9.267760
20.418700
13.697400
7.926080
43.569300
40.342000
74.682800
48.597200
11.268500
16.643400
8.645290
15.613900
69.233700
29.250900
52.211600
23.808400
18.059900
5.300860
24.482800
10.795400
42.570500
45.575700
108.128000
30.263700
21.661300
6.788000
11.216800
17.832500
45.015000
69.003300
25.149600
53.195100
15.765400
16.113700
8.517330
15.391300
24.284200
71.734000
40.497800
28.647900
9.396890
16.904400
9.785880
17.309900
34.314300
73.222300
37.916800
90.545500
9.262490
19.098600
14.491100
10.667700
66.255752
35.891800
60.624100
82.455000
0.117568
2.163342
3.312320
0.330665
3.660280
2.211338
2.121157
6.640110
3.022106
0.132017
0.342059
0.890400
3.181079
6.914880
4.928150
1.340467
0.790756
0.388033
3.680490
0.521104
5.097730
2.179533
4.932490
0.894021
0.114498
1.974906
0.392040
1.089254
2.055108
6.091420
2.741525
3.245210
0.297040
3.341449
0.495453
0.215206
1.440411
5.691060
3.168392
5.383021
0.562588
0.536266
0.432990
0.176069
3.615656
4.483040
3.824690
4.579116
1.367516
2.332403
0.904575
0.382747
4.074219
0.605641
7.253570
3.865630
0.983721
1.915645
0.369702
0.143827
1.129328
2.070057
3.013510
5.118680
15.858700
9.303460
11.816100
13.182100
31.513100
81.131500
36.453900
39.632200
13.323900
9.572060
14.707500
8.072480
27.500900
37.746200
19.325200
39.459900
16.595300
6.330580
13.768100
8.524110
52.888300
34.337100
96.220886
23.299900
5.681330
16.867300
10.392600
5.521860
24.926400
56.357500
30.908600
22.789200
10.697900
11.194600
7.726420
23.357000
25.976300
98.558970
30.845100
69.162700
14.765700
9.297930
13.196900
7.664780
47.102100
27.603700
34.455600
40.701800
12.333500
18.830100
8.408980
19.184300
75.071700
25.655700
34.958400
46.679200
5.264962
17.204200
9.062600
15.549100
60.972400
30.286600
48.590300
40.997700
0.030317
0.188033
0.249931
0.937483
0.020700
0.015392
0.096059
0.022056
0.595918
0.456307
0.023380
0.084243
0.146561
0.043886
0.015530
0.010277
0.296197
0.910841
0.037980
0.260072
0.016378
0.036695
0.029477
0.017352
0.035855
0.221038
1.539366
0.023989
0.021172
0.005839
0.069855
0.023882
0.118883
0.080769
0.451392
0.023729
0.020614
0.018965
0.017580
0.016964
0.119399
0.257434
0.035071
0.201750
0.011938
0.042236
0.000476
0.068228
0.250190
0.181975
0.169667
0.293591
0.012948
0.017682
0.016208
0.119188
0.525584
0.019889
0.057299
0.185474
0.019147
0.018155
0.038867
0.013787
0.012407
0.000000
0.000227
0.001312
0.000000
0.000000
0.000000
0.000000
0.008273
0.000000
0.000078
0.000021
0.000000
0.000000
0.000000
0.000000
0.012226
0.000000
0.002758
0.000000
0.000000
0.000000
0.000000
0.000000
0.000149
0.000000
0.001570
0.014870
0.000000
0.000000
0.000000
0.000000
0.000006
0.000537
0.014396
0.000000
0.000000
0.000000
0.000000
0.000000
0.000000
0.012251
0.007482
0.000079
0.000000
0.000000
0.000000
0.000000
0.000000
0.005271
0.016583
0.002257
0.000000
0.000000
0.000000
0.002000
0.014006
0.000000
0.010659
0.000000
0.000000
0.006355
0.000000
0.000000
0.077547
0.036739
0.019444
0.073610
0.018755
0.014891
0.011503
0.014446
0.036393
0.024101
0.040194
0.025737
0.017040
0.003569
0.014703
0.000781
0.024530
0.621135
0.046127
0.022573
0.010463
0.002673
0.013762
0.055358
0.038484
0.019221
0.035184
0.021617
0.019938
0.005318
0.002557
0.020763
0.022239
0.258299
0.033602
0.022945
0.000069
0.018964
0.016419
0.019971
0.021174
0.038610
0.020215
0.043612
0.015222
0.001321
0.017086
0.003186
0.033327
1.560674
0.029415
0.021110
0.001688
0.011988
0.018187
0.014325
0.045996
0.018650
0.019530
0.050216
0.010902
0.002180
0.015499
0.012198
0.000032
0.000000
0.000000
0.000437
0.000000
0.000000
0.000000
0.000000
0.000579
0.000000
0.000000
0.000000
0.000000
0.000000
0.000000
0.000000
0.000000
0.002423
0.000510
0.000003
0.000000
0.000000
0.000000
0.000000
0.000000
0.000181
0.000000
0.004345
0.000000
0.000000
0.000000
0.000000
0.000049
0.000000
0.000000
0.000000
0.000000
0.000000
0.000000
0.000000
0.000469
0.000000
0.000000
0.000000
0.000000
0.000000
0.000000
0.000000
0.000033
0.000000
0.000043
0.004734
0.000000
0.000000
0.000000
0.000000
0.000000
0.000656
0.000000
0.000020
0.000000
0.000000
0.000000
0.000000
0.034473
1.719569
2.337128
0.156247
0.015717
0.016015
0.018663
0.052801
0.471095
0.540173
0.262938
0.034375
0.081428
0.016535
0.004525
0.022551
1.661349
0.048175
2.385024
0.043974
0.020124
0.015328
0.137629
0.012686
0.026352
2.819633
0.410182
0.163663
0.022934
0.013638
0.029360
0.009415
1.917159
0.078454
0.355618
0.074687
0.018203
0.018303
0.034478
0.037044
1.291082
0.026592
0.644310
0.067497
0.012788
0.056985
0.026146
0.013805
0.262423
0.357069
1.275923
0.575898
0.078657
0.013940
0.028082
0.013496
0.399041
0.063638
0.402692
0.931679
0.014839
0.086105
0.007233
0.014723
0.010955
0.000000
0.000592
0.015078
0.000000
0.000000
0.000000
0.000000
0.007622
0.002848
0.000000
0.005264
0.000000
0.000000
0.000000
0.000000
0.012316
0.000000
0.000000
0.010747
0.000000
0.000000
0.000000
0.000000
0.000109
0.004255
0.000005
0.011906
0.003403
0.000000
0.000000
0.007300
0.008833
0.001926
0.008646
0.009986
0.000063
0.000000
0.000000
0.000000
0.000457
0.000087
0.000000
0.013436
0.000000
0.000000
0.000000
0.000000
0.010040
0.000000
0.006747
0.010711
0.000000
0.000000
0.000000
0.000271
0.011205
0.000000
0.004205
0.001275
0.007212
0.000000
0.000000
0.000000
0.352465
0.022787
0.296231
0.031853
0.005934
0.015355
0.016029
0.018295
0.064776
0.023842
0.047447
0.023618
0.021219
0.012770
0.010256
0.015755
0.672562
0.151495
0.024155
0.072868
0.017869
0.014783
0.010239
0.011962
0.113281
0.563278
0.059780
0.025532
0.019111
0.013778
0.022199
0.008204
0.054564
0.021019
1.850163
0.023695
0.009654
0.021389
0.007103
0.018367
0.042577
0.024277
0.048597
0.018638
0.016427
0.006617
0.005786
0.017058
0.027847
0.583101
0.174727
0.213131
0.007425
0.023511
0.017782
0.015845
0.021585
0.046733
0.024126
0.079564
0.013095
0.019942
0.012601
0.017315
0.001412
0.000000
0.009707
0.000000
0.000000
0.000000
0.000000
0.000000
0.000000
0.000000
0.000505
0.002361
0.000000
0.000000
0.000000
0.000000
0.011077
0.000000
0.003989
0.007192
0.000000
0.000000
0.000000
0.000000
0.008833
0.004846
0.000722
0.000000
0.000000
0.000000
0.000000
0.000000
0.004072
0.000000
0.003599
0.000000
0.000000
0.000000
0.000000
0.000000
0.000000
0.005083
0.000843
0.000000
0.000000
0.000000
0.000000
0.000000
0.004331
0.000000
0.004908
0.000652
0.000000
0.000000
0.000000
0.000000
0.000000
0.000000
0.010704
0.000000
0.000000
0.000000
0.000000
0.000000
0.111759
0.156896
0.997951
0.060536
0.081243
0.018086
0.015941
0.016756
0.060666
0.021109
0.680466
0.114831
0.003445
0.084145
0.020663
0.014454
1.321902
0.278916
0.029519
0.190824
0.023426
0.015251
0.012019
0.100037
0.500233
0.018540
0.849490
0.025614
0.019895
0.008997
0.148152
0.018133
0.103268
0.159870
0.074979
0.849207
0.019450
0.019088
0.026385
0.014828
0.100693
0.100241
0.349510
0.062469
0.029071
0.015847
0.154877
0.004251
0.029943
0.130496
0.131234
1.082299
0.018696
0.070419
0.013567
0.057699
0.502939
0.026909
1.414040
0.024204
0.077653
0.032478
0.016106
0.013685
0.007957
0.011361
0.000000
0.002792
0.000000
0.000000
0.000000
0.000028
0.009858
0.000017
0.001412
0.003476
0.000000
0.000000
0.000000
0.000046
0.000040
0.004398
0.014904
0.006511
0.000000
0.000000
0.000000
0.000000
0.000002
0.017399
0.000000
0.012399
0.001583
0.000000
0.000000
0.000000
0.009292
0.007385
0.000327
0.000043
0.000000
0.000000
0.000000
0.000000
0.003732
0.010096
0.000001
0.001025
0.000000
0.000000
0.000000
0.000000
0.000000
0.010002
0.006767
0.000000
0.000000
0.000000
0.000000
0.000000
0.000031
0.000000
0.010335
0.002659
0.000000
0.000000
0.000000
0.000000
0.069612
0.053534
0.046614
0.019573
0.013965
0.015911
0.018520
0.001733
0.024335
0.024867
0.056658
0.018123
0.002386
0.010857
0.020781
0.002291
0.038016
0.029751
0.505838
0.030442
0.004241
0.021490
0.017501
0.015498
0.089591
0.024372
0.047796
0.021107
0.009091
0.018555
0.009164
0.016717
0.029036
0.033998
0.037360
0.032817
0.015812
0.016038
0.001899
0.017305
0.028263
0.020904
0.020667
0.074255
0.004174
0.015035
0.015807
0.001127
0.018884
0.040784
0.682640
0.021872
0.010466
0.016794
0.000275
0.050970
0.052875
0.031408
0.125138
0.022240
0.000935
0.016897
0.021338
0.001612
0.000000
0.001468
0.001013
0.000945
0.000000
0.000000
0.000000
0.000000
0.000000
0.000000
0.000505
0.000007
0.000000
0.000000
0.000000
0.000000
0.001311
0.000000
0.000000
0.009781
0.000000
0.000000
0.000000
0.000000
0.000558
0.000000
0.000491
0.000000
0.000000
0.000000
0.000000
0.000000
0.000349
0.008802
0.000000
0.000000
0.000000
0.000000
0.000000
0.000014
0.002196
0.000000
0.000000
0.000000
0.000000
0.000000
0.000000
0.000000
0.000000
0.012269
0.000318
0.000700
0.000000
0.000000
0.000000
0.000000
0.000000
0.004100
0.000000
0.000006
0.000000
0.000000
0.000000
0.000000
0.938326
0.038601
0.642354
0.639502
0.015783
0.033523
0.021634
0.052794
0.190132
1.067142
0.571313
0.026545
0.022976
0.073447
0.016411
0.016218
0.954970
0.049440
2.791820
0.113686
0.142729
0.015895
0.026028
0.024580
0.496403
0.146182
0.053642
1.480115
0.022295
0.770443
0.024289
0.012251
2.196304
0.765931
0.057220
0.446930
0.011783
0.435545
0.016213
0.038939
0.145706
0.072311
1.168483
0.019275
0.048953
0.010957
0.040444
0.013990
0.060391
0.392407
0.049449
2.636271
0.133336
0.024348
0.024145
0.013023
0.032552
0.451283
0.263550
0.853252
0.013751
0.019989
0.034988
0.014111
0.002998
0.000026
0.012680
0.000032
0.000000
0.000009
0.000000
0.000000
0.001822
0.000000
0.008952
0.014592
0.000000
0.000060
0.000000
0.000000
0.012091
0.000000
0.013240
0.001751
0.000000
0.000000
0.000000
0.000000
0.000000
0.010861
0.000000
0.005399
0.000000
0.000000
0.000000
0.006451
0.000000
0.013132
0.010481
0.000000
0.000000
0.000000
0.000000
0.000000
0.000025
0.000000
0.015957
0.004549
0.000000
0.000000
0.000000
0.000000
0.011443
0.000000
0.010870
0.000000
0.000719
0.000000
0.000000
0.000000
0.005091
0.000000
0.000000
0.011069
0.000000
0.005220
0.000000
0.000000
0.299348
0.064037
0.022854
0.339784
0.024659
0.013883
0.017319
0.012511
0.023053
0.499156
0.020180
0.042867
0.014147
0.002643
0.017244
0.016326
0.101272
0.286623
0.041790
0.042162
0.015508
0.016414
0.013833
0.011595
0.327385
0.027849
0.017816
0.043401
0.009528
0.006690
0.011509
0.019233
0.023825
0.025957
0.197011
0.132035
0.016524
0.014107
0.029772
0.007756
0.019008
0.062330
0.072108
0.136644
0.014843
0.013470
0.019263
0.007743
0.095279
0.039744
0.355038
0.031106
0.010036
0.015003
0.003102
0.033039
0.045219
0.027526
0.018645
0.149057
0.015362
0.008633
0.020543
0.013967
0.000000
0.003746
0.000002
0.002280
0.000000
0.000000
0.000000
0.000000
0.000000
0.000000
0.002667
0.004913
0.000000
0.000000
0.000000
0.000000
0.000000
0.012651
0.001601
0.001351
0.000000
0.000000
0.000000
0.000385
0.002133
0.000000
0.000000
0.006325
0.000000
0.000000
0.000000
0.000000
0.002648
0.000000
0.010165
0.000000
0.000000
0.000000
0.000000
0.000000
0.001752
0.000086
0.000000
0.006942
0.000000
0.000000
0.000000
0.000000
0.000000
0.004400
0.009178
0.003011
0.000000
0.000000
0.000000
0.000000
0.006903
0.000000
0.000021
0.004021
0.000000
0.000000
0.000000
0.000000
