0.000000
0.000000
0.000000
0.000000
0.000000
0.000000
0.000000
0.000000
0.000000
0.000000
0.000000
0.000000
0.000000
0.000000
0.000000
0.000000
0.000000
0.000000
0.000000
0.000000
0.000000
0.000000
0.000000
0.000000
0.000000
0.000000
0.000000
0.000000
0.000000
0.000000
0.000000
0.000000
0.000000
0.000000
0.000000
0.000000
0.000000
0.000000
0.000000
0.000000
0.000000
0.000000
0.000000
0.000000
0.000000
0.000000
0.000000
0.000000
0.000000
0.000000
0.000000
0.000000
0.000000
0.000000
0.000000
0.000000
0.000000
0.000000
0.000000
0.000000
0.000000
0.000000
0.000000
0.000000
0.000000
0.000000
0.000000
0.000000
0.000000
0.000000
0.000000
0.000000
0.000000
0.000000
0.000000
0.000000
0.000000
0.000000
0.000000
0.000000
0.000000
0.000000
0.000000
0.000000
0.000000
0.000000
0.000000
0.000000
0.000000
0.000000
0.000000
0.000000
0.000000
0.000000
0.000000
0.000000
0.000000
0.000000
0.000000
0.000000
0.000000
0.000000
0.000000
0.000000
0.000000
0.000000
0.000000
0.000000
0.000000
0.000000
0.000000
0.000000
0.000000
0.000000
0.000000
0.000000
0.000000
0.000000
0.000000
0.000000
0.000000
0.000000
0.000000
0.000000
0.000000
0.000000
0.000000
0.000000
0.000000
0.000000
0.000000
0.000000
0.000000
0.000000
0.000000
0.000000
0.000000
0.000000
0.000000
0.000000
0.000000
0.000000
0.000000
0.000000
0.000000
0.000000
0.000000
0.000000
0.000000
0.000000
0.000000
0.000000
0.000000
0.000000
0.000000
0.000000
0.000000
0.000000
0.000000
0.000000
0.000000
0.000000
0.000000
0.000000
0.000000
0.000000
0.000000
0.000000
0.000000
0.000000
0.000000
0.000000
0.000000
0.000000
0.007377
0.007377
0.000000
0.000000
0.000000
0.000000
0.000000
0.000000
0.000000
0.000000
0.000000
0.000000
0.000000
0.000000
0.000000
0.000000
0.000000
0.000000
0.000000
0.000000
0.000000
0.000000
0.000000
0.000000
0.000000
0.000000
0.000000
0.000000
0.000000
0.000000
0.000000
0.005422
0.005422
0.000000
0.000000
0.000000
0.000000
0.000000
0.000000
0.000000
0.000000
0.000000
0.000000
0.000000
0.000000
0.000000
0.000000
0.000000
0.000000
0.000000
0.000000
0.000000
0.000000
0.000000
0.000000
0.000000
0.000000
0.000000
0.000000
0.000000
0.000000
0.000000
0.000000
0.000000
0.000000
0.000000
0.000000
0.000000
0.000000
0.000000
0.000000
0.000000
0.000000
0.000000
0.000000
0.000000
0.000000
0.000000
0.000000
0.000000
0.000000
0.000000
0.000000
0.000000
0.000000
0.000000
0.000000
0.000000
0.000000
0.000000
0.000000
0.000000
0.000000
0.000000
0.000000
0.000000
0.000000
0.007538
0.007538
0.000000
0.000000
0.000000
0.000000
0.000000
0.000000
0.000000
0.000000
0.000000
0.000000
0.000000
0.000000
0.000000
0.000000
0.000000
0.000000
0.000000
0.000000
0.000000
0.000000
0.000000
0.000000
0.000000
0.000000
0.000000
0.000000
0.000000
0.000000
0.000000
0.000000
0.000000
0.000000
0.000000
0.006691
0.006691
0.000000
0.000000
0.000000
0.000000
0.000000
0.000000
0.000000
0.000000
0.000000
0.000000
0.000000
0.000000
0.000000
0.000000
0.000000
0.000000
0.000000
0.000000
0.000000
0.000000
0.000000
0.000000
0.000000
0.000000
0.000000
0.000000
0.000000
0.000000
0.000000
0.000000
0.000000
0.000000
0.000000
0.000000
0.000000
0.000000
0.000000
0.000866
0.000209
0.000531
0.000078
0.000000
0.000000
0.000000
0.000000
0.001759
0.000414
0.000000
0.000000
0.000000
0.000000
0.000000
0.000000
0.000000
0.000000
0.000000
0.000000
0.000000
0.000000
0.000000
0.000000
0.000000
0.000000
0.000000
0.000000
0.000000
0.000000
0.000000
0.000000
0.000000
0.000000
0.000000
0.012757
0.012757
0.001609
0.006998
0.038049
0.058593
0.067617
0.031573
0.000023
0.000000
0.000225
0.005674
0.036831
0.018316
0.000856
0.000029
0.000000
0.000002
0.000452
0.000000
0.000463
0.002239
0.000066
0.000000
0.000000
0.000000
0.000000
0.000000
0.000000
0.000000
0.000000
0.000000
0.000000
0.000000
0.000000
0.000000
0.000000
0.000000
0.000000
0.007478
0.007478
0.032010
0.045808
0.130787
0.342849
0.464768
0.335296
0.099585
0.103023
0.188212
0.135977
0.161912
0.596695
0.202919
0.191843
0.105617
0.036886
0.036346
0.011336
0.036212
0.038851
0.010145
0.000000
0.000000
0.000436
0.000192
0.000000
0.002203
0.000272
0.000000
0.000000
0.000000
0.000000
0.000000
0.000000
0.000000
0.000000
0.000000
0.000000
0.000000
0.000000
0.000000
0.032083
0.080273
0.227020
0.371971
0.636033
0.868653
1.091541
0.920514
0.931238
0.982181
1.264595
2.505985
1.216839
0.616382
0.050732
0.046014
0.037843
0.036477
0.051078
0.101469
0.009022
0.000000
0.009333
0.038672
0.007581
0.003218
0.023669
0.005353
0.000000
0.000000
0.000000
0.000000
0.000000
0.000000
0.000000
0.000000
0.000000
0.000000
0.000000
0.003706
0.003706
0.032122
0.085880
0.242750
0.397876
0.679683
0.926582
1.310122
1.248739
1.740831
2.468711
3.327615
2.839746
0.625977
0.345947
0.108642
0.114301
0.078733
0.056063
0.200166
0.312304
0.156522
0.016046
0.060652
0.356732
0.049932
0.036535
0.037010
0.036179
0.005045
0.000552
0.000000
0.000000
0.000000
0.000000
0.000000
0.000000
0.000000
0.000000
0.000000
0.000000
0.000000
0.000000
0.000000
0.000000
0.000000
0.000000
0.000000
0.000000
0.000000
0.000000
0.031396
0.037083
0.107370
0.542842
0.586914
0.809944
0.481267
2.714801
0.332032
0.012330
0.012330
0.032157
0.083315
0.231826
0.394085
0.660859
0.908023
1.231869
1.547265
2.171604
2.507008
3.275781
3.577381
3.856325
3.770592
2.291246
1.055830
3.121139
2.020379
1.651761
2.684738
1.304914
0.119048
0.166677
0.066296
0.167412
0.131868
0.087274
0.049883
0.070213
0.005274
0.000000
0.000000
0.000000
0.000000
0.000000
0.000000
0.000000
0.000000
0.000000
0.000000
0.000000
0.000000
0.000117
0.000039
0.000000
0.000000
0.000000
0.000000
0.000000
0.000066
0.048703
0.135944
0.303258
0.762533
0.068487
0.070384
1.918435
3.927982
0.058935
0.000000
0.000000
0.032133
0.074562
0.216228
0.377937
0.641652
0.908187
1.150054
1.099218
0.839640
1.459915
3.075677
3.799397
4.016685
4.675138
4.359465
3.975396
4.696606
3.253856
1.893285
0.585670
0.169047
0.121495
0.193298
0.323618
0.267277
0.228127
0.170946
0.306725
0.652576
0.000000
0.000000
0.000000
0.000000
0.000000
0.000000
0.000000
0.000000
0.000000
0.000000
0.000000
0.000000
0.000000
0.009079
0.025668
0.003905
0.000649
0.000000
0.000000
0.000000
0.000848
0.048639
0.158345
0.247904
0.061583
0.040646
0.106689
0.370672
1.864385
0.064842
0.021387
0.021387
0.031829
0.058556
0.184683
0.327053
0.521286
0.525044
0.420759
0.075786
0.032951
0.084919
0.676460
1.615671
4.193537
4.871033
5.160755
5.273223
5.124362
2.661198
1.053242
0.613080
0.894891
0.666191
0.291258
0.250726
0.364849
0.301569
0.289063
0.903128
1.776590
0.046565
0.000000
0.000000
0.000000
0.000000
0.000000
0.000000
0.000000
0.000000
0.000000
0.000000
0.000000
0.000000
0.013855
0.253547
0.433381
0.038941
0.000022
0.000000
0.000000
0.000016
0.044310
0.087333
0.190004
0.042953
0.047639
0.119302
0.159121
1.166847
0.115347
0.027917
0.027917
0.017222
0.038728
0.102957
0.071910
0.040178
0.002205
0.000000
0.000000
0.000000
0.000000
0.201606
2.171505
2.153994
3.408139
4.667876
4.415992
4.924913
4.732700
2.524098
1.836311
0.422984
0.536432
0.796989
0.779942
0.614542
0.456540
1.231295
2.397777
1.659596
0.130876
0.000000
0.000000
0.000000
0.000008
0.000000
0.000000
0.000000
0.000000
0.000000
0.000000
0.000000
0.013799
0.058519
0.559974
1.940660
0.242658
0.217831
0.016847
0.000000
0.000000
0.016502
0.152025
0.613458
0.511453
0.147609
0.326607
0.533639
0.760340
0.337352
0.000000
0.000000
0.000602
0.023113
0.043049
0.038515
0.004099
0.000000
0.000000
0.000000
0.000000
0.000000
0.268995
1.073127
0.086065
1.330955
1.869416
1.990877
4.800699
4.187574
3.316668
2.449533
0.748707
0.876255
1.276384
1.242430
0.958240
0.833717
1.996172
2.938387
2.013713
0.508755
0.000000
0.000000
0.022114
0.023344
0.000329
0.000000
0.000000
0.000000
0.000000
0.000000
0.000000
0.015131
0.265932
0.973981
1.721919
1.096675
0.916353
0.111573
0.000000
0.005448
0.054682
0.336236
1.608822
1.107907
1.135970
1.765265
1.475618
0.934134
1.515001
0.047701
0.047701
0.000000
0.000221
0.015375
0.012610
0.000000
0.000000
0.000000
0.000000
0.000000
0.000087
0.035783
0.036102
0.033005
0.488847
0.171547
0.891216
4.341058
4.194060
4.171798
2.756675
1.026353
1.596941
1.991385
1.942790
1.502268
1.304517
2.955215
2.948746
1.741613
0.262170
0.004938
0.040930
0.129123
0.053207
0.000342
0.000000
0.000267
0.001516
0.002211
0.000000
0.000000
0.013809
0.216563
0.660715
1.144603
0.169248
0.502516
0.097998
0.004531
0.028009
0.059133
0.313769
1.784068
1.691883
2.675928
3.351963
3.012088
2.497864
3.481304
0.127318
0.127318
0.000000
0.000000
0.000000
0.000000
0.000000
0.000000
0.000000
0.000000
0.000000
0.000000
0.000000
0.000000
0.021765
0.000281
0.217698
1.384428
1.659103
3.538936
4.062625
3.689788
2.637944
2.671537
2.684154
2.623021
2.402994
2.560376
2.785518
2.629661
2.909451
2.270287
0.932998
1.171448
0.412427
0.028814
0.000069
0.000000
0.004362
0.021674
0.036597
0.024074
0.000103
0.027257
2.123981
3.199495
0.121722
0.034909
0.038119
0.069696
0.112365
0.396942
0.230384
0.178034
0.729671
1.974325
3.117871
3.775986
4.612169
4.993634
5.199730
0.000000
0.000000
0.000000
0.000000
0.000000
0.000000
0.000000
0.000000
0.000000
0.000000
0.000000
0.000000
0.000000
0.000000
0.000000
0.009464
0.273252
0.446587
1.035604
2.132246
3.791684
3.944142
3.585063
3.492095
3.388916
3.343017
3.448983
3.606004
3.164973
3.467266
3.888864
3.730657
3.827890
2.577765
0.286341
0.190891
0.062741
0.043365
0.020069
0.038197
0.084417
0.055297
0.000607
0.134516
3.502525
2.901118
0.032013
0.030619
0.152225
1.209828
0.496301
0.965580
1.470275
0.789275
1.251339
3.151390
4.314575
4.465770
5.355840
6.257480
6.730660
0.069743
0.069743
0.000000
0.000000
0.000000
0.000000
0.000000
0.000000
0.000000
0.000000
0.000000
0.000000
0.000000
0.000000
0.000000
0.013241
0.035534
0.069761
0.942364
2.439015
3.613995
4.158832
4.252994
4.228010
4.202383
4.170202
4.018213
4.775328
4.145222
4.290154
4.761117
5.114099
5.535255
5.155265
1.581350
1.522985
1.599948
0.149541
0.006961
0.167327
0.567355
0.593731
0.037046
0.118403
3.100581
6.062400
0.538786
0.501318
1.228039
2.992264
1.795729
1.351501
2.003715
1.422033
2.280575
4.280835
5.758159
6.660290
6.660290
8.529230
8.529230
0.066535
0.066535
0.000000
0.000000
0.000000
0.000000
0.000000
0.000000
0.000000
0.000000
0.000000
0.000000
0.000000
0.000000
0.000000
0.000000
0.000000
0.000000
0.305088
0.919852
1.806189
2.293928
2.761627
2.297326
4.192232
4.741829
5.167686
4.404886
4.325665
4.552740
5.278123
5.572069
5.779310
5.897477
5.992397
6.126313
3.183364
0.243637
0.589258
0.835522
2.426672
2.745192
0.256681
1.038955
5.748498
6.437710
5.518387
5.865425
2.928815
1.821356
2.495398
2.531637
4.553580
4.015928
4.715017
5.233618
6.234171
7.039540
7.918170
9.069736
9.856230
0.000000
0.000000
0.000000
0.000000
0.000000
0.000000
0.000000
0.000000
0.000000
0.000000
0.000000
0.000000
0.000000
0.000000
0.000000
0.000000
0.107449
0.544965
0.928946
0.799993
0.819218
1.261936
3.077063
4.150341
4.002718
3.189119
3.637820
4.160004
5.657232
5.554846
5.606524
6.018165
6.593583
7.206031
5.814488
2.624447
1.411405
2.186918
3.893563
3.851396
0.779012
1.509329
6.010358
7.115356
7.975664
8.775638
4.887352
4.507666
5.545780
3.929634
5.408824
5.070179
6.112589
6.501984
7.570595
8.834702
9.409251
10.564413
11.028706
0.000000
0.000000
0.000000
0.000000
0.000000
0.000000
0.000000
0.000000
0.000000
0.000000
0.000000
0.000000
0.000000
0.000000
0.000000
0.000036
0.035475
0.464966
0.929573
1.035435
1.092249
1.427283
2.232409
1.766318
1.271808
2.097373
2.912290
3.780860
5.707675
5.438618
5.431131
5.797731
6.943710
7.992031
6.698255
4.651270
2.340751
2.950080
4.272004
2.674184
1.378175
3.286030
6.416220
7.546220
8.416996
8.420436
3.699478
2.139503
6.405593
4.680661
5.949644
6.063109
6.964641
7.273426
8.408103
9.911800
10.491753
11.683992
12.089736
0.000000
0.000000
0.000000
0.000000
0.000000
0.000000
0.000000
0.000000
0.000000
0.000000
0.015636
0.156388
0.079532
0.755713
1.433850
1.450121
1.375075
1.607978
1.774959
2.087269
1.858958
2.458352
2.100587
2.707656
4.086922
4.315179
4.491314
4.659764
6.885525
6.758068
4.886385
3.934785
3.421441
3.734458
4.375677
3.766475
3.026747
6.233022
7.577165
8.194071
8.374244
7.734181
4.558630
4.400219
8.610086
6.776223
6.053025
6.006404
6.927658
7.344985
8.553636
9.777032
11.375659
12.764419
13.878741
0.000000
0.000000
0.000000
0.000000
0.000000
0.000000
0.000000
0.000000
0.000000
0.000000
0.014860
0.382801
0.868583
1.090499
1.655287
1.611513
1.712665
1.786824
1.724605
1.629231
1.763689
1.977225
2.081862
2.306473
3.090461
3.274168
3.081069
2.825416
5.850673
7.266559
5.639201
5.979081
5.173442
4.719132
4.832562
4.936790
5.351656
6.780460
7.667380
7.788015
9.392981
9.398920
8.319799
8.720443
10.113724
6.891527
5.420680
5.664070
6.438434
6.797699
7.825360
8.833660
10.688817
12.625133
14.432520
0.000000
0.000000
0.000260
0.247870
1.405291
1.642756
1.839069
1.793606
1.988426
2.065387
1.822203
1.487472
1.498338
1.480381
1.761364
2.033515
2.513574
1.948297
1.508919
1.181169
2.292121
5.877526
7.084146
7.700470
6.443131
5.722350
5.319160
5.693608
5.511001
5.980490
6.022004
5.477571
7.688112
8.757043
9.976658
9.285377
9.208509
6.394296
5.642470
6.081247
6.494070
6.557136
7.318894
8.552250
9.142536
11.340263
13.274577
0.005010
0.002752
0.018105
0.060825
0.881418
1.345172
1.254207
1.503987
1.716695
1.470313
0.763477
0.950478
0.453981
0.309071
0.332443
0.286660
0.287776
0.166675
0.025478
0.000000
0.000060
0.889889
5.301367
7.128921
6.702529
5.054706
4.716662
5.241978
5.830749
5.775343
6.076825
5.331068
5.406734
7.128180
7.293605
6.814040
6.339986
5.958470
5.626404
5.724790
5.750522
5.711147
5.930277
6.382632
8.192133
10.781678
13.853587
0.387731
0.515718
0.962131
1.097018
1.031919
1.244192
1.293900
0.510818
0.031306
0.093508
0.018087
0.014722
0.018335
0.014112
0.002358
0.000073
0.000000
0.000000
0.000181
0.055915
1.500452
4.435558
5.401963
5.033873
5.095166
5.074915
4.850670
4.876930
6.410700
6.142731
4.476921
3.976172
6.340029
6.306213
5.941865
6.370229
4.902324
5.044799
5.137966
5.228008
6.098625
7.122023
7.781419
10.778466
14.351425
0.695426
0.656407
0.970472
0.908793
0.866525
1.063740
0.719081
0.079993
0.000000
0.000000
0.000000
0.000000
0.000000
0.000000
0.000000
0.000000
0.000000
0.000000
0.000000
0.000000
0.016795
0.360617
2.988987
4.917642
5.309982
5.134990
4.214565
4.434637
6.288009
6.676491
5.148112
4.343947
5.544527
5.835727
5.504488
6.458764
5.208673
4.096146
4.420259
4.815967
6.236082
7.573829
8.418469
11.183906
14.943314
0.521075
0.305862
0.223773
0.025327
0.000000
0.000000
0.000000
0.000000
0.000000
0.000000
0.000000
0.000000
0.000000
0.000000
0.000000
0.000000
0.000000
0.020396
0.504938
3.703899
5.095767
5.392889
4.075839
3.719564
4.657941
5.288415
4.826423
3.479393
4.173361
4.409992
3.941691
5.101374
4.997003
4.973832
5.142262
5.550917
6.811104
7.601343
8.748768
11.868069
15.460962
0.409300
0.272226
0.092417
0.023387
0.000000
0.000000
0.000000
0.000000
0.000000
0.000000
0.000000
0.000000
0.000000
0.000000
0.000000
0.000000
0.000520
0.028586
0.810640
3.315351
4.249815
4.434988
4.416858
3.897590
3.947660
3.995120
4.317879
3.088336
3.545506
2.846161
3.549269
6.083903
5.902899
5.630488
5.711251
6.201413
7.534647
8.192430
7.965153
11.777713
15.202081
0.000000
0.000000
0.000000
0.000000
0.000000
0.000000
0.000000
0.000000
0.000000
0.000000
0.007983
0.039972
0.356192
2.972958
3.753987
3.880600
3.910890
3.773566
3.440074
3.011337
2.791576
3.110938
2.485910
2.947422
2.386724
3.434503
5.220053
6.121023
5.217393
5.700198
7.581040
9.006036
8.196068
11.300864
15.779809
0.000000
0.000000
0.000000
0.000000
0.000000
0.000000
0.000000
0.000000
0.000000
0.000000
0.014291
0.038990
0.825814
3.001419
3.606346
3.767240
3.767240
3.984480
3.119277
2.368750
1.791495
1.384415
1.197576
0.817741
1.225603
2.177760
3.985930
5.470166
5.394182
5.782363
7.960356
10.412872
8.259539
11.096348
16.245461
0.000000
0.000000
0.000000
0.000000
0.016008
0.036828
0.915834
2.939805
3.425791
3.537071
3.418809
3.471549
2.768495
1.956870
0.924736
0.649018
0.727377
0.855095
0.738029
1.116213
2.953661
4.543311
5.298064
5.746777
8.065735
11.122153
9.093741
11.276404
17.380269
0.000000
0.000000
0.000000
0.000000
0.013432
0.035600
1.538806
3.088608
3.303692
3.384259
3.172080
3.098357
2.327858
1.799704
0.796083
0.609701
0.686116
0.775540
0.936764
0.871474
1.833626
3.835057
5.043568
5.652775
8.058920
11.511512
8.840364
10.813784
18.219511
2.435366
2.877193
3.019486
3.198223
2.661275
2.158060
1.816404
0.852388
0.308072
0.372467
0.619794
0.605841
0.526665
0.744975
1.177697
2.038351
3.984156
5.237786
8.023128
11.722880
9.336496
10.901702
17.176564
24.547744
26.256284
2.436915
2.627152
2.730001
2.798935
2.656188
2.115304
1.162760
0.386169
0.172693
0.192223
0.304323
0.509895
0.628017
0.582029
0.644647
0.983149
2.372782
3.350659
7.233079
12.119473
9.204573
11.432569
18.105430
25.773022
29.166155
2.423847
2.467410
2.607870
2.583210
0.485711
0.062042
0.099799
0.131788
0.149497
0.213343
0.488412
0.750120
0.927332
1.030312
2.924164
4.422882
8.304613
13.065289
9.738085
11.600338
16.323094
23.433381
29.210452
2.159050
2.233570
2.346190
2.361959
0.435183
0.042941
0.046238
0.097374
0.123246
0.122535
0.197839
0.484731
1.198187
1.943597
7.975923
10.816063
14.483742
14.640255
10.467567
12.050214
14.601100
23.871462
32.615453
2.081954
1.939455
0.739318
0.086337
0.038236
0.045888
0.096177
0.142109
0.170275
0.215808
0.483247
0.805387
4.731432
11.836973
16.738813
15.429172
12.778406
14.590870
15.342413
21.520798
30.788789
33.838362
42.699742
1.436447
1.151753
0.807242
0.212259
0.030905
0.012126
0.036370
0.048631
0.105120
0.187578
0.274230
0.517322
2.904223
8.928931
14.657806
14.800616
11.272445
13.285792
17.060263
25.329330
39.688945
49.723589
80.885373
0.075345
0.135952
0.330498
0.691295
1.116909
1.574091
3.947851
6.466076
8.797041
9.865123
10.857719
14.267583
18.315500
29.561591
48.310372
64.985414
125.725594
