0.000000
0.000000
0.000000
0.000000
0.000000
0.000000
0.000000
0.000000
0.000000
0.000000
0.000000
0.000000
0.000000
0.000000
0.000000
0.000000
0.000000
0.000000
0.000000
0.000000
0.000000
0.000000
0.000000
0.000000
0.000000
0.000000
0.000000
0.000000
0.000000
0.000000
0.000000
0.000000
0.000000
0.000000
0.000000
0.000000
0.000000
0.000000
0.000000
0.000000
0.000000
0.000000
0.000000
0.000000
0.000000
0.000000
0.000000
0.000000
0.000000
0.000000
0.000000
0.000000
0.000000
0.000000
0.000000
0.000000
0.000000
0.000000
0.000000
0.000000
0.000000
0.000000
0.000000
0.000000
0.000000
0.000000
0.000000
0.000000
0.000000
0.000000
0.000000
0.000000
0.000000
0.000000
0.000000
0.000000
0.000000
0.000000
0.000000
0.000000
0.000000
0.000000
0.000000
0.000000
0.000000
0.000000
0.000000
0.000000
0.000000
0.000000
0.000000
0.000000
0.000000
0.000000
0.000000
0.000000
0.000000
0.000000
0.000000
0.000000
0.000000
0.000000
0.000000
0.000000
0.000000
0.000000
0.000000
0.000000
0.000000
0.000000
0.000000
0.000000
0.000000
0.000000
0.000000
0.000000
0.000000
0.000000
0.000000
0.000000
0.000000
0.000000
0.000000
0.000000
0.000000
0.000000
0.000000
0.000000
0.000000
0.000000
0.000000
0.000000
0.000000
0.000000
0.000000
0.000000
0.000000
0.000000
0.000000
0.000000
0.000000
0.000000
0.000000
0.000000
0.000000
0.000000
0.000000
0.000000
0.000000
0.000000
0.000000
0.000000
0.000000
0.000000
0.000000
0.000000
0.000000
0.000000
0.000000
0.000000
0.000000
0.000000
0.000000
0.000000
0.000000
0.000000
0.000000
0.000000
0.000000
0.000000
0.000000
0.000000
0.000000
0.000000
0.446983
0.446983
0.000000
0.000000
0.000000
0.000000
0.000000
0.000000
0.000000
0.000000
0.000000
0.000000
0.000000
0.000000
0.000000
0.000000
0.000000
0.000000
0.000000
0.000000
0.000000
0.000000
0.000000
0.000000
0.000000
0.000000
0.000000
0.000000
0.000000
0.000000
0.000000
0.399117
0.399117
0.000000
0.000000
0.000000
0.000000
0.000000
0.000000
0.000000
0.000000
0.000000
0.000000
0.000000
0.000000
0.000000
0.000000
0.000000
0.000000
0.000000
0.000000
0.000000
0.000000
0.000000
0.000000
0.000000
0.000000
0.000000
0.000000
0.000000
0.000000
0.000000
0.000000
0.000000
0.000000
0.000000
0.000000
0.000000
0.000000
0.000000
0.000000
0.000000
0.000000
0.000000
0.000000
0.000000
0.000000
0.000000
0.000000
0.000000
0.000000
0.000000
0.000000
0.000000
0.000000
0.000000
0.000000
0.000000
0.000000
0.000000
0.000000
0.000000
0.000000
0.000000
0.000000
0.000000
0.000000
0.328284
0.328284
0.016231
0.001474
0.000000
0.000000
0.000000
0.000000
0.000000
0.000000
0.000000
0.000000
0.000000
0.000000
0.000000
0.000000
0.000000
0.000000
0.000000
0.000000
0.000000
0.000000
0.000000
0.000000
0.000000
0.000000
0.000000
0.000000
0.000000
0.000000
0.000000
0.000000
0.000000
0.000000
0.000000
0.359409
0.359409
0.041860
0.032699
0.003625
0.000001
0.000000
0.000000
0.000000
0.000000
0.000000
0.000000
0.000000
0.000000
0.000000
0.000000
0.000000
0.000000
0.000000
0.000000
0.000000
0.000000
0.000000
0.000000
0.000000
0.000000
0.000000
0.000000
0.000000
0.000000
0.000000
0.000000
0.000000
0.000000
0.000000
0.000000
0.000000
0.072366
0.149230
0.042507
0.029714
0.004178
0.000000
0.000000
0.000000
0.000000
0.000000
0.000000
0.000000
0.000000
0.000000
0.000000
0.000000
0.000000
0.000000
0.000000
0.000000
0.000000
0.000000
0.000000
0.000000
0.000000
0.000000
0.000000
0.000000
0.000000
0.000000
0.000000
0.000000
0.000000
0.000000
0.000000
0.000000
0.000000
0.350527
0.350527
0.116949
0.396183
0.595640
0.803555
0.504558
0.119885
0.000000
0.000000
0.000280
0.006041
0.000144
0.000241
0.000000
0.000030
0.000000
0.000000
0.000000
0.000000
0.000000
0.000000
0.000000
0.000000
0.000000
0.000000
0.000000
0.000000
0.000000
0.000715
0.000817
0.000707
0.000524
0.000524
0.041620
0.041620
0.000000
0.000016
0.000000
0.326995
0.326995
0.534698
1.013741
1.851855
3.027881
3.098072
2.255696
0.497680
0.376400
0.538376
0.153714
0.129224
1.181747
0.478798
0.532219
0.291604
0.045060
0.000628
0.000000
0.000000
0.000106
0.000000
0.000000
0.000000
0.000000
0.000000
0.000000
0.000000
0.001438
0.000931
0.000707
0.000805
0.001381
0.046514
0.056941
0.063255
0.053203
0.003138
0.000000
0.000000
0.000000
0.000000
0.585123
1.621445
2.613376
3.169192
3.707904
3.946948
3.849364
3.560120
2.565408
2.246493
2.748209
5.038984
2.925822
1.696060
0.115801
0.047146
0.022465
0.009552
0.030165
0.029631
0.000000
0.000000
0.000000
0.000000
0.000000
0.000000
0.008922
0.028421
0.034041
0.032651
0.029919
0.031264
0.191786
0.232497
0.334188
0.288259
0.032284
0.019879
0.000224
0.365091
0.365091
0.594276
1.664485
2.703165
3.214167
3.757440
4.047286
4.426437
4.237012
4.280615
5.355399
6.610225
5.782554
1.899369
1.164614
0.144914
0.083167
0.085954
0.091634
0.072468
0.219787
0.104468
0.004749
0.000000
0.000000
0.000000
0.000000
0.023438
0.047676
0.059722
0.086923
0.360566
0.635811
0.198285
0.068880
0.063172
0.613442
1.408060
0.771410
0.064874
0.095915
0.092242
0.111041
0.153376
0.009908
0.002881
0.011553
0.028477
0.047344
0.080622
0.137137
1.673739
2.834294
3.906052
4.320117
4.166149
4.091243
5.218120
7.783063
6.501365
0.679702
0.679702
0.540694
1.600891
2.664835
3.172442
3.638258
3.852748
4.193083
4.355320
4.928850
5.357054
6.401795
6.594553
7.299903
7.049869
4.026362
2.196795
5.358898
3.345541
1.878187
3.116728
1.269295
0.031866
0.000000
0.000000
0.000000
0.000000
0.016635
0.069855
0.313853
0.087875
0.058837
0.050154
0.041404
0.000000
0.000000
0.018642
0.977071
2.749269
1.894105
3.038518
2.721703
0.595950
0.750253
0.279023
0.166318
0.058590
0.063716
0.059460
0.241622
0.494692
3.855962
6.955732
4.323749
3.876275
1.219085
2.898723
6.682863
10.191200
4.565110
0.000000
0.000000
0.516944
1.471591
2.466381
3.129889
3.587603
3.782771
3.968700
3.454482
2.369861
3.310496
6.002076
6.894166
7.593405
8.077103
7.529661
6.738481
7.576656
4.792626
2.270353
0.604120
0.066973
0.021103
0.000415
0.000113
0.000000
0.000000
0.000291
0.042962
0.341140
0.030153
0.000000
0.000100
0.000306
0.000000
0.000000
0.017365
0.146626
0.774695
2.752931
3.456375
2.307951
1.036730
3.009749
3.337880
2.137260
0.377394
0.212577
0.127993
0.294159
0.841955
2.767716
3.451121
2.244695
0.668634
1.434870
3.379253
7.003709
12.622403
5.629125
0.390543
0.390543
0.452854
1.306277
2.220230
2.846160
3.123317
2.577258
2.018092
0.465075
0.064828
0.266893
1.640200
3.579978
8.126560
8.509559
8.602195
8.470082
7.913021
3.881260
1.080370
0.379148
0.194349
0.052335
0.046828
0.010878
0.000000
0.000000
0.006394
0.235350
1.439382
0.041438
0.000000
0.000000
0.000000
0.006805
0.046621
0.055058
0.195092
0.196510
0.366013
0.899941
2.544916
3.254819
7.434941
7.629450
5.589834
1.521781
0.644343
0.400858
0.307072
0.595673
2.471633
2.237914
2.733991
1.072305
2.045153
3.878366
5.862332
11.425521
6.003602
0.155241
0.155241
0.352071
1.044275
1.768813
1.563803
0.355309
0.031521
0.000000
0.000000
0.000000
0.000000
0.653242
4.972854
5.031510
6.919995
7.475039
6.920131
7.502434
6.784365
3.092455
1.830896
0.110242
0.088404
0.047554
0.007387
0.000000
0.002585
0.672172
2.395126
1.256714
0.049206
0.026200
0.030237
0.058369
0.077293
0.115353
0.162209
0.218555
0.363236
0.774039
1.467481
5.289957
11.087952
12.145998
10.424831
10.923505
5.000163
3.318269
2.113372
1.552362
1.805490
1.945889
2.206530
4.531531
2.660672
3.133381
4.729258
4.939440
6.243438
6.663015
0.000000
0.000000
0.261363
0.733219
1.167915
1.212970
0.103936
0.000000
0.000000
0.000000
0.000000
0.000000
0.792462
2.886180
0.572168
3.580771
3.221897
2.744811
7.087248
5.982765
4.829602
3.147460
0.286920
0.247245
0.068833
0.036088
0.000071
0.046993
1.244870
2.752512
1.647920
0.184789
0.063029
0.126876
0.426545
0.611882
0.722933
0.707522
0.733968
1.031857
2.214924
4.956987
4.918211
10.340316
12.679759
12.212141
13.555008
7.536593
5.124702
3.423165
2.918640
3.951215
1.925369
2.489173
4.109809
3.714360
4.987828
6.712245
6.646511
6.780113
8.687046
0.270800
0.270800
0.184466
0.457658
0.259586
0.324139
0.065727
0.000000
0.000000
0.000000
0.000000
0.000104
0.124243
0.132832
0.052249
1.161668
0.309539
0.743045
6.071542
6.344905
6.735888
4.179009
0.605081
0.759827
0.283171
0.101673
0.019225
0.114906
2.574740
2.812610
0.765692
0.057617
0.140364
0.475554
0.830189
0.552522
0.412090
0.503171
1.138766
1.664557
3.463786
6.378748
4.434515
9.940514
12.753498
13.316936
14.026384
3.618854
4.164736
3.510447
4.127399
5.292322
2.478788
2.535803
3.674186
3.581092
5.335826
7.240464
6.939667
7.250411
9.934113
0.735297
0.735297
0.110057
0.250074
0.033290
0.000017
0.000000
0.000000
0.000000
0.000000
0.000000
0.000000
0.000000
0.000000
0.036041
0.045892
0.046521
0.176559
0.814143
4.027338
6.416998
5.731110
2.863260
2.871208
2.257336
1.637279
1.564877
3.083383
3.332130
3.045942
2.871769
1.342878
0.530491
0.850974
0.317828
0.540080
1.213084
1.870288
1.360599
2.028680
5.194314
5.892016
3.976992
11.262203
13.428844
14.530533
7.447155
3.821848
4.208470
4.331453
4.602273
4.409093
3.796137
2.980955
3.738830
3.654947
4.306545
6.058559
6.792036
8.925023
11.226122
0.000000
0.000000
0.054781
0.105550
0.011545
0.000000
0.000000
0.000000
0.000000
0.000000
0.000000
0.000000
0.000000
0.000000
0.000602
0.000062
0.020121
0.049118
0.154276
1.387392
5.309169
6.267335
5.414396
5.246302
4.444124
3.659992
3.903918
4.960402
4.280744
4.475383
5.374415
3.942014
4.074195
2.512520
0.975579
1.292527
1.766622
1.777009
1.999172
4.008859
6.078703
5.427346
4.613370
14.319366
14.391320
13.835777
5.488469
5.256098
4.979471
4.759030
3.885760
4.100346
5.177620
3.828575
5.170465
5.261981
5.398761
6.336380
6.205130
9.292900
11.165900
0.496767
0.496767
0.041923
0.045535
0.014568
0.000000
0.000000
0.000000
0.000000
0.000000
0.000000
0.000000
0.000000
0.000000
0.000000
0.000000
0.000515
0.000172
0.069142
1.638374
5.173853
6.671498
6.864898
6.789396
6.459537
5.951321
4.802328
5.797883
5.397649
5.939580
6.666651
7.100100
7.458333
6.675986
1.807828
2.299580
2.507504
2.265098
4.980553
5.685704
7.091485
9.204560
7.627740
12.144528
12.993158
13.221817
7.384514
6.198855
4.947473
4.798168
4.448175
4.351400
4.399460
4.379720
4.717564
4.708420
5.373523
6.642610
6.386000
9.737630
9.240270
0.469278
0.469278
0.037164
0.009343
0.000000
0.000000
0.000000
0.000000
0.000000
0.000000
0.000000
0.000000
0.000000
0.000000
0.000000
0.000000
0.000000
0.000000
0.042781
0.156969
1.783488
3.402357
4.319999
3.819891
6.407319
7.099819
7.263310
6.260201
5.742318
6.305624
7.282341
7.820139
8.606337
9.075377
9.066870
9.146850
5.341380
4.607259
5.801509
6.774614
9.416937
10.717941
6.764133
8.314643
10.602078
12.176288
7.290028
5.503980
4.909811
5.069640
5.464946
4.912242
4.926000
4.533308
4.690896
4.690170
5.531575
7.028750
6.856230
9.580341
10.621559
0.004504
0.001340
0.000000
0.000000
0.000000
0.000000
0.000000
0.000000
0.000000
0.000000
0.000000
0.000000
0.000000
0.000000
0.000000
0.000000
0.040923
0.095593
0.337164
0.529284
0.732947
1.614120
4.961516
6.392399
5.759624
4.197298
4.729083
5.783030
7.769363
7.649608
8.470315
9.910666
11.746580
11.896620
9.125775
5.473881
5.530781
6.952089
9.332002
9.121457
5.927107
7.915006
9.204519
10.156323
8.478670
5.823427
4.707583
4.687609
5.241355
5.090441
4.941712
4.840870
4.841397
4.839389
5.608345
6.925500
7.158930
10.190973
11.367366
0.000000
0.000000
0.000000
0.000000
0.000000
0.000000
0.000000
0.000000
0.000000
0.000000
0.000000
0.000000
0.000000
0.000000
0.002084
0.005557
0.035756
0.153352
0.792034
0.932074
1.170309
1.814822
3.363774
2.801475
1.730179
2.680357
3.532595
5.200202
7.583184
7.319044
8.248133
9.980457
12.493967
13.202634
10.898084
6.562388
5.523469
6.984924
8.914568
7.780297
5.449079
7.835263
8.674511
9.120555
8.839149
6.720772
4.722087
4.545374
5.171963
5.124790
4.965455
4.964081
4.967259
4.965518
5.687354
6.896590
7.410299
10.503341
12.085669
0.000000
0.000000
0.000000
0.000000
0.000000
0.000000
0.000000
0.000000
0.000000
0.000000
0.016076
0.046796
0.022694
0.507598
2.084369
1.776062
1.538431
1.894889
2.165909
2.701210
2.100431
2.876730
2.311708
2.269541
2.097412
4.418756
5.642343
6.331816
10.769367
11.067262
7.194584
6.181863
5.595137
6.384890
6.980861
5.541547
5.342076
7.169050
7.761300
7.802946
7.192476
6.752486
5.659533
5.307758
5.635825
5.305618
5.124066
5.114450
5.280495
5.288850
5.970413
7.149584
7.943460
10.968281
13.457598
0.000000
0.000000
0.000000
0.000000
0.000000
0.000000
0.000000
0.000000
0.000000
0.000000
0.002035
0.062766
0.915879
1.368061
2.706148
2.017481
2.021861
1.948558
1.617919
1.574316
1.635677
1.760566
1.485020
0.865190
0.667150
1.430120
1.711717
2.827403
9.792118
11.368255
9.189610
8.464795
6.164798
6.068138
6.725748
5.754328
4.984202
5.949067
6.653371
7.038303
6.064738
6.156261
6.383448
6.382240
5.630120
5.630120
5.532910
5.532910
5.730625
5.758870
6.337386
7.301580
8.257900
12.186633
14.719873
0.000000
0.000000
0.000000
0.130192
2.038198
2.709217
3.000869
2.573371
2.492806
2.235438
1.540209
0.827060
0.588660
0.626134
0.370401
0.073747
0.366309
0.275531
0.139126
0.720965
5.108556
10.659308
10.753188
9.596911
7.452259
6.990166
6.392914
6.653579
5.987899
6.093626
5.249750
3.846918
4.858802
5.410439
5.627140
5.738410
5.828690
5.630120
5.933250
5.725158
5.850410
5.863767
6.393799
7.301580
9.299483
11.846689
15.263914
0.006274
0.002561
0.028624
0.044501
1.224736
2.146448
1.694547
1.874475
2.057468
1.239690
0.354098
0.187734
0.005084
0.000000
0.007310
0.037955
0.042273
0.007318
0.001605
0.007011
0.057885
1.441212
7.371682
9.306112
8.063387
5.604116
4.809582
5.326670
5.835652
5.169299
4.371085
3.654022
4.057583
4.906263
5.308686
5.461810
6.311690
6.311690
6.386940
6.391219
7.025671
7.116220
7.521535
8.197060
9.520990
11.988250
16.400200
0.665166
0.868209
1.599211
1.752567
1.398516
1.373840
1.252854
0.263879
0.018877
0.018191
0.000000
0.000000
0.000000
0.000000
0.003861
0.002744
0.005271
0.015968
0.055317
0.204925
2.290579
5.525500
5.761513
5.195455
4.963424
4.797194
3.981790
3.495552
3.884917
3.779694
3.865687
4.391848
4.982813
5.290445
6.311690
6.374027
6.386940
6.390940
7.025631
7.116220
7.841715
9.050872
9.935388
12.691889
17.023887
1.288935
1.376124
1.628262
1.449140
1.164935
1.163620
0.460463
0.029060
0.000000
0.000000
0.000000
0.000000
0.000000
0.000000
0.000000
0.001439
0.011269
0.045625
0.069650
0.155428
1.125007
2.424211
2.680579
4.627247
4.996655
4.457821
2.502317
2.861697
3.497980
3.747529
3.788220
4.385234
4.565587
4.859023
6.199487
6.446410
6.418754
6.478859
7.120555
7.210999
8.090692
9.556846
10.856108
13.643263
17.588859
0.741665
0.369889
0.109159
0.000000
0.000000
0.000000
0.000000
0.000000
0.000000
0.000000
0.000000
0.011512
0.037762
0.050535
0.086916
0.273331
1.030867
1.682511
1.304276
1.961235
4.051080
4.686207
2.546419
2.345095
2.740648
3.072617
3.234465
3.270655
3.834711
3.946538
5.403327
6.858532
6.775165
7.162621
7.792530
7.892318
8.554041
9.607281
11.949706
14.917020
18.961098
0.678755
0.328012
0.056548
0.000000
0.000000
0.000000
0.000000
0.000000
0.000000
0.000000
0.000000
0.011512
0.043757
0.053471
0.107928
0.592917
1.282341
1.267448
1.317945
1.530117
2.159301
3.336412
2.454504
1.928978
2.548557
2.920538
3.529165
3.631637
3.654746
3.792143
5.060205
7.783011
7.741383
7.632736
7.843955
8.017393
9.010906
10.269700
11.848889
15.440198
19.331953
0.000000
0.000000
0.000000
0.000000
0.000000
0.006228
0.027725
0.048415
0.187692
0.852821
1.322032
1.401114
1.221170
1.338548
1.952108
2.306812
1.808097
1.411979
1.742265
2.030753
2.687893
3.350992
3.422263
3.423370
4.001460
5.456451
7.722572
9.066779
8.558948
8.605763
9.800456
11.409800
12.244816
15.091825
19.937500
0.000000
0.000000
0.000000
0.000000
0.000000
0.006228
0.016862
0.040038
0.088197
0.374356
1.105474
0.754072
0.961028
1.218659
1.516139
1.616826
1.194212
1.345689
1.546636
1.712431
1.958318
2.266197
2.802657
2.753657
3.176254
4.190837
6.020800
7.939631
8.436490
8.771423
10.540769
12.647700
12.939769
16.367466
20.240600
0.007929
0.015901
0.056707
0.224227
0.451466
0.478676
0.587376
1.163237
1.576452
1.644888
1.106133
1.261398
1.461663
1.764357
1.891121
2.088635
2.512230
2.813877
2.827687
3.387026
5.086750
7.493166
8.223085
8.552683
10.684058
13.279200
13.801608
17.004705
21.532350
0.002249
0.009302
0.051347
0.122695
0.303885
0.303640
0.445388
1.356276
1.520365
1.564691
0.758881
0.934561
1.256025
1.447084
1.922908
2.114319
2.406925
2.713766
2.850269
3.055470
4.285421
7.036957
7.929038
8.462965
10.798612
13.691387
13.509453
16.867761
22.465872
0.821238
1.086671
1.147181
1.151633
0.557153
0.646158
0.810025
0.931697
1.135142
1.453008
2.239341
2.460707
2.873897
3.140731
3.767181
5.878554
7.265318
8.122504
10.927126
14.011325
13.638119
16.893847
23.614381
31.700142
32.745852
0.868775
0.911003
0.897929
0.831720
0.433070
0.448336
0.651838
0.839785
1.020929
1.030062
1.309766
1.957218
2.407467
2.417175
2.910603
3.986930
6.055888
6.958151
10.426281
15.039636
13.110139
17.178830
25.734948
33.380150
38.533072
0.635472
0.562859
0.458545
0.279517
0.256719
0.412300
0.774896
0.981263
1.121719
1.421728
2.519769
3.233690
3.688454
4.182241
7.181557
8.437695
12.195920
16.415598
13.471756
16.625730
22.666300
29.365387
37.455575
0.433502
0.420138
0.352921
0.171060
0.106517
0.177723
0.383828
0.733991
0.979864
1.102598
1.539610
2.485057
4.378635
5.313416
10.241265
12.334550
15.594881
17.319559
14.869678
17.308644
21.408200
30.865375
43.348238
0.126266
0.113075
0.056775
0.069442
0.122861
0.253107
0.645751
0.961291
1.358072
1.816183
3.369957
4.467588
8.970006
12.555507
17.065805
16.171623
17.432220
20.167808
22.362950
30.008547
43.735261
49.689094
62.255155
0.269871
0.139393
0.062526
0.053336
0.055994
0.066017
0.129272
0.232314
0.572558
1.018747
1.729497
2.895451
6.364743
9.228125
13.456817
14.224958
16.782303
19.555445
25.077488
35.101192
54.502467
68.808700
108.163698
0.482849
0.693512
1.205482
1.774989
2.058726
2.684713
5.510922
7.081502
10.260478
12.296478
16.027706
20.864236
27.079369
39.921102
65.300687
85.958477
180.324547
