0.000000
7.570760
4.762090
3.282753
11.710036
15.649667
6.675290
10.289585
2.014826
3.457201
8.877587
5.851504
4.572253
7.764724
11.553097
14.639836
4.221492
3.931196
6.804507
6.350838
16.866123
7.814522
8.479447
9.948208
4.804170
3.423401
1.724210
10.064907
13.647417
13.659916
5.891274
6.786556
6.880337
7.011422
5.014427
11.619903
11.359656
11.971192
13.760453
13.629098
3.299405
4.604615
8.756387
2.976809
15.451709
5.524964
18.558069
6.140467
5.793333
4.388897
8.078134
5.061369
12.435195
15.257319
12.247509
5.129983
2.620336
7.856662
7.354134
3.156915
7.651687
13.475795
5.820014
13.914570
15.633683
23.858608
23.955741
22.297795
56.327589
26.646447
52.346875
72.721469
17.227627
21.304364
21.776875
20.831623
28.701406
82.386722
72.958936
39.175312
14.983359
22.978373
20.823391
21.207886
50.719112
126.007359
99.732812
36.159489
15.520247
25.162780
19.611733
17.774992
52.599208
75.919725
45.189548
49.095012
23.089861
21.179128
15.211248
22.665870
76.234312
30.372317
38.635859
69.833783
24.458781
17.778914
18.464463
19.273636
62.010633
45.483537
38.356997
82.713650
24.937375
16.055891
14.732028
17.582416
87.963933
37.591584
78.680439
38.003488
15.931500
32.289016
12.766258
24.641391
100.219580
32.452139
31.435662
83.405423
1.791727
2.441942
3.439941
2.468656
5.316156
5.453477
7.898805
7.846037
1.650021
2.938729
1.976573
2.498680
3.698709
6.158358
4.411168
6.112662
2.608791
1.834693
3.564873
3.475466
10.644944
9.331297
4.647947
3.157268
2.115729
3.180429
1.913961
2.978997
3.438551
7.281780
6.664741
2.705389
2.990725
1.755355
3.480458
4.351105
12.601756
4.798691
7.812525
3.431717
3.084968
1.846353
3.975495
1.094962
3.807663
6.399018
3.739089
4.725162
2.709832
0.822370
3.159147
3.411884
9.734274
9.938694
3.858184
5.530954
1.893463
3.274830
2.962979
2.035050
5.798882
6.111586
3.521515
5.094146
12.657163
21.278528
19.768000
10.941136
34.852123
43.996962
43.439525
44.859533
6.565857
14.462545
12.818941
16.443058
58.511013
23.481780
77.130073
18.810291
16.968302
11.487342
12.752223
13.770361
23.775233
66.778347
47.721112
43.717048
18.418569
8.396233
25.216094
6.700784
49.278937
33.256789
21.722462
87.535128
15.010450
33.076684
19.114606
19.178345
52.607622
44.422675
41.514123
61.683969
9.502431
19.452428
11.417705
20.760720
41.586861
59.072962
26.492511
56.713537
15.626805
16.096687
21.412188
19.473766
42.463703
57.542125
44.282588
41.963797
19.465680
10.681686
15.681302
11.355123
32.338645
60.781150
45.086503
41.909000
12.252220
3.498795
1.679048
6.192031
14.162000
9.562783
8.129077
7.562744
3.010497
2.390436
3.966587
5.721913
4.434040
7.274771
14.452505
12.029098
2.828808
5.998244
2.562780
9.723684
6.923290
10.368192
6.532227
13.043641
6.936495
1.283520
3.325824
2.271315
10.956459
8.444421
4.281836
11.707277
3.153225
6.360207
3.814549
10.368559
8.868437
8.025140
9.525832
9.739312
2.014868
10.045305
2.215318
5.525847
12.258953
4.351029
8.075806
10.132876
5.570831
5.211993
3.460757
2.199403
8.086216
10.563456
10.984827
10.897563
4.859895
8.373805
2.000255
2.061992
7.718793
4.017094
16.350830
8.212637
14.740428
30.605245
25.506200
9.305953
57.935089
101.321200
37.037986
102.521891
24.250519
16.218470
20.987187
19.786141
31.531112
66.376688
85.655503
39.224081
15.687137
19.972762
21.805266
16.294845
100.253281
24.024828
46.975791
83.500980
14.655689
22.805227
17.887550
13.609783
38.289008
89.998153
67.027187
28.497411
14.397358
22.230875
20.720433
16.421352
42.332350
103.108647
30.275772
92.882284
16.729050
16.600334
35.085737
9.447275
59.967712
81.662625
54.451877
54.600030
13.885839
30.415719
22.442997
15.021031
26.831606
106.146537
68.154927
45.899000
11.816578
23.328356
28.901614
12.925337
34.592227
133.837703
50.010920
68.868234
0.779006
4.317849
1.933689
2.793701
14.519405
4.028264
3.801539
7.899035
1.428177
2.237082
1.992176
1.782749
2.787894
5.112874
5.247306
4.071605
0.716020
1.531465
2.039516
2.819560
7.525754
5.147790
6.217474
8.236538
1.719195
0.907078
1.461228
2.330615
4.840870
6.272690
2.816119
4.806058
1.906144
4.526430
0.679392
3.600944
6.488949
3.239127
10.181192
7.492646
1.840402
1.632870
1.561666
2.636830
3.958306
7.588922
8.686764
3.727279
2.768027
2.885475
1.301537
2.071877
10.872750
5.214263
5.227296
5.039715
2.361630
0.946435
1.921306
1.007333
4.843695
3.974606
6.827335
4.321802
20.721136
14.248847
12.332696
22.186681
40.164989
63.927537
31.625062
95.001680
19.824469
8.651364
10.342076
13.959794
50.760308
28.784945
36.884950
24.767903
6.585359
28.867595
25.777022
8.299326
117.819297
32.149030
21.396400
91.260572
12.923045
6.850635
8.839499
19.131550
40.426600
40.460734
31.473142
39.607337
12.592125
32.225023
12.380953
16.573925
43.284428
64.825808
19.039997
107.425125
25.113928
6.959645
10.781227
21.653750
47.514675
24.927550
55.203386
67.808078
13.068469
16.646844
21.860873
9.584816
26.191873
57.560725
33.572081
127.488937
25.125498
10.437666
8.930389
17.036289
28.561000
80.486420
29.183602
37.677864
6.911664
5.109582
2.888977
9.288504
7.388209
10.931011
13.469427
12.136756
4.540808
12.009581
2.195180
2.963418
14.748381
5.194706
7.537338
13.188653
3.865921
3.905888
8.447163
8.481997
12.697397
11.868677
14.824258
6.523127
2.049443
8.380099
3.046037
7.736570
13.375019
11.432861
3.815091
10.456759
7.011215
5.967605
8.507705
3.177993
11.780858
12.086831
10.062869
12.687717
6.080760
3.311120
2.975255
5.192625
9.251882
13.071328
3.541712
16.079614
11.324084
6.007962
7.147205
2.880645
12.762038
7.846194
13.622852
6.806935
2.205555
7.213271
2.267403
8.893463
5.723825
5.877465
10.381789
14.168702
23.137200
16.919647
22.788208
20.077255
118.446891
44.084738
77.646187
30.566814
17.050256
20.758111
24.659223
14.644241
49.187923
86.398225
47.877517
43.579738
20.464689
21.215641
11.922672
27.466300
30.691878
103.364484
47.710783
75.743789
23.680608
12.756472
26.743644
10.254262
37.732802
72.075462
60.827347
72.431592
20.034292
20.718469
21.192256
24.427644
22.565783
100.740837
86.789987
54.388419
15.292303
20.459728
20.354420
16.766477
126.509266
73.105573
36.632219
97.296187
28.285950
19.777700
16.386631
25.656902
68.516002
56.252450
40.113958
98.019164
16.382022
24.304416
22.964608
16.540520
53.813625
130.562500
34.099161
118.399500
1.690381
3.188651
2.990149
4.406954
4.072452
9.391315
4.051210
11.520227
2.443399
2.103036
1.683268
2.922522
7.224689
4.014317
3.583181
4.922705
2.899312
5.070179
1.744650
2.414244
14.025184
4.948513
5.340548
3.630665
0.890432
2.401292
1.467060
3.108349
5.615094
3.616209
4.241849
5.152276
3.032591
2.602320
4.023842
3.703331
5.884589
5.367685
7.448777
6.250402
1.777154
2.903392
3.605337
1.054543
5.985074
5.236322
3.392988
5.732038
3.748503
3.312709
1.583990
2.185139
11.596066
3.402104
8.244568
3.652706
1.706423
2.138124
0.716561
2.055541
6.942640
3.361519
3.801388
7.009412
20.773584
7.528554
16.955842
11.958516
51.096555
49.855212
36.388586
68.671412
9.220123
17.563994
7.383459
14.063737
116.383312
37.582112
35.366212
84.600100
13.507486
33.991719
16.489294
8.355216
63.812577
57.803150
40.912436
45.196914
9.364085
24.789655
8.354078
14.650348
29.642462
42.649287
48.005294
71.055544
15.612678
10.692184
14.200744
20.447309
35.305338
100.408147
83.467339
23.537470
6.920008
20.404820
19.278883
10.583763
31.358362
64.502250
19.838025
89.762989
30.330622
7.033472
11.824756
23.117553
45.777263
106.860687
43.655612
53.294064
16.004444
7.056346
13.422939
10.835363
37.927789
59.790088
52.122862
46.897578
4.314177
11.819208
2.864889
4.644013
12.782839
8.539574
10.885268
7.309547
4.389332
2.492298
2.080020
7.709020
7.718083
4.338752
13.908928
8.452501
3.787329
7.460791
1.265686
3.729059
6.324697
12.579084
7.715467
6.804041
1.510963
6.031442
8.592775
1.831394
4.657483
3.683350
8.165393
11.131284
3.100064
4.563857
9.854412
3.211766
17.489673
5.021408
15.544353
6.732791
2.915889
9.960422
2.307723
6.742089
5.183563
12.348167
6.720160
12.105150
7.145145
3.789591
8.023074
2.171390
8.168649
8.237841
9.299992
13.366697
8.049512
4.020505
1.660744
2.618141
11.580927
9.007518
4.141375
10.559093
18.862612
18.869894
17.057028
22.201109
72.021392
44.450667
35.803775
123.035312
21.127408
25.816755
17.887091
8.340760
51.530912
46.291459
84.469987
57.275045
15.597348
20.808020
9.690084
23.419633
92.855864
37.645012
59.069970
29.207541
21.896202
9.491719
32.875431
14.138913
53.351236
51.616236
134.840766
38.867577
33.332133
12.813808
14.595044
22.385445
56.580680
80.582650
33.960819
64.575355
17.432247
23.525975
11.709169
23.725134
30.082684
97.848775
46.775250
39.123703
17.315844
21.520183
18.368550
18.415625
40.214498
85.096937
48.915870
106.713544
16.915902
23.272441
18.285911
14.833120
80.947695
42.398989
68.933625
115.786484
1.179517
2.058731
4.539989
1.989622
3.281102
4.305263
6.202451
7.284438
3.123324
1.144314
2.601731
1.377996
4.092433
7.263789
4.484628
4.102466
1.232864
2.651220
3.631439
2.546061
4.766483
6.422448
5.204232
4.766231
0.833693
2.028365
3.218072
1.267433
5.420178
6.161595
4.773046
3.084174
1.884762
4.411251
1.818011
2.557639
3.802430
5.429654
3.373653
13.738836
3.982363
1.123842
1.723272
1.658500
4.196755
4.190731
4.233836
7.998302
1.525322
2.279010
3.662138
3.239977
9.284995
3.781852
8.042777
3.516014
1.368579
2.128614
2.566917
1.024165
5.381342
5.890670
2.962459
4.802124
21.081681
9.625286
14.948466
15.927217
36.726700
108.832812
44.894494
45.547984
14.216111
10.487746
17.292853
9.089328
30.743608
44.378059
23.497700
49.382312
18.950802
6.027125
16.317331
16.146316
66.362695
41.286750
124.557156
23.321611
10.254250
18.925653
11.674805
11.463392
27.553719
64.621825
35.426550
26.351125
12.011861
12.604362
10.494972
31.841237
28.407581
119.681547
35.312703
99.420172
16.458852
10.116432
15.226450
7.585346
57.398112
28.682020
40.800662
45.563144
14.428631
28.821050
8.394662
21.701212
87.638387
31.592412
43.870112
51.659228
7.666740
19.654420
9.701349
19.017288
71.233488
33.544841
54.264916
50.617587
0.684826
1.957591
2.216550
3.973402
0.270711
0.060457
0.879013
0.159259
3.353145
3.019393
0.197940
1.570111
1.118656
0.488706
0.082490
0.042118
1.638958
3.893066
1.170043
1.591981
0.061692
0.842283
0.210666
0.267711
1.027966
1.360905
5.968135
0.223384
0.138875
0.039359
0.831943
0.165114
1.070714
1.564141
3.244380
0.221436
0.166581
0.171699
0.122780
0.225824
1.049599
1.959194
0.613097
1.267186
0.039695
0.329084
0.023134
0.610052
2.723275
1.162191
1.301332
2.479221
0.148266
0.114665
0.201455
0.706778
2.607917
0.389588
0.812110
2.328431
0.219927
0.109994
0.292547
0.078384
0.082079
0.012585
0.014739
0.023680
0.005102
0.012058
0.006305
0.003489
0.035548
0.014804
0.022240
0.016492
0.015478
0.000336
0.000543
0.006384
0.077316
0.014108
0.040994
0.010244
0.006769
0.000000
0.000000
0.008147
0.021853
0.015446
0.022007
0.083592
0.004833
0.004877
0.006604
0.003809
0.015493
0.020672
0.090242
0.009593
0.002652
0.008193
0.006706
0.004565
0.010557
0.084681
0.034641
0.021526
0.004410
0.005357
0.007408
0.000000
0.010127
0.037090
0.170758
0.025657
0.000000
0.007568
0.004062
0.030338
0.141299
0.008831
0.062588
0.013660
0.000000
0.032589
0.008230
0.000000
1.378130
0.827153
0.149647
1.215005
0.154152
0.068366
0.052691
0.129807
0.858416
0.210318
0.999688
0.219176
0.103856
0.028084
0.073230
0.022663
0.196457
2.337678
1.184033
0.125356
0.051502
0.027584
0.081882
0.400319
0.395597
0.171336
0.368798
0.418279
0.088607
0.030345
0.027083
0.122365
0.283514
2.537793
0.730548
0.176270
0.022216
0.091410
0.147504
0.151013
0.160115
0.966796
0.131326
1.341453
0.081569
0.027247
0.095746
0.040745
0.313762
2.675234
0.329243
0.307724
0.025503
0.080700
0.167758
0.086319
0.582073
0.226019
0.196565
0.506886
0.046295
0.028281
0.093878
0.041570
0.016906
0.009822
0.013962
0.022034
0.007108
0.001086
0.004087
0.003942
0.021534
0.007740
0.012475
0.012250
0.000000
0.005848
0.000000
0.009042
0.012339
0.028096
0.023113
0.012203
0.007941
0.000000
0.000103
0.004026
0.009351
0.019134
0.007932
0.029566
0.000256
0.004049
0.007302
0.000000
0.017584
0.006980
0.008676
0.013200
0.001796
0.001484
0.003999
0.000481
0.013909
0.009260
0.013679
0.007726
0.000675
0.000000
0.006534
0.000000
0.019421
0.018904
0.018950
0.015047
0.003946
0.000000
0.002526
0.004275
0.007312
0.023970
0.010141
0.015220
0.004249
0.000084
0.001487
0.000000
0.269181
2.364218
6.421282
0.957110
0.096654
0.571551
0.119337
1.333220
2.871875
2.465200
1.498044
0.253113
0.475751
0.470378
0.039513
0.136065
2.464566
0.366342
3.461693
0.362658
0.133312
0.224767
2.155265
0.069378
0.155993
4.271168
1.196731
1.022824
0.143082
0.277048
0.217411
0.128130
4.449578
1.172201
1.802765
0.580524
0.472859
0.123811
0.254516
0.781841
3.920391
0.172048
2.913431
0.816963
0.046760
0.366041
0.228933
0.352654
1.503252
1.275070
3.111277
2.558364
1.742442
0.084935
0.209507
0.388851
0.852383
0.508801
1.920035
2.039365
0.091720
1.272704
0.052590
0.075527
0.050834
0.007267
0.021136
0.085437
0.005883
0.000000
0.006522
0.005693
0.054531
0.029850
0.019119
0.015095
0.007249
0.007214
0.000000
0.006805
0.252332
0.017935
0.013609
0.133625
0.004684
0.010041
0.006695
0.000000
0.023522
0.012249
0.021861
0.179886
0.007664
0.000000
0.000000
0.055389
0.043241
0.022642
0.071306
0.044446
0.014412
0.004707
0.009520
0.000000
0.026645
0.019620
0.008039
0.171691
0.000847
0.003471
0.003959
0.002444
0.052597
0.007346
0.042000
0.298617
0.009233
0.003033
0.000000
0.014229
0.110972
0.010642
0.021426
0.034867
0.053867
0.000436
0.002130
0.000000
1.478767
0.686918
1.720254
0.221456
0.028667
0.145765
0.093598
0.115721
0.555227
0.145171
0.653932
0.711978
0.121014
0.065833
0.064424
0.199690
1.416702
0.886721
0.677733
0.592455
0.116749
0.091992
0.175041
0.149878
0.705292
1.122154
0.467688
0.154039
0.082239
0.102288
0.129823
0.116379
0.421890
0.553082
2.434054
0.144908
0.043892
0.143135
0.041610
0.070016
0.328087
0.712551
0.490146
0.321655
0.085022
0.031107
0.031157
0.098822
0.159757
1.169028
1.008394
0.785308
0.035578
0.367086
0.094379
0.242258
0.478797
0.351410
0.722489
0.579402
0.081285
0.117259
0.089239
0.102712
0.023546
0.017677
0.066828
0.010919
0.004696
0.000000
0.004209
0.000000
0.010783
0.016206
0.015603
0.023189
0.000000
0.004712
0.000000
0.007686
0.052915
0.005901
0.015135
0.029621
0.000000
0.004848
0.009804
0.000327
0.033291
0.039668
0.021308
0.009496
0.002086
0.003764
0.000281
0.000000
0.029442
0.006118
0.035102
0.007781
0.008825
0.000644
0.007202
0.000000
0.006994
0.033866
0.017837
0.007276
0.000006
0.004280
0.001000
0.000000
0.012743
0.018326
0.030008
0.032643
0.007089
0.002161
0.004656
0.000387
0.007587
0.014017
0.029497
0.007414
0.000027
0.000000
0.000686
0.003559
1.445053
1.848579
4.555438
0.735228
0.771686
0.130492
0.106589
0.122699
1.575615
0.165420
3.546212
1.341099
0.044247
0.477980
0.224587
0.082947
3.798171
1.541362
0.702152
1.245694
0.223355
0.305045
0.056712
0.630313
2.686519
0.245319
4.154841
0.227942
0.138960
0.064888
1.003655
0.199399
1.416711
1.121176
0.929272
4.232708
0.185018
0.142432
0.208752
0.144384
1.776796
0.876781
2.209411
0.799094
0.273343
0.085045
0.993255
0.034570
0.330826
1.749983
0.842837
4.689150
0.112954
0.783217
0.111900
0.475658
2.709159
0.755863
5.765099
0.149959
1.007151
0.210196
0.128392
0.058426
0.043826
0.065200
0.015691
0.030529
0.000000
0.006177
0.002405
0.015029
0.056772
0.016491
0.029286
0.023780
0.006447
0.000000
0.003346
0.018718
0.019386
0.025455
0.090651
0.052956
0.010358
0.002470
0.006984
0.003116
0.014583
0.177472
0.008465
0.083897
0.025719
0.000000
0.003806
0.000323
0.045523
0.030903
0.020992
0.015084
0.013343
0.000000
0.003078
0.006521
0.021362
0.067758
0.016522
0.021434
0.000000
0.004511
0.005811
0.000000
0.008013
0.066753
0.029020
0.015506
0.003990
0.009368
0.008932
0.000000
0.018411
0.015422
0.077557
0.026050
0.005790
0.000000
0.008064
0.000116
1.565911
0.505700
1.198297
0.125946
0.072045
0.091016
0.142223
0.031867
0.284667
0.686705
0.929381
0.146849
0.031126
0.052184
0.146120
0.032546
0.365067
0.344223
3.115588
0.804813
0.028039
0.101221
0.106375
0.121134
1.414709
0.146287
0.719547
0.427430
0.030769
0.072933
0.051200
0.047764
0.416146
0.514886
0.711165
0.305708
0.106615
0.088918
0.036606
0.125804
0.559951
0.243028
0.157943
1.321665
0.027256
0.065417
0.083622
0.028756
0.178744
0.345003
2.184708
0.199978
0.042249
0.176093
0.025410
0.330527
0.686528
0.169171
1.549395
0.534005
0.027973
0.149056
0.124652
0.028531
0.010581
0.033224
0.021185
0.024126
0.005057
0.000287
0.003546
0.000133
0.013839
0.007243
0.019177
0.015201
0.000000
0.000690
0.004427
0.000000
0.021289
0.008122
0.013906
0.037529
0.000707
0.000000
0.003406
0.005396
0.017836
0.006961
0.023989
0.011243
0.003582
0.002019
0.000500
0.000000
0.013006
0.033309
0.016506
0.009316
0.005852
0.000000
0.000000
0.013412
0.020422
0.007712
0.013598
0.015216
0.006373
0.000000
0.008396
0.000000
0.007355
0.059183
0.032304
0.012102
0.004997
0.000000
0.002361
0.003425
0.012259
0.021601
0.010366
0.019777
0.001963
0.000000
0.000000
0.000539
2.271734
0.315365
2.810267
3.482704
0.092829
0.303520
0.379505
1.473978
1.313526
4.139064
2.674318
0.162397
0.544372
0.408194
0.061205
0.194280
2.072261
0.359971
6.529924
0.687578
2.414105
0.107584
0.737947
0.167096
2.262605
0.649917
0.471124
2.561855
0.145877
2.206011
0.147615
0.191675
3.478624
3.266997
0.425633
2.226399
0.084904
2.940761
0.077177
0.288333
0.822081
0.642348
4.381904
0.452512
0.353105
0.036787
0.808070
0.128860
0.707748
1.947505
0.416998
3.814351
1.774352
0.169269
0.524818
0.074629
0.209476
0.891996
1.604813
1.926466
0.510304
0.134349
0.231654
0.201404
0.036891
0.024514
0.119198
0.017994
0.000000
0.016204
0.008628
0.000000
0.021661
0.012152
0.084264
0.085028
0.004316
0.015298
0.000000
0.004514
0.200045
0.014483
0.077960
0.024568
0.000000
0.006946
0.008974
0.007850
0.012386
0.104969
0.008163
0.033989
0.004386
0.000000
0.000000
0.045080
0.008081
0.273113
0.037106
0.019015
0.005797
0.006479
0.008469
0.002486
0.019314
0.013556
0.252959
0.015447
0.010350
0.000000
0.007304
0.007096
0.166820
0.013170
0.120377
0.017377
0.016978
0.000000
0.006071
0.003188
0.024203
0.013127
0.023388
0.114849
0.000000
0.037707
0.000000
0.000973
1.260843
0.409208
0.130677
1.340953
0.175786
0.118733
0.198476
0.042968
0.137957
1.117711
0.407730
0.353427
0.090524
0.030371
0.065582
0.206404
0.704273
0.654388
0.282291
0.764368
0.085221
0.279092
0.058764
0.251606
0.928308
0.186735
0.412281
0.286424
0.140869
0.035538
0.109706
0.126359
0.807227
0.146293
1.474980
0.857664
0.281517
0.076803
0.105779
0.056112
0.243544
0.577687
0.571543
0.865330
0.125101
0.059004
0.079274
0.040584
0.605365
0.254236
1.152423
0.445428
0.127441
0.282699
0.035242
0.227910
0.295915
0.195026
0.396804
0.792861
0.210882
0.148034
0.113626
0.090983
0.008660
0.038945
0.011456
0.024853
0.010639
0.000000
0.001478
0.000000
0.009732
0.015552
0.019123
0.019444
0.001954
0.001422
0.006533
0.000306
0.013882
0.062254
0.032874
0.028528
0.002504
0.000000
0.000000
0.015529
0.020172
0.009480
0.010363
0.044857
0.006870
0.000681
0.000000
0.001979
0.024235
0.019064
0.077568
0.007009
0.006241
0.000000
0.005549
0.000000
0.016677
0.016545
0.011590
0.032051
0.000000
0.003837
0.000000
0.000000
0.014403
0.026714
0.039910
0.008428
0.000708
0.006241
0.000373
0.004986
0.030185
0.008478
0.024708
0.026999
0.000047
0.000000
0.000523
0.000000
