0.000000
0.000000
0.000000
0.000000
0.000000
0.000000
0.000000
0.000000
0.000000
0.000000
0.000000
0.000000
0.000000
0.000000
0.000000
0.000000
0.000000
0.000000
0.000000
0.000000
0.000000
0.000000
0.000000
0.000000
0.000000
0.000000
0.000000
0.000000
0.000000
0.000000
0.000000
0.000000
0.000000
0.000000
0.000000
0.000000
0.000000
0.000000
0.000000
0.000000
0.000000
0.000000
0.000000
0.000000
0.000000
0.000000
0.000000
0.000000
0.000000
0.000000
0.000000
0.000000
0.000000
0.000000
0.000000
0.000000
0.000000
0.000000
0.000000
0.000000
0.000000
0.000000
0.000000
0.000000
0.000000
0.000000
0.000000
0.000000
0.000000
0.000000
0.000000
0.000000
0.000000
0.000000
0.000000
0.000000
0.000000
0.000000
0.000000
0.000000
0.000000
0.000000
0.000000
0.000000
0.000000
0.000000
0.000000
0.000000
0.000000
0.000000
0.000000
0.000000
0.000000
0.000000
0.000000
0.000000
0.000000
0.000000
0.000000
0.000000
0.000000
0.000000
0.000000
0.000000
0.000000
0.000000
0.000000
0.000000
0.000000
0.000000
0.000000
0.000000
0.000000
0.000000
0.000000
0.000000
0.000000
0.000000
0.000000
0.000000
0.000000
0.000000
0.000000
0.000000
0.000000
0.000000
0.000000
0.000000
0.000000
0.000000
0.000000
0.000000
0.000000
0.000000
0.000000
0.000000
0.000000
0.000000
0.000000
0.000000
0.000000
0.000000
0.000000
0.000000
0.000000
0.000000
0.000000
0.000000
0.000000
0.000000
0.000000
0.000000
0.000000
0.000000
0.000000
0.000000
0.000000
0.000000
0.000000
0.000000
0.000000
0.000000
0.000000
0.000000
0.000000
0.000000
0.000000
0.000000
0.000000
0.000000
0.000000
0.000000
0.000000
0.000000
0.077834
0.077834
0.000000
0.000000
0.000000
0.000000
0.000000
0.000000
0.000000
0.000000
0.000000
0.000000
0.000000
0.000000
0.000000
0.000000
0.000000
0.000000
0.000000
0.000000
0.000000
0.000000
0.000000
0.000000
0.000000
0.000000
0.000000
0.000000
0.000000
0.000000
0.000000
0.099428
0.099428
0.000000
0.000000
0.000000
0.000000
0.000000
0.000000
0.000000
0.000000
0.000000
0.000000
0.000000
0.000000
0.000000
0.000000
0.000000
0.000000
0.000000
0.000000
0.000000
0.000000
0.000000
0.000000
0.000000
0.000000
0.000000
0.000000
0.000000
0.000000
0.000000
0.000000
0.000000
0.000000
0.000000
0.000000
0.000000
0.000000
0.000000
0.000000
0.000000
0.000000
0.000000
0.000000
0.000000
0.000000
0.000000
0.000000
0.000000
0.000000
0.000000
0.000000
0.000000
0.000000
0.000000
0.000000
0.000000
0.000000
0.000000
0.000000
0.000000
0.000000
0.000000
0.000000
0.000000
0.000000
0.119667
0.119667
0.001871
0.000000
0.000000
0.000000
0.000000
0.000000
0.000000
0.000000
0.000000
0.000000
0.000000
0.000000
0.000000
0.000000
0.000000
0.000000
0.000000
0.000000
0.000000
0.000000
0.000000
0.000000
0.000000
0.000000
0.000000
0.000000
0.000000
0.000000
0.000000
0.000000
0.000000
0.000000
0.000000
0.078655
0.078655
0.035471
0.026237
0.009789
0.000280
0.000000
0.000000
0.000000
0.000000
0.000000
0.000000
0.000000
0.000000
0.000000
0.000000
0.000000
0.000000
0.000000
0.000000
0.000000
0.000000
0.000000
0.000000
0.000000
0.000000
0.000000
0.000000
0.000000
0.000000
0.000000
0.000000
0.000000
0.000000
0.000000
0.000000
0.000000
0.036252
0.071330
0.037882
0.006541
0.000000
0.000122
0.000000
0.000000
0.000000
0.000000
0.000000
0.000000
0.000000
0.000000
0.000000
0.000000
0.000000
0.000000
0.000000
0.000000
0.000000
0.000000
0.000000
0.000000
0.000000
0.000000
0.000000
0.000000
0.000000
0.000000
0.000000
0.000000
0.000000
0.000000
0.000000
0.000000
0.000000
0.069192
0.069192
0.046928
0.183234
0.255471
0.350707
0.264734
0.075857
0.000039
0.000000
0.000216
0.005323
0.000110
0.005174
0.001077
0.000026
0.000000
0.000000
0.000000
0.000000
0.000000
0.000000
0.000000
0.000000
0.000000
0.000000
0.000000
0.000000
0.000000
0.000000
0.000000
0.000000
0.000000
0.000000
0.000000
0.000000
0.000000
0.000000
0.000000
0.095865
0.095865
0.250406
0.463377
0.885047
1.581202
1.761713
1.261923
0.268887
0.247550
0.284605
0.119984
0.112263
0.761170
0.299492
0.316810
0.165805
0.009370
0.000000
0.000000
0.000000
0.000081
0.000000
0.000000
0.000000
0.000000
0.000000
0.000000
0.000000
0.000000
0.000000
0.000000
0.000000
0.000000
0.000000
0.000000
0.000000
0.000000
0.000000
0.000000
0.000000
0.000000
0.000000
0.265145
0.755748
1.271803
1.659688
2.115992
2.388647
2.371352
2.118723
1.603231
1.394923
1.676725
3.231294
1.811774
1.021346
0.074496
0.033738
0.002570
0.000312
0.025587
0.025707
0.000000
0.004680
0.008336
0.001748
0.002229
0.000000
0.000000
0.000000
0.000000
0.000000
0.000000
0.000000
0.000000
0.000000
0.000000
0.000000
0.000000
0.000000
0.000000
0.086136
0.086136
0.259271
0.782305
1.312798
1.677400
2.157224
2.468733
2.854473
2.590335
2.799861
3.429331
4.275777
3.671522
1.126494
0.679487
0.101795
0.048942
0.053547
0.050871
0.062546
0.170543
0.088496
0.012965
0.041729
0.043496
0.007449
0.000940
0.000000
0.000000
0.000000
0.000000
0.000000
0.000000
0.000000
0.000000
0.000000
0.000000
0.000000
0.000000
0.000000
0.000000
0.000000
0.000000
0.000114
0.000014
0.000000
0.000000
0.000000
0.000000
0.000006
0.000008
0.050659
0.382414
1.340006
1.504884
1.206203
0.784639
3.668962
6.272732
0.720438
0.123492
0.123492
0.273958
0.782435
1.332116
1.695330
2.145434
2.394965
2.789743
2.969095
3.169091
3.428443
4.093312
4.233156
4.708558
4.590166
2.649763
1.350303
3.652486
2.369400
1.437789
2.323223
1.003010
0.047477
0.044323
0.040503
0.034858
0.012216
0.000813
0.003028
0.005339
0.000000
0.000000
0.000000
0.000000
0.000000
0.000000
0.000000
0.000000
0.000000
0.000156
0.000417
0.000417
0.000000
0.005235
0.005683
0.003491
0.000000
0.000000
0.000000
0.000005
0.001683
0.449423
1.610480
1.372562
1.875136
0.401617
0.945686
5.116761
9.559501
0.817715
0.000000
0.000000
0.266752
0.758849
1.295793
1.682979
2.211123
2.410199
2.574493
2.242501
1.505058
2.080962
3.855193
4.476851
4.873581
5.183065
4.968196
4.415610
5.166625
3.389047
1.683660
0.477933
0.076094
0.040768
0.045473
0.043578
0.040865
0.040804
0.007268
0.019449
0.093248
0.000000
0.000000
0.000000
0.000000
0.000000
0.000000
0.000000
0.000000
0.000000
0.001251
0.003335
0.003335
0.000000
0.042461
0.160902
0.063687
0.002782
0.000000
0.000000
0.000000
0.019736
0.255287
1.036976
1.226695
0.186924
0.305148
1.224919
3.106467
7.179103
1.261224
0.082105
0.082105
0.230008
0.681981
1.196189
1.592468
1.911236
1.617916
1.262838
0.271129
0.046662
0.138331
0.992871
2.238954
5.070741
5.459384
5.718028
5.677549
5.390816
2.708302
0.747553
0.299998
0.248099
0.182083
0.062300
0.047103
0.041839
0.030772
0.004501
0.145989
0.753748
0.029396
0.000000
0.000000
0.000000
0.000000
0.000000
0.000000
0.000000
0.000000
0.001251
0.003335
0.016375
0.025795
0.091780
1.073244
1.298900
0.056042
0.005345
0.001540
0.001896
0.018475
0.224644
0.798190
1.495036
0.336053
0.567500
1.663053
2.663557
6.924050
2.486109
0.127915
0.127915
0.186215
0.524911
0.907466
0.804670
0.214988
0.025510
0.000000
0.000000
0.000000
0.000000
0.372945
3.030134
2.910948
4.165920
5.112760
4.675863
5.092015
4.685322
2.181754
1.389888
0.158900
0.226844
0.275728
0.085813
0.062216
0.030474
0.472755
1.548262
0.671249
0.028665
0.000000
0.000000
0.000000
0.000000
0.000000
0.000000
0.003697
0.004225
0.008612
0.018081
0.089695
0.626413
1.189313
1.731179
4.172423
0.741785
0.537502
0.078914
0.048925
0.066450
0.230354
0.868842
2.773797
1.548769
1.313372
2.429027
3.112872
3.761615
3.311029
0.000000
0.000000
0.130177
0.367211
0.590886
0.628536
0.060100
0.000000
0.000000
0.000000
0.000000
0.000000
0.483743
1.773580
0.152154
1.712260
2.032780
1.878477
4.815993
4.129237
3.388598
2.245613
0.337828
0.493686
0.567606
0.464638
0.232305
0.076727
0.787774
1.670704
0.980700
0.091913
0.000000
0.000000
0.014722
0.001926
0.000000
0.000000
0.003697
0.007196
0.020269
0.061559
0.116434
1.169741
3.631528
4.051423
5.006803
2.750246
1.933650
0.369524
0.217329
0.447814
0.379452
0.905965
3.152143
2.398517
3.697007
4.726985
5.088482
4.267849
5.475796
0.210313
0.210313
0.091619
0.224437
0.127291
0.159929
0.045919
0.000000
0.000000
0.000000
0.000000
0.000070
0.074444
0.066803
0.037667
0.564617
0.121272
0.499570
4.103193
4.144132
4.553136
2.851349
0.545593
1.001239
1.080234
1.020397
0.672141
0.275673
1.626173
1.703820
0.429982
0.005850
0.000019
0.006423
0.042461
0.007806
0.000000
0.000120
0.006891
0.013085
0.079066
0.140344
0.304955
2.116515
5.420923
5.765898
5.698371
0.977524
1.466374
0.896056
1.195422
1.666720
1.003255
0.810588
2.858977
2.933947
4.461808
5.544566
5.520091
4.785475
6.868928
0.590494
0.590494
0.051035
0.113448
0.027096
0.000010
0.000000
0.000000
0.000000
0.000000
0.000000
0.000000
0.000000
0.000000
0.031303
0.030555
0.016527
0.213409
0.568479
2.599953
4.176332
3.686172
2.081480
2.229473
2.381488
2.298913
1.876198
2.294733
2.196620
1.724974
1.457052
0.582914
0.264310
0.529980
0.130465
0.007099
0.004078
0.006234
0.037193
0.051336
0.390777
0.343727
0.539655
3.391650
8.569530
9.753189
3.140691
1.901037
2.800022
3.491700
3.680746
3.715236
2.088995
1.506010
2.693052
3.507316
3.942897
4.584219
6.161739
7.070753
8.987608
0.000000
0.000000
0.036167
0.049351
0.009795
0.000000
0.000000
0.000000
0.000000
0.000000
0.000000
0.000000
0.000000
0.000000
0.000470
0.000042
0.017760
0.043990
0.205049
0.960143
3.342443
3.987201
3.521336
3.439240
3.222165
3.010856
2.895773
3.364152
2.972208
2.861280
2.955163
1.867417
2.568978
1.417808
0.075311
0.055175
0.045494
0.058851
0.089953
0.340032
1.030978
0.849474
1.105400
5.572096
10.069487
10.233308
3.396301
3.868641
4.250543
4.458415
3.303657
3.982575
4.063648
2.360060
3.953432
5.166453
5.386896
5.398590
6.534760
7.957600
10.139869
0.359698
0.359698
0.033465
0.038298
0.000000
0.000000
0.000000
0.000000
0.000000
0.000000
0.000000
0.000000
0.000000
0.000000
0.000000
0.000000
0.000902
0.031318
0.131940
1.188726
3.301487
4.215320
4.334240
4.385795
4.358918
3.995705
3.766406
3.965556
3.760430
3.942081
3.698503
3.715296
4.442835
3.393786
0.803359
0.840090
0.912141
0.323689
0.750962
1.843176
2.685467
2.389652
3.843953
8.905540
12.218809
10.356737
5.691413
5.173717
4.566341
5.004739
3.066635
3.168392
3.637281
2.945644
4.303074
4.647739
5.054830
5.361930
6.099390
7.122875
8.571366
0.362387
0.362387
0.000000
0.000000
0.000000
0.000000
0.000000
0.000000
0.000000
0.000000
0.000000
0.000000
0.000000
0.000000
0.000000
0.000000
0.000000
0.000000
0.037289
0.114453
1.134979
2.139876
2.662083
2.349520
4.086263
4.409400
4.473897
4.282925
4.071229
3.992828
4.383175
4.669950
5.067573
5.526231
5.405399
5.386008
2.600402
1.137755
2.903695
3.724252
5.475595
6.134001
4.355948
7.596643
12.569988
10.337755
6.683068
5.032711
3.693503
3.799540
4.075578
3.451656
3.621830
3.198761
3.400629
3.877468
4.550271
5.092830
5.306622
6.974107
7.934082
0.000000
0.000000
0.000000
0.000000
0.000000
0.000000
0.000000
0.000000
0.000000
0.000000
0.000000
0.000000
0.000000
0.000000
0.000000
0.000000
0.035555
0.068984
0.211631
0.340211
0.412332
0.969228
2.759207
3.533364
2.384692
2.832794
3.254823
3.678803
4.403283
4.479246
4.921588
5.491607
6.132084
6.941854
5.278430
2.582730
3.024990
4.288437
6.284306
5.558290
4.498596
6.934966
10.984005
10.005227
8.163552
6.158474
3.549885
3.423534
3.921357
3.713317
3.543824
3.373653
3.375805
3.420713
4.034875
4.945811
5.438544
7.389420
8.349015
0.000000
0.000000
0.000000
0.000000
0.000000
0.000000
0.000000
0.000000
0.000000
0.000000
0.000000
0.000000
0.000000
0.000000
0.001893
0.005032
0.031044
0.104298
0.469549
0.548699
0.653419
1.007604
1.779723
1.244895
0.910721
1.678037
1.581853
1.948380
4.179376
4.227174
4.754685
5.312961
6.426527
7.555418
5.991677
3.841511
3.113795
4.916459
6.731809
5.071067
4.570095
6.943870
9.730475
9.055515
8.428486
6.472256
3.454469
3.301680
3.871755
3.807425
3.509483
3.486145
3.382905
3.368748
3.920130
4.838781
5.550051
7.640444
8.772721
0.000000
0.000000
0.000000
0.000000
0.000000
0.000000
0.000000
0.000000
0.000000
0.000000
0.016773
0.040899
0.015019
0.268458
1.249812
1.102579
0.869024
1.034156
1.168946
1.475628
1.169136
1.492960
1.300785
1.349036
1.098059
1.949209
3.222820
3.799836
5.955601
5.496167
3.461859
3.888823
4.137132
5.187963
6.081113
4.461384
4.492542
8.280837
8.054434
7.536839
6.420767
5.714662
4.487579
4.150907
4.405438
3.902123
3.632518
3.611823
3.579032
3.575577
3.995373
4.692791
5.613640
7.716321
9.372606
0.000000
0.000000
0.000000
0.000000
0.000000
0.000000
0.000000
0.000000
0.000000
0.000000
0.007898
0.044326
0.486912
0.710084
1.493610
1.182955
1.134678
1.109854
0.936625
0.906796
0.931291
1.036945
0.959902
0.732127
0.485858
0.672807
0.805118
1.539815
5.096290
5.747824
5.932942
5.662609
4.599055
5.175123
5.987282
4.739073
4.487605
7.016729
7.082640
7.330916
5.637528
5.052613
4.988876
4.942920
4.523300
4.099260
3.883100
3.883100
3.874236
3.872970
4.142974
4.592980
5.563310
8.350492
10.159194
0.000000
0.000000
0.000000
0.066959
1.087101
1.351358
1.415658
1.394784
1.438385
1.350548
0.973634
0.582235
0.339510
0.384099
0.312055
0.128938
0.194689
0.099841
0.050566
0.104994
1.633239
5.917975
7.692682
6.906242
6.213279
6.124900
5.343636
4.932193
4.431404
4.828082
5.016638
4.575994
3.775853
4.101148
4.146322
4.212520
4.368000
4.099260
4.222740
4.154875
4.108535
4.073082
4.257448
4.648660
6.242648
7.936479
10.437502
0.005395
0.002170
0.013509
0.025046
0.585478
1.101492
0.811974
1.121478
1.189739
0.830152
0.249132
0.171812
0.004517
0.000000
0.007306
0.033417
0.036681
0.006039
0.000000
0.000000
0.004429
0.781289
4.908854
6.529233
6.314575
4.427334
3.706084
4.138550
4.976066
4.173393
3.758422
2.504605
2.863269
3.598553
3.794740
3.891920
4.351910
4.351910
4.355540
4.499355
4.763526
4.798330
5.036916
5.434560
6.224573
7.803665
11.447800
0.335984
0.435287
0.793857
0.956786
0.841831
1.034500
0.884029
0.203348
0.016086
0.015839
0.000001
0.000000
0.000000
0.000000
0.003202
0.002265
0.000000
0.000000
0.003305
0.071394
1.285310
3.824821
4.070316
3.892395
3.841359
3.798152
3.630701
2.981046
3.439278
2.999448
2.706585
3.166348
3.596729
3.707795
4.351910
4.479941
4.355540
4.429426
4.753536
4.814879
5.313428
6.098372
6.586768
8.206822
11.646425
0.667705
0.604960
0.861985
0.795958
0.714089
0.833078
0.502226
0.028076
0.000000
0.000000
0.000000
0.000000
0.000000
0.000000
0.000000
0.000000
0.000000
0.000000
0.004369
0.043192
0.238429
1.050634
2.266646
3.467414
3.881601
3.587274
2.123653
2.038630
2.994072
2.734946
2.447802
3.095429
3.331664
3.550672
4.275245
4.560415
4.376851
4.446949
4.831844
4.908568
5.528641
6.497739
7.239350
8.865605
11.855814
0.462606
0.269657
0.104629
0.023798
0.000000
0.000000
0.000000
0.000000
0.000000
0.000000
0.000000
0.000000
0.000000
0.000000
0.018296
0.043792
0.212187
0.684947
1.138025
1.386716
3.273947
3.742263
2.395428
1.445345
1.296607
1.890774
1.711843
1.907956
2.726124
2.995526
3.726054
4.703175
4.614716
4.907235
5.426839
5.514271
5.935009
6.582790
7.867938
9.825305
12.342259
0.400909
0.236578
0.051147
0.018562
0.000000
0.000000
0.000000
0.000000
0.000000
0.000000
0.000000
0.000000
0.000000
0.000000
0.030372
0.079354
0.358555
0.505207
0.894652
1.184162
1.835298
2.700682
2.563186
1.961409
1.318577
1.106732
1.529010
1.715898
2.191039
2.775869
3.470744
5.356329
5.271049
5.214730
5.461020
5.650010
6.363584
7.125290
7.767758
10.178377
12.160083
0.000000
0.000000
0.000000
0.000000
0.000000
0.000000
0.000000
0.000000
0.025109
0.122468
0.338920
0.622123
0.646732
0.913595
1.677210
2.042747
2.054888
1.717738
1.231610
0.854469
1.102156
1.406832
1.469317
1.862360
2.624324
3.628614
5.258880
6.153725
5.907259
5.983031
6.904756
8.078112
8.181914
9.970325
12.783500
0.000000
0.000000
0.000000
0.000000
0.000000
0.000000
0.000000
0.000000
0.022481
0.053327
0.246803
0.320612
0.402602
1.174630
1.544486
1.693560
1.222588
0.898024
0.704661
0.780525
0.871338
1.027069
1.371829
1.269248
1.575975
2.475207
4.047301
5.296619
5.811269
6.077141
7.454100
9.147250
8.744165
10.912189
13.373900
0.000000
0.000000
0.008907
0.043624
0.106948
0.183983
0.204718
1.177646
1.623576
1.734718
1.147151
0.591353
0.648033
0.808094
0.875109
0.970425
1.229625
1.472543
1.215135
1.508372
3.210211
4.921435
5.681808
5.930458
7.605268
9.798781
9.611198
11.241594
14.328713
0.000000
0.000000
0.000184
0.038128
0.092436
0.127945
0.436081
1.271233
1.445680
1.588569
0.614182
0.354514
0.484941
0.628919
0.884802
0.986494
1.171521
1.351911
1.591926
1.429900
2.343037
4.537945
5.453803
5.902388
7.714423
10.222850
9.253829
11.109198
14.987667
0.834911
1.046620
1.117475
1.166414
0.252954
0.201821
0.270799
0.332524
0.454465
0.645021
1.054448
1.114869
1.113973
1.486834
2.034714
3.605081
4.784942
5.609711
7.769263
10.493570
9.644920
11.477803
15.293769
21.244942
23.032864
0.871132
0.894482
0.902307
0.851538
0.455097
0.171638
0.193628
0.259250
0.336997
0.370792
0.558320
0.920799
1.244521
1.208331
1.329866
1.882771
3.775656
4.378978
7.248863
11.072645
9.495238
12.478547
16.939900
21.967014
25.562325
0.679375
0.636729
0.574421
0.397264
0.069349
0.113304
0.226696
0.293322
0.343441
0.468383
0.992927
1.495515
1.810267
1.986889
4.366663
5.234186
8.138503
11.407069
9.533795
12.150825
15.835400
21.518820
24.580833
0.523160
0.510418
0.496862
0.340579
0.051558
0.052367
0.109974
0.221196
0.290483
0.307276
0.449514
0.829294
1.873845
3.046955
6.963535
8.442306
10.607097
11.493537
10.136115
12.180513
15.241900
23.216212
29.896972
0.281879
0.278683
0.062338
0.045760
0.052210
0.083345
0.216375
0.321439
0.418918
0.530386
1.055868
1.735019
6.006867
8.761209
11.518983
10.518100
11.618631
14.042455
15.667400
21.738259
30.120091
33.567430
39.964147
0.426536
0.271876
0.108714
0.040057
0.034637
0.043938
0.052209
0.083882
0.221117
0.400187
0.664930
1.103785
4.011726
6.400802
8.715707
8.582500
10.418936
12.851177
17.005325
24.710761
37.196819
46.369056
72.902455
0.182828
0.288459
0.570730
0.947131
1.186175
1.552983
3.394832
4.726769
6.428128
7.544446
9.700148
13.333711
18.038225
27.930077
43.558550
57.934041
122.204969
