1.713992
1.393373
0.784111
0.556554
0.723931
0.977997
0.585226
0.526049
0.908365
5.791595
5.848416
4.824908
2.275740
0.644308
1.817263
3.951930
4.398141
3.734520
3.236664
1.780530
1.074457
0.348477
0.155405
0.126112
0.015056
0.000029
8.260705
8.180264
5.702013
3.324437
1.495974
2.425378
3.893230
5.955279
6.061573
5.273314
3.486950
2.073039
0.347913
0.488569
0.130337
0.071509
0.007923
7.414230
8.541596
9.106863
9.328130
4.835998
1.978122
2.711469
3.203002
4.256390
5.624082
6.521107
6.137456
4.580364
3.116778
1.220898
0.965190
0.195316
0.071791
0.007923
0.000000
0.000000
0.000000
0.000000
8.626038
10.109669
9.425465
8.983887
6.597168
7.524600
3.507775
3.096930
4.334511
5.684288
6.965584
6.842549
5.595036
4.425770
2.989629
2.009449
0.380910
0.080221
0.009085
0.000000
0.000000
0.000000
0.000000
2.284729
6.029682
9.040912
10.650650
9.377727
9.274495
9.111750
9.633865
8.289112
4.209534
4.786075
7.512657
7.724314
7.379806
6.357802
5.771414
4.689444
3.364604
0.748396
0.086438
0.009809
0.000019
0.000000
0.000000
0.000000
0.000000
0.000000
2.695988
6.751227
9.284614
10.291661
9.619538
9.904418
10.447418
10.190614
10.694550
9.960338
9.250915
9.880803
9.969534
9.894287
9.099304
8.962866
8.200875
7.716712
3.469273
0.831148
0.059379
0.017179
0.000031
0.000000
0.000000
0.007037
0.007037
0.000000
0.000000
3.420125
8.106000
9.942290
10.309711
10.060063
10.555063
11.608413
11.869100
10.901700
10.971722
12.096400
11.971188
11.953300
11.757550
11.424775
11.413900
9.784030
9.080290
7.882110
5.091597
1.745235
0.561158
0.012252
0.000000
0.000000
0.056297
0.056297
0.058284
0.058568
0.490941
0.490941
5.250726
10.424509
10.631500
9.599413
7.958417
8.065936
9.587176
11.218566
11.437152
11.396100
12.174200
11.980913
11.953300
11.785750
11.489025
11.459900
10.938100
9.946590
7.349376
4.739342
2.321855
0.732401
0.068602
0.000000
0.069977
0.106581
0.138930
0.141104
0.152848
1.041185
1.041185
4.376327
7.120151
10.080059
9.880067
5.451155
6.235154
9.016626
10.411853
12.208700
14.910100
14.910100
13.912600
13.770100
13.764512
13.755200
13.755200
14.188800
14.188800
11.473983
8.394784
3.838105
2.030906
0.242470
0.158308
0.587351
0.287794
0.342893
0.461865
1.387040
5.351587
3.650567
0.000000
0.000000
2.806652
5.095542
7.968859
10.263014
10.714494
11.359268
12.306173
12.859097
13.556637
14.910100
14.910100
13.912600
13.770100
13.832200
14.201036
14.643262
15.196612
15.850612
13.906111
10.992462
7.044029
5.298236
2.019672
1.594756
5.137496
1.371798
3.463582
3.410506
5.435531
9.727982
11.049821
0.875025
0.875025
2.103828
4.296542
8.397031
10.580969
12.533912
13.046714
13.777164
14.265687
14.734950
15.140300
15.140300
14.280481
14.157650
14.361172
15.082711
15.719937
16.386500
17.751695
15.694856
15.572281
9.827479
8.455781
5.575424
4.279030
8.180420
6.363993
10.879347
9.305549
10.114815
13.723703
15.271302
16.100906
11.168848
1.487875
1.487875
2.213924
5.215826
10.758287
12.963616
15.901384
16.223794
16.569003
17.321800
17.321800
16.814200
16.865137
16.992833
17.231772
18.098050
19.613575
20.674984
21.012691
18.150400
14.431837
14.403367
11.871195
11.756450
13.663395
15.759369
18.503367
14.875137
12.477042
15.228436
17.364806
22.516998
20.851236
19.593712
15.715944
0.000000
0.000000
3.548789
8.593797
13.052100
15.745875
18.007400
17.764450
17.066113
17.321800
17.321800
17.251700
17.782770
17.978495
19.767441
20.725673
21.235125
22.424438
20.434445
18.150400
14.659600
14.431837
14.399825
15.533038
17.601563
17.901500
23.613105
18.788248
14.329100
19.516537
24.921700
26.289550
26.587900
25.136400
18.623841
15.907900
14.028600
13.486888
20.377961
1.399915
1.399915
3.880711
11.007245
16.603100
18.397900
20.282289
20.509700
21.318538
22.666600
22.666600
21.967400
22.381139
23.398386
23.596288
24.110377
25.017372
23.643634
20.338345
19.956100
20.617000
20.617000
19.609263
19.465300
19.820988
20.535108
26.449653
23.432773
18.906713
27.600512
29.719112
31.255969
31.370784
27.846653
24.486300
24.486300
23.404400
23.613087
23.059100
1.368215
1.368215
7.002652
13.916600
18.286600
19.684150
21.644483
22.340936
23.722288
24.847727
25.368753
26.256527
27.729814
29.338984
29.151748
28.895316
27.918266
25.905387
24.397525
24.285305
24.347252
23.873941
22.516420
22.491597
24.423283
27.647066
30.767902
27.858533
20.868600
27.851537
32.774537
33.325212
30.907962
27.830400
27.258600
26.731900
32.201100
26.240031
20.841687
25.466613
34.528700
0.000000
0.000000
7.370128
14.510725
19.385412
20.418470
23.297123
24.240441
26.078487
27.120695
27.022852
28.396305
30.710386
33.062869
33.063830
32.065441
30.856383
29.659130
30.339600
30.430289
29.429792
28.576706
26.228806
26.145430
27.766587
30.641189
31.461052
28.172658
24.817725
31.543631
35.725377
35.095164
33.130423
32.196962
32.557725
30.475212
32.273725
28.590850
28.390422
30.377167
36.763497
1.382575
1.382575
6.985916
14.897550
20.044700
20.910556
24.289414
25.298208
27.367361
27.743342
28.084561
29.434373
32.121797
33.828900
33.715139
33.482958
32.892186
32.443725
34.372075
34.410175
32.806375
31.202084
30.074941
30.142844
31.118536
33.050239
31.636125
29.173159
28.005114
34.106434
37.919036
36.966148
35.722400
35.995020
35.528927
32.271575
32.139900
30.307038
35.589495
35.486633
38.718489
46.380763
46.985075
50.201275
52.553583
52.868408
52.098394
52.116152
49.839009
48.794289
50.894912
50.659187
55.579400
58.935987
63.918362
65.203387
67.470744
70.125316
71.684752
72.020006
62.660862
1.408035
1.408035
6.988801
15.102812
20.100238
21.361211
24.379397
25.299436
26.594637
27.400680
28.006277
29.587837
32.493066
34.388984
35.545384
36.581955
37.698825
37.035681
40.529273
40.214141
35.928952
34.530134
35.446981
36.692280
35.460094
33.629602
32.391025
32.380325
31.646875
36.408384
36.433475
35.582359
32.470166
29.005212
29.948325
29.948325
31.500488
30.592380
39.870781
41.020925
44.133231
51.141908
55.972280
57.915039
57.488955
57.700081
54.335608
48.546681
45.228695
42.431063
46.106350
47.084861
55.585588
55.713753
60.237175
60.673344
61.131695
62.508788
65.821873
65.642645
61.354544
0.000000
0.000000
7.299263
15.052500
20.489000
21.992600
24.802253
25.383894
26.212811
26.888342
26.999967
28.122002
32.721511
37.684958
39.026200
40.906500
43.241441
42.436423
42.125000
38.359402
34.294347
32.720839
34.026562
35.173467
35.953228
34.615634
32.575008
33.714700
34.840825
39.572750
36.472039
33.371745
29.194975
28.472600
35.717200
35.717200
35.717200
35.717200
43.971688
46.088400
49.972150
53.840900
57.231700
60.876400
60.778200
62.641677
58.606180
55.175550
48.712212
45.722900
40.496200
48.636170
55.628900
55.628900
53.053381
51.413502
55.536983
65.551600
72.389000
82.264200
78.583600
1.341025
1.341025
7.951629
14.885900
20.489000
21.448087
22.877292
21.736563
22.224688
21.305597
22.099697
23.308456
30.232527
37.393505
38.333900
40.008200
42.283225
41.424100
39.675500
37.402181
35.764369
34.478583
35.002483
36.099366
35.534822
34.379209
33.940400
35.083500
38.322927
41.184642
39.585116
35.284575
30.961937
28.691500
35.717200
35.717200
36.984200
39.161812
47.271436
49.140184
51.207816
54.051298
51.836200
61.141137
65.194200
66.707163
63.504850
60.399136
51.461778
49.029200
40.601708
42.239516
55.628900
55.628900
46.963775
44.535200
52.416350
69.090909
79.956047
82.128411
82.022180
1.330745
1.330745
7.992168
13.974311
16.428300
17.287725
17.593331
14.339782
13.516433
12.866213
18.181297
20.830300
30.222217
31.675495
33.432080
36.313147
36.792813
36.396038
37.419556
38.992430
39.113659
38.101525
37.581505
37.614798
37.487937
37.353000
37.353000
37.519212
40.154227
41.754055
40.859864
37.924173
35.232077
33.970100
38.974000
38.974000
44.495500
44.495500
48.015800
47.948662
46.494413
45.654100
46.718700
69.920800
71.150600
72.390213
68.055386
60.757814
56.708727
58.016500
52.005500
58.278900
56.209120
56.064334
60.952936
61.443508
66.958613
76.336336
77.097583
82.405809
82.611608
0.000000
0.000000
7.989324
13.182853
14.506378
15.435280
13.642916
6.559511
5.493719
7.746943
15.193286
20.683050
27.715275
26.817875
31.290472
33.986497
34.729539
34.420000
37.640295
38.830850
39.036167
39.087772
38.359806
38.408384
38.225180
38.473875
39.215875
40.856925
43.167062
42.053625
39.789761
37.872112
35.441764
33.970100
38.974000
38.974000
44.495500
44.495500
47.283425
47.425538
46.787288
46.435100
47.620950
69.920800
70.933975
71.892877
67.823534
62.757081
57.189734
58.373812
52.005500
62.101150
62.462536
58.254358
66.092486
68.249320
75.577105
83.949158
83.327898
84.273805
82.819567
1.310275
1.310275
7.530329
12.240750
11.364004
12.481937
11.848824
7.423695
1.060795
2.633057
11.433130
20.530528
25.495380
22.720667
29.085608
31.527973
33.500836
33.682166
38.837969
39.138313
40.087322
39.994091
39.316327
39.165159
39.271884
39.764213
40.955400
43.213141
47.289292
42.564448
39.652559
38.591348
36.497266
35.167375
40.562013
40.562013
45.393325
45.393325
47.109309
47.295092
47.031533
46.757150
47.559900
70.666550
72.441716
71.744559
66.223520
57.157400
57.338617
58.627063
53.146088
64.628738
66.089363
60.806014
70.021525
73.955263
82.578355
88.901553
84.637175
83.660800
84.556100
3.135020
3.135020
5.714879
9.693292
5.205551
4.783887
7.352980
7.027874
0.697085
1.015637
11.170133
18.778211
20.681467
17.626158
22.433152
25.993722
31.174578
32.229773
37.991100
39.490212
42.612900
42.612900
43.264327
43.399275
43.848827
45.116953
46.418225
48.131131
47.949561
45.097750
44.721089
44.451550
44.125813
44.747719
51.678100
51.678100
51.690063
51.796047
49.027977
48.611147
47.558720
45.858088
43.343100
75.886800
77.305173
69.673519
61.680559
56.203303
56.993072
59.763463
61.130200
66.002737
80.243988
80.019036
82.821659
83.201144
86.437958
92.046325
92.340300
92.697838
92.970575
0.000000
0.000000
3.584474
5.676434
2.816750
1.210598
6.103308
6.327635
1.400199
1.119584
7.702496
12.985203
14.904477
15.470233
24.475355
27.513050
31.235412
32.158100
37.991100
39.081500
42.612900
42.612900
44.531512
45.140700
46.326219
48.091605
49.855666
50.254100
48.778920
47.431963
47.692514
47.172542
49.640416
48.980547
51.678100
51.678100
51.902941
52.664722
49.458487
48.835475
48.177803
47.169803
43.343100
75.886800
77.608520
68.837083
61.295931
59.171978
64.684570
65.814000
61.218317
64.439256
82.043600
80.243988
85.051925
85.665236
88.482155
95.253178
96.258900
98.382100
100.564000
1.598740
1.598740
1.434354
2.066734
0.320565
0.119296
3.351003
2.804345
0.913247
0.670038
3.691623
8.136013
8.011495
7.435994
18.686086
21.480175
27.602962
30.038900
33.927052
35.603870
41.142900
41.516525
47.130787
48.445700
49.650325
49.968414
51.479841
51.970577
50.972200
54.218625
54.682400
54.915911
55.233816
55.140800
58.015700
58.015700
57.397900
57.360625
53.881550
53.385300
54.540675
56.466300
56.466300
72.637400
77.512500
71.516508
72.668464
70.821795
67.677512
66.560700
66.691800
66.691800
73.308000
73.308000
73.308000
73.951500
82.438463
94.795900
94.795900
99.508100
98.186100
1.886865
1.886865
0.295943
0.086840
0.000000
0.059839
0.281707
0.662809
0.158850
0.162621
1.948595
3.957722
3.170605
3.540045
9.172538
15.176672
22.483512
26.480200
33.168700
33.168700
41.142900
41.142900
47.077412
48.629788
50.589180
50.985941
51.032887
50.924700
52.783491
55.040559
56.573987
57.004450
57.617075
57.927700
60.262262
62.440200
59.990200
58.602723
57.411198
57.634075
59.993727
62.194397
60.946356
72.637400
76.012672
72.023812
74.146888
69.052886
66.702798
66.960400
66.691800
66.691800
73.308000
73.308000
73.308000
73.308000
82.645463
98.207900
96.350300
101.625219
98.186100
0.118834
0.078498
0.053371
0.059157
0.106132
0.108843
0.153036
0.191732
3.332509
5.351884
4.503297
3.831434
8.819555
16.825297
22.213567
25.430450
33.512762
34.112669
40.318400
40.651283
46.478912
47.989373
50.640758
52.853759
52.080444
50.028044
52.428584
53.854481
54.905784
55.669302
57.781020
59.250825
63.125387
64.986825
62.933614
61.193098
59.511994
60.504864
63.525891
64.010066
62.036145
70.376963
72.151327
71.798186
73.738369
72.292044
68.489064
69.468275
66.124738
66.124738
77.646187
77.646187
77.646187
77.646187
88.706775
107.141087
106.444487
109.063656
107.132912
0.119381
0.151016
0.150627
0.102003
0.126287
0.098240
0.141813
0.355953
5.177233
7.254825
6.968900
6.467623
10.924787
17.155359
22.413339
25.264113
33.719200
35.425913
39.823700
40.289736
46.110302
47.609258
50.139461
53.570822
52.248506
48.963100
51.674161
52.859684
53.587006
54.673148
57.742698
59.758944
64.830691
67.101923
66.021841
62.094644
60.873889
62.308295
65.295877
64.039469
61.474800
69.020700
70.277463
71.489184
72.598647
70.905336
69.826913
71.220475
65.784500
65.784500
80.249100
80.249100
80.249100
80.249100
92.343563
112.501000
112.501000
112.501000
112.501000
0.149683
0.167945
0.542065
2.831918
8.315998
10.240084
9.658448
9.896450
13.954442
19.287484
25.695089
29.526891
34.085475
37.565206
39.694887
39.694887
45.604452
46.948347
48.070298
49.016030
47.961144
47.845011
47.687250
50.449614
50.844237
52.494697
55.936550
56.744937
67.426039
67.831800
63.987350
62.802403
62.459798
63.179380
64.599123
62.866266
61.723028
68.444037
69.785000
69.213756
69.887197
72.342920
70.566750
75.001563
67.065063
67.065063
80.638375
80.638375
80.566789
80.556563
92.870227
113.393000
113.393000
113.997000
113.997000
0.177834
0.349727
1.875835
5.143527
11.781971
12.770600
13.338069
11.733388
15.512500
20.767613
30.942125
36.253256
36.654275
38.752100
38.793200
38.793200
42.529537
43.653994
43.051327
42.701427
41.563619
39.731145
38.756300
44.935112
45.817800
46.732636
49.969364
51.792425
67.769542
69.554297
64.197700
63.927063
63.996900
64.233350
64.204925
63.543800
63.157984
64.407400
64.820600
64.392977
69.913869
72.448978
78.130853
89.342900
76.029000
76.029000
83.363300
83.363300
82.790613
82.708800
96.556875
119.637000
119.637000
124.469000
124.469000
17.507489
21.698800
30.040962
33.284338
36.649400
37.404384
38.793200
38.793200
40.035175
40.212600
39.474450
37.759406
37.641500
36.571600
36.571600
44.662025
45.817800
46.350825
47.239200
47.239200
60.075934
66.070800
63.909500
63.369713
62.803387
63.489155
63.377561
63.357105
62.958900
62.550600
62.347300
61.552942
73.954997
75.399052
79.035948
86.545300
76.029000
76.029000
83.363300
83.363300
87.084062
87.211050
101.270063
126.056172
123.717625
131.759000
128.577125
28.366345
29.514556
31.330655
31.700283
34.781400
35.196447
36.150213
36.592489
36.757600
36.216588
34.857047
33.565167
30.199295
28.911245
28.459859
29.771539
29.650575
31.057478
34.372992
35.088252
46.963556
53.069047
56.994055
58.806202
59.400558
57.666687
57.484286
58.816161
61.518453
59.893817
61.418920
59.456784
70.152491
74.524097
82.558706
83.176800
92.407800
92.407800
105.981000
105.981000
118.574875
120.374000
138.338375
168.279000
168.279000
168.279000
168.279000
32.923275
33.652341
35.268650
35.646603
36.119019
36.109444
35.616402
34.898009
32.296925
30.123925
25.607633
26.049600
25.735238
25.754914
25.854030
27.671613
30.948241
31.398663
45.840300
47.935125
54.190838
54.980306
56.348623
56.239383
56.187183
56.763738
57.310713
56.470083
59.467298
64.220698
66.128947
73.188933
81.145386
80.524675
92.407800
92.407800
105.981000
105.981000
118.839016
120.562672
138.338375
168.279000
168.279000
168.279000
177.117125
34.102466
34.877044
35.746900
36.084748
36.076742
35.785466
34.874289
33.653167
30.466678
27.966280
22.953903
24.189100
24.277600
23.968222
23.924025
25.751648
28.797687
28.797687
45.741300
45.741300
51.953087
51.953087
54.117498
54.481244
54.589219
54.720812
54.782387
53.749087
57.175859
65.870483
68.637077
77.940703
79.141853
78.011587
90.843150
90.843150
106.897625
106.904844
121.109859
122.980516
140.066641
168.983750
168.983750
173.663375
186.771250
36.629538
35.847472
33.840909
33.014498
31.403828
26.796077
19.851047
21.168112
21.802212
24.960514
25.411700
24.311825
22.478700
22.478700
45.741300
45.741300
46.215800
46.215800
47.090844
47.400453
48.023083
48.548012
48.979037
48.713875
49.969206
59.462586
62.451531
69.089313
75.303442
71.123075
79.890600
79.890600
113.314000
113.765938
135.952687
139.113000
152.522578
174.871875
184.668391
211.356125
224.381969
37.585598
36.617827
33.889778
32.414127
30.668203
26.566656
17.331369
20.860900
20.977700
24.857450
25.411700
24.311825
22.478700
22.478700
45.741300
45.741300
46.215800
46.215800
45.795712
45.735700
46.273225
47.169100
47.169100
46.450513
46.675481
53.297202
66.645319
74.051517
75.667402
68.072300
79.890600
79.890600
113.314000
116.525250
136.346875
139.113000
155.029125
181.556000
197.560641
221.563266
238.798719
8.761899
9.819116
12.119812
22.290900
26.470862
26.124062
24.883500
24.883500
40.284200
40.284200
39.140300
39.140300
43.630538
44.272000
44.673100
45.341600
45.341600
47.389000
47.389000
58.298413
64.763473
82.766630
85.608867
83.040000
88.405100
95.770500
149.940000
169.982531
184.480125
186.163000
202.055875
228.544000
228.878125
257.143000
279.710000
6.255159
8.507826
11.866331
22.320406
23.688100
25.532984
24.883500
24.883500
40.284200
40.284200
39.140300
39.140300
43.630538
44.272000
44.673100
45.341600
45.341600
47.389000
47.389000
54.724650
64.644302
72.736450
86.082312
80.095000
88.405100
94.400400
149.940000
173.383000
185.056344
189.388000
220.247625
262.722000
250.860156
282.577313
312.019000
21.107945
22.476500
36.375575
38.764825
43.721050
41.795066
42.970795
42.534539
41.607303
41.849475
42.254600
48.922125
48.056625
53.533775
60.896542
71.551239
81.359914
80.391063
89.417975
91.124511
140.071484
185.129875
217.132891
221.282922
250.889344
296.120750
300.405469
341.597172
387.319625
19.514792
21.949408
34.064098
38.025437
46.433858
43.841031
42.839781
41.538356
39.777081
39.689261
40.440559
48.663172
47.817263
52.365795
58.872891
69.564755
80.989986
81.389900
90.202078
90.800662
132.852750
192.326500
236.448906
242.441969
275.981328
326.001875
336.650609
377.406422
459.826094
44.000261
41.459673
40.114877
39.038161
41.562984
41.251628
43.976392
49.019906
56.742452
65.298742
85.037309
84.537200
88.980400
94.405138
133.982000
191.882719
240.632125
258.495625
324.813875
416.903578
464.789422
636.949109
901.685656
930.160875
938.526531
44.224414
44.705953
42.852511
42.490347
43.188920
43.263620
44.348753
46.724244
56.856852
64.349344
65.011984
66.329500
81.663300
81.663300
121.368000
153.465625
254.866047
271.788625
338.001000
449.792422
736.190094
904.860125
934.312469
935.508906
941.283016
45.327600
43.969600
45.412900
44.805900
44.374000
49.725150
63.355042
71.461742
70.376208
67.798200
81.663300
89.380700
125.760000
137.597875
251.698500
301.150375
448.528469
745.230219
931.140297
935.329031
938.455109
934.316406
930.572125
53.206088
52.874900
52.874900
57.147800
57.147800
59.769563
63.100845
83.547484
101.344375
102.395000
119.575000
134.269000
187.878000
205.745500
429.033375
477.793375
673.228656
924.346141
936.575750
933.242469
930.308156
930.321469
930.325484
52.874900
57.147800
59.182800
60.261773
61.423803
72.236930
94.215312
102.963125
119.575000
132.396500
187.878000
207.522297
429.287203
545.404469
887.567234
935.154750
941.562844
930.448469
930.319016
930.337297
930.345625
930.349484
930.866000
64.245775
74.969800
78.906488
76.100170
73.318452
74.649689
100.392016
117.102750
144.528125
166.174797
234.538625
252.325406
544.353563
697.886938
932.525141
943.089219
934.244391
937.925391
930.756766
930.484875
930.352844
931.678688
941.528500
124.838797
133.261937
159.500000
188.473766
262.611375
286.484766
619.811156
857.298406
936.981328
945.536047
933.434797
935.037609
930.330687
930.345281
930.357500
933.094719
944.174125
