0.000000
0.000000
0.000000
0.000000
0.000000
0.000000
0.000000
0.000000
0.000000
0.000000
0.000000
0.000000
0.000000
0.000000
0.000000
0.000000
0.000000
0.000000
0.000000
0.000000
0.000000
0.000000
0.000000
0.000000
0.000000
0.000000
0.000000
0.000000
0.000000
0.000000
0.000000
0.000000
0.000000
0.000000
0.000000
0.000000
0.000000
0.000000
0.000000
0.000000
0.000000
0.000000
0.000000
0.022479
0.025394
0.017099
0.003139
0.000000
0.000000
0.000000
0.000000
0.000000
0.000000
0.000000
0.000000
0.000000
0.000000
0.000000
0.000000
0.000000
0.000000
0.000000
0.000000
0.000000
0.000000
0.000000
0.088025
0.088300
0.090107
0.082245
0.051975
0.001798
0.000000
0.003504
0.000000
0.000000
0.000000
0.000000
0.000000
0.000000
0.000000
0.000000
0.000000
0.000000
0.000000
0.000000
0.000000
0.000000
0.000000
0.076334
0.090632
0.118425
0.139702
0.100017
0.094960
0.072279
0.006010
0.004633
0.016332
0.003152
0.002574
0.000311
0.000000
0.000000
0.000000
0.000000
0.000000
0.000000
0.000000
0.000000
0.000000
0.000000
0.000000
0.000000
0.000000
0.000000
0.077406
0.160434
0.223254
0.182901
0.100200
0.136684
0.063665
0.014482
0.056466
0.094995
0.047588
0.044065
0.003961
0.000239
0.000000
0.000000
0.000000
0.000000
0.000000
0.000000
0.000000
0.000000
0.000000
0.000000
0.000000
0.000000
0.000000
0.000000
0.000000
0.091970
0.281155
0.355041
0.206360
0.044265
0.059880
0.107615
0.094682
0.007133
0.088605
0.089155
0.092885
0.015688
0.002771
0.000000
0.000000
0.000000
0.000000
0.000000
0.000000
0.000000
0.000000
0.000000
0.000000
0.000000
0.000000
0.000000
0.000000
0.000000
0.023464
0.023464
0.124134
0.385107
0.208074
0.133963
0.087373
0.086481
0.088831
0.096619
0.096488
0.094656
0.087100
0.087578
0.086878
0.069928
0.012021
0.012254
0.000000
0.000000
0.000000
0.000000
0.000000
0.000000
0.000000
0.000000
0.000000
0.000000
0.000000
0.000000
0.000000
0.037187
0.037187
0.078272
0.111404
0.129887
0.099681
0.087069
0.087564
0.087796
0.087880
0.089790
0.090524
0.161925
0.119691
0.087960
0.087324
0.087093
0.086986
0.054241
0.000394
0.000000
0.000000
0.000000
0.000000
0.000000
0.000000
0.000000
0.000000
0.000000
0.000000
0.000000
0.000000
0.000000
0.000000
0.000000
0.086261
0.142160
0.113752
0.105006
0.099967
0.143554
0.132844
0.103662
0.111764
0.145325
0.150371
0.222838
0.152122
0.089475
0.087674
0.086929
0.085783
0.057531
0.000000
0.000607
0.002180
0.000000
0.000000
0.000000
0.000000
0.000000
0.000000
0.000000
0.000000
0.000000
0.000000
0.031903
0.031903
0.114867
0.193384
0.267849
0.255472
0.357113
0.345232
0.235965
0.136565
0.112251
0.178724
0.242309
0.281668
0.253902
0.204180
0.093617
0.087823
0.178812
0.229934
0.116652
0.117067
0.088312
0.007194
0.000000
0.000000
0.000000
0.000000
0.000000
0.000000
0.000000
0.000000
0.000000
0.000000
0.000000
0.075399
0.075399
0.194462
0.498959
0.638538
0.652267
0.755847
0.655547
0.324181
0.156965
0.094042
0.134520
0.373606
0.394734
0.390569
0.368701
0.201654
0.413164
0.834832
0.249252
0.513873
0.348584
0.209203
0.099022
0.008005
0.000199
0.000000
0.000000
0.000000
0.000000
0.000000
0.000000
0.000000
0.000000
0.000000
0.000000
0.000000
0.358077
0.953474
1.145172
1.360270
1.850239
1.195536
0.347020
0.110275
0.176677
0.141763
0.683530
0.684967
0.571404
0.589284
0.383413
0.949361
0.452740
0.892998
1.095093
0.939226
0.652991
0.282174
0.077796
0.054401
0.000522
0.000000
0.000000
0.000000
0.000000
0.000000
0.000000
0.000000
0.000000
0.000000
0.000000
0.000000
0.000000
0.062853
0.062853
0.446538
1.579132
2.773731
4.399661
4.698493
3.339923
1.291343
0.291546
0.669794
1.367946
1.842193
1.285189
0.634216
1.066235
3.419451
3.055535
1.210645
1.774212
1.962386
1.710422
1.121503
0.596914
0.124808
0.088357
0.050538
0.087261
0.015890
0.001406
0.000000
0.000000
0.000000
0.000000
0.000000
0.000000
0.000097
0.000015
0.000000
0.169965
0.169965
1.459934
3.117564
4.885671
7.134488
7.802857
7.500173
5.445312
4.901349
5.978012
6.912708
6.249152
6.094458
3.867783
7.041148
9.706851
2.872247
3.651024
3.041078
3.437385
3.006331
1.492928
0.907415
0.265519
0.157361
0.109050
0.092360
0.028728
0.007148
0.038397
0.023005
0.000000
0.000000
0.038730
0.170167
0.207743
0.169381
0.014242
0.000000
0.000118
0.000000
0.000000
1.457556
4.103167
6.110408
7.407952
8.512309
9.258780
10.883524
11.290545
10.401967
10.791411
11.549002
12.818718
13.885875
11.864020
6.223413
5.109683
5.046611
5.009214
5.742872
4.669937
1.708855
0.758410
0.251433
2.213302
0.400234
0.091579
0.083111
0.056941
0.088582
0.065002
0.058211
0.066240
1.601083
1.490306
1.472508
1.223483
0.096810
0.166515
0.055346
0.155056
0.155056
1.405344
4.108995
6.297176
7.543736
8.943332
9.956651
11.516314
12.025619
11.450209
12.104967
13.219652
13.776617
10.962248
8.484188
5.467271
6.280721
6.541417
6.873902
7.346665
6.085724
3.041195
1.720126
3.430929
5.337605
0.885972
0.227433
0.414118
0.214963
0.277298
0.396285
1.730780
3.137523
1.778141
0.460671
0.351841
2.226954
3.955220
2.760246
0.391055
0.764380
0.877237
1.722910
1.400289
1.079697
0.530775
0.121774
0.094758
0.149038
0.403137
0.506253
2.715675
3.503105
5.548675
10.171527
11.561633
13.998858
16.634623
16.853642
15.707242
0.132527
0.132527
1.392977
4.090597
6.356060
7.577342
8.988764
9.766330
10.934350
11.458084
12.457941
12.666255
13.130322
13.631955
14.339439
13.821663
12.214113
11.186730
15.496445
15.310630
12.803875
13.411801
10.502650
7.142276
5.494048
1.942914
2.453466
2.168739
1.697678
1.621147
3.366348
0.545309
0.089147
0.150046
0.075117
0.000000
0.000000
0.053056
2.955768
6.675525
6.310664
6.951783
11.529184
6.309829
5.035741
7.218634
5.366339
1.179598
0.608058
0.445981
1.139021
1.753953
6.778179
11.179547
13.289087
14.936709
11.943050
7.738480
11.980325
17.273833
14.287717
0.000000
0.000000
1.391712
4.045627
6.287740
7.568749
9.035880
9.697025
10.808109
11.139128
11.268437
11.194775
13.256073
14.264092
15.486606
16.232145
16.146061
16.407834
17.702662
15.305523
12.247912
7.030539
4.091404
4.057276
3.725947
3.750206
3.547216
3.152491
2.558782
3.681293
5.173550
0.121727
0.000000
0.000000
0.000155
0.000000
0.000000
0.047910
0.517167
3.268499
8.999094
10.284626
11.759500
6.584839
10.217469
16.581300
12.425039
5.695930
1.623834
0.876362
1.317291
2.387894
4.987542
6.997750
9.790192
8.044364
4.782398
8.080127
15.980300
27.764191
18.161802
0.363893
0.363893
1.351918
3.889358
5.994490
7.083343
8.461165
8.661821
7.596651
5.417804
4.962488
5.214971
8.345570
12.886499
15.894031
16.496902
16.836569
17.259078
16.844023
14.282645
11.202716
7.179695
7.437962
6.875551
4.801396
4.378342
4.685268
4.021955
3.741469
7.749447
7.697339
0.797191
0.005550
0.001614
0.003801
0.047929
0.097750
0.230877
0.905942
2.562754
4.400365
6.157863
8.833283
11.064203
17.498900
21.266913
17.232012
13.609087
5.482876
2.311753
1.446211
2.150269
4.385370
4.257988
4.108405
2.020779
4.193196
8.595253
16.687456
28.706898
16.393359
0.138282
0.138282
1.189682
3.527070
5.671644
5.989053
4.428144
1.906473
0.398281
0.009673
0.080747
0.167794
3.628924
11.940466
11.205777
14.122104
14.713419
15.139838
15.627638
14.855317
11.453498
10.127528
6.718880
5.988742
6.787962
7.127260
6.047521
6.307316
7.440746
9.858672
7.764531
1.837534
0.102252
0.113284
0.207033
0.659658
1.990051
4.085960
2.120746
1.980901
3.420078
4.766869
10.672728
20.253200
25.549139
29.227175
26.205816
15.622581
11.612194
6.768184
5.053200
5.309232
4.101700
4.285651
7.411725
4.765079
6.461798
10.536553
12.153598
16.717244
16.732009
0.000000
0.000000
0.981859
2.883207
4.862774
5.690559
2.806813
0.269630
0.000000
0.000000
0.032790
0.054818
2.563816
7.637766
3.742441
10.140813
11.498203
11.960203
14.332383
12.480109
10.858662
9.586890
7.420385
7.114220
7.635033
7.815104
7.501728
8.120032
10.083190
10.515526
7.417025
3.101909
0.176360
0.384305
1.898437
3.315808
3.852903
4.597741
2.730100
3.442770
6.758861
10.679248
10.809238
19.640325
28.171786
31.233211
28.566119
20.155522
16.615558
10.201455
7.422964
8.495829
5.215202
7.163869
9.427563
9.779658
13.721827
19.115369
18.762291
17.897387
19.624116
0.133435
0.133435
0.753251
1.995374
1.876509
2.689557
1.857112
0.363142
0.000000
0.000000
0.000000
0.033770
1.435216
1.809215
2.431128
7.361678
7.806520
10.956158
13.195981
11.810742
11.423270
9.193173
7.691585
7.882556
8.358878
8.470784
8.574121
9.623587
13.063722
10.960770
7.928718
4.238027
1.855456
3.816492
6.835647
4.541279
2.765022
1.711421
2.898215
4.243047
7.814062
12.251275
10.696857
19.598075
30.283548
32.923588
27.737147
14.070411
13.219503
9.222600
8.185583
9.873639
7.365876
8.333503
11.154395
12.305722
17.004806
22.837319
20.550200
19.154975
22.044100
0.814777
0.814777
0.455173
1.209741
0.242329
0.011545
0.079552
0.116518
0.005784
0.000000
0.000000
0.000000
0.028961
0.078526
0.110688
0.152864
4.115695
10.349037
9.953233
9.949715
11.563433
10.959844
10.271474
10.358363
10.407852
10.421688
10.873473
13.659742
13.205994
11.884448
12.183997
11.955795
12.553384
13.651253
10.853008
4.083700
3.162155
5.590567
3.173979
4.620614
10.038188
12.482950
9.179812
21.903498
31.555663
30.230344
21.448805
12.777199
10.731669
11.156450
10.819787
10.812586
11.945600
11.579172
17.413037
18.290905
19.892841
22.460013
22.504175
23.481450
26.138250
0.000000
0.000000
0.273066
0.548174
0.113949
0.010699
0.077682
0.083255
0.036090
0.000000
0.000000
0.000000
0.000000
0.000000
0.000103
0.490873
4.100796
5.453836
5.889651
8.375464
11.279255
11.962036
11.343522
11.488575
12.007784
12.172300
13.545898
15.265867
13.371952
14.266003
16.348066
16.872216
18.889019
17.424231
14.108500
11.088993
8.882242
9.061131
4.448829
8.035045
12.380464
12.208441
9.016240
22.244195
31.892389
31.838180
19.793195
14.332658
15.717513
15.431700
10.740803
11.310050
15.307000
12.375575
17.751750
18.875438
20.532050
22.471300
22.824600
24.681600
26.553700
0.677690
0.677690
0.113116
0.145908
0.075748
0.012159
0.000000
0.000411
0.000000
0.000000
0.000000
0.000000
0.000000
0.000000
0.000000
0.359139
1.122529
0.940644
5.122830
8.313176
11.081823
12.785797
13.309072
13.626012
14.332337
14.505228
14.775445
16.802166
16.561880
17.522189
19.313953
20.444563
22.485100
22.625991
19.746780
18.288544
16.150273
8.849396
12.456748
13.858689
15.631900
17.279400
17.279400
27.155500
35.932900
37.252006
26.856223
24.583366
23.149020
19.692200
11.855700
11.816100
14.399300
14.227363
17.005862
17.795063
19.516775
21.306400
21.306400
22.458300
22.553823
0.879445
0.879445
0.083075
0.055453
0.000000
0.000000
0.000000
0.000000
0.000000
0.000000
0.000000
0.000000
0.000000
0.000000
0.000000
0.000000
0.032582
0.584748
4.387963
7.086179
9.233741
11.193624
11.474144
10.856731
14.221423
15.815948
16.543242
16.412500
16.943961
18.472773
20.692708
21.800050
23.773975
25.153862
25.621950
26.145712
23.111739
16.908350
15.389289
16.374725
19.905266
21.516000
19.527500
27.155500
37.237209
40.064725
36.845417
36.394697
28.281756
21.463373
14.395800
12.371636
15.709000
14.391075
17.005862
17.603625
19.197713
21.306400
21.375800
21.026000
20.114700
0.076680
0.020582
0.000000
0.000000
0.000000
0.000000
0.000000
0.000000
0.000000
0.000000
0.000000
0.000000
0.000000
0.000000
0.033344
0.162378
2.635927
5.909238
8.713557
9.299867
9.716291
10.123641
12.845141
17.047903
18.346694
15.453011
15.486888
17.954431
21.842942
22.226378
23.514163
24.894906
26.829625
28.859962
27.231270
21.040827
20.447875
21.061702
23.338117
24.419312
22.013062
27.698812
37.344238
40.909700
42.267077
41.231753
29.580394
20.681437
14.792562
13.675933
15.442688
14.948466
17.037362
17.419859
18.653548
20.504150
21.242738
21.068125
20.726387
0.002653
0.000213
0.000000
0.000000
0.000000
0.000000
0.000000
0.000000
0.000000
0.000000
0.000000
0.000000
0.000000
0.000000
0.022550
0.122497
2.171760
6.126786
8.619681
8.641025
9.456187
9.894498
12.856439
17.782027
18.999905
14.798737
14.122775
17.391348
22.629906
22.194491
22.997933
24.342103
27.377848
30.259938
29.676025
23.488795
23.305319
24.030563
25.986502
26.202588
23.504400
28.995272
37.571202
41.893100
41.248558
38.605536
26.147573
19.166877
14.932050
14.406700
15.282900
15.282900
17.056262
17.309600
18.327050
20.022800
21.020387
21.093400
21.093400
0.000000
0.000000
0.000000
0.000000
0.000000
0.000000
0.000000
0.000000
0.000000
0.000000
1.129362
4.761078
4.300620
8.334905
10.471130
9.877967
9.980319
10.562823
12.697459
14.285345
16.302650
14.192900
13.043975
15.329016
19.234019
19.783155
20.188886
20.813964
27.127294
30.118453
25.736995
23.411366
23.564733
25.025956
27.522766
26.202562
23.588763
35.061383
37.645575
39.669767
35.779794
33.074445
20.755011
14.851175
14.525925
14.525925
15.197387
15.197387
16.722655
16.940550
18.096394
20.022800
20.022800
21.528275
21.651725
0.000000
0.000000
0.000000
0.000000
0.000000
0.000000
0.000000
0.000000
0.000000
0.000000
1.203426
6.519952
9.222783
9.591140
11.153428
10.935459
10.974162
11.253069
12.115738
12.816800
13.541500
13.130300
12.799500
13.578578
15.991158
16.724689
17.284048
17.360392
25.279731
30.656002
26.016119
24.496456
23.803137
24.316638
24.863925
24.179300
24.179300
28.037200
31.225700
32.167517
31.802466
29.889556
20.621225
18.192100
15.446469
15.360500
14.598800
14.598800
14.387400
14.357200
16.481800
20.022800
20.022800
24.572400
25.560000
0.003985
0.016385
0.849801
5.532051
10.361605
10.524600
10.901100
11.061925
11.432187
11.716370
12.152150
12.249400
12.275100
11.492100
11.303200
12.065358
12.994638
12.522253
13.233989
14.230795
20.212097
29.357795
28.149283
27.425187
25.804586
24.562956
23.905862
24.179300
24.179300
26.352200
26.352200
24.808678
24.732933
24.179370
23.299005
20.766200
15.855400
15.360500
15.915500
15.148213
14.442375
14.357200
16.481800
20.022800
20.022800
24.588142
26.253900
1.865195
2.817328
2.996436
5.283583
9.452168
10.822895
10.629900
10.851888
11.240884
11.457390
9.785188
9.277205
8.405019
7.690635
7.646742
7.660198
5.905873
3.774113
2.783577
3.154097
7.396808
16.987381
25.883623
28.456561
26.557589
22.759825
20.850050
20.832300
22.610403
20.490570
22.607900
20.714662
16.357939
20.562509
20.373541
19.481900
19.103200
19.103200
18.497300
18.497300
19.323825
19.441900
20.252463
21.603400
21.603400
28.893200
31.279500
8.739268
9.439833
10.809257
10.689552
10.463775
10.581747
10.562053
8.611454
2.674423
1.863516
1.654965
1.504081
1.232916
1.237765
0.399670
0.104982
0.055715
0.052226
1.147696
7.296677
18.600531
23.531884
24.664788
22.418598
20.591394
20.079386
19.784250
19.326025
21.232025
20.620631
15.919333
15.273353
18.509236
17.635338
19.103200
19.103200
18.497300
18.497300
19.674919
19.692681
21.049689
23.729337
22.308712
28.893200
32.684437
9.682817
10.129446
10.903986
10.508112
10.335450
10.328776
9.304869
4.687824
0.189834
0.095429
0.125455
0.002363
0.019539
0.021924
0.088372
0.088269
0.075497
0.075430
0.099653
0.805587
6.375449
18.740270
22.492158
21.723391
20.232177
19.664417
18.229591
18.784437
19.847994
20.723114
17.334002
16.183078
16.431359
16.141609
18.959062
19.088087
18.678825
18.890969
20.287106
20.271569
21.836561
25.030038
23.015363
29.089700
34.213369
10.171488
9.819850
8.712160
3.688392
0.261712
0.105427
0.061668
0.025048
0.092454
0.087115
0.140147
0.095227
0.088600
0.097730
0.124094
0.473314
4.871999
11.107600
15.987580
17.104703
18.228931
19.088662
16.852272
15.860162
16.723437
17.886761
16.696712
12.798069
12.618716
12.849262
17.950100
19.649705
20.433925
21.959181
23.133822
23.270500
24.170430
25.670313
25.316453
30.677416
39.501333
10.397389
9.433109
7.268759
3.335590
0.710881
0.116518
0.011868
0.034379
0.087041
0.100397
0.218838
0.214305
0.086662
0.091553
0.371311
1.383926
5.163202
8.313824
11.053406
13.886992
16.086187
16.731500
16.731500
15.404900
15.404900
15.123412
15.494280
12.702344
12.405319
12.501100
17.950100
23.622764
24.299509
24.152759
23.385800
23.270500
25.389250
28.920500
28.250339
33.971480
40.362300
0.000256
0.000000
0.000000
0.033296
0.090454
0.154432
0.097749
0.233789
0.676954
3.018666
7.395671
9.689059
12.469200
13.237900
14.096037
14.364600
14.320200
14.192000
13.820800
12.788300
12.118228
13.421230
12.452450
12.460200
14.541600
18.782539
26.342898
33.433233
28.409625
27.573300
29.798850
33.508100
30.705458
33.876913
45.210900
0.000000
0.000000
0.000000
0.032017
0.036590
0.100112
0.303711
0.183753
0.976384
4.247955
8.245557
10.612851
13.910488
14.757850
15.023925
14.287800
14.287800
14.608500
13.701000
11.409112
9.732486
9.375203
11.441489
10.803200
13.728800
15.495850
22.178400
28.741075
27.836463
28.232475
33.517028
40.296897
34.939186
38.993558
48.729200
0.180650
0.096470
0.478801
3.804701
9.935982
13.080568
15.075902
15.754577
14.822847
13.681800
13.668050
14.069609
12.834312
10.558541
8.437816
8.782978
10.313708
10.812700
12.524612
12.972786
19.753431
28.079786
29.649283
30.299553
36.556820
44.105278
39.984605
42.908153
54.450138
0.108562
0.439370
1.145965
3.621947
11.487983
14.873905
16.196511
16.561087
14.457997
13.259522
13.149194
13.070808
11.991639
10.038335
9.360067
9.223069
10.119405
10.791450
11.977150
12.084300
17.901705
27.221242
30.317430
31.852259
38.396911
46.824950
41.542111
45.021695
58.668220
20.061584
16.431488
11.628952
12.358781
11.340452
9.681977
7.617246
5.665478
6.012911
6.992330
10.491336
10.207180
12.775851
13.720575
17.946238
24.069947
28.387888
31.105370
40.803697
51.388394
45.783047
51.289327
66.411714
87.885389
88.832773
17.463941
13.316022
10.510811
11.051614
11.186714
10.218663
7.637542
7.403056
7.266808
5.837845
6.282603
7.284160
9.789310
10.793000
16.712400
17.642262
22.171275
25.133638
39.274208
58.517806
49.265700
60.976928
81.078080
102.490631
111.437855
9.273949
9.680780
11.133439
11.443977
6.686163
7.716156
9.827915
9.169080
7.174475
7.197355
9.789310
11.037100
16.712400
16.947075
25.557612
28.917963
43.348461
62.159856
48.197800
58.167200
73.804700
100.224712
118.420750
8.116085
8.403110
9.114140
9.885852
6.922858
6.704000
9.372940
12.815797
10.970347
10.462300
11.045000
13.479500
25.509600
23.715588
39.458325
43.030488
52.263064
64.977387
53.563500
67.924300
79.702400
122.195550
158.044875
8.448152
8.258997
5.660341
5.013887
5.245638
6.904348
9.400835
9.860394
11.127875
11.957937
20.744287
20.954845
38.722130
47.229652
59.006308
67.582405
65.527750
81.201550
87.955338
128.929433
180.125969
215.779656
250.658813
12.355085
10.223888
10.593562
5.968785
5.896872
7.180102
10.759618
12.612281
15.424038
16.088617
22.354225
22.884213
32.634647
39.873064
56.332314
66.180322
75.421956
105.927963
112.929459
162.780302
257.597500
330.593813
495.865609
14.673781
15.782308
17.971900
18.900087
25.035700
25.530720
30.886667
35.670508
49.293942
60.889642
71.623367
115.984000
135.212344
194.483750
372.569516
511.528672
528.520797
