0.000000
0.000000
0.000000
0.000000
0.000000
0.000000
0.000000
0.000000
0.000000
0.000000
0.000000
0.000000
0.000000
0.000000
0.000000
0.000000
0.000000
0.000000
0.000000
0.000000
0.000000
0.000000
0.000000
0.000000
0.000000
0.000000
0.000000
0.000000
0.000000
0.000000
0.000000
0.000000
0.000000
0.000000
0.000000
0.000000
0.000000
0.000000
0.000000
0.000000
0.000000
0.000000
0.000000
0.000000
0.000000
0.000000
0.000000
0.000000
0.000000
0.000000
0.000000
0.000000
0.000000
0.000000
0.000000
0.000000
0.000000
0.000000
0.000000
0.000000
0.000000
0.000000
0.000000
0.000000
0.000000
0.000000
0.000000
0.000000
0.000000
0.000000
0.000000
0.000000
0.000000
0.000000
0.000000
0.000000
0.000000
0.000000
0.000000
0.000000
0.000000
0.000000
0.000000
0.000000
0.000000
0.000000
0.000000
0.000000
0.000000
0.000000
0.000000
0.000000
0.000000
0.000000
0.000000
0.000000
0.000000
0.000000
0.000000
0.000000
0.000000
0.000000
0.000000
0.000000
0.000000
0.000000
0.000000
0.000000
0.000000
0.000000
0.000000
0.000000
0.000000
0.000000
0.000000
0.000000
0.000000
0.000000
0.000000
0.000000
0.000000
0.000000
0.000000
0.000000
0.000000
0.000000
0.000000
0.000000
0.000000
0.000000
0.000000
0.000000
0.000000
0.000000
0.000000
0.000000
0.000000
0.000000
0.000000
0.000000
0.000000
0.000000
0.000000
0.000000
0.000000
0.000000
0.000000
0.000000
0.000000
0.000000
0.000000
0.000000
0.000000
0.000000
0.000000
0.000000
0.000000
0.000000
0.000000
0.000000
0.000000
0.000000
0.000000
0.000000
0.000000
0.000000
0.000000
0.000000
0.000000
0.000000
0.000000
0.000000
0.000000
0.000000
0.143589
0.143589
0.000000
0.000000
0.000000
0.000000
0.000000
0.000000
0.000000
0.000000
0.000000
0.000000
0.000000
0.000000
0.000000
0.000000
0.000000
0.000000
0.000000
0.000000
0.000000
0.000000
0.000000
0.000000
0.000000
0.000000
0.000000
0.000000
0.000000
0.000000
0.000000
0.138664
0.138664
0.005204
0.015934
0.000000
0.000000
0.000000
0.000000
0.000000
0.000000
0.000000
0.000000
0.000000
0.000000
0.000000
0.000000
0.000000
0.000000
0.000000
0.000000
0.000000
0.000000
0.000000
0.000000
0.000000
0.000000
0.000000
0.000000
0.000000
0.000000
0.000000
0.000000
0.000000
0.000000
0.000000
0.040468
0.030793
0.000000
0.000000
0.000000
0.000000
0.000000
0.000000
0.000000
0.000000
0.000000
0.000000
0.000000
0.000000
0.000000
0.000000
0.000000
0.000000
0.000000
0.000000
0.000000
0.000000
0.000000
0.000000
0.000000
0.000000
0.000000
0.000000
0.000000
0.000000
0.000000
0.108048
0.108048
0.055893
0.038918
0.000000
0.000000
0.000000
0.000000
0.000000
0.000000
0.000000
0.000000
0.000000
0.000000
0.000000
0.000000
0.000000
0.000000
0.000000
0.000000
0.000000
0.000000
0.000000
0.000000
0.000000
0.000000
0.000000
0.000000
0.000000
0.000000
0.000000
0.000000
0.000000
0.000000
0.000000
0.163742
0.163742
0.076132
0.058293
0.004819
0.000007
0.000000
0.000000
0.000000
0.000000
0.000000
0.000000
0.000000
0.000000
0.000000
0.000000
0.000000
0.000000
0.000000
0.000000
0.000000
0.000000
0.000000
0.000000
0.000000
0.000000
0.000000
0.000000
0.000000
0.000000
0.000000
0.000000
0.000000
0.000000
0.000000
0.000000
0.000000
0.256058
0.518359
0.098943
0.082839
0.093281
0.032175
0.000000
0.000000
0.000000
0.000000
0.000514
0.000073
0.000000
0.000000
0.000412
0.000137
0.000000
0.000000
0.000000
0.000000
0.000000
0.000000
0.000000
0.000000
0.000000
0.000000
0.000000
0.000000
0.000000
0.000000
0.000000
0.000000
0.000000
0.000000
0.000000
0.000000
0.000000
0.219169
0.219169
0.432666
1.458611
2.259232
3.362778
2.812954
1.477576
0.077360
0.009116
0.140080
0.230810
0.363796
0.171772
0.040598
0.019963
0.393252
0.243778
0.049985
0.006222
0.000000
0.000002
0.000004
0.000000
0.000000
0.000000
0.000000
0.004997
0.004997
0.019599
0.021685
0.026523
0.035618
0.038368
0.056837
0.065308
0.044172
0.041880
0.005936
0.211279
0.211279
1.907976
3.835976
6.250659
8.040519
8.770700
8.003188
3.778731
3.077740
5.218952
5.564814
4.745104
4.840654
2.373540
3.932941
4.340938
0.371676
0.139904
0.067654
0.080661
0.110046
0.007767
0.000000
0.007413
0.024499
0.025852
0.004997
0.021980
0.034374
0.059028
0.066134
0.067824
0.117264
1.127757
6.120438
4.717344
3.427616
0.163608
0.051879
0.061618
0.000000
0.000000
1.812511
4.864329
6.999097
8.499213
10.033154
10.854774
12.029480
11.894344
10.625328
11.038813
11.828266
12.798392
11.255197
8.583955
2.089378
1.351833
0.572431
0.383799
0.778540
1.310932
0.025330
0.000411
0.041610
0.140896
0.053421
0.034967
0.052258
0.071714
0.150100
0.114834
0.469050
1.510484
8.949580
12.988573
10.131017
9.999986
2.698919
2.901042
1.336392
0.250997
0.250997
1.622507
4.733371
7.211055
8.708893
10.563784
11.480241
13.013505
13.025619
12.175422
12.730734
14.001208
13.862050
9.736133
6.546858
2.136762
3.731653
4.634904
3.245878
3.343636
4.025030
1.103840
0.414687
0.212482
0.979647
0.094012
0.115748
0.482934
1.716313
3.065808
3.538552
7.076848
7.656047
10.331081
5.390052
4.592770
13.631587
13.649922
11.965733
6.939722
5.505135
4.424531
4.447163
2.861210
1.548016
0.524686
0.425198
0.314054
0.545494
1.440939
3.368400
8.056293
16.422113
21.675775
23.856455
27.536223
30.036398
31.909898
29.984827
23.983750
0.266000
0.266000
1.570578
4.613726
7.209656
8.649953
10.300567
11.024016
12.124514
12.519808
13.922783
13.535528
13.887184
14.218884
15.218031
14.868698
12.501427
12.395238
19.041359
18.099247
13.806286
13.425516
7.536741
2.175023
0.379308
0.503288
0.624220
1.034425
2.024948
5.265079
8.896835
2.824807
2.027709
1.898909
0.337815
0.371828
0.888425
2.424645
10.090906
10.690066
9.574078
9.624552
13.851733
7.872512
10.227956
10.145503
6.082169
1.794974
1.225210
0.964281
2.531212
6.602755
19.877137
22.257486
22.947672
23.844908
22.421652
19.919487
19.477047
22.667533
15.404717
0.000000
0.000000
1.546923
4.514364
7.072220
8.478669
10.209799
10.943013
11.891733
12.089598
12.027677
11.564927
13.957106
15.145775
17.075995
17.915313
18.173586
19.447623
21.187947
17.449748
13.471292
6.422224
1.134659
0.460127
0.588629
0.627174
0.762046
0.806253
0.844381
2.525281
6.933074
0.239495
0.292010
0.393097
0.837365
1.350137
2.137602
3.342601
5.966409
8.176539
12.245484
14.344773
13.120872
9.316847
16.799181
20.393773
16.008506
6.781172
1.952235
1.344231
2.529735
7.767015
16.317933
17.399733
17.186814
12.901252
9.461484
10.488300
20.464594
29.350217
18.426619
0.322351
0.322351
1.517340
4.353690
6.673660
7.792207
9.238015
9.174417
7.751296
5.169998
3.590448
3.412164
8.757972
14.391579
18.152758
18.956164
19.819208
20.841905
20.264634
16.536023
11.674456
5.508687
2.497393
0.780332
0.603120
0.760258
0.685704
0.394232
0.530408
3.450383
8.192917
0.879891
1.499552
2.576202
3.722593
4.126010
5.222298
6.184548
6.589813
6.960708
8.788166
12.027334
9.407773
18.000016
23.672119
26.044119
25.195022
19.217866
4.948451
2.505372
2.327908
4.462888
9.504527
9.083528
9.169856
5.423028
8.305457
12.797550
17.551959
28.237108
17.778237
0.071777
0.071777
1.339227
3.942380
6.279790
6.187655
3.654416
0.896458
0.111824
0.000000
0.000000
0.000000
2.992119
13.028407
12.309910
15.902875
16.467822
17.561345
18.472220
16.812317
11.482047
8.180909
1.390924
0.602285
0.255196
0.358478
0.686159
1.236381
4.047266
9.336650
7.299910
3.817340
5.554947
4.897326
4.752316
7.254249
7.767484
7.711445
6.435914
6.638943
8.823175
11.401500
14.420200
27.575900
33.349056
38.304347
37.092412
19.941530
12.300131
6.630868
5.690674
8.496965
7.449077
7.092722
13.441096
10.018506
11.523227
14.891841
14.569859
18.187641
17.987691
0.000000
0.000000
1.071582
3.165000
5.281842
5.731932
1.744479
0.047872
0.000000
0.000000
0.000000
0.006458
2.509182
7.928412
3.238163
10.482848
12.117614
13.158856
16.792700
14.472275
11.389175
8.103283
2.155853
1.633873
1.017095
1.165018
2.188647
3.399894
8.427448
10.236662
5.688366
4.289488
3.444755
3.841834
6.133611
6.825611
8.135409
7.188362
6.257218
6.399978
9.887870
15.344258
14.922075
27.841289
34.559002
39.609214
38.187092
25.960528
18.390631
9.903355
7.894628
13.019294
8.578853
8.088855
11.750487
12.546550
16.130892
19.479875
18.764097
19.437684
22.222923
0.136052
0.136052
0.814723
2.082752
1.692748
2.410052
1.029414
0.071312
0.000000
0.000000
0.000000
0.025838
0.971810
1.274865
1.054258
6.179036
7.274819
11.868358
15.403262
14.203595
12.921333
9.395392
3.723297
4.203974
4.054831
3.337420
3.438576
5.280478
11.653033
10.183851
4.436078
1.717252
2.814309
4.973838
7.394047
7.393149
6.066185
5.935357
6.594765
6.717155
10.899330
18.815477
15.011750
27.512641
35.092028
40.261320
32.565608
15.199363
13.790003
9.553606
9.172942
15.331241
9.608477
8.342801
11.230029
12.380223
16.895248
20.972692
20.126913
20.388338
24.844478
0.339444
0.339444
0.488612
1.186331
0.169964
0.002894
0.000000
0.016068
0.000000
0.000000
0.000000
0.000000
0.000000
0.000138
0.059990
0.332213
4.083381
10.388099
11.470187
12.259152
14.598025
13.036773
8.959260
8.671482
9.044463
9.016927
7.900974
9.729526
11.638363
10.455930
10.375106
8.653222
7.587825
8.869514
5.650257
6.096825
7.345846
9.656419
9.762568
10.351791
14.986181
19.353747
13.560625
26.650666
37.280742
34.727980
20.275158
10.928952
11.086959
11.519038
13.136420
13.228017
11.030901
9.146468
12.877001
12.994214
14.454370
17.547300
21.329175
23.865567
29.246334
0.000000
0.000000
0.266054
0.528077
0.085055
0.009442
0.000000
0.000000
0.000000
0.000000
0.000000
0.000000
0.000000
0.001013
0.112692
1.611059
4.753971
5.522610
10.027400
13.816038
17.635473
15.909042
13.404142
13.367370
13.276969
13.216148
13.237298
14.328267
13.622942
14.949742
16.474384
15.337784
15.643391
13.980633
8.724410
9.160480
9.735760
9.105016
9.646643
13.173994
19.657659
19.747300
13.763800
31.678603
35.089742
31.558598
14.824159
12.476997
12.281230
12.117800
10.392636
11.565900
16.656281
12.113870
16.798687
17.977161
17.925637
17.744700
21.345800
25.597116
29.738139
0.269129
0.269129
0.110090
0.132878
0.054612
0.013857
0.000000
0.000000
0.000000
0.000000
0.000000
0.000000
0.000000
0.004200
0.072967
0.561074
2.208596
6.768868
12.787925
18.131708
21.643600
20.938145
17.209609
17.339695
18.404453
18.094303
16.655427
17.808941
20.517033
20.933833
21.599605
22.532600
22.974345
21.142139
16.570767
15.187656
11.035347
9.928049
15.160700
17.435798
21.918845
26.053781
19.972897
26.791544
32.562150
31.954230
18.180011
14.157350
11.695711
11.316352
11.131300
11.131300
13.883500
12.880980
16.309392
16.529450
16.567163
17.302100
19.045000
24.122366
24.972538
0.311646
0.311646
0.061715
0.039252
0.000000
0.000000
0.000000
0.000000
0.000000
0.000000
0.000000
0.000000
0.000000
0.000000
0.000000
0.015281
0.804619
4.555368
9.451115
12.795636
16.680841
16.590136
14.965664
16.270541
19.602550
20.163061
20.058961
18.332400
20.449275
22.585295
24.534298
25.716797
27.693875
28.362500
25.609078
26.445666
20.551192
14.402688
16.997644
20.153030
26.686197
27.960747
18.425777
19.179709
30.144692
30.843083
21.667878
14.704130
11.471405
11.885100
12.887131
11.843500
13.563100
13.161125
14.930237
15.300788
16.381413
17.888600
19.776400
23.770480
26.105064
0.056157
0.014671
0.000000
0.000000
0.000000
0.000000
0.000000
0.000000
0.000000
0.000000
0.000000
0.000000
0.000000
0.009387
0.447497
1.449189
4.272483
9.256293
12.035387
11.177384
11.262647
12.794616
18.131542
21.574044
21.704906
17.336525
17.377202
20.744727
24.350684
24.620278
27.267867
30.032164
31.204391
31.228234
26.920716
17.728500
15.415361
19.289233
26.616644
25.073905
15.119711
17.495038
25.119438
26.425405
24.463612
21.222897
12.338037
11.087913
12.554806
12.089350
13.438600
13.366697
14.994995
15.288131
16.177952
17.528850
20.148025
25.099452
27.524292
0.011421
0.000108
0.000000
0.000000
0.000000
0.000000
0.000000
0.000000
0.000000
0.000000
0.000000
0.000000
0.000000
0.005120
0.017075
0.013811
0.864929
5.395313
9.267203
8.926649
9.806041
11.275302
16.162059
21.789186
21.943023
16.521662
14.517375
18.940784
23.484216
23.406022
25.687319
29.470017
34.224187
34.660358
29.762702
20.931998
14.909584
18.764911
25.288947
22.147244
12.950625
17.273628
22.692956
24.244178
25.065150
20.724753
11.337450
10.875825
12.292450
12.178688
13.269600
13.366823
15.385075
15.307333
16.108148
17.351188
20.410400
26.165078
29.141047
0.000000
0.000000
0.000000
0.000000
0.000000
0.000000
0.000000
0.000000
0.000000
0.000000
0.555986
3.246240
3.042634
8.901595
12.716948
10.834230
10.617863
11.659755
14.688109
16.892683
17.800162
15.255600
12.395725
14.119584
18.328058
18.792622
20.005097
22.134487
31.261323
31.414361
25.217384
21.215714
17.769978
19.139972
20.896477
16.457563
11.745563
19.570080
21.948075
22.806866
19.182025
16.627386
13.894672
13.291536
13.058663
12.599200
12.732825
13.260111
15.090545
15.533233
16.486455
17.557962
20.659412
27.735741
33.005423
0.000000
0.000000
0.000000
0.000000
0.000000
0.000000
0.000000
0.000000
0.000000
0.000000
0.546988
5.433321
9.642864
11.207400
14.149980
13.258819
12.296731
12.413513
13.443934
14.652248
14.670900
12.956100
11.187000
11.264361
13.115997
13.905044
15.611033
16.863400
27.167045
31.329711
26.502681
25.746556
23.024091
22.511570
22.154702
20.044100
15.292047
19.347600
20.305700
21.400533
18.294811
16.825023
15.029528
15.216700
13.803900
13.803900
13.596100
13.724725
16.151691
16.381594
16.580153
17.134200
20.471900
28.895022
36.001159
0.000977
0.000000
0.148932
3.801765
11.664769
12.770600
13.033600
13.482475
13.369423
13.268087
12.963387
12.651700
11.269584
9.426686
7.851156
7.176996
8.861475
8.561859
10.545858
12.359073
19.247235
28.275091
28.976495
29.397903
26.354817
24.485406
22.924747
21.966064
18.146050
16.061106
15.804902
14.027809
12.573728
14.715267
15.208155
14.006600
13.803900
13.803900
15.058300
14.510638
16.376650
16.848987
17.565569
18.207652
22.728086
29.727978
37.220498
0.680017
0.516567
1.025533
2.495889
10.157331
12.502700
12.067800
12.655275
12.874584
12.355975
9.110082
7.617078
5.115789
2.324379
0.609492
0.487883
0.865334
0.542035
0.331996
0.478381
4.575792
13.040397
24.167866
27.577686
25.827325
20.920312
18.863827
19.630295
19.221298
14.969645
13.848145
10.010981
9.667004
11.694967
12.500289
13.501905
14.385300
15.072200
15.389800
15.389800
16.856212
17.733683
19.362755
20.311125
23.628478
31.478569
40.259841
7.158914
8.635078
11.717481
11.939075
11.709738
11.803275
11.247625
8.002741
1.545428
1.111716
0.402791
0.081491
0.076781
0.099002
0.148425
0.169432
0.215888
0.389257
1.630056
4.721091
15.046541
20.383145
22.393598
20.198758
18.117375
17.882453
15.350719
12.563100
13.962194
12.305758
9.528306
10.541134
12.142477
13.005002
15.090558
15.902200
15.389800
15.389800
17.106681
18.350388
20.512441
21.561505
24.632617
32.790552
42.150409
8.998888
9.957438
11.496491
11.522137
11.456362
11.153044
8.472348
2.912746
0.078517
0.072305
0.073437
0.089413
0.112594
0.140362
0.189879
0.239842
0.318604
0.412526
1.381419
2.417500
6.098912
8.365088
19.149092
19.605941
17.829088
17.135388
13.021369
11.266986
13.244960
13.132790
9.499707
10.585296
11.301997
12.374555
15.036936
16.614288
15.787750
15.848727
17.535348
18.809680
21.446241
22.530820
26.253505
33.836427
44.536195
11.226855
10.068647
7.666919
1.947576
0.294335
0.299088
0.408510
0.487605
0.529868
0.366133
0.871680
0.313123
0.513864
0.718442
1.516353
2.673169
4.899967
6.289843
5.703169
13.728082
16.909537
16.726037
11.778172
9.159621
8.878535
9.051206
8.177065
8.245568
9.809280
10.321080
14.814039
18.540797
18.915820
19.400488
19.815052
20.942209
23.581884
24.208727
26.738233
35.997195
47.842878
11.467997
9.276854
5.624234
0.840360
0.136809
0.149271
0.146516
0.113126
0.348794
1.213042
2.186071
0.936568
0.498231
1.219014
2.149748
4.485669
4.327387
4.682203
4.690385
9.908661
13.221295
13.719100
12.264161
9.040140
7.411650
6.998580
8.454662
8.861945
9.243866
9.446030
13.274400
20.743997
21.405262
21.784983
22.132062
23.401025
26.217358
26.676170
26.176163
37.177428
48.779058
0.000000
0.006946
0.052924
0.071209
0.530112
0.963356
0.972126
2.706734
5.152979
7.743070
6.523636
5.286776
4.364591
7.692123
10.127881
10.428600
10.221600
8.231040
6.096929
5.290217
6.640609
8.170660
8.467897
8.515810
10.349300
14.494425
20.690219
24.902639
22.012734
23.389213
28.111922
30.806756
27.697898
35.074363
51.406400
0.000000
0.006946
0.006946
0.045942
0.069425
0.407119
1.100175
1.455324
4.902929
8.215400
7.738430
7.489634
6.996013
7.376760
8.970496
9.199590
8.234040
6.197625
3.966090
4.342384
4.966287
5.701592
6.950897
6.729030
7.879150
10.783634
16.544537
22.955212
23.208273
24.751938
30.737866
36.053319
30.383173
38.584442
54.854200
0.684213
0.546267
3.347567
7.596352
8.682343
9.064023
6.859906
7.380624
8.620872
8.887759
7.471589
4.643835
3.875446
4.390422
4.870701
5.355686
6.349858
6.664336
7.545762
8.567025
14.072959
20.640431
23.211648
25.175594
31.806527
38.836831
33.649903
41.157328
59.490200
0.736493
1.450260
3.107297
6.378681
9.307088
9.282848
6.668669
7.628990
8.342639
8.667508
6.739021
3.714181
3.748196
4.323040
5.169955
5.528114
6.171972
6.596489
7.414726
7.695272
12.159827
18.956247
22.694036
25.200442
32.363775
40.634775
34.923677
42.036244
62.854923
6.349213
6.785127
7.133904
7.924314
4.150355
3.638395
3.758112
3.822267
3.949144
4.475418
6.229175
6.231048
7.759170
8.559795
10.368095
15.240154
20.316734
23.479814
33.603666
43.860123
38.000809
45.453652
68.991830
86.683028
92.314722
5.252759
5.753415
5.927998
6.269159
4.681801
4.313601
4.510638
4.735452
4.792954
4.165346
4.543366
5.095490
6.789460
6.789460
8.118960
11.096970
16.396523
19.588525
32.376947
47.370820
39.210455
49.508752
80.070733
99.548103
109.365177
4.791460
4.895810
4.934270
3.916966
3.390467
4.363835
5.486487
5.719608
5.180524
5.263190
6.789460
8.279050
10.510100
11.597200
18.414575
22.379500
35.971675
51.329253
43.472166
53.193070
80.189900
99.256237
115.764750
4.114325
4.319700
4.400001
3.394956
1.913816
2.564878
4.021831
6.040758
6.299909
6.190650
6.966700
8.956300
15.717000
15.896287
31.040937
37.605963
48.328056
55.034280
49.706878
60.266261
88.413800
120.920225
149.616000
3.769847
2.898321
1.424733
1.606870
2.075630
3.018425
5.070156
6.002667
7.035169
7.839150
12.219375
14.147334
29.781617
40.314673
56.332394
58.951095
64.402775
79.369056
107.139550
150.008678
211.414359
248.139688
288.551313
3.757958
3.096509
2.660346
2.467287
2.810979
3.288931
4.613096
5.625920
7.043938
8.071615
10.207865
12.741622
23.908581
33.179486
49.188020
54.848669
70.389698
92.897058
151.184063
234.221984
336.071313
344.947344
346.812266
5.524924
5.728670
6.666258
9.048119
11.319300
13.939127
22.412431
27.886369
39.672194
48.226597
67.021650
106.886586
222.842781
334.294219
346.960953
346.624000
348.407000
