0.000000
0.000000
0.000000
0.000000
0.000000
0.000000
0.000000
0.000000
0.000000
0.000000
0.000000
0.000000
0.000000
0.000000
0.000000
0.000000
0.000000
0.000000
0.000000
0.000000
0.000000
0.000000
0.000000
0.000000
0.000000
0.000000
0.000000
0.000000
0.000000
0.000000
0.000000
0.000000
0.000000
0.000000
0.000000
0.000000
0.000000
0.000000
0.000000
0.000000
0.000000
0.000000
0.000000
0.000000
0.000000
0.000000
0.000000
0.000000
0.000000
0.000000
0.000000
0.000000
0.000000
0.000000
0.000000
0.000000
0.000000
0.000000
0.000000
0.000000
0.000000
0.000000
0.000000
0.000000
0.000000
0.000000
0.000000
0.000000
0.000000
0.000000
0.000000
0.000000
0.000000
0.000000
0.000000
0.000000
0.000000
0.000000
0.000000
0.000000
0.000000
0.000000
0.000000
0.000000
0.000000
0.000000
0.000000
0.000000
0.000000
0.000000
0.000000
0.000000
0.000000
0.000000
0.000000
0.000000
0.000000
0.000000
0.000000
0.000000
0.000000
0.000000
0.000000
0.000000
0.000000
0.000000
0.000000
0.000000
0.000000
0.000000
0.000000
0.000000
0.000000
0.000000
0.000000
0.000000
0.000000
0.000000
0.000000
0.000000
0.000000
0.000000
0.000000
0.000000
0.000000
0.000000
0.000000
0.000000
0.000000
0.000000
0.000000
0.000000
0.000000
0.000000
0.000000
0.000000
0.000000
0.000000
0.000000
0.000000
0.000000
0.000000
0.000000
0.000000
0.000000
0.000000
0.000000
0.000000
0.000000
0.000000
0.000000
0.000000
0.000000
0.000000
0.000000
0.000000
0.000000
0.000000
0.000000
0.000000
0.000000
0.000000
0.000000
0.000000
0.000000
0.000000
0.000000
0.000000
0.000000
0.000000
0.000000
0.000000
0.000000
0.000000
0.001855
0.001855
0.000000
0.000000
0.000000
0.000000
0.000000
0.000000
0.000000
0.000000
0.000000
0.000000
0.000000
0.000000
0.000000
0.000000
0.000000
0.000000
0.000000
0.000000
0.000000
0.000000
0.000000
0.000000
0.000000
0.000000
0.000000
0.000000
0.000000
0.000000
0.000000
0.001353
0.001353
0.000000
0.000000
0.000000
0.000000
0.000000
0.000000
0.000000
0.000000
0.000000
0.000000
0.000000
0.000000
0.000000
0.000000
0.000000
0.000000
0.000000
0.000000
0.000000
0.000000
0.000000
0.000000
0.000000
0.000000
0.000000
0.000000
0.000000
0.000000
0.000000
0.000000
0.000000
0.000000
0.000000
0.000000
0.000000
0.000000
0.000000
0.000000
0.000000
0.000000
0.000000
0.000000
0.000000
0.000000
0.000000
0.000000
0.000000
0.000000
0.000000
0.000000
0.000000
0.000000
0.000000
0.000000
0.000000
0.000000
0.000000
0.000000
0.000000
0.000000
0.000000
0.000000
0.000000
0.000000
0.001762
0.001762
0.000000
0.000000
0.000000
0.000000
0.000000
0.000000
0.000000
0.000000
0.000000
0.000000
0.000000
0.000000
0.000000
0.000000
0.000000
0.000000
0.000000
0.000000
0.000000
0.000000
0.000000
0.000000
0.000000
0.000000
0.000000
0.000000
0.000000
0.000000
0.000000
0.000000
0.000000
0.000000
0.000000
0.001834
0.001834
0.000000
0.000000
0.000000
0.000000
0.000000
0.000000
0.000000
0.000000
0.000000
0.000000
0.000098
0.000033
0.000000
0.000000
0.000000
0.000000
0.000000
0.000000
0.000000
0.000000
0.000000
0.000000
0.000000
0.000000
0.000000
0.000000
0.000000
0.000000
0.000000
0.000000
0.000000
0.000000
0.000000
0.000000
0.000000
0.000000
0.000000
0.003998
0.001346
0.000798
0.000037
0.000000
0.000000
0.000000
0.000010
0.020401
0.006739
0.000000
0.000000
0.000000
0.000000
0.000000
0.000000
0.000437
0.000676
0.000000
0.000000
0.000000
0.000000
0.000000
0.000000
0.000000
0.000000
0.000000
0.000000
0.000000
0.000000
0.000000
0.000000
0.000000
0.000000
0.000000
0.002216
0.002216
0.003286
0.015532
0.040501
0.064378
0.089248
0.035472
0.000664
0.000000
0.001847
0.017171
0.039352
0.040229
0.001665
0.000029
0.000000
0.000084
0.006014
0.005408
0.030865
0.036553
0.006807
0.000014
0.000000
0.000000
0.000000
0.000000
0.000000
0.000000
0.000000
0.000000
0.000000
0.000000
0.000000
0.000000
0.000000
0.000000
0.000000
0.001819
0.001819
0.032382
0.052960
0.143222
0.347716
0.482384
0.377092
0.119170
0.117677
0.229221
0.208853
0.223169
0.657723
0.230925
0.245300
0.190926
0.038423
0.037819
0.037343
0.046610
0.055704
0.037266
0.015466
0.000000
0.000303
0.000117
0.000265
0.015823
0.002927
0.000117
0.000000
0.000000
0.000000
0.000000
0.000000
0.000000
0.000000
0.000000
0.000000
0.000000
0.000000
0.000000
0.032547
0.091293
0.238173
0.389578
0.656650
0.898181
1.150372
1.015983
1.009420
1.089586
1.285374
2.483664
1.350013
0.766105
0.069326
0.053063
0.042377
0.048501
0.120837
0.196312
0.043292
0.024630
0.009142
0.089142
0.028967
0.018762
0.030812
0.024602
0.006419
0.000000
0.000000
0.000000
0.000000
0.000000
0.000000
0.000000
0.000000
0.000000
0.000000
0.000277
0.000277
0.032594
0.094832
0.245200
0.404292
0.692945
0.973804
1.340616
1.317461
1.769961
2.384389
3.276489
2.802631
0.711564
0.411718
0.114161
0.128926
0.105858
0.085695
0.348747
0.468399
0.202073
0.035369
0.088569
0.441990
0.063857
0.039757
0.039975
0.036774
0.023127
0.000312
0.000000
0.000000
0.000000
0.000000
0.000000
0.000000
0.000000
0.000000
0.000000
0.000000
0.000000
0.000000
0.000142
0.000018
0.000000
0.000000
0.000000
0.000000
0.000000
0.000000
0.027785
0.036482
0.083958
0.454293
0.467154
0.647231
0.331747
1.968117
0.181403
0.001740
0.001740
0.032577
0.091265
0.246489
0.389297
0.675750
0.927102
1.268861
1.577048
2.166795
2.465721
3.216393
3.417726
3.767786
3.661873
2.207839
1.136437
3.219038
2.166040
1.969400
2.962605
1.587814
0.225881
0.237832
0.100772
0.254481
0.214309
0.140337
0.066319
0.087286
0.004919
0.000000
0.000000
0.000000
0.000000
0.000000
0.000000
0.000000
0.000000
0.000000
0.000000
0.000000
0.000000
0.003870
0.004943
0.000000
0.000000
0.000000
0.000000
0.000000
0.000005
0.043134
0.100832
0.275189
0.665216
0.057175
0.047523
1.460713
2.964225
0.044636
0.000000
0.000000
0.032454
0.084591
0.232558
0.390086
0.661422
0.925906
1.192342
1.151250
0.885710
1.512674
3.041131
3.614507
3.999866
4.300912
4.179564
3.909381
4.677427
3.464881
2.189399
0.719902
0.265985
0.159849
0.234882
0.450283
0.390514
0.349000
0.257123
0.412598
0.774627
0.014817
0.000000
0.000000
0.000000
0.000000
0.000000
0.000000
0.000000
0.000000
0.000000
0.000000
0.000000
0.000000
0.014107
0.041058
0.005417
0.000616
0.000000
0.000000
0.000000
0.000068
0.044540
0.125292
0.412213
0.163129
0.040311
0.071526
0.270317
1.313168
0.051331
0.004616
0.004616
0.032447
0.068444
0.200488
0.346523
0.542699
0.606692
0.514464
0.086828
0.034450
0.109567
0.703453
1.697029
4.271665
4.623117
4.960023
5.083322
5.079124
2.935946
1.279571
0.821579
1.169516
0.891388
0.353242
0.378260
0.513503
0.465614
0.482197
1.080181
1.828005
0.058932
0.000000
0.000000
0.000000
0.000000
0.000000
0.000000
0.000000
0.000000
0.000000
0.000000
0.000000
0.000000
0.014381
0.370913
0.550306
0.041235
0.000027
0.000000
0.000000
0.000013
0.040140
0.067035
0.147850
0.041037
0.044066
0.095284
0.110335
0.755038
0.075142
0.004960
0.004960
0.028367
0.041314
0.114145
0.084104
0.048694
0.020297
0.000000
0.000000
0.000000
0.000000
0.276542
2.449150
2.362783
3.442168
4.526213
4.346247
4.968412
4.899106
2.837444
2.151859
0.582364
0.652866
0.917642
0.929250
0.819565
0.722175
1.616365
2.712042
1.990377
0.301259
0.000000
0.000000
0.000000
0.000055
0.000000
0.000000
0.000000
0.000000
0.000000
0.000000
0.000000
0.013974
0.061588
0.642994
2.095725
0.283549
0.271739
0.019518
0.000000
0.000000
0.016602
0.123636
0.481445
0.418885
0.122274
0.254414
0.388925
0.487462
0.213463
0.000000
0.000000
0.002193
0.027071
0.046042
0.041103
0.004874
0.000000
0.000000
0.000000
0.000000
0.000000
0.370820
1.397919
0.119065
1.398529
1.933600
2.126288
4.876157
4.358964
3.485828
2.693166
0.948546
0.992271
1.385834
1.401832
1.206225
1.173316
2.736899
3.211646
1.922447
0.501212
0.000000
0.000031
0.022999
0.024263
0.004775
0.000000
0.000000
0.000001
0.000001
0.000000
0.000000
0.015687
0.297521
1.083984
1.903343
1.214894
1.056480
0.150360
0.000000
0.006238
0.051020
0.286131
1.314527
0.899141
0.909007
1.432530
1.128526
0.592586
1.065916
0.005729
0.005729
0.000000
0.001775
0.022457
0.020850
0.000289
0.000000
0.000000
0.000000
0.000000
0.000061
0.058375
0.053530
0.036046
0.588367
0.242352
0.944570
4.504538
4.312577
4.076131
2.842056
1.187480
1.694451
2.075374
2.057531
1.801111
1.662840
3.535818
3.066800
1.815368
0.431958
0.009285
0.093374
0.203726
0.082771
0.000291
0.000000
0.002770
0.003669
0.002873
0.000010
0.000000
0.014080
0.280212
0.841612
1.341641
0.197586
0.635536
0.151474
0.004586
0.028853
0.063111
0.265489
1.472007
1.388783
2.206205
2.735887
2.321943
1.669096
2.601950
0.011073
0.011073
0.000000
0.000000
0.000000
0.000000
0.000000
0.000000
0.000000
0.000000
0.000000
0.000000
0.000000
0.000000
0.017086
0.000298
0.252802
1.445982
1.646832
3.366667
3.941588
3.543266
2.713602
2.733310
2.727692
2.706354
2.513882
2.722090
2.950508
2.724033
3.037215
2.573274
1.353278
1.530441
0.553957
0.043271
0.004587
0.023270
0.039514
0.036974
0.042786
0.037818
0.000424
0.039370
2.357118
3.361785
0.165948
0.033172
0.037923
0.067465
0.113636
0.400745
0.241634
0.210602
0.614349
1.716818
2.760465
3.478419
3.786618
3.954202
4.114463
0.000000
0.000000
0.000000
0.000000
0.000000
0.000000
0.000000
0.000000
0.000000
0.000000
0.000000
0.000000
0.000000
0.000000
0.000000
0.010804
0.332154
0.515733
1.065394
2.116361
3.617771
3.775949
3.564190
3.501633
3.425193
3.361152
3.531591
3.715754
3.071686
3.477215
4.011708
3.949725
4.163568
2.990267
0.630570
0.397536
0.227933
0.240855
0.038489
0.064054
0.224129
0.197524
0.003161
0.179802
3.683231
3.103028
0.044837
0.026282
0.129922
1.083929
0.473720
0.914250
1.401107
0.817181
1.112994
2.769410
3.725538
3.824640
4.399430
4.859080
5.213032
0.005711
0.005711
0.000000
0.000000
0.000000
0.000000
0.000000
0.000000
0.000000
0.000000
0.000000
0.000000
0.000000
0.000000
0.000000
0.013364
0.041741
0.107078
1.033830
2.415678
3.475214
4.058334
4.175679
4.172620
4.159746
4.140051
4.108931
4.899149
4.281327
4.438624
4.863530
5.199400
5.725220
5.486280
2.140957
2.000517
2.329996
0.324844
0.044896
0.325306
0.961330
1.043081
0.039601
0.120379
3.260511
6.135702
0.783071
0.769516
1.679616
3.123050
1.715367
1.256445
1.759234
1.384546
1.969195
3.685427
4.731996
5.331940
5.331940
6.584170
6.584170
0.010342
0.010342
0.000000
0.000000
0.000000
0.000000
0.000000
0.000000
0.000000
0.000000
0.000000
0.000000
0.000000
0.000000
0.000000
0.000000
0.000000
0.000037
0.426276
1.094876
1.882792
2.317183
2.790632
2.337590
4.134407
4.638888
5.163633
4.510872
4.421179
4.675019
5.392492
5.714221
5.949750
6.167667
6.483929
6.629288
3.815999
0.399620
0.989677
1.182616
2.849590
3.094332
0.280561
0.964004
5.471978
6.240621
5.180155
5.536192
3.430653
1.378076
1.635937
1.665881
4.110119
3.714939
4.047875
4.361119
5.060604
5.532110
6.027610
6.769850
7.422656
0.000000
0.000000
0.000000
0.000000
0.000000
0.000000
0.000000
0.000000
0.000000
0.000000
0.000000
0.000000
0.000000
0.000000
0.000000
0.000000
0.181502
0.713227
1.122105
1.021056
1.006077
1.351163
3.070298
4.078413
4.035942
3.240305
3.776410
4.281969
5.728765
5.680557
5.788063
6.244324
7.008436
7.635220
6.286863
3.292002
2.102472
2.612997
4.261769
4.222620
0.848686
1.434613
5.635871
6.690243
7.217467
7.762101
4.800505
3.906235
4.969682
3.844185
5.069773
4.644013
4.947864
5.116695
5.809633
6.704166
6.954197
8.191525
8.446580
0.000000
0.000000
0.000000
0.000000
0.000000
0.000000
0.000000
0.000000
0.000000
0.000000
0.000000
0.000000
0.000000
0.000000
0.000000
0.000038
0.088961
0.626801
1.101990
1.223943
1.255765
1.526926
2.256999
1.852742
1.353533
2.164012
3.036778
3.907314
5.834401
5.532419
5.585118
5.955884
7.297606
8.292811
7.239559
5.481438
3.213784
3.535432
4.712657
3.315492
1.463497
2.930189
5.888958
7.063285
7.885732
7.870570
3.869919
1.965986
5.983705
4.656998
5.299464
5.004213
5.494039
5.586990
6.287301
7.407400
7.631824
9.134239
9.255639
0.000000
0.000000
0.000000
0.000000
0.000000
0.000000
0.000000
0.000000
0.000000
0.000000
0.035320
0.286584
0.154897
0.913950
1.507074
1.517192
1.478318
1.718318
1.855968
2.147925
1.944396
2.555162
2.315514
2.895223
4.113424
4.295811
4.491293
4.723751
6.921308
7.256656
5.635437
4.822378
4.249699
4.408228
4.868362
4.176323
2.318445
4.518651
6.982789
7.781793
7.432842
7.342072
4.375915
3.738143
8.119354
6.269125
5.284790
5.370042
5.655904
5.813655
6.561814
7.479155
8.526535
9.885638
11.123202
0.000000
0.000000
0.000000
0.000000
0.000000
0.000000
0.000000
0.000000
0.000000
0.000000
0.027815
0.591746
1.048126
1.238013
1.696775
1.643560
1.805631
1.895576
1.811901
1.704470
1.888515
2.103858
2.219301
2.402242
3.136643
3.274672
3.063821
2.754814
6.032482
7.792518
6.112367
6.164006
5.469181
5.231240
5.263237
5.274460
5.364227
5.948043
6.820070
7.176440
8.365072
8.921723
7.695387
8.739927
9.889879
6.825590
5.790470
5.886571
6.486051
6.569730
7.099121
7.981440
8.827500
10.807755
11.985553
0.000000
0.000002
0.012237
0.352877
1.514723
1.689053
1.881023
1.917743
2.098776
2.122363
1.852721
1.592883
1.682063
1.674787
1.911545
2.125632
2.580386
1.985439
1.520796
1.192622
2.720529
6.446038
7.147925
7.417925
6.437260
5.874614
5.631240
6.029319
5.803739
6.126879
6.250455
5.658117
6.979370
9.192604
10.268763
9.389132
9.049153
6.999430
6.106570
6.321934
6.548248
6.569730
7.099121
7.981440
8.691950
10.580191
11.670689
0.006077
0.019363
0.033793
0.073530
0.979917
1.442574
1.364456
1.700996
1.853476
1.580187
0.851519
1.061278
0.644674
0.472984
0.507808
0.439933
0.352351
0.218524
0.032596
0.001415
0.038068
1.030011
5.583721
7.285842
6.565139
5.070054
5.085734
5.661743
6.421324
6.172369
6.393401
5.854071
5.425500
8.107759
8.748665
8.468120
7.927860
7.093160
6.078184
6.217979
6.525287
6.580100
6.980880
7.607680
8.710280
10.366802
11.829427
0.478523
0.627908
1.113514
1.248237
1.194433
1.428404
1.436268
0.654835
0.048444
0.117481
0.023315
0.016010
0.028370
0.016184
0.002667
0.000091
0.000000
0.000000
0.000206
0.074250
1.715309
4.948641
6.169645
5.515801
5.420575
5.586735
5.448716
5.427340
6.788608
6.790377
5.284341
5.257248
7.786903
7.565855
7.269023
7.539720
5.714900
5.680536
6.396089
6.511911
6.937153
7.607680
8.124911
9.890883
10.975444
0.821767
0.798378
1.119830
1.057665
1.037501
1.252140
0.923982
0.125602
0.000000
0.000000
0.000000
0.000000
0.000000
0.000000
0.000000
0.000000
0.000000
0.000000
0.000000
0.000000
0.028171
0.894174
5.388744
5.817870
5.690981
5.685675
4.892854
5.069237
6.828875
7.363459
6.396821
5.976334
7.016631
6.965140
6.759278
7.684881
6.110908
5.381980
6.191870
6.349208
6.833453
7.494080
7.614711
9.430713
10.638778
0.664052
0.402964
0.355438
0.045079
0.000044
0.000000
0.000000
0.000000
0.000000
0.000000
0.000000
0.000000
0.000000
0.000000
0.000000
0.000000
0.000000
0.008144
1.107942
4.445346
5.886566
6.160115
4.908316
4.543087
5.562477
6.456528
6.479484
5.583333
6.399876
6.237705
5.751687
6.718283
6.822516
5.543970
5.275325
5.571325
6.476610
6.855810
6.456570
8.368757
10.944920
0.562557
0.393805
0.226200
0.035412
0.000131
0.000000
0.000000
0.000000
0.000000
0.000000
0.000000
0.000000
0.000000
0.000000
0.000000
0.000000
0.000000
0.007813
1.111104
3.814455
4.899765
5.178423
5.216634
4.768460
4.997000
5.520443
6.454979
5.804836
6.128278
4.705469
4.456027
6.680421
6.790146
5.884848
5.991052
6.191519
7.033490
7.591456
6.433970
8.742019
10.986600
0.000000
0.000000
0.000000
0.000000
0.000000
0.000000
0.000000
0.000000
0.000000
0.000000
0.000082
0.014222
0.500975
3.652012
4.443504
4.611210
4.706210
4.674814
4.722530
4.613300
5.075352
5.926402
5.375948
5.325614
4.160980
4.745003
7.315946
6.149632
5.010735
5.446026
7.189702
8.485239
6.710728
8.614604
12.011709
0.000000
0.000000
0.000000
0.000000
0.000000
0.000000
0.000000
0.000000
0.000000
0.000000
0.001474
0.033651
1.275402
3.749321
4.399250
4.576350
4.576350
4.861062
4.580250
4.274639
4.037650
3.884467
4.610007
3.683751
3.232223
2.435704
3.652764
5.110978
5.300657
5.645861
7.679063
10.095669
7.500249
8.861801
12.364000
0.000000
0.000000
0.000000
0.000000
0.001880
0.033164
1.473620
3.772446
4.253764
4.401137
4.378950
4.626712
4.374616
3.931511
3.153220
2.250582
1.789630
1.991769
0.916230
0.783002
2.450718
4.073721
5.340273
5.736496
7.960920
11.135144
8.743343
9.499580
13.350750
0.000000
0.000000
0.000000
0.000000
0.013710
0.042366
2.136110
3.877218
4.150173
4.278845
4.215389
4.239405
4.151573
3.576317
2.563491
1.417855
0.504313
0.624320
0.758802
0.688502
1.457970
3.254819
4.955296
6.088544
8.111857
11.983223
8.887996
9.367252
13.954050
3.266532
3.681905
3.839699
4.047680
3.596100
3.040616
2.536570
1.872607
1.080076
0.315650
0.507159
0.483184
0.414662
0.593573
0.884586
1.353737
2.113486
5.305026
8.133272
12.083262
11.389091
10.019933
13.717464
19.727352
18.617200
3.214010
3.418283
3.550939
3.648035
3.589727
3.218159
2.286284
1.226063
0.407279
0.174670
0.249842
0.414169
0.493847
0.453240
0.509748
0.749552
1.389831
2.991443
7.597870
12.646019
12.922050
11.153591
14.754608
20.145856
20.408373
3.219087
3.284550
3.520150
3.755205
1.184200
0.258000
0.085625
0.103523
0.122366
0.182661
0.423836
0.613068
0.715946
0.768034
1.760552
4.162504
8.612206
14.587745
14.712020
12.203525
14.195500
19.261269
20.088202
2.847054
2.932760
3.168890
3.278562
0.927806
0.059165
0.043246
0.073703
0.090092
0.087377
0.175955
0.438238
1.025606
1.604545
4.801586
11.491143
16.689825
18.647177
14.424666
13.514356
15.198100
22.763230
25.325542
2.723827
2.671740
1.170322
0.192494
0.039482
0.042241
0.072491
0.105303
0.117148
0.142979
0.329649
0.544389
2.950771
13.594429
20.265020
21.021013
16.560486
16.876892
16.976538
23.092000
26.079355
25.424859
23.912555
2.182154
1.849870
1.234559
0.396243
0.041039
0.014300
0.034471
0.043736
0.082441
0.142167
0.201302
0.379347
3.529364
13.703290
21.341130
21.934997
15.667419
15.982692
20.565413
31.041142
36.822058
38.234691
41.585639
0.056963
0.084575
0.217837
0.496967
0.879810
1.432444
5.677501
12.529720
17.658803
19.385266
14.595880
18.657645
23.675575
39.076253
48.337359
55.568305
74.163783
