0.000000
0.000000
0.000000
0.000000
0.000000
0.000000
0.000000
0.000000
0.000000
0.000000
0.000000
0.000000
0.000000
0.000000
0.000000
0.000000
0.000000
0.000000
0.000000
0.000000
0.000000
0.000000
0.000000
0.000000
0.000000
0.000000
0.000000
0.000000
0.000000
0.000000
0.000000
0.000000
0.000000
0.000000
0.000000
0.000000
0.000000
0.000000
0.000000
0.000000
0.000000
0.000000
0.000000
0.000000
0.000000
0.000000
0.000000
0.000000
0.000000
0.000000
0.000000
0.000000
0.000000
0.000000
0.000000
0.000000
0.000000
0.000000
0.000000
0.000000
0.000000
0.000000
0.000000
0.000000
0.000000
0.000000
0.000000
0.000000
0.000000
0.000000
0.000000
0.000000
0.000000
0.000000
0.000000
0.000000
0.000000
0.000000
0.000000
0.000000
0.000000
0.000000
0.000000
0.000000
0.000000
0.000000
0.000000
0.000000
0.000000
0.000000
0.000000
0.000000
0.000000
0.000000
0.000000
0.000000
0.000000
0.000000
0.000000
0.000000
0.000000
0.000000
0.000000
0.000000
0.000000
0.000000
0.000000
0.000000
0.000000
0.000000
0.000000
0.000000
0.000000
0.000000
0.000000
0.000000
0.000000
0.000000
0.000000
0.000000
0.000000
0.000000
0.000000
0.000000
0.000000
0.000000
0.000000
0.000000
0.000000
0.000000
0.000000
0.000000
0.000000
0.000000
0.000000
0.000000
0.000000
0.000000
0.000000
0.000000
0.000000
0.000000
0.000000
0.000000
0.000000
0.000000
0.000000
0.000000
0.000000
0.000000
0.000000
0.000000
0.000000
0.000000
0.000000
0.000000
0.000000
0.000000
0.000000
0.000000
0.000000
0.000000
0.000000
0.000000
0.000000
0.000000
0.000000
0.000000
0.000000
0.000000
0.000000
0.000000
0.000000
0.000000
0.024367
0.024367
0.000000
0.000000
0.000000
0.000000
0.000000
0.000000
0.000000
0.000000
0.000000
0.000000
0.000000
0.000000
0.000000
0.000000
0.000000
0.000000
0.000000
0.000000
0.000000
0.000000
0.000000
0.000000
0.000000
0.000000
0.000000
0.000000
0.000000
0.000000
0.000000
0.024403
0.024403
0.000000
0.000000
0.000000
0.000000
0.000000
0.000000
0.000000
0.000000
0.000000
0.000000
0.000000
0.000000
0.000000
0.000000
0.000000
0.000000
0.000000
0.000000
0.000000
0.000000
0.000000
0.000000
0.000000
0.000000
0.000000
0.000000
0.000000
0.000000
0.000000
0.000000
0.000000
0.000000
0.000000
0.001042
0.000000
0.000000
0.000000
0.000000
0.000000
0.000000
0.000000
0.000000
0.000000
0.000000
0.000000
0.000000
0.000000
0.000000
0.000000
0.000000
0.000000
0.000000
0.000000
0.000000
0.000000
0.000000
0.000000
0.000000
0.000000
0.000000
0.000000
0.000000
0.000000
0.000000
0.037930
0.037930
0.039521
0.026962
0.002613
0.000054
0.000000
0.000000
0.000000
0.000000
0.000000
0.000000
0.000000
0.000000
0.000000
0.000000
0.000000
0.000000
0.004000
0.014767
0.000000
0.000000
0.000000
0.000000
0.000000
0.000000
0.000000
0.000000
0.000000
0.000000
0.000000
0.000000
0.000000
0.000000
0.000000
0.058711
0.058711
0.044045
0.056918
0.045361
0.011766
0.000000
0.003216
0.000000
0.000000
0.000000
0.000000
0.000000
0.000000
0.000000
0.000000
0.004994
0.019692
0.042494
0.034367
0.005843
0.006784
0.002640
0.000000
0.000000
0.000000
0.000000
0.000000
0.000000
0.000000
0.000000
0.000000
0.000000
0.000000
0.000000
0.000000
0.000000
0.110303
0.265003
0.089685
0.049164
0.041420
0.031539
0.000043
0.000000
0.000000
0.000000
0.000293
0.000096
0.000000
0.000000
0.027995
0.052829
0.046422
0.064646
0.074132
0.067209
0.036242
0.008084
0.000000
0.000000
0.000000
0.000000
0.000000
0.000000
0.000000
0.000000
0.000000
0.000000
0.000000
0.000000
0.000000
0.000000
0.000000
0.040953
0.040953
0.180162
0.625879
0.983300
1.480613
1.294631
0.787652
0.052539
0.005805
0.008061
0.040214
0.048001
0.027342
0.005987
0.009425
0.246934
0.172029
0.118747
0.127431
0.249785
0.212034
0.075987
0.030173
0.000653
0.000000
0.000000
0.000000
0.000000
0.000000
0.000000
0.000000
0.000000
0.000000
0.000000
0.000000
0.000000
0.000000
0.000000
0.114088
0.114088
0.797563
1.577049
2.580119
4.070585
4.367690
3.920241
1.225619
0.666874
1.503032
0.982680
0.504450
1.913285
1.058152
1.971146
2.278900
0.314177
0.713618
0.428100
0.575562
0.623076
0.183675
0.056956
0.033226
0.007237
0.000733
0.000000
0.000000
0.000000
0.000000
0.000000
0.000000
0.000000
0.000000
0.000000
0.000000
0.000000
0.000000
0.000000
0.000000
0.000000
0.000000
0.830942
2.291640
3.479791
4.274152
5.005827
5.409736
5.815651
5.688506
5.020173
4.227243
4.492323
6.936908
6.276504
4.641702
1.078772
0.912419
0.761140
0.658184
1.030232
1.323079
0.208754
0.062732
0.045207
0.051224
0.005798
0.000000
0.000000
0.000000
0.000000
0.000000
0.000000
0.000000
0.000000
0.000000
0.000000
0.000000
0.000000
0.000000
0.001636
0.040097
0.040097
0.798633
2.360922
3.590259
4.360296
5.251085
5.702143
6.529769
6.582688
6.295448
7.686938
9.108758
8.377328
5.490497
3.220997
1.005906
1.730202
1.494993
1.077310
1.999640
2.454013
0.705812
0.245340
0.059995
0.206021
0.015157
0.005954
0.002409
0.000000
0.000000
0.000000
0.000000
0.000000
0.000000
0.000000
0.000000
0.000000
0.000000
0.000000
0.002682
0.007153
0.008557
0.000000
0.000000
0.000000
0.000000
0.000000
0.000000
0.000000
0.006222
0.011744
0.156674
1.242843
3.193123
4.622605
5.350249
7.652237
11.306957
11.641150
11.102183
0.074980
0.074980
0.784768
2.287295
3.585472
4.349783
5.162892
5.534238
6.182795
6.618365
7.391102
7.787462
8.686137
8.712038
9.074495
8.612015
6.433416
5.989272
10.786405
9.898285
7.546799
8.609932
4.779500
1.171477
0.086177
0.061143
0.068748
0.049592
0.036469
0.005169
0.022099
0.000000
0.000000
0.000000
0.000000
0.000000
0.000000
0.000000
0.000122
0.000253
0.005907
0.014928
0.023186
0.002539
0.016363
0.020035
0.008978
0.000139
0.000010
0.000028
0.005762
0.033955
2.036595
6.096280
4.500508
4.494398
0.796902
1.701777
9.477258
14.812733
4.509830
0.000000
0.000000
0.772948
2.224636
3.531940
4.320367
5.085365
5.439305
5.941641
5.628860
4.563776
5.982769
8.910735
9.417092
10.064738
10.568264
10.410997
11.240447
12.605422
10.199870
7.260550
2.911460
0.699675
0.126842
0.200231
0.285188
0.168880
0.101962
0.034066
0.056771
0.728162
0.000000
0.000000
0.000000
0.000000
0.000000
0.000000
0.000000
0.000976
0.002020
0.020986
0.048799
0.046812
0.033325
0.152080
0.967605
0.333122
0.022933
0.001019
0.000272
0.006414
0.048347
1.218815
3.667638
2.354963
0.510226
0.716922
2.155228
7.342220
12.756572
4.363284
0.052607
0.052607
0.701122
2.066118
3.199840
3.903421
4.542376
4.174917
3.387218
1.181424
0.462521
1.544336
4.836873
8.078169
10.642298
11.070583
11.561914
12.297727
12.119550
9.358300
4.306971
1.841640
1.397122
0.941418
0.399639
0.234462
0.293890
0.095905
0.140734
1.119498
2.811139
0.079058
0.000000
0.000000
0.000000
0.000000
0.000000
0.000000
0.000976
0.001116
0.019099
0.046694
0.054681
0.072445
0.474366
3.537211
4.383919
0.713298
0.079723
0.021017
0.042247
0.052660
1.009843
2.579559
2.780971
0.863668
1.294396
2.885380
6.000852
13.153774
4.932475
0.093016
0.093016
0.579307
1.650030
2.668310
2.512731
0.928320
0.123476
0.032763
0.000000
0.000000
0.000000
1.288766
7.586456
6.848430
9.030155
9.607783
10.275452
11.019547
9.994196
6.536300
4.168439
0.682777
0.827872
1.275942
0.772321
0.475991
0.368755
2.481827
5.003394
3.270543
0.331023
0.000000
0.000000
0.000000
0.000015
0.000000
0.000000
0.017114
0.021345
0.029981
0.047326
0.380797
2.178846
4.410365
10.644914
11.655508
3.565824
2.519116
0.364942
0.164754
0.297786
1.005704
2.955363
5.583494
3.435749
2.831643
4.419627
5.735777
7.879349
6.571328
0.000000
0.000000
0.419021
1.182993
1.909273
2.172591
0.344453
0.018903
0.000000
0.000000
0.000000
0.000000
1.228276
4.200573
1.175927
5.425667
5.953161
6.832337
9.814207
8.366000
6.911026
4.762802
1.309299
1.474604
2.030380
1.730347
0.908365
0.890559
5.090065
6.117174
2.922315
0.492648
0.000000
0.000271
0.028780
0.027076
0.000000
0.000000
0.017114
0.028269
0.058195
0.204388
0.457625
3.258560
8.898543
12.566203
14.054083
8.464986
6.371824
1.843201
0.975789
2.107967
2.325854
4.824845
6.606695
6.839012
8.323525
9.497631
11.033375
10.679428
11.605473
0.159633
0.159633
0.304470
0.764793
0.535622
0.725284
0.155032
0.025259
0.000000
0.000000
0.000000
0.000073
0.309862
0.391416
0.145792
2.613264
1.742793
4.853807
8.696024
8.364031
8.279725
5.549649
1.946762
2.787337
3.545273
3.376135
1.939863
2.087484
6.773483
6.013754
2.864432
0.308228
0.073230
0.341367
0.570809
0.127715
0.004943
0.005913
0.021149
0.047345
0.167364
0.425872
0.661979
4.088583
11.278203
13.940563
13.646517
3.474745
4.678262
2.807275
3.646362
5.801593
4.025900
4.759855
6.172331
7.515669
10.850642
12.327628
13.562186
12.815450
15.066413
0.475324
0.475324
0.172178
0.415435
0.044666
0.000023
0.000000
0.000000
0.000000
0.000000
0.000000
0.000000
0.000000
0.000000
0.034612
0.031133
0.744768
4.049836
3.629083
6.956458
8.567235
7.826656
5.229584
5.236924
5.223233
5.082287
3.982528
4.649108
5.615525
5.549123
6.273045
5.459809
4.323645
5.075208
1.683433
0.121470
0.047809
0.100846
0.052637
0.111592
0.999015
0.976948
1.118952
5.884501
15.404291
15.739930
7.133758
3.425238
4.355303
5.557054
5.694855
7.465262
6.467251
3.383048
5.204134
6.746956
11.763006
16.505213
17.087438
19.478459
21.929020
0.000000
0.000000
0.093358
0.177551
0.011956
0.000000
0.000000
0.000000
0.000000
0.000000
0.000000
0.000000
0.000000
0.000000
0.000343
0.013413
0.877149
1.426318
2.674772
5.441710
8.222440
8.635892
7.776786
7.509994
7.153575
6.977362
6.648881
7.513962
5.932763
7.384287
9.111847
8.859140
9.412155
7.922809
1.540302
1.200497
0.972132
0.684231
0.217679
0.717638
2.581279
3.509615
2.016817
9.015486
18.018619
16.911877
6.661793
6.744683
8.555296
9.265679
6.471691
8.153990
11.359419
6.315137
9.377236
11.771720
15.927955
17.511463
20.644138
23.355300
27.067020
0.345143
0.345143
0.041149
0.048089
0.021072
0.000000
0.000000
0.000000
0.000000
0.000000
0.000000
0.000000
0.000000
0.000000
0.000000
0.015652
0.072971
0.141890
2.094263
5.366231
7.941790
9.164020
9.420633
9.410952
9.393641
9.135160
8.334437
9.463787
8.909809
9.806970
11.049712
11.779688
12.689580
11.937317
5.205415
5.072219
5.940270
1.118332
1.306379
3.094801
5.566059
6.580610
5.857493
14.060309
23.320228
21.489925
10.878918
10.986691
9.755686
9.018619
6.851772
6.674130
13.894302
10.469874
14.459352
16.257694
19.182538
21.234100
23.547642
25.739975
27.063198
0.319119
0.319119
0.037436
0.015273
0.000000
0.000000
0.000000
0.000000
0.000000
0.000000
0.000000
0.000000
0.000000
0.000000
0.000000
0.000000
0.000000
0.000000
0.550812
1.382390
3.861625
5.383423
6.645930
6.097883
9.079241
10.014994
10.444078
9.657670
9.509770
10.478641
12.195458
13.010239
13.894278
14.428730
14.897633
15.626211
9.945819
2.963557
4.113750
5.925848
9.066117
10.466209
8.274021
14.492100
25.575083
25.991302
21.252519
19.052456
12.766237
11.038300
11.280584
9.810416
15.322989
12.967667
15.293337
17.179139
20.400325
22.595803
24.857186
26.389072
27.226050
0.008704
0.000000
0.000000
0.000000
0.000000
0.000000
0.000000
0.000000
0.000000
0.000000
0.000000
0.000000
0.000000
0.000000
0.000000
0.000000
0.150853
0.958233
1.861989
1.722513
2.380328
4.623704
7.748184
10.790445
10.828556
8.711402
8.150982
9.856672
12.996897
12.953630
13.575622
14.948923
16.592542
18.056133
15.556656
9.486373
6.142255
7.361360
11.025737
10.955184
7.956088
15.072889
24.462048
26.124334
26.037705
24.163905
14.347673
9.396038
10.845569
9.492397
14.649205
13.475795
15.952814
17.606373
20.415309
22.576158
24.757256
26.175003
26.767964
0.000000
0.000000
0.000000
0.000000
0.000000
0.000000
0.000000
0.000000
0.000000
0.000000
0.000000
0.000000
0.000000
0.000000
0.000000
0.000018
0.056274
1.387299
2.916214
2.729222
3.219155
4.920584
7.672913
10.838513
10.805005
8.196992
6.980154
9.222003
13.161502
12.664025
13.112075
14.517117
17.420186
19.606422
17.495606
12.393503
7.468355
9.081161
12.586784
10.979613
7.872778
16.324213
23.783161
25.588922
25.636509
22.557577
12.306682
8.197075
9.900493
9.028923
13.762550
13.615572
16.312695
17.626125
19.967616
21.970345
24.332798
25.785664
26.349239
0.000000
0.000000
0.000000
0.000000
0.000000
0.000000
0.000000
0.000000
0.000000
0.000000
0.082143
0.782205
0.387780
2.830609
5.350650
4.487000
4.706587
5.426119
7.414853
8.492883
9.059364
7.893176
6.170209
7.357064
10.084178
10.444043
10.702705
11.095769
16.685902
17.662650
14.125130
11.769509
10.017615
11.257195
13.436559
11.641638
9.046774
20.740936
21.688437
22.733362
20.284378
18.939372
11.358866
8.368548
11.244547
9.887448
11.072121
11.816134
14.315597
14.990942
16.447584
18.091753
20.770897
23.544692
25.287267
0.000000
0.000000
0.000000
0.000000
0.000000
0.000000
0.000000
0.000000
0.000000
0.000000
0.062452
1.695430
3.628630
4.601754
6.314160
5.853850
5.718600
5.977175
6.773548
7.414326
7.563210
6.826540
6.083960
6.267793
7.855280
8.300348
8.544959
8.507521
14.452781
18.513736
15.120792
14.667595
12.898809
13.255784
14.829825
13.678200
11.445069
17.023558
18.549900
19.690550
18.820427
18.447388
13.084266
11.415398
13.516086
10.710966
9.430453
9.376295
10.743697
11.464417
12.923150
14.318797
17.234066
20.132850
23.839780
0.000126
0.000000
0.023198
1.154459
5.349592
5.905940
5.950720
6.127951
6.253571
6.397650
6.611646
6.607890
6.246538
5.373499
4.643312
4.518849
5.848695
5.161206
5.300563
5.454945
8.379784
15.641465
17.049478
16.966987
14.944967
14.411391
15.204283
14.906078
13.408287
13.029728
13.848838
13.105186
14.142533
16.265942
16.412936
13.708667
13.096611
10.454300
9.176120
9.730074
9.822795
9.934030
10.790550
11.926800
14.079811
19.907541
24.687386
0.171854
0.145433
0.330228
0.666172
4.389893
5.744640
5.523692
5.814500
6.045382
6.031300
4.403843
4.169328
3.019384
1.524304
0.592148
0.519164
0.720083
0.386499
0.096435
0.060095
0.171913
3.234773
12.997856
16.045069
15.122130
11.934250
11.329981
12.381492
13.695513
12.439809
12.676527
10.991389
9.993750
12.708289
12.393023
11.629303
10.720288
9.802632
9.233969
9.271720
9.442888
9.972667
11.516613
12.711611
14.742859
20.432472
26.950292
3.243815
3.850423
5.421978
5.520728
5.354886
5.459150
5.377810
3.759784
0.575456
0.532236
0.182486
0.030726
0.020266
0.017294
0.003293
0.000000
0.000000
0.000000
0.019267
0.451739
4.609424
11.057334
13.896233
12.338789
11.720919
11.849903
11.386281
10.733613
13.093642
12.548280
8.502806
7.299320
10.345116
10.156408
9.449075
9.309240
8.325120
8.143962
9.267884
10.144584
12.114819
13.571244
15.531377
20.935902
27.911712
4.300695
4.593145
5.440691
5.347210
5.226789
5.174366
4.118019
1.062748
0.002766
0.000000
0.000000
0.000000
0.000000
0.000000
0.000000
0.000000
0.000000
0.000000
0.000032
0.036904
0.219317
2.779041
11.856753
12.643695
12.006953
11.726053
9.907339
9.741493
12.805784
13.303877
10.102260
7.861576
8.827251
9.104600
8.571373
9.155586
8.297714
8.322989
9.389711
10.296113
12.611809
14.265903
16.696381
21.390903
29.119845
5.080851
4.683270
3.522260
0.727130
0.024517
0.000000
0.000000
0.000000
0.000000
0.000000
0.000000
0.000000
0.000000
0.000000
0.002354
0.045646
0.186761
1.264460
3.698531
9.437397
11.870700
11.982414
9.314010
8.025912
9.308374
10.220381
9.222297
5.926451
5.962279
6.461882
7.512565
9.729248
9.898464
10.074397
10.481453
11.336016
13.565455
14.732473
17.163925
22.549391
30.941534
5.424003
4.620108
2.348260
0.368422
0.000000
0.000000
0.000000
0.000000
0.000000
0.000000
0.000000
0.000000
0.000000
0.000000
0.014424
0.067587
0.514048
1.274247
4.224374
7.491270
9.703852
10.021758
9.606393
8.301550
7.993030
7.583615
7.662185
4.971884
4.454090
4.429246
6.527646
10.909509
11.112283
11.118187
11.397012
12.377288
14.709475
15.621569
16.504145
23.103873
31.749920
0.000000
0.000000
0.000000
0.000000
0.000000
0.000000
0.000000
0.000000
0.025614
0.135770
0.762158
2.094002
4.046663
6.472497
8.182710
8.487610
8.594010
8.049950
7.275542
5.869389
4.369757
4.272604
3.903575
3.932630
4.774200
6.891916
10.414643
12.266650
10.695634
11.614450
15.190653
17.213864
17.070895
22.154761
32.484133
0.000000
0.000000
0.000000
0.000000
0.000000
0.000000
0.000000
0.000000
0.025614
0.121149
0.870932
1.668286
4.259891
6.386613
7.799071
8.206240
8.206240
8.336250
6.779066
4.949070
2.169497
1.978446
2.757314
2.808792
3.549687
4.831935
7.751045
11.055689
10.947377
11.714100
15.682888
19.370441
17.796673
23.335041
34.201586
0.000000
0.000000
0.018988
0.086350
0.663499
1.684152
2.560002
6.292726
7.382267
7.656440
7.268921
7.102512
5.829399
3.958786
1.732289
1.685914
2.150095
2.684960
2.902907
3.649691
6.244967
9.597875
10.794644
11.627670
15.702566
20.838647
18.991142
24.049394
36.674050
0.000000
0.000000
0.024059
0.084154
0.962623
1.919662
3.577783
6.563726
7.102431
7.302682
6.600970
6.199901
4.592504
2.792699
1.968738
1.902511
1.897870
2.252247
2.811107
3.112914
5.134662
8.561118
10.335816
11.277559
15.783936
21.657412
18.478575
23.455845
38.747670
5.147253
6.018073
6.559705
7.139691
5.579203
4.032159
2.526744
1.229505
1.253058
1.468113
2.097752
1.958799
1.662065
2.403691
3.876416
6.011023
8.487551
10.120885
15.778231
21.863789
19.252017
23.641070
39.142091
54.770842
56.949047
5.174010
5.543287
5.958969
6.326849
6.035720
4.510614
1.822418
1.244590
1.334283
1.127449
1.288447
1.935229
2.099841
1.962991
2.407105
3.763503
6.064503
7.644709
14.461175
23.030208
18.498430
24.355230
42.183664
58.806523
66.000603
5.236271
5.431690
5.849130
5.562750
1.102533
0.688021
1.241176
1.422170
1.153727
1.253877
2.231812
2.946737
3.192565
3.673905
6.928229
9.099925
16.379975
24.350322
19.122017
24.490419
38.566406
55.327356
69.752031
4.525324
4.685080
4.966710
4.885585
1.091712
0.347436
0.711720
1.370376
1.511270
1.271026
1.527480
2.558016
4.789386
5.480751
16.371067
20.507675
25.059773
25.272141
20.825903
25.601672
36.434002
59.303055
81.732175
4.321554
4.117844
1.710883
0.234393
0.270344
0.549632
1.389465
1.798749
1.782982
2.052146
3.786567
4.868247
14.121641
20.575745
29.328250
26.723070
25.153194
30.469169
36.464620
57.724972
90.759777
108.651188
133.666670
3.473819
2.709622
1.637600
0.428418
0.240659
0.302433
0.565691
0.914998
1.926629
2.956365
3.553872
4.636288
10.357597
15.651462
25.204664
23.210800
22.600550
27.630681
42.582163
73.673177
134.957313
180.728203
202.659969
0.635393
1.010486
2.101538
3.628864
4.209390
5.296411
9.629793
12.994504
18.399677
19.666281
21.547037
30.049736
48.426705
90.033331
188.405438
203.627000
204.410906
