0.000000
3.217965
2.796100
1.543078
6.798984
8.673083
4.379920
8.216214
0.088923
2.206642
3.640420
2.213291
3.872938
4.831336
4.751632
8.131544
3.459714
1.598471
2.847533
3.233247
9.199056
4.195306
7.930870
6.063895
1.591590
3.217996
0.000000
3.801301
6.338400
6.997485
3.591449
7.688223
3.880206
2.896072
2.425764
5.541028
9.267190
7.437900
8.005560
7.718667
2.133954
1.519864
3.231896
1.440281
9.938959
4.566830
9.144823
4.659292
2.544312
3.520282
3.407308
2.775077
7.457010
7.906195
7.752689
4.438161
0.562868
3.339328
2.581922
1.018317
5.008735
7.391102
6.086112
6.460602
11.798287
18.347494
14.077925
14.775084
29.180645
20.331319
24.995252
32.629462
12.322478
10.927120
15.736597
13.464728
19.899245
29.700966
32.599177
30.037139
11.385998
17.147695
11.704661
14.893411
27.412966
41.171325
53.046763
25.666856
10.563988
20.929716
9.727235
12.110869
26.406441
32.840830
23.928252
35.212750
16.054977
13.507547
11.773195
13.688381
29.975494
24.034636
22.008780
32.800681
13.889075
10.868502
14.136647
11.107025
25.499798
29.735041
24.094953
37.101825
15.398666
12.730475
10.762523
15.571859
39.263412
28.316616
33.735752
17.975887
9.646424
17.820208
13.095070
13.923306
49.738887
19.565172
20.988411
28.775419
0.000000
0.362727
1.925755
0.247529
4.734678
3.528262
4.266976
5.290435
0.000000
1.282338
0.000000
1.105621
3.094726
4.887320
3.764158
5.467610
3.092717
0.000000
0.903885
3.147925
4.973716
7.613375
3.622432
3.482969
0.470939
1.457916
0.273218
0.190173
4.112036
4.654584
4.897929
3.263013
1.670021
0.000000
0.793990
2.623333
7.035653
3.925085
5.939888
3.135673
1.759570
0.018278
3.122060
0.000000
3.593100
5.356042
3.518807
3.996920
1.569658
0.000000
1.895338
0.830985
7.829050
4.352092
2.941197
5.214415
0.044540
0.992439
1.110677
0.224829
3.808510
5.104502
3.002374
5.341483
9.485792
12.269169
14.076356
8.436504
18.787094
28.429037
24.980167
22.883408
5.367815
9.941243
10.346589
10.795089
28.049742
15.392789
31.933931
13.534136
10.218045
11.208844
9.529437
10.772661
18.820422
34.820217
22.785825
20.970859
11.084100
6.095898
14.703080
6.709578
26.387266
20.776311
15.313686
31.159212
10.148485
19.064706
15.580428
10.470605
22.918867
25.724173
23.649622
35.767778
9.413478
13.676203
8.685047
11.226222
20.812884
33.298430
17.285794
25.007355
14.081458
9.569096
11.492980
11.143762
19.562428
31.373328
28.190311
29.208233
12.913534
8.819122
10.252372
7.632052
18.054366
24.269736
22.274469
29.121480
5.139870
1.008880
0.161821
3.942379
8.504170
4.934603
8.952041
3.649573
0.611225
2.417942
1.191194
3.300591
4.722578
4.108488
7.745229
7.015922
0.453766
6.493624
0.542925
6.728428
8.237054
4.896201
3.264073
10.251830
4.519170
0.029993
0.627434
3.337614
6.968061
4.716742
5.113354
6.271937
0.908320
2.594152
3.420878
5.220988
4.499951
8.009426
6.998995
5.043349
0.005372
5.345772
1.269456
2.053580
8.169681
5.185603
3.750076
6.178285
3.363878
1.768407
1.020112
1.915014
3.881116
11.670095
7.102111
6.340305
1.564815
5.204247
2.108491
0.363265
8.993009
2.001174
8.097765
6.441599
11.207980
17.149005
15.543969
10.370087
26.342827
59.054231
27.950155
36.666239
13.993958
12.497109
16.927327
10.220672
26.177631
27.796633
30.211336
24.225559
8.978355
18.161508
17.678625
8.590209
34.633789
23.402945
23.680064
50.653145
9.778658
12.283311
16.658770
8.560840
16.756859
52.739575
47.099000
15.827202
13.684267
14.272142
11.935364
11.140442
25.372484
32.620103
25.796117
52.827198
13.347573
12.846166
15.596048
8.211202
36.643848
30.352259
24.724436
46.352452
13.910778
21.289659
14.040302
8.374634
21.132297
29.700894
49.111067
25.591337
10.095829
17.456219
13.047039
11.564286
15.256450
34.568862
30.549948
60.141081
0.000000
1.461553
0.204297
2.614737
7.615737
2.325768
4.616311
4.998521
0.130627
3.237321
0.024732
0.013538
3.453554
5.611364
3.726495
2.458825
0.000000
2.194212
0.107784
2.022205
4.877323
5.895825
2.476840
4.691730
0.000000
0.000000
0.864498
3.636806
4.928850
3.340667
3.859865
2.726506
1.311276
1.548727
0.000000
3.423194
4.288560
4.153330
4.814663
5.578066
1.108753
0.000000
0.188176
0.561033
3.855403
4.671486
5.205729
4.896746
3.024535
0.184888
1.221401
0.083679
9.085987
1.750786
5.393763
2.372734
0.069517
1.056398
0.044062
0.213263
3.322992
4.984480
3.888163
3.994836
10.304482
14.441455
8.366132
14.756870
17.746156
27.957969
24.855702
55.744711
13.344411
8.990720
8.338557
8.650010
31.634275
14.901464
28.524867
13.380706
7.680457
19.870322
13.354141
5.034542
61.830594
17.324617
18.220895
26.373259
8.347103
7.755609
5.930824
14.956927
19.149455
17.366920
20.887173
39.796348
9.883205
14.689884
11.071847
11.979752
19.733392
24.199894
18.514197
55.478750
15.121359
7.513124
8.230267
10.800319
24.191780
17.750512
20.302508
47.242469
10.581757
13.217494
9.837759
11.438887
23.650802
23.115675
19.876275
35.701847
13.272614
9.172401
4.939848
15.700316
20.066262
23.534356
23.331281
20.466527
3.184490
3.004573
1.405919
3.970555
4.598824
8.364582
10.415845
5.537279
1.437522
5.039641
0.768374
1.734627
6.422977
5.114790
5.024168
7.917084
1.192268
3.136229
3.591096
3.710114
6.102278
6.670796
9.949470
5.077457
0.041027
3.884167
1.386921
3.231034
6.289895
5.160735
3.418504
8.119510
3.204022
4.067702
3.618523
1.644149
6.527118
7.455037
9.511828
6.078015
2.337932
2.275855
2.379994
2.132707
6.790129
5.886267
3.737285
10.908555
5.605123
2.470889
4.521921
1.205252
9.774204
5.353810
6.800260
5.258652
0.708238
2.749510
0.042255
4.808620
3.362448
6.464275
4.947777
6.452050
14.035498
13.308659
13.257861
13.250692
56.946038
22.794795
28.006277
25.925097
15.078294
9.491673
14.284325
11.695758
27.326634
32.676687
36.442270
20.092447
14.184848
11.330775
10.704320
13.388308
20.200109
31.423952
31.181212
44.183600
16.070687
10.643403
12.876966
9.156842
18.296639
58.815870
27.898667
35.189930
10.495357
18.909486
10.539157
19.336452
23.675634
39.529563
28.737031
32.026658
10.849808
11.512425
9.486827
16.370053
62.408898
24.113983
31.602009
44.395477
13.594645
13.093462
14.338819
17.161697
32.788608
21.137227
19.471844
63.958516
16.023716
12.091381
11.076147
11.862239
24.079236
72.394711
28.136314
29.327209
0.000000
2.121882
0.411503
3.127033
3.849877
4.828924
3.972349
5.793716
0.367196
0.085725
0.000000
2.110018
5.623324
4.127458
2.875201
3.866018
1.027865
2.171604
0.000197
0.340499
9.246850
3.525963
5.599964
2.883905
0.000000
2.787797
0.004375
0.300834
5.032796
4.068701
3.399793
4.901273
2.356753
0.879560
1.514693
3.560010
5.336086
4.501930
3.942753
5.561876
0.053241
0.753215
2.707321
0.000000
6.013253
4.326630
3.291620
4.068868
1.724186
2.629596
0.000000
2.390903
6.247688
2.208071
5.969478
4.380528
0.000000
2.367790
0.000000
0.013675
5.727480
2.209261
4.522130
4.225425
10.795444
5.555061
14.781344
8.423778
28.134539
24.877375
28.626655
23.109611
7.121304
14.280208
5.109512
11.268516
50.434131
25.752772
17.399777
37.173125
8.774600
17.181259
9.679897
10.575446
33.970355
36.429931
17.044164
30.974339
8.063224
11.681428
7.203166
12.744433
24.523470
18.652470
21.555348
33.306583
12.809917
11.926506
7.896925
11.056980
18.569816
48.909956
27.186523
21.169969
6.837668
9.886781
14.393530
7.292504
14.773525
28.255316
16.414470
41.991095
15.551000
10.090642
8.223390
15.414383
24.074734
26.441189
31.796766
34.504975
14.170264
6.326507
7.418261
7.817630
25.550983
21.706773
37.248686
20.032834
1.701100
5.685450
2.468124
2.166795
11.027241
6.669255
7.778850
3.198314
1.434437
1.056076
1.560017
4.888874
4.262603
4.806517
7.185400
4.292839
1.056823
7.402508
0.012325
4.006366
3.006019
8.878801
3.895019
8.929233
0.650545
2.134950
4.034948
0.358881
6.033568
1.682727
5.671177
5.530861
0.882152
2.401427
5.665183
2.521043
11.248814
2.464349
8.161862
7.310386
3.037893
4.218046
0.462349
3.099566
5.528940
10.833231
4.080768
6.137188
3.549927
3.215594
5.643089
0.402478
4.553535
6.955148
4.297443
13.922783
5.411425
1.183249
2.496632
1.135813
6.465166
5.716887
6.261482
5.464158
9.422320
13.585780
11.004469
18.547919
53.300862
18.334550
21.177181
41.040653
11.079397
14.719472
9.579207
12.329061
38.247364
29.162653
47.217989
20.375566
8.383443
15.596706
12.427562
16.061508
62.066866
15.704269
30.740556
22.403130
16.854417
7.009723
13.361936
13.007819
24.565491
54.393662
57.404666
14.952852
13.866000
11.272981
14.429887
14.542906
29.386042
24.359731
19.365961
48.457070
17.429541
12.067200
7.337689
14.250542
19.861158
65.275711
31.903578
15.199475
10.853141
14.245716
8.416134
23.715858
26.950600
47.149698
41.858277
26.453186
7.649154
20.632781
13.008741
11.831347
76.364606
16.013550
37.507973
40.170206
0.000000
3.123539
3.521071
0.000112
3.958506
2.912906
2.745686
6.319717
3.036040
0.000000
0.217500
0.893321
3.603296
5.409120
5.240860
1.820487
0.627215
0.576583
3.329784
0.252721
5.941313
3.167067
4.619906
2.144838
0.000000
2.911104
0.487326
1.520077
2.572774
6.235045
3.319739
3.751602
0.063894
4.411769
0.276679
0.087601
2.052537
6.777029
3.169091
8.919103
1.154921
0.176391
0.027098
0.000000
3.083134
4.431031
4.892230
3.888875
1.699132
2.589617
0.970146
0.291142
4.751929
1.516077
5.817915
5.022738
0.847535
2.979999
0.592384
0.000000
2.626536
2.533917
4.442509
4.507216
9.583482
10.325319
12.457941
12.710797
16.164780
34.880144
22.194255
48.700997
14.747842
8.393792
12.251773
5.635929
25.474844
23.781194
15.405252
18.273195
11.852652
7.842862
8.670921
9.144302
20.374205
30.609947
74.478484
17.250408
6.352529
16.552250
9.143096
5.486876
16.475216
19.754125
40.280541
15.935542
10.309262
10.497337
9.842467
12.258955
29.810630
51.108313
14.604150
35.212741
13.039478
6.822882
9.906513
9.867173
20.061148
21.520056
21.080098
38.990966
8.282810
16.196123
12.266267
9.328210
22.815022
21.803742
34.530922
30.232295
5.863619
17.886162
8.530596
8.736732
20.816722
40.671331
27.871802
30.645198
0.000000
0.020222
0.163641
1.367320
0.000000
0.000000
0.000000
0.000000
0.738841
0.293522
0.000000
0.000000
0.000000
0.000000
0.000000
0.000000
0.032914
1.624715
0.000000
0.062955
0.000000
0.000000
0.000000
0.000000
0.000000
0.000000
2.172610
0.000000
0.000000
0.000000
0.000000
0.000000
0.000000
0.000000
0.851493
0.000000
0.000000
0.000000
0.000000
0.000000
0.000000
0.278759
0.000000
0.000000
0.000000
0.000000
0.000000
0.000000
0.265111
0.000000
0.000000
0.295879
0.000000
0.000000
0.000000
0.000000
0.306167
0.000000
0.000000
0.000000
0.000000
0.000000
0.000000
0.000000
0.000000
0.000000
0.000000
0.000000
0.000000
0.000000
0.000000
0.000000
0.000000
0.000000
0.000000
0.000000
0.000000
0.000000
0.000000
0.000000
0.000000
0.000000
0.000000
0.000000
0.000000
0.000000
0.000000
0.000000
0.000000
0.000000
0.000000
0.000000
0.000000
0.000000
0.000000
0.000000
0.000000
0.000000
0.000000
0.000000
0.000000
0.000000
0.000000
0.000000
0.000000
0.000000
0.000000
0.000000
0.000000
0.000000
0.000000
0.000000
0.000000
0.000000
0.000000
0.000000
0.000000
0.000000
0.000000
0.000000
0.000000
0.000000
0.000000
0.000000
0.000000
0.000000
0.000000
0.000000
0.000000
0.000000
0.000000
0.000000
0.000000
0.000000
0.000000
0.000000
0.000000
0.000000
0.000000
0.000000
0.000000
0.000000
0.000000
0.000000
0.000000
0.118165
0.000000
0.000000
0.000000
0.000000
0.000000
0.000000
0.000000
0.000000
0.000000
0.000000
0.000000
0.000000
0.000000
0.000000
0.000000
0.023140
0.000000
0.000000
0.000000
0.000000
0.000000
0.000000
0.000000
0.000000
0.000000
0.000000
0.000000
0.000000
0.000000
0.000000
0.000000
0.725783
0.000000
0.000000
0.000000
0.000000
0.000000
0.000000
0.000000
0.000000
0.000000
0.000000
0.000000
0.000000
0.000000
0.000000
0.000000
0.000000
0.000000
0.000000
0.000000
0.000000
0.000000
0.000000
0.000000
0.000000
0.000000
0.000000
0.000000
0.000000
0.000000
0.000000
0.000000
0.000000
0.000000
0.000000
0.000000
0.000000
0.000000
0.000000
0.000000
0.000000
0.000000
0.000000
0.000000
0.000000
0.000000
0.000000
0.000000
0.000000
0.000000
0.000000
0.000000
0.000000
0.000000
0.000000
0.000000
0.000000
0.000000
0.000000
0.000000
0.000000
0.000000
0.000000
0.000000
0.000000
0.000000
0.000000
0.000000
0.000000
0.000000
0.000000
0.000000
0.000000
0.000000
0.000000
0.000000
0.000000
0.000000
0.000000
0.000000
2.069709
2.558064
0.000000
0.000000
0.000000
0.000000
0.000803
0.047057
0.226393
0.002903
0.000000
0.000000
0.000000
0.000000
0.000000
2.568914
0.000000
2.773871
0.000000
0.000000
0.000000
0.063134
0.000000
0.000000
2.413965
0.000000
0.000000
0.000000
0.000000
0.000000
0.000000
2.488456
0.014318
0.039158
0.000000
0.000000
0.000000
0.000000
0.000000
1.126299
0.000000
0.444497
0.000000
0.000000
0.000000
0.000000
0.000000
0.048799
0.070418
1.890219
0.120013
0.000000
0.000000
0.000000
0.000000
0.000000
0.000000
0.007155
0.084495
0.000000
0.000000
0.000000
0.000000
0.000000
0.000000
0.000000
0.000000
0.000000
0.000000
0.000000
0.000000
0.000000
0.000000
0.000000
0.000000
0.000000
0.000000
0.000000
0.000000
0.000000
0.000000
0.000000
0.000000
0.000000
0.000000
0.000000
0.000000
0.000000
0.000000
0.000000
0.000000
0.000000
0.000000
0.000000
0.000000
0.000000
0.000000
0.000000
0.000000
0.000000
0.000000
0.000000
0.000000
0.000000
0.000000
0.000000
0.000000
0.000000
0.000000
0.000000
0.000000
0.000000
0.000000
0.000000
0.000000
0.000000
0.000000
0.000000
0.000000
0.000000
0.000000
0.000000
0.000000
0.000000
0.000000
0.000000
0.000000
0.000000
0.000000
0.000000
0.000000
0.000000
0.000000
0.000000
0.000000
0.000000
0.000000
0.000000
0.000000
0.000000
0.000000
0.000000
0.000000
0.068501
0.000000
0.000000
0.000000
0.000000
0.000000
0.000000
0.000000
0.000000
0.012025
0.000000
0.000000
0.000000
0.000000
0.000000
0.000000
0.000000
0.000000
0.993376
0.000000
0.000000
0.000000
0.000000
0.000000
0.000000
0.000000
0.000000
0.000000
0.000000
0.000000
0.000000
0.000000
0.000000
0.032543
0.000000
0.000000
0.000000
0.000000
0.000000
0.000000
0.000000
0.000000
0.000000
0.000000
0.000000
0.000000
0.000000
0.000000
0.000000
0.000000
0.000000
0.000000
0.000000
0.000000
0.000000
0.000000
0.000000
0.000000
0.000000
0.000000
0.000000
0.000000
0.000000
0.000000
0.000000
0.000000
0.000000
0.000000
0.000000
0.000000
0.000000
0.000000
0.000000
0.000000
0.000000
0.000000
0.000000
0.000000
0.000000
0.000000
0.000000
0.000000
0.000000
0.000000
0.000000
0.000000
0.000000
0.000000
0.000000
0.000000
0.000000
0.000000
0.000000
0.000000
0.000000
0.000000
0.000000
0.000000
0.000000
0.000000
0.000000
0.000000
0.000000
0.000000
0.000000
0.000000
0.000000
0.000000
0.000000
0.000000
0.000000
0.000000
0.000000
0.019727
1.703737
0.000000
0.000000
0.000000
0.000000
0.000000
0.000000
0.000000
0.858632
0.000000
0.000000
0.000000
0.000000
0.000000
2.029646
0.011006
0.000000
0.001512
0.000000
0.000000
0.000000
0.000000
0.383047
0.000000
0.953949
0.000000
0.000000
0.000000
0.000000
0.000000
0.000000
0.000000
0.000000
1.095752
0.000000
0.000000
0.000000
0.000000
0.022051
0.000000
0.019765
0.000000
0.000000
0.000000
0.000000
0.000000
0.000000
0.147549
0.000000
1.540330
0.000000
0.000000
0.000000
0.000000
0.130192
0.000000
2.127920
0.000000
0.000000
0.000000
0.000000
0.000000
0.000000
0.000000
0.000000
0.000000
0.000000
0.000000
0.000000
0.000000
0.000000
0.000000
0.000000
0.000000
0.000000
0.000000
0.000000
0.000000
0.000000
0.000000
0.000000
0.000000
0.000000
0.000000
0.000000
0.000000
0.000000
0.000000
0.000000
0.000000
0.000000
0.000000
0.000000
0.000000
0.000000
0.000000
0.000000
0.000000
0.000000
0.000000
0.000000
0.000000
0.000000
0.000000
0.000000
0.000000
0.000000
0.000000
0.000000
0.000000
0.000000
0.000000
0.000000
0.000000
0.000000
0.000000
0.000000
0.000000
0.000000
0.000000
0.000000
0.000000
0.000000
0.000000
0.000000
0.000000
0.000000
0.000000
0.000000
0.000000
0.000000
0.000000
0.000000
0.000000
0.000000
0.000000
0.000000
0.000000
0.000000
0.000000
0.000000
0.000000
0.000000
0.000000
0.137367
0.000000
0.000000
0.000000
0.000000
0.000000
0.000000
0.000000
0.000000
0.000000
0.000000
0.000000
0.000000
0.000000
0.000000
0.000000
0.000000
0.000000
0.000000
0.000000
0.000000
0.000000
0.000000
0.000000
0.000000
0.000000
0.000000
0.000000
0.000000
0.000000
0.000000
0.000000
0.248302
0.000000
0.000000
0.000000
0.000000
0.000000
0.000000
0.000000
0.000000
0.000000
0.000000
0.000000
0.000000
0.000000
0.000000
0.000000
0.000000
0.000000
0.000000
0.000000
0.000000
0.000000
0.000000
0.000000
0.000000
0.000000
0.000000
0.000000
0.000000
0.000000
0.000000
0.000000
0.000000
0.000000
0.000000
0.000000
0.000000
0.000000
0.000000
0.000000
0.000000
0.000000
0.000000
0.000000
0.000000
0.000000
0.000000
0.000000
0.000000
0.000000
0.000000
0.000000
0.000000
0.000000
0.000000
0.000000
0.000000
0.000000
0.000000
0.000000
0.000000
0.000000
0.000000
0.000000
0.000000
0.000000
0.000000
0.000000
0.000000
0.000000
0.000000
0.000000
0.000000
0.000000
0.000000
0.000000
0.000000
0.000000
1.200311
0.000000
0.698951
0.582608
0.000000
0.000000
0.000000
0.004266
0.000000
1.277349
0.208056
0.000000
0.000000
0.000000
0.000000
0.000000
1.012836
0.000000
2.896915
0.000000
0.080035
0.000000
0.000000
0.000000
0.070357
0.000000
0.000000
0.663294
0.000000
0.223342
0.000000
0.000000
2.664544
1.174170
0.000000
0.049915
0.000000
0.117692
0.000000
0.000000
0.000000
0.000000
1.013891
0.000000
0.000000
0.000000
0.000000
0.000000
0.000000
0.139946
0.000000
2.963525
0.000000
0.000000
0.000000
0.000000
0.000000
0.000000
0.000000
0.231154
0.000000
0.000000
0.000000
0.000000
0.000000
0.000000
0.000000
0.000000
0.000000
0.000000
0.000000
0.000000
0.000000
0.000000
0.000000
0.000000
0.000000
0.000000
0.000000
0.000000
0.000000
0.000000
0.000000
0.000000
0.000000
0.000000
0.000000
0.000000
0.000000
0.000000
0.000000
0.000000
0.000000
0.000000
0.000000
0.000000
0.000000
0.000000
0.000000
0.000000
0.000000
0.000000
0.000000
0.000000
0.000000
0.000000
0.000000
0.000000
0.000000
0.000000
0.000000
0.000000
0.000000
0.000000
0.000000
0.000000
0.000000
0.000000
0.000000
0.000000
0.000000
0.000000
0.000000
0.000000
0.000000
0.000000
0.000000
0.000000
0.000000
0.000000
0.000000
0.000131
0.000000
0.000000
0.000000
0.000000
0.000000
0.000000
0.000000
0.000000
0.000000
0.000000
0.000000
0.000000
0.000000
0.000000
0.000000
0.000000
0.000000
0.000000
0.000000
0.000000
0.000000
0.000000
0.000000
0.000000
0.000000
0.000000
0.000000
0.000000
0.000000
0.000000
0.000000
0.000000
0.000000
0.000000
0.000000
0.000000
0.000000
0.000000
0.000000
0.000000
0.000000
0.000000
0.000000
0.000000
0.000000
0.000000
0.000000
0.000000
0.000000
0.000000
0.000000
0.000000
0.000000
0.000000
0.000000
0.000000
0.000000
0.000000
0.000000
0.000000
0.000000
0.000000
0.000000
0.000000
0.000000
0.000000
0.000000
0.000000
0.000000
0.000000
0.000000
0.000000
0.000000
0.000000
0.000000
0.000000
0.000000
0.000000
0.000000
0.000000
0.000000
0.000000
0.000000
0.000000
0.000000
0.000000
0.000000
0.000000
0.000000
0.000000
0.000000
0.000000
0.000000
0.000000
0.000000
0.000000
0.000000
0.000000
0.000000
0.000000
0.000000
0.000000
0.000000
0.000000
0.000000
0.000000
0.000000
0.000000
0.000000
0.000000
0.000000
0.000000
0.000000
0.000000
0.000000
0.000000
0.000000
0.000000
0.000000
0.000000
0.000000
0.000000
0.000000
0.000000
