0.000000
2.200935
2.218481
1.945845
5.329338
6.691086
3.009128
6.481205
0.734238
2.382547
2.405592
2.199973
2.467499
3.545892
3.019359
6.793230
2.270485
2.236293
3.186984
1.957656
7.252895
4.388278
4.204078
5.283139
2.120823
2.164693
0.861876
2.251233
3.837585
5.992159
2.904161
4.293712
2.734183
2.928126
2.137174
3.393633
6.961337
5.685991
5.749729
6.904408
2.169320
2.170012
2.583110
1.737208
7.249639
2.693176
8.500653
3.038439
2.846470
2.262611
2.068153
2.657673
6.551299
6.337995
6.458527
2.326568
0.948414
3.623355
1.890894
1.940409
3.420318
3.982528
3.154632
5.942715
10.896613
19.612466
14.242919
15.883625
42.559458
22.641650
34.180433
48.622466
11.838469
11.359975
17.057481
13.365477
22.730589
45.139420
45.362258
38.621158
10.418753
18.952578
12.732120
15.088445
37.405300
69.884733
62.556192
27.565178
8.960828
22.350055
9.732747
12.196172
36.148167
51.004820
28.620131
42.729070
17.969359
12.961113
9.580111
15.216761
45.019166
27.207889
29.711378
48.162841
14.383377
10.749253
13.174800
11.179792
37.824620
39.775684
27.731073
52.809261
17.917631
13.668988
8.964342
14.609348
47.203703
32.144081
48.102805
22.464386
9.947295
20.782419
11.358144
15.825938
58.491900
21.662372
26.337502
45.859409
0.472509
1.110381
2.116534
1.233850
2.912218
2.715071
2.730964
3.683079
0.530417
1.451714
0.644753
1.123189
2.326839
3.213495
2.741040
2.983248
1.893026
0.862683
2.031127
1.933528
4.340267
3.294214
3.035909
2.177157
0.538353
2.201005
0.494042
1.417963
2.396821
3.144063
3.441458
1.901287
2.055742
0.452082
1.825973
2.122819
5.168624
2.465749
3.545808
2.143218
1.906947
0.752536
2.411303
0.457140
2.618495
3.186745
2.688866
3.080838
1.587958
0.424073
1.563894
2.026448
3.459408
4.233685
2.812194
2.787782
0.440543
2.160585
1.749240
0.462935
2.872819
2.826938
2.646291
2.415588
8.672995
12.743330
14.031791
4.724331
22.119977
34.693105
35.379531
27.165011
3.133087
9.331220
8.269236
9.637422
40.387128
17.542058
42.818263
14.654622
9.365293
9.280060
6.662077
9.658867
20.809672
42.855534
32.563269
25.781406
10.593406
4.420414
17.342995
3.374045
37.642498
28.149517
17.234533
48.646672
9.975994
21.980020
15.659144
10.657230
30.367745
33.344427
27.637522
49.949459
7.351347
12.501275
7.688944
11.784050
24.946356
39.386470
19.101202
36.002009
12.883789
8.785055
13.173270
9.827133
25.093309
40.646220
35.738727
39.451698
12.789844
3.857634
11.130075
6.498106
20.874142
35.800161
27.043897
32.352394
2.880342
2.447749
1.733210
2.005306
5.804331
5.331635
4.683625
4.237269
1.970563
1.511937
2.570878
1.920648
2.356085
3.551752
6.790483
3.246561
2.009832
2.635320
2.115475
2.712981
3.657501
5.589222
3.657762
7.166936
1.994392
1.741305
2.193619
1.177381
2.937516
5.374890
1.868527
6.041524
1.916040
3.263411
2.068591
2.703337
4.804393
5.113975
3.098171
5.375795
1.198259
2.227035
1.384123
2.692432
5.464819
2.424351
3.858341
5.889927
1.897890
2.838975
2.379038
0.910833
4.419221
7.246107
3.938288
6.403895
3.016789
2.163778
0.845629
1.900969
5.832009
2.853585
8.160435
1.459661
8.935825
20.744394
17.768617
6.809270
36.951000
64.660245
30.926233
62.396800
15.384408
10.218633
18.243667
11.100375
27.538617
40.541989
44.022923
27.145753
9.034231
20.136192
18.446800
8.839197
59.607000
25.625998
31.078272
51.748427
7.017829
13.871148
15.760084
8.543633
21.870469
57.502027
51.305491
17.967822
10.618043
14.728352
13.115644
10.289278
31.482242
52.864900
26.578641
57.447627
13.092680
8.942496
20.036813
6.663104
37.718945
47.837850
29.932302
45.250358
10.349476
24.506694
14.620847
8.840613
22.795400
51.656800
54.065461
32.810577
8.453105
20.138950
16.172233
13.156189
18.811002
57.216197
31.161420
53.844336
0.560632
2.379078
0.328381
1.127761
6.664123
2.650827
2.087483
2.399092
0.224619
1.178720
1.098439
1.494253
1.613916
1.768590
3.112269
2.745942
0.465915
0.505334
1.851396
0.958199
2.264668
3.727945
2.896334
5.118088
1.238433
0.736271
0.235210
0.843582
1.564877
3.192307
1.227841
3.170886
0.664194
2.413670
0.402137
1.745138
3.483114
1.830482
4.427599
2.460396
0.524755
1.001874
0.349680
2.159810
1.970561
3.471859
3.667365
1.722567
1.208859
2.007231
0.268408
1.786400
3.679205
2.677144
2.072525
2.918510
1.733398
0.175660
1.811778
0.091606
3.226639
1.221653
3.494345
1.411423
10.118354
14.916828
7.770230
17.858748
22.204106
40.048200
25.796373
58.571117
15.172725
7.393701
7.324887
8.190610
35.892888
17.810002
30.427795
15.363452
4.911258
24.088752
15.000788
5.162193
68.339384
20.684384
18.778206
40.757886
7.761320
7.460004
5.407948
17.939344
25.813430
22.033113
26.502100
32.255173
5.497970
17.977942
10.065904
12.001392
26.328717
31.810397
18.516495
57.315033
18.656225
5.640877
6.805732
12.292688
31.937770
21.411156
28.596730
39.428613
9.284382
11.328075
11.356011
12.581378
24.923283
33.108758
24.682505
60.883102
15.158569
9.336203
4.659295
18.234575
24.445780
35.993586
29.573516
25.820111
2.415490
2.388569
1.998994
3.107545
3.262725
7.493388
6.725314
4.936247
1.849147
3.455086
1.409503
2.161766
5.811213
2.792729
3.468634
5.733820
2.115501
2.133993
3.889198
2.004939
4.319788
6.132239
7.443014
2.490254
0.494497
4.039996
1.971879
2.073829
3.777405
4.978734
2.312908
6.023448
2.414817
2.348973
3.253376
2.002962
4.870482
6.691492
6.160247
5.528032
2.081635
2.374395
2.091851
2.104315
5.942612
4.667026
2.618616
7.387082
4.416941
3.214842
2.371289
1.960697
5.880081
4.661114
6.278973
3.316619
0.804367
3.263030
1.165003
2.330853
2.597685
2.909647
4.380180
6.011346
16.283880
10.967677
15.132392
11.810272
74.942975
33.377513
46.418225
29.643970
14.450411
9.998459
16.400230
8.275703
32.897275
46.036753
46.550109
27.865208
16.002764
10.481125
7.153972
16.002158
24.973770
54.424175
39.716302
52.950258
15.535883
8.210236
14.767156
8.419045
24.104217
57.326136
34.093020
38.988236
11.328631
18.436497
12.091158
17.367459
24.026920
53.499467
47.581455
38.261730
8.227098
12.965814
10.371167
13.405175
76.446984
38.659705
34.811858
55.619953
16.799534
12.226911
11.197930
19.639838
43.318720
31.065561
24.766452
66.589567
13.916375
14.270311
12.714834
8.269653
35.600983
84.479113
32.956400
54.898261
0.537052
1.882192
1.594499
2.663045
2.659891
2.639807
2.902804
4.070313
1.066852
0.931451
0.560669
1.827589
3.169358
2.671846
2.231410
3.006166
1.391113
2.402994
0.342240
1.596932
6.915176
2.210094
3.055032
2.640742
0.490834
1.404099
0.373287
1.888425
3.473176
2.303346
2.692713
2.605627
2.057241
1.422410
2.159168
2.343698
3.153378
2.673899
2.663718
3.493222
0.605875
1.407860
2.022411
0.422127
3.548510
2.913451
2.383078
3.080302
2.140231
1.837597
0.711196
1.569541
4.772268
2.293385
3.270118
2.191449
0.369215
1.554405
0.366908
1.150177
3.430051
2.472950
2.425841
3.171992
11.587634
3.815143
13.135531
5.220056
33.312209
33.855681
32.696084
36.159531
5.246041
13.254944
3.304359
8.078362
63.954472
31.010103
24.389823
41.522777
6.766593
18.898308
10.683273
5.313480
46.030833
37.246200
22.895367
40.642802
5.600224
13.910958
4.436290
13.434180
27.570769
26.583217
27.172789
43.950834
9.806990
8.671778
7.509023
13.328603
26.340206
61.080008
39.783166
20.477972
3.700777
11.110184
11.840897
6.499218
19.476473
34.497894
16.312480
56.557523
19.074505
4.754417
8.070296
15.102241
33.520264
46.587063
37.360020
42.019294
12.560300
3.977512
7.312316
7.632647
29.622886
34.138384
40.405589
24.000773
3.057084
3.078028
1.762430
2.513882
5.600278
3.804637
6.328000
3.802384
2.583988
2.375933
1.433733
2.051305
4.136519
2.132141
5.642433
4.642416
2.336193
2.340190
1.673185
1.869605
3.454255
6.574838
4.545032
2.762400
0.182315
3.344335
2.067784
1.857727
2.552831
2.726617
2.218780
5.560208
1.923471
2.847685
2.331834
1.654506
8.929267
2.627405
7.344017
2.614095
1.494279
2.261549
1.720838
3.798835
3.106927
4.717884
3.319863
5.674233
4.140134
1.718668
3.372086
1.844549
4.593166
4.874640
4.536027
7.900974
2.090079
2.602595
0.977693
2.658560
6.220341
2.517154
1.438450
6.211710
10.197696
14.768398
9.880066
17.736163
54.010327
23.710125
25.495913
67.195033
10.313684
17.438183
10.481333
6.170060
39.963619
37.908142
50.738138
29.666105
8.892823
17.750355
6.839658
16.096436
62.877838
20.481639
40.978922
24.345666
17.213822
6.759283
17.769991
5.993440
30.509906
51.868130
68.402337
19.466061
17.883808
8.521439
10.011405
16.184823
35.995733
37.274925
22.221164
48.658273
17.321747
13.843709
6.967455
14.049422
23.947488
68.841934
39.841125
20.548392
9.245867
15.410428
9.541089
25.639458
31.325728
46.317425
42.758827
47.442000
7.860374
24.176875
14.302936
9.946032
68.739309
21.114680
38.048691
60.715763
0.799230
1.143935
2.048193
1.678123
2.240523
3.223722
2.619788
2.009915
1.576367
0.765163
1.789741
0.296527
3.187210
2.810762
1.962356
2.324535
0.232490
2.214519
1.220792
1.884494
1.449064
3.203106
1.606762
2.807012
0.750710
0.588617
2.088280
0.252235
2.785782
1.848470
3.463899
1.062764
1.515759
2.012410
0.454813
1.786136
2.415746
2.975353
1.876198
6.646574
2.214370
0.206629
0.172837
0.945159
3.147678
1.964081
2.180362
3.174638
0.505868
0.839577
2.025964
2.220983
5.129509
2.271643
2.867417
1.367683
0.210360
0.677189
1.928939
1.173972
3.117128
2.920254
1.224420
1.704469
10.142635
9.855665
10.873473
7.502985
21.479795
53.235959
30.149697
41.595530
15.733669
8.302708
10.787091
5.194090
30.663027
30.284950
16.502208
26.263670
14.416028
6.575441
9.390269
7.557404
29.605089
27.640464
70.641131
17.732903
5.702437
19.189992
10.859373
5.383614
17.699967
28.731211
33.434808
21.720889
4.355130
10.932588
7.087097
16.135580
29.830416
54.859925
19.637605
48.058703
10.972853
6.212344
12.397400
7.146254
30.058913
24.700842
25.299281
44.401830
8.435760
16.683133
10.440238
11.016647
38.330802
22.623161
41.632200
39.518719
5.326865
21.251745
9.752796
9.975985
33.398175
35.723823
34.251622
26.203453
0.453838
1.376575
1.432580
1.942389
0.096927
0.000000
0.773922
0.018896
1.838749
1.368083
0.019235
0.519072
0.986251
0.021790
0.000000
0.000000
1.476872
1.648513
0.458253
1.452531
0.000000
0.453619
0.028167
0.080164
0.137911
1.253083
1.862197
0.019817
0.000543
0.000000
0.210157
0.000000
1.065500
0.698040
1.816214
0.098494
0.022739
0.044968
0.015043
0.055420
0.426541
1.020389
0.408935
0.799182
0.000000
0.002925
0.000000
0.097044
1.341967
1.171199
1.230995
1.255412
0.028460
0.000032
0.060339
0.842395
1.727687
0.020512
0.482584
0.594856
0.000000
0.000000
0.000268
0.000000
0.000000
0.000000
0.000000
0.000000
0.000000
0.000000
0.000000
0.000000
0.000000
0.000000
0.000000
0.000000
0.000000
0.000000
0.000000
0.000000
0.000000
0.000000
0.000000
0.000000
0.000000
0.000000
0.000000
0.000000
0.000000
0.000000
0.000000
0.000000
0.000000
0.000000
0.000000
0.000000
0.000000
0.000000
0.001181
0.000000
0.000000
0.000000
0.000000
0.000000
0.000000
0.000000
0.000000
0.000000
0.000000
0.000000
0.000000
0.000000
0.000000
0.000000
0.011026
0.000000
0.000000
0.000000
0.000000
0.000000
0.000011
0.000000
0.000000
0.000000
0.000000
0.000000
0.000000
0.000000
0.344533
0.215850
0.010496
0.425818
0.000000
0.000000
0.000000
0.000000
0.200692
0.019541
0.184764
0.020968
0.000092
0.000000
0.000000
0.000000
0.003384
0.978407
0.227303
0.000000
0.000000
0.000000
0.000000
0.020176
0.039746
0.017095
0.041187
0.023811
0.000000
0.000000
0.000000
0.000000
0.017941
1.182624
0.171605
0.019034
0.000000
0.000000
0.000000
0.001464
0.018081
0.095379
0.002170
0.220843
0.000000
0.000000
0.000000
0.000000
0.022230
1.350510
0.027232
0.021612
0.000000
0.000000
0.001432
0.000000
0.294391
0.018099
0.018434
0.120211
0.000000
0.000000
0.000150
0.000000
0.000000
0.000000
0.000000
0.000000
0.000000
0.000000
0.000000
0.000000
0.000000
0.000000
0.000000
0.000000
0.000000
0.000000
0.000000
0.000000
0.000000
0.000000
0.000000
0.000000
0.000000
0.000000
0.000000
0.000000
0.000000
0.000000
0.000000
0.000000
0.000000
0.000000
0.000000
0.000000
0.000000
0.000000
0.000000
0.000000
0.000000
0.000000
0.000000
0.000000
0.000000
0.000000
0.000000
0.000000
0.000000
0.000000
0.000000
0.000000
0.000000
0.000000
0.000000
0.000000
0.000000
0.000000
0.000000
0.000000
0.000000
0.000000
0.000000
0.000000
0.000000
0.000000
0.000000
0.000000
0.087272
1.457835
1.721679
1.324598
0.000000
0.290575
0.000000
0.714008
1.001914
1.831534
0.285443
0.023189
0.189286
0.029101
0.000000
0.000155
1.636143
0.197321
1.689604
0.148632
0.000000
0.015272
0.997517
0.000000
0.001161
1.524288
0.072724
1.063558
0.000000
0.010273
0.000002
0.000000
1.908358
0.324915
1.450806
0.571411
0.254523
0.000000
0.121123
0.355875
1.423637
0.005643
1.898668
0.024685
0.000000
0.064806
0.016814
0.012615
1.630228
0.125466
1.467465
2.096381
0.677122
0.000000
0.017955
0.130557
0.028080
0.364023
1.503181
0.182866
0.000000
0.129818
0.000000
0.000000
0.000000
0.000000
0.000000
0.000000
0.000000
0.000000
0.000000
0.000000
0.000000
0.000000
0.000000
0.000000
0.000000
0.000000
0.000000
0.000000
0.054394
0.000000
0.000000
0.010534
0.000000
0.000000
0.000000
0.000000
0.000000
0.000000
0.000000
0.000000
0.000000
0.000000
0.000000
0.000000
0.000000
0.000000
0.000000
0.000000
0.000000
0.000000
0.000000
0.000000
0.000000
0.000000
0.000000
0.000000
0.000000
0.000000
0.000000
0.000000
0.000000
0.000000
0.000000
0.043012
0.000000
0.000000
0.000000
0.000000
0.000000
0.000000
0.000000
0.000000
0.000000
0.000000
0.000000
0.000000
0.234396
0.036715
1.513674
0.020895
0.000000
0.004607
0.000000
0.000000
0.235567
0.000708
0.024640
0.037472
0.000000
0.000000
0.000000
0.015173
0.133085
0.617109
0.025901
0.288419
0.000000
0.000000
0.003513
0.000020
0.025488
0.080478
0.179030
0.000000
0.000000
0.000000
0.000000
0.000000
0.091790
0.022698
1.443645
0.000077
0.000000
0.000000
0.000000
0.000000
0.034472
0.031713
0.213738
0.020072
0.000000
0.000000
0.000000
0.000000
0.000215
0.079606
0.840359
0.029953
0.000000
0.016110
0.000000
0.015371
0.023104
0.053176
0.027076
0.283114
0.000000
0.000000
0.000000
0.000000
0.000000
0.000000
0.000000
0.000000
0.000000
0.000000
0.000000
0.000000
0.000000
0.000000
0.000000
0.000000
0.000000
0.000000
0.000000
0.000000
0.000000
0.000000
0.000000
0.000000
0.000000
0.000000
0.000000
0.000000
0.000000
0.000000
0.000000
0.000000
0.000000
0.000000
0.000000
0.000000
0.000000
0.000000
0.000000
0.000000
0.000000
0.000000
0.000000
0.000000
0.000000
0.000000
0.000000
0.000000
0.000000
0.000000
0.000000
0.000000
0.000000
0.000000
0.000000
0.000000
0.000000
0.000000
0.000000
0.000000
0.000000
0.000000
0.000000
0.000000
0.000000
0.000000
0.000000
0.000000
0.830422
1.332893
1.883389
0.575073
0.702668
0.000685
0.014657
0.004476
0.377110
0.017399
1.879450
0.440011
0.000000
0.151754
0.000000
0.000000
1.748176
1.456452
0.354458
1.336473
0.097990
0.124199
0.000000
0.833780
1.642708
0.017690
1.722730
0.020293
0.007059
0.000000
0.969769
0.000000
0.773778
1.085787
0.829663
1.740496
0.056913
0.015423
0.049912
0.042626
0.880059
0.320799
1.361741
0.336792
0.014764
0.000000
0.644531
0.000000
0.171926
0.942249
1.080139
1.796619
0.014081
0.389611
0.015615
0.372745
1.756180
0.024322
1.923973
0.008158
0.411052
0.000000
0.007397
0.000000
0.000000
0.000000
0.000000
0.000000
0.000000
0.000000
0.000000
0.000000
0.000000
0.000000
0.000000
0.000000
0.000000
0.000000
0.000000
0.000000
0.000000
0.000000
0.000000
0.000000
0.000000
0.000000
0.000000
0.000000
0.000000
0.000704
0.000000
0.000000
0.000000
0.000000
0.000000
0.000000
0.000000
0.000000
0.000000
0.000000
0.000000
0.000000
0.000000
0.000000
0.000000
0.000000
0.000000
0.000000
0.000000
0.000000
0.000000
0.000000
0.000000
0.000316
0.000000
0.000000
0.000000
0.000000
0.000000
0.000000
0.000000
0.000000
0.000000
0.000000
0.000000
0.000000
0.000000
0.000000
0.488715
0.090176
0.343533
0.008056
0.000000
0.000000
0.000001
0.000000
0.023179
0.113602
0.251473
0.006296
0.000000
0.000000
0.009123
0.000000
0.035447
0.020865
1.658565
0.072113
0.000000
0.000000
0.000000
0.001632
0.280102
0.000629
0.284338
0.023576
0.000000
0.000000
0.000000
0.000000
0.017100
0.122081
0.181202
0.017496
0.000000
0.000000
0.000000
0.000000
0.132829
0.020551
0.004104
0.310565
0.000000
0.000000
0.000000
0.000000
0.017921
0.128802
0.951591
0.011698
0.000000
0.005217
0.000000
0.016090
0.362264
0.000889
0.315069
0.034762
0.000000
0.016197
0.000067
0.000000
0.000000
0.000000
0.000000
0.000000
0.000000
0.000000
0.000000
0.000000
0.000000
0.000000
0.000000
0.000000
0.000000
0.000000
0.000000
0.000000
0.000000
0.000000
0.000000
0.000000
0.000000
0.000000
0.000000
0.000000
0.000000
0.000000
0.000000
0.000000
0.000000
0.000000
0.000000
0.000000
0.000000
0.000000
0.000000
0.000000
0.000000
0.000000
0.000000
0.000000
0.000000
0.000000
0.000000
0.000000
0.000000
0.000000
0.000000
0.000000
0.000000
0.000000
0.000000
0.000000
0.000000
0.000000
0.000000
0.000000
0.000000
0.000000
0.000000
0.000000
0.000000
0.000000
0.000000
0.000000
1.465503
0.169621
1.774270
1.341325
0.000000
0.067631
0.122908
0.786307
0.093788
1.523054
2.002740
0.001336
0.044422
0.058369
0.000000
0.014933
0.786575
0.169733
1.658422
1.161859
0.988872
0.000000
0.270245
0.000023
1.645438
0.025767
0.209639
0.725190
0.000000
0.939490
0.000015
0.000545
1.858145
1.498711
0.323413
1.947187
0.005937
1.151675
0.000000
0.119873
0.466704
0.637569
1.533806
0.020530
0.082497
0.000000
0.153413
0.000000
0.088481
1.633438
0.305556
1.519719
0.525064
0.000019
0.049048
0.000000
0.018723
0.038811
1.420344
0.820980
0.073828
0.000000
0.001607
0.003769
0.000000
0.000000
0.017369
0.000000
0.000000
0.000000
0.000000
0.000000
0.000000
0.000000
0.000000
0.000000
0.000000
0.000000
0.000000
0.000000
0.012426
0.000000
0.000000
0.000000
0.000000
0.000000
0.000000
0.000000
0.000000
0.000000
0.000000
0.000000
0.000000
0.000000
0.000000
0.000000
0.000000
0.096915
0.000000
0.000000
0.000000
0.000000
0.000000
0.000000
0.000000
0.000000
0.015961
0.000000
0.000000
0.000000
0.000000
0.000000
0.033982
0.000000
0.012391
0.000000
0.000000
0.000000
0.000000
0.000000
0.000000
0.000000
0.000000
0.000000
0.000000
0.000000
0.000000
0.000000
0.116129
0.023169
0.000723
0.147474
0.000000
0.001283
0.009662
0.000000
0.000348
0.050774
0.021072
0.104103
0.000000
0.000000
0.000000
0.010450
0.310841
0.021764
0.044589
0.025349
0.000000
0.015350
0.000000
0.009394
0.040245
0.000071
0.020412
0.059150
0.000745
0.000000
0.001018
0.000000
0.034902
0.000466
1.021122
0.075514
0.001757
0.000000
0.000000
0.000000
0.019651
0.238097
0.349628
0.031972
0.011235
0.000000
0.000000
0.000000
0.176826
0.023999
0.050260
0.020095
0.000882
0.016336
0.000000
0.000362
0.078863
0.000261
0.019302
0.030059
0.012104
0.000302
0.000000
0.000000
0.000000
0.000000
0.000000
0.000000
0.000000
0.000000
0.000000
0.000000
0.000000
0.000000
0.000000
0.000000
0.000000
0.000000
0.000000
0.000000
0.000000
0.000000
0.000000
0.000000
0.000000
0.000000
0.000000
0.000000
0.000000
0.000000
0.000000
0.000000
0.000000
0.000000
0.000000
0.000000
0.000000
0.000000
0.000000
0.000000
0.000000
0.000000
0.000000
0.000000
0.000000
0.000000
0.000000
0.000000
0.000000
0.000000
0.000000
0.000000
0.000000
0.000000
0.000000
0.000000
0.000000
0.000000
0.000000
0.000000
0.000000
0.000000
0.000000
0.000000
0.000000
0.000000
0.000000
0.000000
