1.106565
0.762571
0.289877
0.142239
0.231897
0.351622
0.185524
0.140218
0.211702
3.278486
3.832077
3.539360
1.702347
0.397383
0.530927
1.224471
1.733801
1.078638
0.698191
0.302411
0.162666
0.144018
0.138663
0.061715
0.005720
0.000000
4.617870
5.421067
4.268765
2.595793
1.116329
0.926677
0.967049
1.751578
1.504344
1.256126
0.704426
0.343195
0.152572
0.368275
0.130368
0.073430
0.008194
3.322801
4.233238
5.628121
7.017378
3.749450
1.510555
1.447875
1.241440
1.158215
1.324924
1.623669
1.831302
1.138059
0.753573
0.336688
0.361397
0.134002
0.073595
0.008194
0.000000
0.000000
0.000000
0.000000
3.854409
4.858841
6.108327
6.328388
5.162668
4.465212
1.260758
1.085373
1.191775
1.455495
2.055592
2.245097
1.888144
1.377496
1.033662
0.698326
0.189728
0.038519
0.003089
0.000000
0.000000
0.000000
0.000000
0.999193
2.613567
4.102965
5.120470
4.800915
4.727093
5.629978
5.417340
3.272901
1.651844
1.262985
1.837753
2.462284
2.529457
2.572339
2.097463
1.526169
1.062256
0.244399
0.018814
0.000345
0.000000
0.000000
0.000000
0.000000
0.000000
0.000000
1.196692
3.076946
4.329149
4.535486
4.703485
4.879857
4.585079
1.864739
4.637441
4.321869
1.828043
2.930665
4.260921
4.282057
3.490873
3.591136
2.730018
2.340021
0.502577
0.065168
0.015047
0.003518
0.000000
0.000000
0.000000
0.000000
0.000000
0.000000
0.000000
1.447532
3.853826
4.835051
4.234741
3.070595
3.389962
5.117761
3.516362
1.765607
2.877676
3.589920
5.026962
5.295608
4.530271
4.167270
4.279757
3.719497
3.283497
2.021548
0.550787
0.080886
0.028412
0.000000
0.000000
0.000000
0.000000
0.000000
0.000071
0.000081
0.267759
0.267759
1.859547
4.530313
4.229571
3.720125
1.792211
1.203471
2.204447
4.312720
2.971229
2.805904
2.940949
4.338614
4.647778
6.121750
5.307415
5.107253
4.348581
3.418407
1.394146
0.243245
0.132684
0.090022
0.000000
0.000000
0.000000
0.000000
0.000000
0.000071
0.000294
1.835100
1.835100
1.198409
2.104369
3.707327
2.599597
0.839790
1.997417
2.756908
2.815793
3.062714
3.292177
4.830084
5.445902
5.629407
6.356792
7.190552
7.392922
6.132471
4.371545
1.595497
0.449241
0.131730
0.081668
0.001043
0.000207
0.000000
0.045734
0.045734
0.076450
0.080838
0.164438
0.193890
0.000000
0.000000
0.915519
1.682652
2.410329
3.547035
3.051923
3.748853
4.390806
4.329859
4.490955
4.748248
5.612096
6.613587
7.245979
7.754495
8.618884
8.958290
9.070217
6.572316
2.106371
0.680844
0.239259
0.434921
0.091541
0.010854
0.044396
0.056177
0.095150
0.113911
0.133332
0.807163
2.163712
1.737660
1.737660
0.922409
2.093697
3.599973
4.300592
5.223042
5.857045
6.033449
5.677877
5.512163
5.546840
6.442644
6.998184
7.816889
8.355715
9.408943
10.078341
10.458137
10.253219
3.767428
3.215862
2.134168
1.882057
0.484528
0.047517
0.268039
0.134651
0.189975
0.253451
0.482713
3.105343
8.273344
9.662245
9.183552
0.177643
0.177643
1.432401
3.799480
6.414110
7.588178
8.131066
8.197249
7.549183
6.899603
6.616318
6.061022
7.219881
7.624407
8.741181
9.576716
11.726817
13.919433
13.716770
10.061785
9.396004
7.577589
5.628368
4.697893
3.104724
2.413546
4.674411
2.463128
2.077991
2.652240
2.945987
10.049662
15.177230
13.629606
15.511847
0.000000
0.000000
2.012939
5.130135
8.073831
9.321995
10.330532
10.001210
8.848041
8.244153
8.320893
7.626697
8.608792
8.072392
9.458823
10.652419
13.317214
15.353580
13.050513
9.496080
9.457850
9.318324
8.357302
7.351397
6.380019
6.166684
12.652539
7.864697
2.106737
3.035805
8.862559
13.409908
17.068017
18.098392
17.207583
10.948568
6.577317
6.231850
7.571903
1.642985
1.642985
2.020294
5.944322
9.739610
11.367276
13.297722
13.521500
13.616975
13.776100
13.776100
11.951709
12.171300
11.585586
11.848995
12.970147
15.242847
14.019266
11.600094
12.047700
12.576200
12.361650
11.351613
11.046287
11.246400
12.142213
16.598100
14.762881
6.581076
10.526654
18.584333
20.123713
21.497016
18.345358
15.830486
11.924052
14.292330
13.280533
12.746852
1.572235
1.572235
5.103930
8.142398
10.369300
12.675187
14.681275
15.132608
15.792786
16.387803
16.388202
16.626694
17.208683
17.672919
16.168480
15.786028
15.387628
13.888819
13.661895
14.786500
16.041063
15.698189
14.507563
14.248831
15.344188
17.935039
20.998341
18.022308
12.700364
19.648142
24.019662
24.051203
20.035377
14.537097
21.757300
21.849100
21.228000
17.221320
11.260100
14.851419
22.200812
0.000000
0.000000
4.010813
8.441580
11.280362
13.462547
16.109181
16.871169
18.067525
18.452272
18.201414
18.529419
19.650714
20.922191
20.159384
18.499983
16.157981
15.360720
15.993086
17.141687
18.954623
18.456531
16.569759
16.443452
17.657703
20.647183
21.307672
17.676784
15.949330
21.986308
25.950995
25.136506
22.686461
21.466352
25.895112
22.566170
21.404750
18.860917
17.830561
19.028145
23.531461
1.933495
1.933495
3.370981
8.296142
11.911750
14.011662
16.998108
17.774094
19.243733
19.177516
19.242534
19.613475
20.889275
21.848756
21.086622
19.664642
17.305531
17.359528
18.140127
19.707525
20.950470
19.895855
18.754472
19.450947
21.844364
23.570484
21.067869
18.050434
18.084100
23.520387
27.708327
26.336656
24.979802
25.253597
27.388600
22.235222
21.164362
21.748075
23.377992
23.652803
25.551966
31.383200
31.765188
29.512888
30.450483
32.053723
33.887394
33.621503
32.722803
32.620100
31.353844
31.975137
37.164225
42.292020
50.774952
52.430794
53.792814
55.974537
58.152541
57.041669
50.850678
2.112160
2.112160
3.210052
8.416165
12.560163
14.626497
17.111998
17.823364
18.788475
19.321231
20.061148
20.358422
21.098156
21.843314
22.554831
22.382567
22.400147
22.102902
24.238798
25.029905
22.917947
22.111461
22.705156
24.218847
23.205317
21.954886
20.730525
20.968975
21.287638
25.442838
23.998905
22.638880
20.781981
19.751825
20.682575
20.682575
19.173288
19.173288
24.501688
25.357125
29.014366
34.400506
35.775338
37.453400
36.520238
36.399291
33.636022
32.041408
29.777912
29.345225
27.123550
29.195488
37.516013
39.459705
45.323287
46.988809
49.327195
50.814687
54.211039
51.963583
45.632338
0.000000
0.000000
3.277913
8.547801
12.946300
15.172037
17.674380
18.448700
19.096061
19.409806
19.195780
18.836820
21.029594
22.183406
23.426009
23.953533
24.508091
25.024614
25.731769
24.500994
21.894573
20.177303
21.075067
22.375248
23.392698
22.283920
21.136700
23.278100
23.754180
28.847464
26.359641
22.280950
19.528325
18.317700
22.211200
22.211200
22.211200
22.211200
27.997138
28.823700
31.581900
36.178900
37.504600
41.896300
41.687900
45.776119
38.373703
34.561200
28.100800
24.639300
22.996700
39.572200
40.041000
40.831737
40.760863
39.702750
42.517125
50.074000
57.237500
60.389800
49.773100
0.351580
0.351580
3.243338
8.438355
12.905930
14.928502
16.388161
15.587758
16.252792
15.269567
14.421603
14.953277
18.729678
21.611234
23.917169
24.576302
24.815537
24.956100
25.285728
24.061303
23.029856
21.433122
21.714536
22.610228
22.542441
22.350292
22.421700
23.675700
27.586742
30.590689
29.742622
25.619891
20.691412
19.062887
22.211200
22.211200
22.211200
22.211200
28.351075
29.221600
30.998937
33.979500
35.063855
42.218800
46.835655
50.496402
45.881600
42.558887
34.242241
30.382839
23.211100
26.507083
37.353730
38.260445
33.955395
29.979172
37.550153
50.372733
61.509583
63.855945
57.133252
0.349620
0.349620
3.011718
7.699035
11.438500
12.675312
12.008225
8.677663
7.557358
5.901669
7.968394
10.827852
17.628091
20.689684
21.263822
23.225334
23.125069
23.767978
24.890222
25.436423
24.906980
24.432117
23.348147
23.090880
23.529584
24.572600
24.572600
27.240000
29.261373
31.212795
31.220461
28.549562
25.684830
23.751355
26.239800
26.239800
29.555000
29.555000
31.645988
31.655167
32.350625
35.512000
35.512000
52.966000
53.553400
55.532322
53.874109
47.176522
39.467437
37.161011
29.607812
36.578803
41.156317
37.004167
44.233047
32.869978
40.811844
50.680502
56.581087
63.000539
61.293563
0.000000
0.000000
2.544139
6.613490
10.297555
12.305781
9.271688
2.654656
1.489260
1.208720
4.881576
9.518000
17.603969
18.367088
17.260847
19.418648
20.560345
21.280127
23.989180
23.744650
24.445403
24.718219
24.092703
23.814877
23.937920
24.665912
25.724600
29.053875
31.586084
31.324319
30.156438
28.473903
25.268866
23.957856
26.239800
26.239800
29.555000
29.555000
30.830652
30.803230
32.350625
35.512000
35.512000
52.966000
54.282462
56.050586
54.193534
48.067198
41.757205
38.751183
32.713794
43.941066
48.138870
47.719883
52.161677
53.021766
57.622712
63.495734
62.114491
63.510241
61.250109
2.499171
2.499171
2.282316
5.409085
6.189600
8.467801
7.386243
3.796785
0.152781
0.424032
2.902365
8.812691
16.840173
15.805037
14.766686
16.763384
18.792430
20.150033
23.338314
23.305742
24.650619
24.503717
24.139481
24.065334
24.433030
25.166038
27.059278
31.026684
34.926597
31.499516
29.823120
28.320156
25.671702
24.953600
27.536400
27.536400
30.437200
30.437200
30.734339
30.759772
32.212442
34.680825
34.507762
53.273450
55.231600
56.322044
52.295417
42.885870
42.361233
39.548225
35.809503
49.503825
53.208950
52.016642
54.668822
57.147231
63.422002
67.938053
63.389213
63.508063
62.924275
6.021975
6.021975
1.912655
4.391994
2.146854
1.451783
3.252273
3.384915
0.159498
0.217905
3.784016
8.919775
12.361837
10.424603
10.408628
11.904844
16.451384
20.162791
22.204487
22.960755
24.257975
24.899284
25.487823
25.741936
26.935378
28.585595
30.058913
34.544206
35.798712
33.175714
32.775034
32.173964
31.274634
32.414519
36.612600
36.612600
37.053350
37.043058
33.664591
32.918981
31.282414
28.961938
27.478100
55.444250
58.721194
55.607548
48.324839
45.361219
43.481619
42.704150
46.021950
48.169900
65.198900
65.198900
68.473795
68.862494
68.754823
68.803800
68.737938
68.580063
70.309650
0.000000
0.000000
1.426446
2.629857
0.855594
0.254724
1.996423
2.429359
0.282359
0.220980
2.303904
5.167184
4.941203
4.250356
6.706320
11.043894
15.344189
17.676000
20.275900
21.338094
24.289300
25.416475
26.321512
26.953100
28.829775
31.015591
32.524916
35.461452
34.043733
34.193095
34.166372
34.286245
36.626131
36.559214
36.612600
36.612600
40.685194
40.406473
34.109031
33.040825
31.543175
29.657300
27.478100
55.574800
60.544125
55.532583
48.424775
45.577422
48.351077
49.913100
46.153900
47.060941
65.198900
65.198900
70.250275
70.666125
69.520700
69.984700
69.457800
69.006800
72.151000
3.422500
3.422500
0.642508
0.817895
0.115588
0.114795
0.438411
0.327050
0.175266
0.140891
0.461763
1.886915
0.694201
0.229415
5.502389
10.318885
13.645780
14.832002
17.982233
20.567739
23.509173
24.864395
26.448962
27.386508
29.420938
31.330820
32.850856
36.325600
37.098800
39.509250
40.109012
40.932667
42.024902
41.586300
44.341800
44.341800
44.330600
43.550888
38.758162
38.089400
38.577725
39.391600
39.391600
57.992400
61.549400
55.943931
54.073602
52.291352
49.050050
51.030300
47.341600
47.102100
56.665409
56.620800
57.891825
58.678575
63.150288
68.922100
68.922100
79.375800
75.610900
0.302789
0.302789
0.132829
0.084268
0.000000
0.000000
0.027637
0.071559
0.000459
0.003916
0.000000
0.077078
0.126919
0.133336
0.376083
1.564870
8.999055
12.864167
17.311148
20.640991
23.417200
23.826875
26.358806
27.501300
30.321523
32.498039
34.369534
36.476100
38.202500
39.647212
40.480800
41.575063
43.500300
43.918300
45.710064
48.574100
45.789000
44.564875
41.122505
40.578055
41.329639
42.883172
42.344089
55.619600
61.522952
56.008203
55.859461
52.429567
47.206533
47.350400
48.338800
47.102100
56.620800
56.620800
57.863125
58.040600
62.121163
68.922100
68.922100
77.453100
75.127100
0.118453
0.031559
0.000000
0.000000
0.010364
0.007403
0.000172
0.000459
0.000000
0.190162
0.192186
0.132571
0.425026
2.826094
8.915805
11.563336
15.658081
20.112513
23.074013
23.227641
25.796406
26.825441
30.394219
34.167305
36.392448
35.469272
37.051188
38.384830
39.530566
40.332617
43.171386
44.385675
47.477655
49.675850
47.201312
45.981913
44.138122
44.285430
45.015833
45.416916
43.936992
52.125100
56.594820
53.510228
54.976419
52.522889
43.730236
43.818338
44.176488
43.712725
57.398112
57.398112
57.863984
57.930538
63.900866
73.851412
73.851412
75.883100
75.010850
0.100950
0.000350
0.000000
0.000000
0.000000
0.000000
0.000000
0.000000
0.001187
0.527068
0.640512
0.135946
0.762300
3.620368
9.405348
10.885638
15.008059
19.758962
22.868100
22.879245
25.497020
26.401100
30.310603
34.525009
37.109472
34.301950
36.102669
37.419931
38.178869
39.182009
42.461984
44.297125
48.569281
50.498222
47.946375
46.635691
45.883331
46.309389
47.418111
46.197812
44.294700
50.028400
53.419675
51.844675
49.690617
45.609319
41.620148
42.048750
41.679100
41.679100
57.864500
57.864500
57.864500
57.864500
64.968688
76.809000
76.809000
74.998575
74.964975
0.000000
0.000000
0.000000
0.000000
0.010416
1.719286
2.776451
0.286216
1.705051
5.346615
13.681075
16.194969
17.243578
19.878438
23.000525
23.078542
25.470147
26.178336
28.812398
31.770375
33.268450
32.911337
32.932750
34.786372
35.199017
37.193866
40.833597
41.262987
50.313222
51.343466
47.177450
46.168772
45.788480
46.423072
47.262134
45.855587
44.050362
49.035212
50.217262
47.945850
47.790286
47.595105
43.059753
46.411550
42.108788
42.108788
57.864500
57.864500
57.888880
57.892363
65.403870
77.923050
77.923050
76.379263
76.144063
0.000000
0.000000
0.000000
0.000000
0.110993
2.561775
6.559306
3.113501
0.567362
4.065489
14.390978
18.715822
20.693200
21.065200
23.927500
23.927500
25.242506
25.541413
26.957369
28.795900
27.565900
26.722200
26.779400
27.653175
28.902933
30.791023
35.506206
38.103800
47.240813
51.665439
46.808900
45.917363
45.465987
45.827175
45.917850
44.937100
42.340000
42.082900
42.707400
42.167952
46.561944
47.550275
51.458191
59.818300
45.116600
45.116600
57.864500
57.864500
58.059537
58.087400
68.450150
85.721400
85.721400
83.227800
83.227800
1.384948
5.045767
13.795109
18.641595
21.223028
21.821800
23.927500
23.927500
24.892450
25.067725
24.992984
25.022000
25.022000
24.647200
24.647200
25.771137
25.931700
27.956625
31.331500
31.331500
42.033700
47.072822
46.209800
45.240388
44.726175
44.672500
43.819113
42.396800
42.340000
40.936900
40.936900
37.269720
46.443856
49.360381
49.658908
54.259400
45.116600
45.116600
57.864500
57.864500
58.059537
58.087400
68.450150
85.721400
85.721400
83.227800
83.227800
14.458387
15.282784
17.873628
18.943023
21.445614
21.986800
22.714300
23.327642
23.529006
23.445863
22.428658
20.887216
19.290656
19.192173
18.418300
19.135100
19.404625
19.274108
19.095892
19.683495
28.447856
33.414941
38.346097
40.736028
39.523828
38.920450
37.540113
36.123300
36.284727
34.588700
35.738400
35.594725
43.576644
48.557366
53.497573
57.102300
54.769500
54.769500
75.778100
75.778100
80.592262
81.280000
89.934250
104.358000
104.358000
104.358000
104.358000
19.716569
20.231895
21.803859
21.916488
22.714300
22.927450
22.940720
22.407636
20.565783
18.410338
16.181769
14.923350
14.409394
15.173873
15.567172
15.773817
15.459623
15.509913
27.102250
28.876075
36.260800
37.162848
38.430091
38.450794
37.453706
36.123300
36.123300
33.833700
34.264838
36.086139
41.660966
46.749883
53.399761
54.404800
54.769500
54.769500
75.778100
75.778100
80.592262
81.280000
89.934250
104.358000
104.358000
104.358000
104.358000
20.306412
20.715161
21.659775
21.836150
22.620912
22.635197
22.344605
21.670214
19.335395
17.116644
13.762320
12.428428
11.117662
10.925666
11.550681
12.325722
13.497414
13.556250
27.037000
27.037000
34.621675
34.621675
36.952303
37.313112
36.732545
35.687537
35.415662
32.684925
32.577787
35.429008
39.845870
47.242086
49.645828
50.949187
53.570775
53.570775
75.618925
75.618925
80.681095
81.404263
90.071539
104.517000
104.517000
107.503375
107.503375
22.024208
22.129800
21.883283
21.657052
21.285783
19.056305
13.390747
8.261208
10.541386
11.754185
11.668928
12.279858
13.504681
13.695650
27.037000
27.037000
31.808200
31.808200
31.114084
31.209962
31.846387
32.365325
30.462200
27.650037
26.900075
28.844117
32.073650
35.602575
39.880962
37.702587
45.179700
45.274288
74.504700
74.504700
81.302925
82.274100
91.032563
105.630000
105.630000
129.521000
129.521000
22.198563
22.317761
22.215403
22.570842
22.668578
19.989611
8.478119
4.674365
7.262695
11.528876
11.007273
11.474475
13.390100
13.390100
27.037000
27.037000
31.808200
31.808200
30.599125
30.426400
30.439825
30.462200
30.462200
26.498800
26.498800
29.396888
35.360883
38.051958
38.003900
34.994900
45.179700
45.936400
74.504700
74.504700
81.302925
82.274100
91.032563
105.630000
105.630000
129.521000
129.521000
1.305859
0.783194
2.775865
7.639138
13.892758
14.013600
13.795525
14.405400
24.105300
24.105300
25.041600
25.041600
26.064825
26.211000
25.595325
24.569200
23.047600
24.291400
24.291400
29.450050
33.108789
43.046303
40.959022
38.730100
43.099400
43.099400
78.913500
93.115625
93.189488
92.910200
101.909375
116.908000
116.908000
148.626000
148.626000
0.242082
0.427650
0.976710
1.923968
5.839711
11.882660
13.773584
14.112600
24.105300
24.105300
25.041600
25.041600
26.064825
26.211000
25.024725
23.047600
23.047600
24.291400
24.291400
27.440263
32.183670
34.127378
42.542817
39.211200
43.099400
43.099400
78.913500
85.738325
92.135587
92.910200
102.428375
118.292000
116.908000
151.887000
152.992000
10.763943
10.881292
17.172112
20.139300
24.436225
25.000983
25.935192
25.143273
23.054186
22.110850
22.082912
25.415775
25.067275
27.519364
30.361553
33.894758
37.891356
38.518387
41.215275
41.215275
68.670062
83.484794
102.363869
105.958356
120.006266
138.920750
138.401750
171.463875
181.439500
7.687896
9.714075
13.692636
17.985147
24.350923
25.459389
26.068694
24.371463
21.765756
21.535573
21.428973
25.334708
24.974678
27.199636
29.272134
33.404597
37.428389
38.385225
40.084800
40.246437
60.875872
81.487930
108.026647
114.660812
132.398156
154.381750
156.337500
183.889859
203.062719
25.316814
20.510231
20.572584
21.289164
20.628863
19.533794
20.443195
23.495056
27.666008
30.763520
40.270138
38.847138
39.376413
40.507875
59.230975
78.094313
104.244894
114.028672
145.019281
178.242734
193.205687
199.287016
253.416500
284.337125
312.964125
20.901175
18.656405
19.180462
19.969847
20.210972
19.370662
18.651123
19.949448
24.664670
25.813497
27.125456
28.236800
34.417700
34.417700
55.765100
61.694887
79.912325
92.576625
141.509969
196.042203
212.541328
232.596562
294.027484
333.368719
358.932031
18.523675
18.084300
19.669120
18.800600
18.577000
20.551700
26.071277
28.335558
27.122409
27.059300
34.417700
34.417700
55.765100
55.912187
82.978662
96.158688
147.111875
209.994391
230.150406
266.355016
316.883000
368.297125
525.649172
22.434225
22.551600
22.551600
21.977200
21.977200
24.483288
26.833073
33.932298
36.933714
38.077300
39.423000
46.340900
60.263800
64.107850
136.007125
150.269500
182.322875
230.832656
253.944250
320.408719
392.265000
582.245875
807.302813
22.551600
21.977200
22.708575
21.966444
22.908500
27.607234
34.618675
37.857987
39.423000
42.451650
59.880487
62.218061
135.744000
158.628250
197.259594
226.666672
285.902141
389.900594
447.224375
692.934547
884.767563
888.747000
888.747000
33.301288
33.096263
33.535088
30.391705
26.354275
28.151972
39.009080
45.236088
52.563313
52.823975
69.591875
70.129508
139.588289
161.280531
201.382953
235.568469
299.283016
478.271375
681.614109
872.009922
889.291453
889.401297
888.841219
50.613669
50.773887
60.447500
60.447500
75.556700
75.556700
142.166009
159.356516
192.829578
234.725328
285.181484
518.372141
799.116906
889.507922
890.677078
888.864266
888.878906
