1.215666
0.929216
0.529535
0.283643
0.429398
0.742529
0.548509
0.462703
0.851510
3.816901
4.180212
3.907063
2.044820
0.882857
1.076628
2.122575
3.008081
2.328993
1.754064
1.124639
0.991152
0.751401
0.532980
0.128554
0.088714
0.003965
5.413971
5.767093
4.647872
3.194796
1.954880
2.067334
2.968853
3.451001
3.221510
2.899344
2.217877
1.486677
0.967001
1.050639
0.132653
0.052153
0.003990
4.761924
6.202267
6.820827
7.354096
4.184658
2.269951
2.786086
3.032246
3.073910
3.299354
3.702453
3.765815
3.118521
2.758126
1.974299
1.753147
0.454625
0.118621
0.001496
0.000000
0.000000
0.000000
0.000000
5.709627
7.464540
7.344568
6.804614
5.725212
6.105705
2.997965
3.317462
3.545426
3.938827
4.839685
5.029191
4.357968
3.961968
3.591342
3.182620
1.490981
0.195421
0.000000
0.000000
0.000000
0.000000
0.000000
1.424057
3.777874
6.023709
7.780472
6.624314
6.516624
7.211266
7.616371
5.825278
4.261236
3.706776
4.693283
6.188431
6.126820
5.212960
5.071621
4.742695
4.434706
1.981075
0.213938
0.000003
0.000000
0.000000
0.000000
0.000000
0.000000
0.000000
1.612823
4.207890
6.052956
6.557884
6.514591
6.442319
6.439963
4.314570
7.871850
7.773710
4.790274
6.077585
7.541059
7.492347
7.166329
7.396462
7.237107
7.195140
3.730632
1.001769
0.133101
0.040887
0.009264
0.000036
0.000000
0.000389
0.000389
0.000000
0.000000
1.861484
4.905770
6.262022
6.050459
5.616201
5.731168
7.381614
6.069175
4.111320
6.256802
7.124588
8.095185
8.936448
8.887001
8.573774
8.508680
8.513100
8.530410
7.918105
5.595387
2.852139
1.623038
0.294512
0.010350
0.000000
0.003111
0.003111
0.000389
0.000000
0.695270
0.695270
2.299280
5.769415
5.982283
5.609009
4.178696
3.241766
4.286958
6.904840
6.134396
6.376838
7.274540
8.004132
8.093327
8.246141
8.525507
8.560670
8.950650
8.619620
7.567442
5.760649
3.279692
1.875227
0.256894
0.013489
0.000000
0.014196
0.003111
0.000389
0.000000
1.058480
1.058480
1.553372
3.152406
5.373087
4.420871
2.653352
3.448360
4.427593
4.921381
5.571129
6.434867
8.159120
8.104319
8.096490
8.517743
9.219830
9.219830
10.756000
10.756000
9.027448
7.004493
3.634804
2.096595
0.402462
0.039282
0.468757
0.156055
0.068984
0.062854
0.061978
0.098432
0.156742
0.000000
0.000000
1.075942
2.332201
3.645358
4.906174
4.708938
5.805186
6.782620
7.021658
7.326964
7.671261
8.399845
8.134409
8.381007
8.820860
9.743940
10.173499
11.309750
12.282562
11.004342
7.801069
4.591324
3.752905
1.753508
1.409411
4.254857
0.297009
0.068984
0.094468
0.097051
0.686937
1.962488
1.212820
1.212820
1.048680
2.771132
4.659505
5.637355
6.845563
7.363641
7.722273
7.839856
8.041964
8.199885
8.623761
8.234022
8.682572
9.172096
10.375354
11.221087
12.092675
13.949383
12.607184
12.024730
7.607992
6.252660
4.215935
3.346399
6.584873
0.597213
0.166588
0.137420
0.195265
2.587566
8.041458
10.262513
10.927728
1.169095
1.169095
1.507747
4.241199
6.911314
7.939869
8.742605
8.907897
9.409396
9.927455
9.951755
9.184629
9.245881
8.822441
9.668661
10.474423
12.781745
15.184580
15.546072
12.305350
11.707548
10.830339
8.980325
8.852417
8.708036
8.863918
14.111237
9.457272
3.285682
1.575371
2.080797
8.047171
13.593630
12.511575
15.981195
0.000000
0.000000
2.051791
5.287256
8.076040
9.440917
10.884700
10.797112
10.316337
10.253900
10.448300
9.216120
9.706140
8.945021
10.159386
11.291788
14.096050
16.193816
14.176258
12.265800
11.625200
11.546187
10.952150
10.951850
11.365814
12.732384
18.307344
14.404303
6.235696
3.399356
7.888310
11.879144
16.553106
16.206927
14.153359
8.860777
4.742039
4.035849
3.597939
1.074185
1.074185
1.958113
5.759023
9.523240
11.372605
13.364500
13.610300
14.005663
14.664600
14.664600
13.038853
13.550092
12.040458
12.122003
13.465780
16.119284
15.015522
12.443000
13.434300
15.142700
15.142700
13.627375
13.521900
14.243375
15.137500
19.931248
18.697519
12.814319
11.172606
17.852856
19.696044
21.409372
17.564198
5.161340
5.816360
8.225985
10.987061
10.848283
1.100340
1.100340
4.613849
7.843714
10.216100
12.412525
14.477350
15.027298
15.860550
16.528980
16.910831
17.481317
18.273981
18.336938
16.743948
16.396459
15.724419
14.324369
14.191244
15.686100
17.052364
16.827036
15.783559
15.571145
16.987189
20.376720
24.628178
22.527734
16.254400
19.995462
23.839056
24.324705
20.697461
9.090475
19.584200
20.773800
19.448000
15.952550
10.640500
14.672031
21.714237
0.000000
0.000000
3.574516
8.172218
10.993100
13.190783
15.943428
16.708648
17.845939
18.418095
18.438723
19.183314
20.509427
21.759445
20.979862
19.033420
16.560939
15.686417
16.482319
18.122225
19.762197
19.415156
17.466609
17.637011
20.045753
24.338830
25.182277
21.682266
18.350400
23.049916
26.345350
25.431305
22.256328
19.728159
22.594387
22.020808
21.177625
17.499803
16.771008
19.299781
24.243284
1.663025
1.663025
3.111130
8.019035
11.543725
13.744842
16.834011
17.632794
19.000827
19.077100
19.594878
20.034091
21.667872
22.617695
21.599095
20.143748
17.905103
17.810616
18.782831
20.437534
21.953733
20.731927
19.345469
20.474630
25.440488
27.717333
24.796239
21.150678
20.150152
25.157350
29.385666
26.742627
24.632770
24.788825
23.907228
21.968800
22.020839
20.432731
20.831809
22.407247
25.738575
29.906388
30.230413
30.793438
30.796013
24.577956
24.318503
24.249145
23.366359
22.337250
22.062212
23.875356
35.179000
38.972606
44.744491
46.446197
49.358733
51.748564
52.880741
51.649931
52.418464
1.766365
1.766365
3.014600
8.132918
12.179775
14.427464
17.016881
17.750400
18.748095
19.284459
20.374205
20.891166
21.669230
22.667667
23.307470
23.244491
23.249142
22.758717
25.532255
26.340939
24.105433
22.682861
23.233105
25.401980
25.645436
24.143862
23.293694
22.441838
23.035488
27.078830
26.839148
23.213767
19.689592
18.385100
17.955800
17.955800
19.088050
17.678534
23.934850
24.458145
26.356666
30.629838
33.126750
34.506405
34.848000
35.686348
27.441014
24.839425
21.967281
21.456937
20.340963
24.066473
36.048438
39.800153
44.184909
45.056027
46.248180
46.934937
50.253838
53.771856
48.037572
0.000000
0.000000
3.170196
8.251285
12.495300
14.937687
17.879183
18.612711
19.134430
19.406467
19.353997
19.186936
21.707875
23.255705
24.391834
25.056292
25.461444
25.893022
26.489625
24.900130
22.136300
19.971756
21.366034
23.128147
24.795437
23.466827
23.109200
23.811300
25.682984
30.071016
28.848706
22.729294
17.212675
15.883300
17.985900
17.985900
22.440000
22.440000
29.055088
30.000100
31.768037
34.714600
36.544500
36.195800
44.086600
45.434625
36.008763
31.196212
23.056977
18.946742
20.419100
35.094277
42.134500
41.457688
41.086753
39.999591
40.453612
42.898300
53.383800
61.214300
51.574484
1.198795
1.198795
3.040337
8.035623
12.366431
14.591294
16.401561
15.499670
16.233352
14.695497
14.160800
14.485203
19.471619
23.044981
24.669145
25.151398
25.227450
25.365700
25.751900
24.281200
23.317448
21.536486
22.158633
23.195416
23.380350
23.524784
24.005100
25.171200
28.174942
31.021264
30.883017
26.609972
21.760787
19.982327
19.419200
19.898700
22.440000
22.440000
29.055088
30.000100
30.532112
31.418800
32.938336
37.838833
51.866300
51.053250
45.606513
41.444561
30.438586
23.700600
17.264531
25.363602
36.386787
38.094897
35.968772
33.048627
32.667141
44.578603
60.622595
64.419580
56.155245
1.495115
1.495115
2.756385
7.191843
10.770200
12.113500
11.667033
8.572116
7.452829
5.729098
9.129730
11.364300
18.875503
21.981570
21.852516
23.561428
23.308695
23.759559
24.744166
25.713125
25.322553
25.130764
23.756517
23.727391
24.433300
25.403800
25.419211
30.265200
30.363341
32.381258
32.310337
30.514402
28.078597
25.420617
28.732100
28.732100
31.640600
31.640600
29.857787
29.603100
32.650987
37.730800
37.730800
55.984181
57.564350
60.501061
55.963477
47.033298
37.970986
30.312311
26.028167
34.981195
41.129569
38.960498
44.900798
33.475777
34.994195
46.152664
57.317609
69.441731
62.850831
0.000000
0.000000
2.492131
6.353470
9.728678
11.807464
9.632411
3.472570
1.495894
2.120345
7.997651
12.111902
18.593645
19.336177
17.758652
20.315702
21.823630
21.771388
24.135617
23.956788
24.887797
25.304300
24.766486
24.632086
24.749511
25.525987
26.387783
30.265200
32.712622
32.704089
31.143463
30.071305
27.379030
25.723631
28.732100
28.732100
31.640600
31.640600
29.857787
29.603100
32.879386
38.339862
38.454925
55.730056
59.288037
61.385138
56.580631
49.255584
40.990050
38.453764
33.712694
46.448717
45.173477
46.751287
54.570680
56.116586
58.465269
63.532939
64.943344
69.479980
70.334523
0.629740
0.629740
2.377755
5.749506
6.570761
9.430701
8.788793
5.311317
0.396370
1.124570
6.123041
12.556912
17.694653
16.306061
15.200180
17.994439
20.632187
21.069511
23.284506
23.398942
25.124312
25.149447
24.988013
24.882520
25.138113
25.819425
27.398681
30.860553
34.401338
32.263127
30.632528
29.628058
27.868792
27.202425
30.317675
30.317675
32.862613
32.862613
30.096344
29.698228
32.885394
38.205487
38.366575
55.764875
60.805691
61.187287
54.293986
45.029417
43.603147
40.156005
35.357188
51.819663
47.973338
48.571061
56.123295
59.937969
66.997180
71.667419
67.548375
70.614400
75.710225
2.992070
2.992070
2.314651
5.489057
3.349779
3.546691
5.519883
5.286377
0.287062
0.448315
6.213979
11.596028
13.340019
10.702149
10.483594
12.222804
16.368116
20.259687
21.218400
22.397164
24.868392
25.168252
25.839334
26.053644
26.866256
27.704942
29.605089
35.104119
37.180263
34.455348
34.049527
34.850567
36.261481
36.381325
41.416737
41.625088
41.983700
41.742878
32.353620
30.407833
32.075564
34.918150
34.706800
58.920437
62.266022
58.522603
50.824667
46.880508
44.921645
47.209325
45.604897
53.158862
54.915600
54.442083
62.434194
63.688319
67.425000
73.367438
75.473738
81.245825
82.070163
0.000000
0.000000
1.826802
3.546782
1.777071
0.748084
4.155426
4.635270
1.004399
0.484392
3.526281
6.441992
5.632131
4.945273
7.239551
11.736135
15.995156
18.095953
20.782300
21.799819
24.806863
25.888925
26.358362
27.061055
28.417216
29.789630
31.730703
35.813700
37.887700
36.646950
36.337313
37.255975
39.527163
40.776022
41.417000
43.527769
46.561692
45.084945
32.358487
30.713787
32.986873
37.148334
34.736605
58.191300
64.774519
61.258977
51.840356
48.228405
51.841509
50.941900
47.057241
51.114170
60.621511
57.491475
65.613920
68.118453
71.136255
74.092200
79.174200
83.332000
91.664067
2.688955
2.688955
0.858877
1.138141
0.135052
0.104506
2.029337
1.707149
0.833479
0.234191
1.377838
2.910325
1.055956
0.293260
6.253436
9.807082
13.693794
15.003414
19.128461
21.429700
24.001850
25.393713
27.026064
28.325275
30.409569
30.866847
32.336703
38.702200
41.095628
42.070809
42.236075
43.784778
46.328034
46.170800
50.520700
50.526800
48.839500
47.655450
40.526025
39.531700
43.558412
50.269600
50.269600
63.289700
67.567247
64.274753
61.785405
58.602178
53.961411
55.435200
52.888300
52.888300
56.626327
56.013011
67.181902
69.372613
72.833850
76.965600
80.649200
90.650177
89.983300
2.713915
2.713915
0.191893
0.076183
0.000000
0.000000
0.123848
0.348263
0.055818
0.004790
0.097282
0.294666
0.270755
0.164550
0.649175
1.897383
9.564027
13.022019
18.538345
21.454603
23.946200
24.587903
26.645798
28.137463
30.600734
31.305127
33.331678
38.702200
39.280300
41.884300
43.251525
44.930636
47.625575
48.665200
51.143467
55.073900
49.887300
47.786425
42.188787
42.719075
47.816050
53.432387
53.093900
61.319900
67.686316
64.860973
63.319364
60.926555
55.031531
53.387500
57.153984
53.319306
58.654922
58.744523
67.964437
71.019638
78.674975
86.617100
83.965331
93.223531
96.649727
0.105323
0.027777
0.000000
0.000000
0.041305
0.043158
0.027387
0.000831
0.028780
0.744034
0.889090
0.260882
1.028805
3.711699
10.024942
12.371583
18.265575
21.012678
23.634513
24.036028
25.978684
27.064275
30.303756
33.204445
34.896861
34.892825
36.326769
39.451987
41.846369
43.282902
46.933411
49.036200
53.117114
55.854564
52.603277
49.436136
44.868959
46.030637
50.561214
53.108413
51.371400
60.071338
64.677611
63.674495
65.236872
64.100931
57.473797
57.375250
54.680741
53.280069
66.420966
66.362695
70.186453
71.401739
79.249186
90.521975
90.409181
100.424831
102.111830
0.089093
0.000289
0.000000
0.000000
0.000000
0.000040
0.000067
0.000000
0.108513
1.666322
1.957056
0.203440
1.455566
4.620445
10.658870
12.399125
18.215700
20.800717
23.447500
23.826309
25.630403
26.425655
30.121827
33.847600
35.284747
31.830925
34.086589
37.765327
40.404712
42.076525
46.124520
49.071387
54.385925
56.632461
54.582320
50.868197
46.956136
48.481656
53.334214
52.747839
50.576425
59.391980
62.650081
62.741598
63.431322
63.191434
59.945997
59.877388
52.800800
52.800800
70.740300
70.740300
71.617564
71.705838
79.959272
93.817913
96.120570
106.904750
106.055500
0.000000
0.000000
0.000000
0.000000
0.141108
3.694245
5.367788
0.797375
2.226556
6.714078
15.267505
17.981222
19.069030
21.318741
23.555500
24.195573
25.636508
26.366831
29.304067
32.050212
32.055022
30.837189
31.556437
35.664897
36.463925
39.127950
44.878450
47.241512
56.506370
55.633178
51.299475
50.777745
51.261845
52.536078
55.018031
53.791528
52.565947
59.485348
60.324887
60.867267
61.939041
64.617866
60.663155
62.714850
54.030375
54.030375
70.569650
70.569650
72.851770
72.918438
83.458242
103.680500
99.391600
109.720000
113.230125
0.000000
0.000000
0.000000
0.000000
0.461843
5.424338
10.144613
5.917649
1.357260
6.035896
16.656897
20.094806
22.330800
22.409100
24.311500
24.649983
25.404783
25.695750
26.580648
27.249350
27.225841
27.441880
27.769178
29.094559
31.060778
33.238206
39.038491
43.615600
54.916922
57.029398
51.762000
52.954527
54.222892
54.705050
55.246450
54.956700
54.846109
56.324400
57.319700
57.967944
60.548883
62.873442
68.225552
77.212200
62.637400
62.637400
69.375100
69.375100
76.694037
77.739600
89.560875
109.263000
109.263000
119.149000
125.379250
5.070856
10.480346
16.990441
20.292739
22.843150
23.206000
24.311500
24.708750
25.390978
25.506013
25.569837
25.435900
25.157200
26.771700
26.771700
28.351950
28.577700
30.919088
34.821400
35.765569
42.731100
53.631125
52.272100
53.254692
53.503213
54.127191
55.035186
54.993458
55.107369
54.801400
54.959941
55.221106
61.358406
63.620527
65.279384
71.985900
62.637400
62.637400
69.375100
69.375100
78.030425
79.112550
90.258188
109.263000
109.263000
119.149000
126.139000
19.924747
20.308233
21.291508
21.325887
23.068955
23.473400
23.577500
23.850150
24.235239
23.912512
22.904747
21.716633
20.330781
20.971300
21.279777
22.087412
22.676672
22.991817
23.743109
23.880000
32.794155
39.760288
45.344978
49.417884
50.441786
49.300750
49.510637
50.609200
53.643056
52.786366
54.325283
53.937727
57.075517
60.521320
64.531767
68.228416
74.862600
75.561000
91.153600
91.153600
97.498312
98.404700
113.116063
137.635000
137.635000
137.635000
138.695000
22.348269
22.480587
23.601380
23.407213
23.549063
23.718189
23.564806
23.073942
21.218833
19.436481
16.610313
18.469800
18.092988
19.800288
20.195322
19.607500
18.983500
19.584750
28.097638
32.556213
43.748075
45.293609
47.885750
48.023844
47.811341
47.737950
48.827663
49.809639
53.778920
54.772827
52.333650
55.413859
65.569625
63.725125
74.862600
75.124500
91.153600
91.153600
97.498312
98.404700
113.116063
137.635000
137.635000
138.216875
142.243125
22.938861
23.009112
23.557775
23.371488
23.571688
23.571688
23.073298
22.345381
20.160453
18.337142
14.541484
16.363537
15.592857
17.542869
17.776761
16.428110
14.933321
16.181112
25.915725
27.419566
41.729722
42.345039
45.968661
46.436848
46.106894
45.637253
46.141928
47.692462
52.052133
53.846966
51.063345
59.693062
63.452570
61.048687
72.510637
73.205662
89.917262
90.408553
97.769566
98.811113
113.450555
137.849625
137.849625
144.871000
149.951250
23.942714
23.940130
22.830284
22.684708
23.292059
20.373847
13.854531
11.705682
9.726987
10.846644
10.640922
8.899464
8.972891
10.375587
22.012000
23.121038
33.543673
38.448322
40.340519
40.397000
40.890266
42.170142
42.392942
43.014975
45.127164
48.104548
47.240922
46.039013
51.844625
47.522687
56.046900
61.553295
81.262900
84.991669
99.668764
101.656000
115.964219
139.811250
139.657125
189.006000
189.666625
24.614853
24.581084
23.771588
24.019055
23.887283
20.278456
8.302735
4.532781
6.318366
11.660155
12.555817
9.217584
8.845723
10.234800
22.012000
23.255000
33.474800
36.158600
40.037042
40.397000
40.387250
40.371000
40.633416
41.590300
41.840592
42.604194
45.312803
49.615934
49.027342
44.726100
56.046900
60.479186
81.262900
83.402275
99.614250
101.656000
117.169750
143.026000
144.197219
189.006000
195.269047
1.015595
0.221561
1.159490
4.283697
12.074857
11.746795
12.496838
13.196400
23.035600
23.035600
30.497200
30.497200
34.577500
35.160400
35.723087
37.203881
38.618328
39.442827
40.338442
40.272697
42.215352
53.246670
56.466719
51.497000
54.473600
56.089900
93.674700
107.678462
110.173375
110.995875
126.526000
150.321000
150.321000
221.422000
233.196000
0.120737
0.119580
0.203002
0.538896
3.372540
9.623199
12.315078
12.438000
23.035600
23.035600
30.497200
30.497200
34.577500
35.160400
35.723087
36.660900
37.340152
38.627280
38.109341
36.137680
40.468748
42.687064
54.614409
48.945800
54.473600
55.873492
93.674700
107.078212
110.087625
110.244000
127.122375
155.253000
162.262000
222.438672
247.076000
8.667851
9.533687
16.595037
19.620162
27.195387
29.761927
33.245281
33.775228
34.559150
35.913517
36.922359
37.853286
36.647641
34.003153
35.242127
39.217628
45.601777
44.116862
48.321475
48.463623
80.438262
102.597486
113.976766
116.890641
141.434875
175.556125
172.371375
240.359656
277.744750
5.204620
7.942628
12.956969
17.569917
25.326631
29.501273
32.641616
33.083316
33.802875
35.364192
36.283542
36.562189
35.253202
32.269195
31.617786
36.854831
41.952670
41.369850
44.630200
45.075462
71.471000
98.433469
116.017944
122.477750
150.978734
188.649125
182.954250
249.870187
301.612312
34.480419
32.470278
33.146997
35.026075
34.904588
33.302764
30.666867
27.964097
27.668180
29.953375
42.314597
40.648175
43.335000
46.451838
69.873975
87.342103
114.315084
125.119859
156.605828
195.786984
216.167047
270.314578
398.083578
626.777187
783.706953
30.138978
29.703658
31.437894
32.959808
33.478608
32.477359
29.064397
26.352084
25.027837
25.078777
26.588003
28.229300
34.268600
34.268600
58.694800
65.257825
84.176300
98.188125
148.054578
203.031875
234.034344
317.319344
561.657781
769.823922
792.756672
29.158811
29.950519
31.903600
31.319478
26.938600
24.186320
27.610831
29.543705
26.637884
26.709900
34.268600
34.268600
58.694800
58.694800
91.403787
106.132313
162.681000
236.801219
291.379656
465.558547
772.171109
786.933094
785.727281
27.230534
28.220150
29.304931
29.568356
26.219428
25.111337
27.315228
35.949158
38.598469
40.335000
43.733200
49.813800
64.138000
72.721925
150.937525
162.701000
200.773625
267.958172
336.910672
599.474375
784.435125
786.249687
784.024484
27.817837
27.558100
25.963866
23.840587
23.561783
28.698194
35.892000
39.235625
43.733200
46.764487
64.138000
71.493261
150.762002
173.725063
224.312922
279.959188
416.643188
735.344453
784.008141
784.030891
784.059969
784.070359
785.001297
31.647313
30.248450
29.737208
25.709534
20.963906
23.233345
35.038383
41.666563
50.858075
54.304713
71.149188
75.044195
150.177750
172.935594
230.985953
292.152203
624.168250
779.742047
784.709031
784.065234
784.078219
784.102234
784.494437
44.186511
44.461237
55.133000
59.907938
75.364062
78.285195
149.985687
167.683766
216.433938
278.784094
695.654297
784.042953
784.045563
784.074156
784.086891
784.119078
784.153984
