0.000000
0.000000
0.000000
0.000000
0.000000
0.000000
0.000000
0.000000
0.000000
0.000000
0.000000
0.000000
0.000000
0.000000
0.000000
0.000000
0.000000
0.000000
0.000000
0.000000
0.000000
0.000000
0.000000
0.000000
0.000000
0.000000
0.000000
0.000000
0.000000
0.000000
0.000000
0.000000
0.000000
0.000000
0.000000
0.000000
0.000000
0.000000
0.000000
0.000000
0.000000
0.000000
0.000000
0.000000
0.000000
0.000000
0.000000
0.000000
0.000000
0.000000
0.000000
0.000000
0.000000
0.000000
0.000000
0.000000
0.000000
0.000000
0.000000
0.000000
0.000000
0.000000
0.000000
0.000000
0.000000
0.000000
0.000000
0.000000
0.000000
0.000000
0.000000
0.000000
0.000000
0.000000
0.000000
0.000000
0.000000
0.000000
0.000000
0.000000
0.000000
0.000000
0.000000
0.000000
0.000000
0.000000
0.000000
0.000000
0.000000
0.000000
0.000000
0.000000
0.000000
0.000000
0.000000
0.000000
0.000000
0.000000
0.000000
0.000000
0.000000
0.000000
0.000000
0.000000
0.000000
0.000000
0.000000
0.000000
0.000000
0.000000
0.000000
0.000000
0.000000
0.000000
0.000000
0.000000
0.000000
0.000000
0.000000
0.000000
0.000000
0.000000
0.000000
0.000000
0.000000
0.000000
0.000000
0.000000
0.000000
0.000000
0.000000
0.000000
0.000000
0.000000
0.000000
0.000000
0.000000
0.000000
0.000000
0.000000
0.000000
0.000000
0.000000
0.000000
0.000000
0.000000
0.000000
0.000000
0.000000
0.000000
0.000000
0.000000
0.000000
0.000000
0.000000
0.000000
0.000000
0.000000
0.000000
0.000000
0.000000
0.000000
0.000000
0.000000
0.000000
0.000000
0.000000
0.000000
0.000000
0.000000
0.000000
0.000000
0.000000
0.000000
0.000082
0.000082
0.000000
0.000000
0.000000
0.000000
0.000000
0.000000
0.000000
0.000000
0.000000
0.000000
0.000000
0.000000
0.000000
0.000000
0.000000
0.000000
0.000000
0.000000
0.000000
0.000000
0.000000
0.000000
0.000000
0.000000
0.000000
0.000000
0.000000
0.000000
0.000000
0.000036
0.000036
0.000000
0.000000
0.000000
0.000000
0.000000
0.000000
0.000000
0.000000
0.000000
0.000000
0.000000
0.000000
0.000000
0.000000
0.000000
0.000000
0.000000
0.000000
0.000000
0.000000
0.000000
0.000000
0.000000
0.000000
0.000000
0.000000
0.000000
0.000000
0.000000
0.000000
0.000000
0.000000
0.000000
0.000000
0.000000
0.000000
0.000000
0.000000
0.000000
0.000000
0.000000
0.000000
0.000000
0.000000
0.000000
0.000000
0.000000
0.000000
0.000000
0.000000
0.000000
0.000000
0.000000
0.000000
0.000000
0.000000
0.000000
0.000000
0.000000
0.000000
0.000000
0.000000
0.000000
0.000000
0.000046
0.000046
0.000000
0.000000
0.000000
0.000000
0.000000
0.000000
0.000000
0.000000
0.000000
0.000000
0.000000
0.000000
0.000000
0.000000
0.000000
0.000000
0.000000
0.000000
0.000000
0.000000
0.000000
0.000000
0.000000
0.000000
0.000000
0.000000
0.000000
0.000000
0.000000
0.000000
0.000000
0.000000
0.000000
0.000082
0.000082
0.000000
0.000000
0.000000
0.000000
0.000000
0.000000
0.000000
0.000000
0.000000
0.000000
0.000000
0.000000
0.000000
0.000000
0.000000
0.000000
0.000000
0.000000
0.000000
0.000000
0.000000
0.000000
0.000000
0.000000
0.000000
0.000000
0.000000
0.000000
0.000000
0.000000
0.000000
0.000000
0.000000
0.000000
0.000000
0.000000
0.000000
0.000000
0.000000
0.000000
0.000000
0.000000
0.000000
0.000000
0.000000
0.000000
0.000000
0.000000
0.000000
0.000000
0.000000
0.000000
0.000000
0.000000
0.000000
0.000000
0.000000
0.000000
0.000000
0.000000
0.000000
0.000000
0.000000
0.000000
0.000000
0.000000
0.000000
0.000000
0.000000
0.000000
0.000000
0.000000
0.000067
0.000067
0.000000
0.000000
0.000000
0.000000
0.000000
0.000000
0.000000
0.000000
0.000009
0.000000
0.000000
0.000000
0.000000
0.000000
0.000000
0.000000
0.000000
0.000000
0.000000
0.000000
0.000000
0.000000
0.000000
0.000000
0.000000
0.000000
0.000000
0.000000
0.000000
0.000000
0.000000
0.000000
0.000000
0.000000
0.000000
0.000000
0.000000
0.000059
0.000059
0.000000
0.000000
0.000000
0.000000
0.000000
0.000000
0.001628
0.002950
0.017673
0.002092
0.002805
0.055076
0.011471
0.000007
0.000000
0.000000
0.000000
0.000000
0.000000
0.000000
0.000000
0.000000
0.000001
0.000134
0.000048
0.000000
0.000000
0.000000
0.000000
0.000000
0.000000
0.000000
0.000000
0.000000
0.000000
0.000000
0.000000
0.000000
0.000000
0.000000
0.000000
0.000000
0.000000
0.000000
0.000000
0.000000
0.001846
0.027133
0.023681
0.061150
0.073987
0.168081
0.641769
0.079801
0.000257
0.000000
0.000000
0.000000
0.000000
0.000000
0.000000
0.000000
0.000000
0.004731
0.013288
0.001713
0.000000
0.000000
0.000000
0.000000
0.000000
0.000000
0.000000
0.000000
0.000000
0.000000
0.000000
0.000000
0.000000
0.000000
0.000046
0.000046
0.000000
0.000000
0.000000
0.000000
0.000000
0.005724
0.035022
0.047456
0.227403
0.440135
0.791484
0.618013
0.062842
0.035798
0.002892
0.000357
0.000001
0.000000
0.000957
0.007593
0.003207
0.003025
0.020886
0.078796
0.006245
0.002614
0.000640
0.000000
0.000000
0.000000
0.000000
0.000000
0.000000
0.000000
0.000000
0.000000
0.000000
0.000000
0.000000
0.000000
0.000000
0.000000
0.000000
0.000000
0.000000
0.000000
0.000000
0.000000
0.000000
0.000000
0.018967
0.027933
0.025751
0.036357
0.024515
0.060107
0.021090
0.036310
0.004536
0.000125
0.000125
0.000000
0.000000
0.000000
0.000000
0.000000
0.006961
0.038631
0.116474
0.295879
0.438872
0.762169
0.945746
1.298719
1.375663
0.513493
0.113133
0.642199
0.301590
0.047448
0.206625
0.049563
0.021401
0.044235
0.026206
0.033890
0.020742
0.015970
0.003368
0.002579
0.000000
0.000000
0.000000
0.000000
0.000000
0.000000
0.000000
0.000000
0.000000
0.000000
0.000000
0.000000
0.000000
0.000000
0.000000
0.000000
0.000000
0.000000
0.000000
0.000000
0.000000
0.017968
0.025333
0.032141
0.048819
0.018712
0.020164
0.048077
0.158473
0.017164
0.000000
0.000000
0.000000
0.000000
0.000000
0.000000
0.000000
0.004196
0.030101
0.048655
0.061720
0.195126
0.618737
0.869669
1.149177
2.191106
1.699927
1.400107
1.285226
0.480314
0.114548
0.013067
0.019652
0.026040
0.064937
0.100943
0.069033
0.040276
0.019646
0.019775
0.098951
0.000000
0.000000
0.000000
0.000000
0.000000
0.000000
0.000000
0.000000
0.000000
0.000000
0.000000
0.000000
0.000000
0.000000
0.000000
0.000011
0.000000
0.000000
0.000000
0.000000
0.000000
0.011457
0.024050
0.027691
0.016729
0.010441
0.020606
0.022763
0.042479
0.022010
0.000319
0.000319
0.000000
0.000000
0.000000
0.000000
0.000000
0.000000
0.016870
0.002244
0.000010
0.000057
0.071143
0.091201
1.298858
2.484379
2.587219
2.610130
1.791151
0.262958
0.052911
0.054388
0.120896
0.177417
0.084368
0.062707
0.112996
0.055126
0.031766
0.181132
0.754257
0.014760
0.000000
0.000000
0.000000
0.000000
0.000000
0.000000
0.000000
0.000000
0.000000
0.000000
0.000000
0.000000
0.000003
0.020717
0.132530
0.004553
0.000001
0.000000
0.000000
0.000000
0.011761
0.021798
0.021726
0.012846
0.007726
0.020936
0.022039
0.025467
0.022411
0.000794
0.000794
0.000000
0.000000
0.000000
0.000000
0.000000
0.000000
0.000000
0.000000
0.000000
0.000000
0.011366
0.312742
0.497095
1.538065
2.074709
2.027032
2.428810
1.786041
0.222062
0.263385
0.093176
0.176853
0.335831
0.317032
0.222443
0.102671
0.427295
1.235758
0.631877
0.017461
0.000000
0.000000
0.000000
0.000000
0.000000
0.000000
0.000000
0.000000
0.000000
0.000000
0.000000
0.000000
0.009189
0.053660
0.981924
0.093648
0.056991
0.010408
0.000000
0.000000
0.000020
0.007582
0.023602
0.023321
0.016502
0.020097
0.020730
0.023169
0.023473
0.000000
0.000000
0.000000
0.000000
0.000000
0.000000
0.000000
0.000000
0.000000
0.000000
0.000000
0.000000
0.018370
0.081861
0.001538
0.278237
0.478646
0.480217
2.436344
1.711820
1.178447
0.780881
0.203326
0.389359
0.632825
0.592096
0.397402
0.189939
0.762892
1.396264
0.889513
0.083756
0.000000
0.000000
0.000396
0.012238
0.000102
0.000013
0.000000
0.000000
0.000000
0.000000
0.000000
0.002292
0.024686
0.114138
0.660643
0.553385
0.384146
0.042370
0.000000
0.000000
0.000059
0.016225
0.068541
0.052193
0.043851
0.066217
0.022125
0.021010
0.083915
0.000818
0.000818
0.000000
0.000000
0.000000
0.000000
0.000000
0.000000
0.000000
0.000000
0.000000
0.000000
0.000000
0.000000
0.000000
0.028077
0.012752
0.045159
2.170786
2.320369
2.708391
1.362344
0.249491
0.827863
1.086658
1.042628
0.687435
0.286199
1.235104
1.307044
0.337204
0.002368
0.000023
0.002503
0.020538
0.019121
0.000142
0.000018
0.000000
0.000000
0.000000
0.000000
0.000000
0.000045
0.032030
0.117383
0.333504
0.069217
0.142627
0.029818
0.002449
0.000000
0.000005
0.016350
0.051482
0.068656
0.222515
0.323382
0.119295
0.109264
0.257903
0.001513
0.001513
0.000000
0.000000
0.000000
0.000000
0.000000
0.000000
0.000000
0.000000
0.000000
0.000000
0.000000
0.000000
0.000000
0.000114
0.007671
0.073021
0.200667
1.355947
2.401640
2.071299
1.299090
1.556103
1.564103
1.463942
1.255412
1.764698
1.670436
1.159638
1.081241
0.398688
0.116748
0.174262
0.032182
0.001791
0.000000
0.000000
0.000007
0.000007
0.000000
0.000000
0.000000
0.007377
0.571122
1.157108
0.020266
0.000167
0.013038
0.020740
0.020429
0.004831
0.002532
0.017391
0.019656
0.054675
0.151080
0.450314
0.675649
0.581694
0.535593
0.000000
0.000000
0.000000
0.000000
0.000000
0.000000
0.000000
0.000000
0.000000
0.000000
0.000000
0.000000
0.000000
0.000000
0.000000
0.000000
0.008389
0.020561
0.087212
0.305051
1.726074
2.279433
2.090363
2.062220
1.975445
1.864082
1.622998
2.129229
2.168285
1.866157
2.083985
1.298673
1.245602
0.498501
0.025255
0.000000
0.000000
0.000000
0.000055
0.004699
0.005755
0.000000
0.000000
0.013014
1.382126
0.801980
0.000662
0.011189
0.027266
0.095923
0.028687
0.096271
0.238978
0.050973
0.031906
0.373443
0.498414
0.486379
0.817445
0.965043
0.997236
0.000857
0.000857
0.000000
0.000000
0.000000
0.000000
0.000000
0.000000
0.000000
0.000000
0.000000
0.000000
0.000000
0.000000
0.000000
0.000000
0.000194
0.015035
0.056683
0.446495
1.766800
2.472258
2.503700
2.542889
2.582925
2.465591
1.947560
2.181389
2.200282
2.174020
2.307330
2.383050
2.542065
1.672545
0.198848
0.085707
0.060295
0.000401
0.017263
0.019807
0.017204
0.003807
0.000007
0.008102
0.923303
2.260387
0.049805
0.025555
0.108294
0.864583
0.223364
0.293591
0.345656
0.252184
0.175686
0.533212
0.946663
0.938174
1.213030
1.838637
1.439197
0.001013
0.001013
0.000000
0.000000
0.000000
0.000000
0.000000
0.000000
0.000000
0.000000
0.000000
0.000000
0.000000
0.000000
0.000000
0.000000
0.000000
0.000000
0.015852
0.023254
0.498974
1.068977
1.294415
1.061379
2.389714
1.628318
2.139145
2.252264
2.079367
2.112960
2.495354
2.704431
2.979248
3.083588
3.034085
2.176371
0.764306
0.024221
0.037325
0.091164
0.315934
0.423579
0.022237
0.074161
1.911535
2.788283
1.607393
1.065637
0.375949
0.437279
0.547498
0.507928
1.913393
1.648416
0.960695
1.196334
1.277320
1.406897
1.832510
2.436380
2.265530
0.000000
0.000000
0.000000
0.000000
0.000000
0.000000
0.000000
0.000000
0.000000
0.000000
0.000000
0.000000
0.000000
0.000000
0.000000
0.000000
0.010343
0.019709
0.036993
0.036264
0.059641
0.256578
0.976459
1.175084
0.937659
1.130373
0.825740
1.816532
2.581000
2.579556
2.790944
3.098454
3.604245
3.908948
1.971586
0.186334
0.094982
0.440901
1.063646
0.898883
0.042972
0.182323
2.349654
3.677113
3.632513
3.266726
1.560996
2.227912
2.634055
2.053056
3.022048
2.479221
1.802475
1.646451
1.490400
1.695059
2.012726
2.464524
2.285286
0.000000
0.000000
0.000000
0.000000
0.000000
0.000000
0.000000
0.000000
0.000000
0.000000
0.000000
0.000000
0.000000
0.000000
0.000000
0.000000
0.000332
0.022160
0.066126
0.091647
0.156141
0.244980
0.439583
0.236933
0.240032
0.455068
0.563920
0.800079
2.368018
2.401760
2.610279
2.926396
3.733287
4.372369
2.484510
0.302219
0.236707
0.952046
1.490884
0.463119
0.212434
0.870715
3.409880
3.956430
4.156245
4.152569
0.756669
0.511978
2.786516
2.801032
3.198254
2.619706
2.057716
1.782967
1.568610
1.715209
2.097016
2.457370
2.323415
0.000000
0.000000
0.000000
0.000000
0.000000
0.000000
0.000000
0.000000
0.000000
0.000000
0.000000
0.005101
0.002746
0.054237
0.272109
0.262357
0.219096
0.261031
0.301891
0.403515
0.398852
0.557566
0.530995
0.579810
0.440554
1.367094
1.783115
1.881965
3.287380
2.906824
1.087430
0.446892
1.010063
1.559947
1.800895
0.969858
0.264569
1.506503
3.884389
4.200569
4.008046
4.021665
1.583114
1.560583
4.263425
3.719231
3.325909
2.762488
2.180701
1.827293
1.535142
1.379585
1.509688
2.039148
2.583593
0.000000
0.000000
0.000000
0.000000
0.000000
0.000000
0.000000
0.000000
0.000000
0.000000
0.000000
0.017357
0.077309
0.119391
0.350312
0.278715
0.306421
0.271949
0.277001
0.275458
0.359492
0.416547
0.452796
0.429618
0.499728
0.790040
0.599031
0.785057
2.416015
3.095529
2.642164
2.910393
2.654801
2.355210
2.554516
2.493582
2.326486
3.487334
3.914936
3.927117
5.267572
5.244790
3.446009
3.608385
4.824167
3.563042
2.942860
2.756616
2.513444
2.060311
1.620185
1.374043
1.463143
2.152833
2.873538
0.000000
0.000000
0.000030
0.017840
0.239670
0.328872
0.389727
0.319173
0.348808
0.359448
0.328309
0.194688
0.210236
0.209821
0.226310
0.240554
0.387899
0.188224
0.094033
0.135644
0.429504
2.722575
4.405264
4.949731
3.891524
3.305485
3.023309
3.370289
3.274040
3.822453
3.295640
3.178558
4.479418
5.021932
5.683005
4.421036
4.674199
4.063760
3.924222
3.961848
3.066286
2.547573
1.710677
1.194975
1.413931
2.145123
3.061150
0.000000
0.000658
0.002491
0.002736
0.086496
0.241741
0.130386
0.159149
0.245553
0.178572
0.077487
0.118889
0.023944
0.017293
0.017712
0.017181
0.019017
0.009313
0.000000
0.000000
0.000000
0.305584
2.742090
3.927933
3.875098
2.643691
2.467396
2.801580
2.935063
2.978807
2.803451
2.079158
2.252677
4.546995
5.040926
4.830850
4.759627
4.594446
4.193528
4.022045
3.062272
2.193126
1.249952
0.925058
1.281263
2.028739
3.735125
0.029706
0.043566
0.112939
0.152848
0.105500
0.117226
0.117094
0.027971
0.007530
0.007856
0.000916
0.000002
0.000682
0.000000
0.000008
0.000000
0.000000
0.000000
0.000000
0.000007
0.390444
1.459369
2.417199
2.349112
2.651792
2.678126
2.357864
2.384318
3.228210
2.789297
1.765663
2.344350
4.361482
4.271327
4.249798
4.633430
3.934707
3.131565
2.090179
1.775445
1.521941
1.200356
1.294750
2.142966
4.049073
0.060090
0.040070
0.109562
0.095524
0.064013
0.078126
0.041490
0.011299
0.000000
0.000000
0.000000
0.000000
0.000000
0.000000
0.000000
0.000000
0.000000
0.000000
0.000000
0.000000
0.000000
0.009355
0.740664
2.271611
2.795127
2.695767
1.994481
2.113241
3.407146
2.979343
1.661091
2.158746
3.511690
3.833124
3.721317
4.530273
4.186480
2.280517
1.505059
1.684126
1.743666
1.391768
1.353109
2.262227
4.293153
0.022968
0.019653
0.018716
0.004445
0.000000
0.000000
0.000000
0.000000
0.000000
0.000000
0.000000
0.000000
0.000000
0.000000
0.000000
0.000000
0.000000
0.011282
0.079830
1.097516
2.805866
2.859290
1.776683
1.775780
2.759367
3.126770
2.274896
1.330264
2.245747
2.601422
2.758702
2.732536
2.946081
1.803201
1.756516
1.962007
2.274896
1.757633
1.270863
2.230045
4.397362
0.019737
0.010845
0.003584
0.000000
0.000000
0.000000
0.000000
0.000000
0.000000
0.000000
0.000000
0.000000
0.000000
0.000000
0.000000
0.000000
0.000392
0.017020
0.130794
1.293107
1.695487
2.033200
2.160280
1.923980
2.320870
2.517194
2.394933
1.265468
1.669428
1.331795
1.662348
2.535299
2.389016
1.869538
1.943610
2.219618
2.715116
2.272362
1.130612
2.110956
4.336999
0.000000
0.000000
0.000000
0.000000
0.000000
0.000000
0.000000
0.000000
0.000000
0.000000
0.004064
0.018734
0.101897
0.978850
1.582210
1.648170
1.819190
1.863020
1.928726
1.953182
1.139888
1.168592
0.881997
1.390208
0.703962
1.087868
1.740550
1.991684
1.709034
1.970214
2.770645
3.148814
1.183819
1.770843
4.132389
0.000000
0.000000
0.000000
0.000000
0.000000
0.000000
0.000000
0.000000
0.000000
0.000000
0.000612
0.017472
0.213627
1.086374
1.445748
1.505506
1.531370
1.534492
1.330408
0.956298
0.405129
0.146388
0.193246
0.162732
0.313877
0.431538
1.034947
1.731789
1.790820
2.038844
3.139259
4.227185
1.426071
1.678351
3.703955
0.000000
0.000000
0.000000
0.000000
0.000305
0.013334
0.165337
1.095809
1.405776
1.442772
1.455550
1.473598
0.987710
0.696085
0.165040
0.140204
0.177779
0.196708
0.202644
0.216880
0.644407
1.104487
1.657350
2.120798
3.247846
4.633783
2.126367
1.697003
3.721782
0.000000
0.000000
0.000000
0.000000
0.000000
0.006981
0.423823
1.220886
1.329263
1.362942
1.310963
0.967247
0.311039
0.398051
0.131851
0.136506
0.164412
0.185768
0.247516
0.223442
0.390208
0.615590
1.185313
2.265763
3.479178
4.972830
3.015421
1.728620
3.752056
0.862368
1.074555
1.202771
1.363046
0.859589
0.440741
0.259177
0.070321
0.045025
0.072138
0.124625
0.125436
0.121526
0.196022
0.309303
0.463917
0.547368
1.643564
3.253463
5.099124
4.758006
1.940161
3.071445
4.331456
2.816478
0.894898
0.978984
1.040320
1.084743
0.896429
0.436732
0.066715
0.024934
0.027632
0.035385
0.061109
0.102351
0.128569
0.129398
0.177675
0.294506
0.559283
1.072304
3.021166
5.165052
5.736216
2.175868
3.263087
3.914568
2.999844
0.851236
0.871672
0.932825
0.818243
0.034041
0.028992
0.023542
0.024034
0.029365
0.049137
0.112730
0.158065
0.195914
0.246922
0.759799
2.180701
3.884319
6.754660
7.267397
2.444529
3.225187
3.449433
2.886284
0.707942
0.740019
0.787621
0.665515
0.049320
0.002707
0.018209
0.021687
0.023274
0.023631
0.051207
0.132145
0.297854
0.464802
1.767660
6.239492
9.499847
10.157717
7.205350
2.841172
3.097866
3.630283
3.194385
0.565009
0.534610
0.160576
0.019038
0.000000
0.007108
0.019025
0.022315
0.022326
0.024990
0.062246
0.118659
0.838779
5.852281
11.148182
11.772755
8.051053
4.065880
3.492872
3.794029
3.362294
3.153070
2.910224
0.371394
0.248775
0.145610
0.033574
0.001576
0.000000
0.006582
0.014516
0.021117
0.023577
0.031914
0.068557
0.735894
4.246730
10.029511
11.112786
6.175802
3.937356
4.330706
5.121151
4.875342
4.686353
4.975428
0.023114
0.027185
0.049456
0.115639
0.207797
0.352589
1.556025
3.653604
6.305786
8.328380
3.963378
4.373928
4.946749
6.399156
6.930866
7.096256
9.105195
