0.000000
0.000000
0.000000
0.000000
0.000000
0.000000
0.000000
0.000000
0.000000
0.000000
0.000000
0.000000
0.000000
0.000000
0.000000
0.000000
0.000000
0.000000
0.000000
0.000000
0.000000
0.000000
0.000000
0.000000
0.000000
0.000000
0.000000
0.000000
0.000000
0.000000
0.000000
0.000000
0.000000
0.000000
0.000000
0.000000
0.000000
0.000000
0.000000
0.000000
0.000000
0.000000
0.000000
0.000000
0.000000
0.000000
0.000000
0.000000
0.000000
0.000000
0.000000
0.000000
0.000000
0.000000
0.000000
0.000000
0.000000
0.000000
0.000000
0.000000
0.000000
0.000000
0.000000
0.000000
0.000000
0.000000
0.000000
0.000000
0.000000
0.000000
0.000000
0.000000
0.000000
0.000000
0.000000
0.000000
0.000000
0.000000
0.000000
0.000000
0.000000
0.000000
0.000000
0.000000
0.000000
0.000000
0.000000
0.000000
0.000000
0.000000
0.000000
0.000000
0.000000
0.000000
0.000000
0.000000
0.000000
0.000000
0.000000
0.000000
0.000000
0.000000
0.000000
0.000000
0.000000
0.000000
0.000000
0.000000
0.000000
0.000000
0.000000
0.000000
0.000000
0.000000
0.000000
0.000000
0.000000
0.000000
0.000000
0.000000
0.000000
0.000000
0.000000
0.000000
0.000000
0.000000
0.000000
0.000000
0.000000
0.000000
0.000000
0.000000
0.000000
0.000000
0.000000
0.000000
0.000000
0.000000
0.000000
0.000000
0.000000
0.000000
0.000000
0.000000
0.000000
0.000000
0.000000
0.000000
0.000000
0.000000
0.000000
0.000000
0.000000
0.000000
0.000000
0.000000
0.000000
0.000000
0.000000
0.000000
0.000000
0.000000
0.000000
0.000000
0.000000
0.000000
0.000000
0.000000
0.000000
0.000000
0.000000
0.000000
0.000000
0.000000
0.000000
0.000000
0.000000
0.000000
0.000000
0.000000
0.000000
0.000000
0.000000
0.000000
0.000000
0.000000
0.000000
0.000000
0.000000
0.000000
0.000000
0.000000
0.000000
0.000000
0.000000
0.000000
0.000000
0.000000
0.000000
0.000000
0.000000
0.000000
0.000000
0.000000
0.000000
0.000000
0.000000
0.000000
0.000000
0.000000
0.000000
0.000000
0.000000
0.000000
0.000000
0.000000
0.000000
0.000000
0.000000
0.000000
0.000000
0.000000
0.000000
0.000000
0.000000
0.000000
0.000000
0.000000
0.000000
0.000000
0.000000
0.000000
0.000000
0.000000
0.000000
0.000000
0.000000
0.000000
0.000000
0.000000
0.000000
0.000000
0.000000
0.000000
0.000000
0.000000
0.000000
0.000000
0.000000
0.000000
0.000000
0.000000
0.000000
0.000000
0.000000
0.000000
0.000000
0.000000
0.000000
0.000000
0.000000
0.000000
0.000000
0.000000
0.000000
0.000000
0.000000
0.000000
0.000000
0.000000
0.000000
0.000000
0.000000
0.000000
0.000000
0.000000
0.000000
0.000000
0.000000
0.000000
0.000000
0.000000
0.000000
0.000000
0.000000
0.000000
0.000000
0.000000
0.000000
0.000000
0.000000
0.000000
0.000000
0.000000
0.000000
0.000000
0.000000
0.000000
0.000000
0.000000
0.000000
0.000000
0.000000
0.000000
0.000000
0.000000
0.000000
0.000000
0.000000
0.000000
0.000000
0.000000
0.000000
0.000000
0.000000
0.000000
0.000000
0.000000
0.000000
0.000000
0.000000
0.000000
0.000000
0.000000
0.000000
0.000000
0.000000
0.000000
0.000000
0.000000
0.000000
0.000000
0.000000
0.000000
0.000000
0.000000
0.000000
0.000000
0.000000
0.000000
0.000000
0.000000
0.000000
0.000000
0.000000
0.000000
0.000000
0.000000
0.000000
0.000000
0.000000
0.000000
0.000000
0.000000
0.000000
0.000000
0.000000
0.000000
0.000000
0.000000
0.000000
0.000000
0.000000
0.000000
0.000000
0.000000
0.000000
0.000000
0.000000
0.000000
0.000000
0.000000
0.000000
0.000000
0.000000
0.000000
0.000000
0.000000
0.000000
0.000000
0.000038
0.000038
0.000000
0.000000
0.000000
0.000000
0.000000
0.000000
0.000000
0.000000
0.000000
0.000000
0.000000
0.000000
0.000000
0.000000
0.000000
0.000000
0.000000
0.000000
0.000000
0.000000
0.000000
0.000000
0.000000
0.000000
0.000000
0.000000
0.000000
0.000000
0.000000
0.000000
0.000000
0.000000
0.000000
0.000000
0.000000
0.000000
0.000000
0.000030
0.000030
0.000000
0.000000
0.000000
0.000000
0.000000
0.000000
0.000000
0.000000
0.000000
0.000000
0.000000
0.000000
0.000000
0.000000
0.000000
0.000000
0.000000
0.000000
0.000000
0.000000
0.000000
0.000000
0.000000
0.000000
0.000000
0.000000
0.000000
0.000000
0.000000
0.000000
0.000000
0.000000
0.000000
0.000000
0.000000
0.000000
0.000000
0.000000
0.000000
0.000000
0.000000
0.000000
0.000000
0.000000
0.000000
0.000000
0.000000
0.000000
0.000000
0.000000
0.000000
0.000000
0.000000
0.000000
0.000000
0.000000
0.000000
0.000000
0.000000
0.000000
0.000000
0.000000
0.000000
0.000000
0.000000
0.000000
0.000000
0.000000
0.000000
0.000000
0.000000
0.000000
0.000000
0.000000
0.000000
0.000000
0.000000
0.000000
0.000000
0.000000
0.000031
0.000031
0.000000
0.000000
0.000000
0.000000
0.000000
0.000000
0.000000
0.000000
0.000000
0.000000
0.000000
0.000000
0.000000
0.000000
0.000000
0.000000
0.000000
0.000000
0.000000
0.000000
0.000000
0.000000
0.000000
0.000000
0.000000
0.000000
0.000000
0.000000
0.000000
0.000000
0.000000
0.000000
0.000000
0.000000
0.000000
0.000000
0.000000
0.000000
0.000000
0.000000
0.000000
0.000000
0.000000
0.000000
0.000000
0.000000
0.000000
0.000000
0.000000
0.000000
0.000000
0.000000
0.000000
0.000000
0.000281
0.000749
0.000915
0.020671
0.019586
0.000112
0.000112
0.000000
0.000000
0.000000
0.000000
0.000000
0.000000
0.000000
0.000000
0.000000
0.000000
0.000000
0.000000
0.000000
0.000000
0.000000
0.000000
0.000000
0.000000
0.000000
0.000000
0.000000
0.000000
0.000000
0.000000
0.000000
0.000000
0.000000
0.000000
0.000000
0.000000
0.000000
0.000000
0.000000
0.000000
0.000000
0.000000
0.000000
0.000000
0.000000
0.000000
0.000000
0.000000
0.000000
0.000000
0.000000
0.000000
0.000000
0.000000
0.000000
0.000000
0.000000
0.000000
0.000000
0.000000
0.000312
0.000832
0.008096
0.036580
0.018995
0.000000
0.000000
0.000000
0.000000
0.000000
0.000000
0.000000
0.000000
0.000000
0.000000
0.000000
0.000000
0.000000
0.000000
0.000000
0.000000
0.000000
0.000000
0.000000
0.000000
0.000000
0.000000
0.000000
0.000000
0.000000
0.000000
0.000000
0.000000
0.000000
0.000000
0.000000
0.000000
0.000000
0.000000
0.000000
0.000000
0.000000
0.000000
0.000000
0.000000
0.000000
0.000000
0.000000
0.000000
0.000000
0.000000
0.000003
0.000000
0.000000
0.000000
0.000000
0.000000
0.000000
0.000000
0.000000
0.000000
0.000530
0.001830
0.014715
0.032314
0.014613
0.000272
0.000272
0.000000
0.000000
0.000000
0.000000
0.000000
0.000000
0.000000
0.000000
0.000000
0.000000
0.000000
0.000000
0.000000
0.000000
0.000000
0.000000
0.000000
0.000000
0.000000
0.000000
0.000000
0.000000
0.000000
0.000000
0.000000
0.000000
0.000000
0.000000
0.000000
0.000000
0.000000
0.000000
0.000000
0.000000
0.000000
0.000000
0.000000
0.000000
0.000000
0.000000
0.000000
0.000000
0.000000
0.001758
0.015746
0.003346
0.000002
0.000000
0.000000
0.000000
0.000000
0.000000
0.000000
0.000000
0.000660
0.018435
0.021474
0.023921
0.021704
0.000091
0.000091
0.000000
0.000000
0.000000
0.000000
0.000000
0.000000
0.000000
0.000000
0.000000
0.000000
0.000000
0.000000
0.000000
0.000000
0.000000
0.000000
0.000000
0.000000
0.000000
0.000000
0.000000
0.000000
0.000000
0.000000
0.000000
0.000000
0.000032
0.000493
0.000000
0.000000
0.000000
0.000000
0.000000
0.000000
0.000000
0.000000
0.000000
0.000000
0.000000
0.000000
0.000000
0.000000
0.000480
0.018092
0.098826
0.019441
0.015443
0.000915
0.000000
0.000000
0.000000
0.000000
0.000000
0.000148
0.011015
0.020286
0.020421
0.022338
0.021154
0.000000
0.000000
0.000000
0.000000
0.000000
0.000000
0.000000
0.000000
0.000000
0.000000
0.000000
0.000000
0.000000
0.000000
0.000000
0.000000
0.000000
0.000000
0.000000
0.000000
0.000000
0.000000
0.000000
0.000000
0.000000
0.000000
0.000000
0.000000
0.005227
0.014447
0.000588
0.000000
0.000000
0.000000
0.000000
0.000000
0.000000
0.000000
0.000000
0.000000
0.000000
0.000000
0.000000
0.000000
0.000154
0.006710
0.053756
0.066625
0.041018
0.006074
0.000000
0.000000
0.000000
0.000125
0.010722
0.012064
0.020228
0.020268
0.020377
0.020768
0.020516
0.000070
0.000070
0.000000
0.000000
0.000000
0.000000
0.000000
0.000000
0.000000
0.000000
0.000000
0.000000
0.000000
0.000000
0.000000
0.000000
0.000000
0.000000
0.000000
0.000000
0.000000
0.000000
0.000000
0.000079
0.000977
0.000821
0.000809
0.001546
0.020800
0.020361
0.005974
0.000047
0.000000
0.001179
0.000718
0.000000
0.000000
0.000000
0.000000
0.000000
0.000000
0.000000
0.000000
0.000004
0.004593
0.027359
0.074368
0.008273
0.020861
0.018446
0.000004
0.000176
0.000015
0.000177
0.018021
0.020307
0.030789
0.048949
0.027048
0.025164
0.041497
0.000200
0.000200
0.000000
0.000000
0.000000
0.000000
0.000000
0.000000
0.000000
0.000000
0.000000
0.000000
0.000000
0.000000
0.000000
0.000000
0.000000
0.000000
0.000000
0.000000
0.000000
0.001297
0.003941
0.019821
0.021512
0.020757
0.020293
0.036978
0.026347
0.046737
0.030005
0.012789
0.006853
0.019881
0.006205
0.000000
0.000000
0.000000
0.000000
0.000000
0.000000
0.000000
0.000000
0.000000
0.138989
0.300650
0.018413
0.000000
0.001278
0.003290
0.002807
0.003770
0.002850
0.000412
0.011209
0.017655
0.025222
0.064911
0.124234
0.098700
0.099520
0.000000
0.000000
0.000000
0.000000
0.000000
0.000000
0.000000
0.000000
0.000000
0.000000
0.000000
0.000000
0.000000
0.000000
0.000000
0.000000
0.000000
0.000000
0.000000
0.000000
0.002059
0.015613
0.024437
0.037583
0.069373
0.045357
0.035538
0.059389
0.088480
0.157445
0.201307
0.065814
0.094620
0.028886
0.001024
0.000000
0.000000
0.000000
0.000000
0.000602
0.000000
0.000000
0.000000
0.000458
0.381603
0.164264
0.000642
0.000000
0.014482
0.031289
0.022336
0.032264
0.020902
0.008622
0.015115
0.066988
0.087338
0.069774
0.147742
0.154383
0.189210
0.000171
0.000171
0.000000
0.000000
0.000000
0.000000
0.000000
0.000000
0.000000
0.000000
0.000000
0.000000
0.000000
0.000000
0.000000
0.000000
0.000000
0.000000
0.000000
0.000000
0.006988
0.021187
0.068020
0.088315
0.256909
0.127739
0.083736
0.063961
0.184805
0.338772
0.275025
0.294108
0.444892
0.235559
0.012056
0.001562
0.001598
0.000000
0.017601
0.020116
0.011654
0.000020
0.000000
0.000000
0.222096
0.608203
0.004515
0.013497
0.028874
0.041348
0.021243
0.025614
0.021919
0.021232
0.021660
0.088470
0.201573
0.187640
0.214853
0.215637
0.239876
0.000264
0.000264
0.000000
0.000000
0.000000
0.000000
0.000000
0.000000
0.000000
0.000000
0.000000
0.000000
0.000000
0.000000
0.000000
0.000000
0.000000
0.000000
0.000000
0.000000
0.000234
0.012792
0.022985
0.026446
0.218096
0.057610
0.208294
0.374418
0.378566
0.436923
0.630316
0.598703
0.579646
0.546453
0.437472
0.165391
0.018128
0.005684
0.021166
0.022113
0.032804
0.043234
0.000327
0.000031
0.358058
0.492405
0.171510
0.029968
0.020860
0.018746
0.021043
0.021144
0.074600
0.131519
0.106783
0.227810
0.276107
0.315275
0.329234
0.356044
0.368443
0.000000
0.000000
0.000000
0.000000
0.000000
0.000000
0.000000
0.000000
0.000000
0.000000
0.000000
0.000000
0.000000
0.000000
0.000000
0.000000
0.000000
0.000000
0.000000
0.000000
0.000000
0.000015
0.046722
0.090791
0.077127
0.152948
0.093135
0.339967
0.576249
0.176360
0.318881
0.561487
0.639855
0.533529
0.089120
0.021749
0.021096
0.069970
0.224011
0.178609
0.002539
0.000016
0.151662
0.353906
0.426093
0.121610
0.022224
0.062731
0.115124
0.054297
0.143341
0.227942
0.183752
0.268695
0.389005
0.439833
0.478618
0.583663
0.594220
0.000000
0.000000
0.000000
0.000000
0.000000
0.000000
0.000000
0.000000
0.000000
0.000000
0.000000
0.000000
0.000000
0.000000
0.000000
0.000000
0.000000
0.000000
0.000000
0.000000
0.000000
0.000745
0.019394
0.020585
0.021041
0.051936
0.071344
0.077443
0.268438
0.146993
0.293183
0.380535
0.773516
1.009028
0.239325
0.028083
0.038227
0.169212
0.374565
0.096451
0.000143
0.007703
0.258400
0.419848
0.326456
0.308606
0.021839
0.020654
0.037069
0.067171
0.146841
0.279534
0.340627
0.390891
0.469653
0.562570
0.751535
0.982610
1.193595
0.000000
0.000000
0.000000
0.000000
0.000000
0.000000
0.000000
0.000000
0.000000
0.000000
0.000000
0.000000
0.000000
0.000000
0.000000
0.000000
0.000000
0.000000
0.006138
0.019756
0.020239
0.030198
0.029016
0.029572
0.025455
0.131326
0.348810
0.423400
0.779197
0.215792
0.089926
0.053774
0.326043
0.297542
0.398542
0.139680
0.039582
0.076497
0.324395
0.329620
0.721712
0.745141
0.023372
0.022286
0.095389
0.242509
0.313644
0.373864
0.442157
0.504810
0.633175
0.755618
1.116038
1.623787
2.581752
0.000000
0.000000
0.000000
0.000000
0.000000
0.000000
0.000000
0.000000
0.000000
0.000000
0.000000
0.000000
0.000000
0.000000
0.000000
0.000000
0.000000
0.000000
0.000000
0.006224
0.016051
0.020203
0.020243
0.021577
0.030579
0.066365
0.069464
0.181287
0.404767
0.532610
0.482067
0.430825
1.058216
0.909176
0.994319
0.701493
0.525874
0.556424
0.534938
0.414304
1.017102
1.335774
0.476620
0.327339
0.567652
0.815101
0.646348
0.545252
0.540002
0.551092
0.688429
0.821958
1.335368
2.268970
3.479080
0.000000
0.000000
0.000000
0.000000
0.000000
0.000000
0.000000
0.000000
0.000000
0.000000
0.000000
0.000000
0.000000
0.006229
0.018044
0.019970
0.022362
0.017790
0.017659
0.024047
0.080307
0.369160
1.497730
2.153301
1.976809
1.534993
1.265062
1.258284
0.731999
0.789265
0.618700
0.279516
0.748295
1.147070
1.488866
1.162471
0.592671
0.986923
1.034608
1.013251
1.010927
0.755923
0.706964
0.844609
1.393574
2.213485
3.635980
0.000000
0.000000
0.000000
0.000000
0.000000
0.000000
0.000000
0.000000
0.000000
0.000000
0.000000
0.000000
0.000000
0.000000
0.000000
0.000084
0.001472
0.000000
0.000000
0.000000
0.000000
0.013269
0.405306
0.926267
2.094736
1.488876
1.088171
0.858093
0.752007
0.977725
0.745081
0.529533
0.334096
1.245695
1.365977
1.336378
0.835723
1.025168
1.784725
3.006901
1.818464
1.014717
0.586196
0.734416
1.164346
1.908054
3.860962
0.000000
0.000000
0.000000
0.000000
0.000000
0.000000
0.000000
0.000000
0.000000
0.000000
0.000000
0.000000
0.000000
0.000000
0.000000
0.000000
0.000000
0.000000
0.000000
0.000007
0.035966
0.297293
1.648337
1.236279
1.054804
0.665547
0.678175
1.163440
1.543667
1.081712
0.345848
0.478584
1.306359
1.150372
1.279161
1.909702
1.899302
2.225584
1.712719
1.048909
0.574702
0.593726
0.858420
1.387170
3.744681
0.000000
0.000000
0.000000
0.000000
0.000000
0.000000
0.000000
0.000000
0.000000
0.000000
0.000000
0.000000
0.000000
0.000000
0.000000
0.000000
0.000000
0.000000
0.000000
0.000000
0.000000
0.000000
0.283542
1.136470
1.143579
0.555807
0.560341
0.868791
1.228369
1.312700
0.591664
0.651105
1.582561
2.046029
1.366558
2.135820
2.362333
1.880843
1.464935
0.972862
0.609721
0.462521
0.532923
0.777955
4.000677
0.000000
0.000000
0.000000
0.000000
0.000000
0.000000
0.000000
0.000000
0.000000
0.000000
0.000000
0.000000
0.000000
0.000000
0.000000
0.000000
0.000000
0.000000
0.025913
0.378245
1.201053
1.434767
0.658011
0.568658
0.876859
1.378612
0.972134
0.425149
0.705747
1.031452
1.465760
0.637135
1.486337
1.600818
0.836876
0.941589
0.894041
0.501059
0.253175
0.441609
2.338616
0.000000
0.000000
0.000000
0.000000
0.000000
0.000000
0.000000
0.000000
0.000000
0.000000
0.000000
0.000000
0.000000
0.000000
0.000000
0.000000
0.000000
0.000000
0.040980
0.506423
0.584031
0.976558
0.811100
0.681727
0.699655
0.763531
0.975395
0.390143
0.685179
0.687049
0.879460
1.073480
1.149972
0.443728
0.529508
0.882203
1.076558
0.756079
0.207364
0.406787
2.212684
0.000000
0.000000
0.000000
0.000000
0.000000
0.000000
0.000000
0.000000
0.000000
0.000000
0.000000
0.000000
0.000065
0.349881
0.610187
0.698663
0.651882
0.588788
0.547762
0.476830
0.154707
0.270550
0.310285
0.774020
0.190696
0.379834
0.623981
0.305568
0.228736
0.612061
1.176330
1.193151
0.241202
0.383155
1.796392
0.000000
0.000000
0.000000
0.000000
0.000000
0.000000
0.000000
0.000000
0.000000
0.000000
0.000000
0.000000
0.030646
0.395018
0.576462
0.580501
0.381514
0.274605
0.219770
0.154933
0.029408
0.023109
0.048601
0.048148
0.114464
0.076483
0.140749
0.222728
0.205887
0.371233
1.033465
1.981109
0.342356
0.330493
1.399643
0.000000
0.000000
0.000000
0.000000
0.000000
0.000000
0.033206
0.380020
0.562976
0.574217
0.393245
0.225715
0.122501
0.065083
0.025875
0.023536
0.026069
0.035004
0.030377
0.030083
0.092580
0.136297
0.184142
0.306984
0.906191
2.341151
0.538814
0.330626
1.273598
0.000000
0.000000
0.000000
0.000000
0.000000
0.000000
0.104080
0.414895
0.479266
0.514674
0.202042
0.108624
0.026194
0.038437
0.022388
0.023398
0.023394
0.029566
0.041404
0.035106
0.062586
0.087337
0.130531
0.267161
0.845541
2.403201
0.767718
0.351365
1.351974
0.284056
0.356417
0.373067
0.376305
0.106072
0.022856
0.025748
0.020429
0.012160
0.022153
0.024786
0.024025
0.026209
0.036181
0.053505
0.081897
0.079893
0.155186
0.726456
2.079934
1.196992
0.424032
1.311762
3.108221
1.818124
0.280142
0.307121
0.309741
0.289529
0.162419
0.034892
0.020611
0.020112
0.000035
0.012617
0.024349
0.024975
0.026504
0.032491
0.027308
0.049525
0.103336
0.136949
0.900301
2.699116
1.355074
0.541848
1.371086
2.577552
1.774753
0.235596
0.216568
0.202631
0.150214
0.015682
0.002391
0.000000
0.001098
0.021444
0.022979
0.024619
0.024467
0.023342
0.026253
0.105872
0.402901
1.671912
2.941913
1.434111
0.806998
1.217725
1.733368
1.611918
0.177501
0.175250
0.166190
0.170660
0.021629
0.004773
0.000000
0.000000
0.001892
0.009626
0.021916
0.022119
0.026248
0.038911
0.205122
1.148620
3.691324
4.885670
1.487541
1.148898
1.216740
1.552825
1.612455
0.216237
0.234433
0.095778
0.022818
0.001505
0.000000
0.000709
0.002251
0.013319
0.013660
0.019435
0.021606
0.092305
1.247831
5.815141
5.349153
1.774425
1.639374
1.486906
1.554232
1.605475
1.680265
2.020337
0.161610
0.139209
0.132471
0.038365
0.016655
0.000000
0.000000
0.000000
0.010319
0.010319
0.018463
0.020452
0.074816
0.847517
3.190762
4.620398
1.779622
1.610753
1.791451
1.937360
1.943941
2.121142
2.886435
0.000346
0.000922
0.012199
0.020572
0.022943
0.033665
0.304293
1.019111
1.355628
1.667084
1.503542
1.808938
2.119763
2.503395
2.284600
2.690537
4.031858
