0.491359
0.303974
0.065774
0.056658
0.020285
0.003708
0.000049
0.000000
0.000000
1.646536
1.923428
1.690776
0.453109
0.089961
0.099638
0.100759
0.097660
0.087745
0.043871
0.000000
0.000000
0.000000
0.000000
0.000000
0.000000
0.000000
2.375776
2.761424
2.030959
0.796614
0.015676
0.022460
0.099955
0.110769
0.113034
0.091546
0.079976
0.079976
0.000000
0.000000
0.000000
0.000000
0.000000
1.820214
2.259950
2.909200
3.665769
1.310428
0.235264
0.009959
0.010029
0.097914
0.128231
0.112110
0.108738
0.091329
0.090414
0.000000
0.000000
0.000000
0.000000
0.000000
0.000000
0.000000
0.000000
0.000000
2.288781
2.844143
3.055662
2.825286
1.649090
0.763711
0.015557
0.008490
0.097111
0.097434
0.098636
0.162504
0.119519
0.103885
0.049637
0.044434
0.000038
0.000038
0.000005
0.000000
0.000000
0.000000
0.000000
0.546137
1.538397
2.384406
2.950332
2.457359
2.102183
1.523567
0.785772
0.196603
0.036973
0.097142
0.098219
0.100428
0.099596
0.153388
0.107900
0.083393
0.071957
0.000083
0.000063
0.000008
0.000000
0.000000
0.000000
0.000000
0.000000
0.000000
0.629827
1.767569
2.411166
2.262122
1.689692
2.090956
1.338255
0.153655
0.767437
0.666785
0.393751
0.703525
0.502221
0.192360
0.275243
0.198850
0.103942
0.099249
0.012170
0.007618
0.000889
0.000000
0.000000
0.000000
0.000000
0.000000
0.000000
0.000000
0.000000
0.792430
2.261298
2.677652
2.124802
0.446281
0.703115
1.417840
0.653895
0.144512
0.419000
1.004225
2.226747
0.904787
0.360473
0.289403
0.341153
0.168160
0.104892
0.093089
0.060368
0.007062
0.000000
0.000000
0.000000
0.000000
0.000000
0.000000
0.000000
0.000000
0.581956
0.581956
0.984850
2.662540
2.022452
1.517644
0.189234
0.107757
0.348518
0.833079
0.441332
0.727624
0.605729
1.253349
0.844817
1.309311
0.453590
0.371113
0.322482
0.136661
0.096945
0.065927
0.007062
0.000000
0.000000
0.000000
0.000000
0.000000
0.000000
0.000000
0.000000
0.689260
0.689260
0.551218
0.848204
1.536889
0.540129
0.158931
0.643437
0.899965
0.902660
0.867411
1.133300
1.906645
1.849352
1.233981
1.304302
1.387501
1.316109
0.614194
0.343141
0.098517
0.092142
0.006035
0.000777
0.000000
0.000000
0.000000
0.000000
0.000000
0.007165
0.008189
0.017515
0.033058
0.000000
0.000000
0.479101
0.741290
0.842525
1.289335
0.964676
1.385711
1.657449
1.570619
1.666636
1.885891
2.120575
2.357292
2.526226
2.453497
2.518334
2.144777
1.207543
1.175079
0.118397
0.031903
0.057982
0.040674
0.000000
0.000000
0.000000
0.000000
0.000000
0.007165
0.020811
0.030717
0.051259
0.122630
0.122630
0.562895
0.886222
1.777574
2.078644
2.316187
2.461401
2.409577
2.152831
2.011995
2.241745
2.607282
2.874064
3.357655
3.650095
3.745340
3.589513
3.935282
5.148425
0.570950
0.705888
0.157813
0.062305
0.000000
0.000000
0.000000
0.006196
0.006196
0.016673
0.038185
0.167052
0.472669
0.561212
0.358445
0.133256
0.133256
0.975209
2.136817
3.741472
4.549239
4.267092
4.116728
3.464698
2.795674
1.975217
2.323770
3.415235
3.376128
4.032626
5.164876
6.269248
7.745076
7.722129
3.696621
3.492625
2.750759
1.368858
0.474733
0.012645
0.001536
0.001970
0.062726
0.106281
0.122494
0.179644
1.472383
3.116280
2.905692
3.422542
0.000000
0.000000
1.377487
3.555935
5.555053
6.473195
6.506313
5.905343
4.997288
3.720545
2.931843
3.624556
5.193273
4.024376
4.749321
6.190280
8.477393
10.069725
4.769862
4.062946
4.659188
4.086697
2.974446
1.570405
0.207473
0.065445
0.040153
0.083937
0.109517
0.184963
0.684314
2.031094
4.063925
2.919045
2.726352
2.040769
1.372285
1.416606
0.984189
0.125961
0.125961
1.469499
4.443366
7.447756
8.885705
9.266371
8.997010
8.461481
8.494133
5.917497
8.508108
9.069187
7.223414
7.059255
8.656740
12.324555
10.874770
5.333947
6.355799
7.275530
6.413153
4.683593
2.978634
0.801205
0.127786
0.171872
0.158917
0.354535
0.619124
1.451485
1.931830
3.591467
2.921352
2.199619
3.639210
5.132236
6.958941
4.401860
0.690240
0.690240
3.812948
6.410339
8.735858
11.076769
13.127825
13.443202
13.819798
14.372128
14.333053
14.646367
15.235700
14.799761
12.211619
12.008302
12.218753
9.610556
8.429654
9.286950
10.222200
9.027876
6.265848
4.217847
2.628160
3.675080
2.793435
1.041386
2.456426
5.584161
10.347211
11.440570
6.611682
4.360485
11.433617
14.965958
11.720600
8.484661
6.402672
8.003574
8.083911
0.000000
0.000000
2.985029
7.190390
9.737895
11.867381
14.412848
15.233391
16.500372
16.897439
16.761095
17.063802
18.295967
19.417702
16.715094
14.990728
12.027683
10.692449
10.834441
12.239794
13.067625
11.253629
7.233939
4.256392
4.830668
10.108890
5.460631
1.747995
4.486180
14.424051
17.158837
14.712783
11.652671
15.999860
22.962220
20.326198
15.040537
14.756939
17.031948
17.866175
15.716916
0.838577
0.838577
2.604390
7.061753
10.315863
12.357183
15.188837
16.095089
17.547212
17.647244
17.927955
18.608092
19.953772
20.599281
18.220813
16.323342
12.993044
12.105263
13.334731
14.782450
15.402539
12.773000
10.367817
9.306370
11.666755
14.685606
7.962465
3.770238
8.801774
17.207048
19.198545
18.563880
22.744992
23.308455
26.020423
19.356562
16.296798
18.974817
22.845489
23.087137
18.867184
19.080138
23.034388
17.885838
16.403592
14.572184
9.507217
7.404958
4.415139
3.818556
7.239046
10.046242
20.831525
28.053709
36.020145
37.300511
38.202953
40.342312
42.073352
43.148650
45.158995
0.944270
0.944270
2.563697
7.056827
10.726950
12.686108
15.258345
15.881428
16.723600
17.472536
18.787094
19.161064
19.706900
20.464288
21.283705
20.994308
19.972552
18.589286
21.820108
22.080073
18.747844
16.413394
15.217248
16.125778
14.733075
12.316584
9.770262
10.230684
10.350903
16.577513
17.285745
14.791641
17.215485
17.589438
13.899800
10.433862
11.278013
12.544991
20.456503
21.470000
22.411120
23.979863
29.220489
22.098828
20.543100
25.521839
18.708569
12.293045
8.338929
6.082592
8.493374
17.115986
28.580475
32.252089
35.941866
35.380555
32.490445
31.180250
34.894441
39.915902
35.095525
0.000000
0.000000
2.576238
7.066092
10.867300
12.940000
15.530711
16.186506
16.562995
17.125661
17.402520
17.011605
19.382741
20.882022
22.610489
23.335888
23.279959
23.046577
24.073594
21.532552
17.011062
13.839709
13.555369
14.678111
15.512967
14.119791
11.934500
12.022700
13.774100
19.773800
17.393189
6.065616
6.465880
6.979159
8.199627
10.277667
13.184200
14.515950
17.139050
19.180213
24.531916
27.415900
28.617187
23.540733
35.911239
36.597906
28.210508
22.986888
11.725318
8.970825
12.079308
22.439455
31.230097
33.467953
33.249917
28.877036
23.106773
24.322000
35.157947
43.703700
30.519941
0.866250
0.866250
2.495059
6.877209
10.567600
12.612037
14.258853
13.779377
12.540081
10.342696
9.793706
10.633173
15.645109
20.192155
23.187883
23.749606
23.904019
23.984300
24.043100
21.686289
18.594044
15.042827
14.615406
14.978983
14.651475
14.402897
13.494300
14.079100
17.646700
21.752287
20.715970
11.288670
11.164247
11.206642
11.620800
12.108800
13.184200
14.527850
17.356405
17.895377
20.210522
23.330802
21.930103
30.777500
40.250908
43.304873
38.251323
33.082050
18.945436
11.977527
9.836947
15.744434
24.974544
29.492534
24.172402
15.236723
16.125998
25.805303
36.793867
48.293778
33.163844
1.051475
1.051475
2.242066
6.113998
9.412110
10.177281
7.984589
4.815180
2.302910
0.263101
0.492663
1.894169
10.406298
17.895059
19.311703
21.918138
22.122903
22.788538
23.592048
23.479164
20.932300
20.027408
17.001413
16.258772
15.608520
15.554200
14.409300
16.070373
19.985267
23.572377
21.399892
17.389812
14.145787
13.234600
15.768200
15.768200
15.480700
16.188575
15.094362
14.923600
18.571600
24.651600
26.628800
45.637945
51.766237
55.282017
50.116314
35.829648
24.933423
18.711858
17.028552
21.943391
22.138867
19.910052
28.559619
19.761884
21.368028
26.256617
28.677370
39.234006
35.111948
0.000000
0.000000
1.823823
5.047311
8.305886
9.755314
6.419270
1.415471
0.054587
0.059556
0.102617
0.370972
6.476193
13.758758
13.771985
16.961430
19.217859
20.586688
22.440942
21.206038
20.376000
19.767405
17.994173
17.142334
16.336700
16.390450
16.268675
18.892020
23.093425
22.859864
19.855492
16.475891
13.558920
13.217225
17.220637
16.181700
15.612887
15.929036
15.054925
14.923600
18.829905
25.340412
26.116613
46.778011
53.784297
55.839459
49.990805
39.090216
28.364758
22.918078
20.195827
27.102864
23.291336
23.881411
28.534686
30.091808
33.373591
37.235312
37.527864
38.430991
39.983414
0.195127
0.195127
1.442873
3.634430
3.886370
5.628339
5.062360
1.886915
0.000000
0.000000
0.015229
0.231652
4.137716
5.017785
10.173936
13.860306
17.195744
20.048669
21.693233
20.743162
21.293978
19.279323
18.169281
17.648547
17.050306
17.239150
18.155423
21.408989
25.910719
22.530044
18.054486
16.261300
14.219800
14.249277
18.286138
16.641952
16.011388
16.115534
15.202913
15.081536
19.259739
26.192513
25.784975
46.591812
54.650739
56.218367
46.185725
31.431611
25.065856
22.758613
21.268650
30.198112
24.291425
23.918259
27.936292
29.821728
36.295081
42.093572
40.267013
41.003945
44.559663
2.449305
2.449305
0.990662
2.426082
0.616357
0.108511
0.748904
1.145074
0.001552
0.000000
0.000000
0.070203
0.193599
0.619898
2.870471
5.566895
15.383806
20.074412
20.134159
20.363300
21.314105
20.868314
18.711203
18.980791
19.617267
20.531986
22.119977
26.613183
26.080820
23.453206
22.260144
22.097884
22.220484
24.025298
20.118413
18.961786
18.622025
18.936730
16.514034
16.329909
21.387236
29.280463
25.614700
42.695247
54.086561
51.645573
37.992645
27.109469
25.423577
25.965913
27.194522
29.567933
29.348063
28.499422
29.739839
30.005684
33.583075
39.409200
42.742025
46.838388
48.925756
0.000000
0.000000
0.620550
1.225913
0.236221
0.046442
0.184231
0.300086
0.000134
0.000000
0.000000
0.002951
0.051916
0.186155
3.436579
8.655370
12.901484
15.073611
17.564153
20.291034
23.394217
23.507452
21.600300
21.481406
22.375619
23.501244
25.230842
27.993016
26.267186
28.047967
26.951588
27.159389
29.549147
29.529467
23.808305
21.704680
21.738816
19.638020
16.699337
17.329663
23.227612
29.394300
25.614700
44.486936
54.027842
50.467802
33.711708
29.574553
31.340945
31.408500
27.054627
28.388575
37.910289
31.286438
35.127614
36.755323
38.532277
41.292823
43.249700
48.513400
56.605877
1.425809
1.425809
0.271154
0.325157
0.085301
0.047635
0.000000
0.002114
0.000000
0.000000
0.000000
0.000000
0.000000
0.027538
2.665017
6.304163
9.955749
11.205340
16.204291
21.454788
26.612489
27.048862
25.998633
26.639008
27.985905
27.393492
26.291875
29.023450
29.120900
31.874262
32.579362
33.994834
35.715806
34.664344
31.364820
31.411242
27.286431
22.285325
24.538200
24.952000
29.018973
36.074933
34.216253
46.706736
55.476955
52.535706
40.555297
35.573147
29.998633
29.826500
28.793200
28.793200
33.114000
31.711813
34.128362
34.702600
37.081163
40.439600
41.320800
51.429003
53.377948
1.539105
1.539105
0.094464
0.062091
0.000000
0.000000
0.000000
0.000000
0.000000
0.000000
0.000000
0.000000
0.000000
0.000000
0.046503
0.084382
2.959642
8.109165
13.587892
16.886300
22.808017
24.064716
23.277066
24.825475
28.918480
28.539727
29.222036
28.402000
29.374850
32.208358
34.615198
35.575013
37.567900
38.787400
40.335183
41.445100
34.328627
26.625830
25.013500
27.330250
33.932837
38.980598
35.243200
42.694000
52.693664
49.192637
43.304930
39.013269
28.548459
27.026600
29.832600
29.026500
33.216600
32.514697
35.228425
35.759105
39.288592
44.895928
43.380000
51.405055
54.241227
0.086873
0.023018
0.000000
0.000000
0.000000
0.000000
0.000000
0.000000
0.000000
0.000020
0.000000
0.000000
0.000000
0.060088
2.268761
4.793180
9.986430
15.300527
19.493361
19.696278
20.749973
22.046467
26.227708
30.344725
31.667341
27.168188
27.163475
30.681936
34.976348
35.160341
37.512298
39.859025
44.610286
46.034100
40.087994
32.973500
28.091427
30.054352
35.002439
36.640517
32.047708
41.716875
48.169163
46.993784
45.642055
42.109977
29.174834
27.222287
28.848913
28.546625
35.081975
34.852123
35.202308
35.339975
38.766519
44.493909
43.688062
52.956839
56.682517
0.074480
0.000190
0.000000
0.000000
0.000000
0.000000
0.000000
0.000000
0.000000
0.009449
0.009504
0.000507
0.000000
0.036983
1.040079
3.111813
9.282306
14.453659
17.820738
17.906597
19.327120
20.360922
24.616508
30.518147
31.994075
26.185625
25.381287
29.329812
34.063934
34.609366
37.172125
40.252084
47.170739
49.254097
43.814511
37.277423
30.251620
32.002673
35.741372
35.115637
29.697400
41.065361
44.837798
44.358681
42.467253
36.771073
28.532744
27.664463
28.258700
28.258700
36.285775
36.218127
35.414072
35.351597
38.869653
44.591388
43.950550
53.818697
58.199525
0.000000
0.000000
0.000000
0.000000
0.000000
0.124073
0.229403
0.013515
0.000000
0.083438
6.941289
14.177967
12.838823
15.930814
18.141975
18.780572
19.561552
20.290900
22.605009
24.619825
25.900650
24.168512
23.010712
25.625442
29.415125
31.546644
35.267727
36.844117
46.637062
46.119791
39.863212
37.209786
34.683519
34.933059
36.892164
34.458297
28.987809
39.944581
39.155362
38.070548
34.763220
35.312367
31.907925
30.985238
28.875675
28.875675
36.802925
36.329386
37.343719
37.855353
42.908645
50.165612
45.008363
55.410113
61.852025
0.000000
0.000000
0.000000
0.000000
0.000000
0.165520
2.020885
0.947761
0.007973
0.234248
7.711912
13.768588
16.222698
17.551500
19.614600
19.915250
20.534323
20.689638
21.393813
22.294775
22.789500
21.920200
21.283900
22.395325
24.916930
26.257341
29.189383
31.325164
42.449061
45.820778
39.761241
39.914861
38.601920
38.480067
38.097536
36.227045
33.214505
35.644223
35.142000
35.125944
32.870964
32.863705
35.841073
38.317300
33.194500
33.194500
36.278800
36.278800
39.706962
40.196700
43.351013
48.608200
48.608200
60.656700
73.796064
0.195551
0.921924
7.808770
13.093197
16.948275
17.837100
19.614600
20.136538
20.752422
20.828600
20.726166
20.542900
20.061100
18.659800
18.107700
18.991100
20.365291
20.610484
23.346702
25.606022
30.213311
40.832620
42.144741
42.432312
39.612698
38.181300
37.096138
36.576700
33.892325
31.131900
30.186100
29.123839
28.128566
29.478361
32.382655
34.626600
33.194500
33.194500
36.278800
36.278800
39.706962
40.196700
43.678725
49.482100
48.608200
61.575600
70.610200
7.842873
10.264702
13.087030
14.172898
17.287700
18.208900
18.543400
19.507913
19.959628
19.555617
17.581734
16.330223
15.017364
13.710987
12.779291
12.955634
12.069785
11.014559
11.995706
14.560475
20.488238
26.824403
33.397100
39.744558
40.256955
35.509950
31.880462
32.604880
32.485780
28.466666
27.324300
24.083628
24.173402
27.825478
30.662844
31.485500
35.737700
37.396400
44.482700
44.482700
47.632962
48.083000
51.338713
56.764900
56.764900
69.359200
75.752400
15.691237
16.183781
17.806637
17.847588
18.543400
18.966944
18.585386
17.413061
13.826960
10.973431
8.322204
5.513080
3.410506
3.127752
2.880191
2.989388
3.565834
5.282053
10.208882
18.173570
27.203483
33.164600
35.163477
32.640875
29.401497
29.014028
27.096842
24.450098
26.126902
24.679219
24.341317
26.427652
28.911586
30.488750
35.737700
36.803572
44.482700
44.482700
47.632962
48.083000
52.167322
58.974525
57.990837
73.753700
80.190650
16.308650
16.824611
17.696412
17.537487
18.339087
18.313712
17.348978
15.812342
11.788127
8.904729
2.634389
1.297671
1.332418
1.430389
1.727333
2.038047
2.737922
3.700636
7.685106
9.834050
20.966950
27.290925
30.302772
29.509078
27.578262
27.050941
23.875897
22.342150
24.888361
24.636591
24.513052
27.841308
26.976389
28.086412
34.850137
35.089062
44.038287
44.038287
48.091080
48.670050
53.812378
61.599155
59.905713
77.866250
84.812013
16.913494
16.383522
14.672722
13.456591
12.334317
9.707235
4.417081
3.372742
3.950033
3.363571
4.708454
2.414730
3.915193
5.458468
7.399563
10.368239
17.526800
21.732006
22.975998
23.311220
23.925330
24.236287
21.470108
20.120003
21.821812
23.069464
21.779614
21.212567
23.301434
23.092262
28.637200
31.772911
40.927400
40.983017
51.305845
52.779400
58.705300
68.581800
68.545675
90.958172
101.489391
16.909814
16.275709
14.226023
13.189447
12.496597
7.690873
1.749095
0.739986
2.314455
6.146990
8.629871
4.476379
3.502378
6.619694
9.333543
14.694300
17.526800
17.975237
19.264702
20.046075
21.190144
21.394838
21.319400
19.595900
20.027100
20.117050
22.754277
23.877420
23.357072
22.834400
28.637200
39.645291
40.927400
41.372337
51.361462
52.779400
59.810163
71.528100
71.239100
96.212700
112.212078
0.018877
0.066953
0.138026
1.176485
3.992668
6.164666
5.898343
11.559799
14.131600
15.143400
15.031000
15.031000
16.652375
17.683800
19.121987
19.297300
19.353700
18.872000
18.632137
18.385978
21.537503
26.978203
25.549761
25.267300
28.689400
30.745208
43.998400
66.180000
58.832263
57.389863
64.709750
76.743000
76.810005
110.994000
121.277000
0.000000
0.037404
0.101745
0.105434
0.838599
3.053461
5.303964
6.093425
11.682627
15.117000
15.031000
15.031000
14.341500
16.320564
18.166175
19.005800
19.005800
18.780122
17.876900
15.794487
18.565155
20.317673
25.819552
24.314700
28.689400
29.266605
40.893900
59.066162
58.057433
57.619213
65.498838
77.827900
83.518300
110.994000
129.809000
3.866920
3.808291
10.123728
12.851625
16.250938
15.363305
14.178242
15.202462
17.410698
18.280050
18.094925
17.839891
16.376087
14.786136
15.745106
17.445017
20.690552
21.468700
25.081775
25.179712
37.850384
56.142873
59.431195
60.970720
71.804259
84.631838
90.232238
116.360328
142.512125
4.088014
6.095403
8.823970
11.685858
17.294442
15.815023
13.737386
15.327811
16.890269
17.793084
17.378869
16.498814
15.141994
13.884083
16.214656
16.919920
18.659870
19.700988
22.973562
23.393212
34.914653
53.079194
59.872062
63.881337
76.094455
89.236212
96.875119
121.458031
153.714594
15.332369
14.767544
15.615184
16.800719
15.729255
13.756627
10.752037
10.533649
12.136297
13.980966
19.354094
18.616063
22.691625
24.790488
32.990450
44.242939
58.175720
64.016136
79.453388
93.686441
114.173219
126.092750
180.357844
220.795875
249.884156
13.990208
13.065089
14.035489
15.067447
15.327983
14.073308
11.733075
12.093044
12.839136
11.822073
12.559077
13.967100
17.956300
18.925100
28.543000
31.448262
41.663475
50.238375
76.746219
100.239316
117.357609
142.989219
215.722859
256.921625
312.792875
12.147287
12.821600
14.568266
14.709503
10.985100
12.894438
16.085577
15.707455
13.743006
13.906100
17.956300
18.749300
28.543000
29.408725
43.754212
52.749950
81.881570
111.919875
123.170500
161.747813
246.717000
318.285875
568.293219
10.424587
10.821400
11.703400
12.560820
12.696200
14.084650
17.586606
22.737684
21.546277
21.392800
22.306900
25.360600
36.776100
39.854875
70.084162
82.538800
110.036500
134.839906
131.320344
176.830031
296.363203
510.487969
620.146891
11.107837
11.538125
11.685012
10.623096
11.596584
14.817573
19.223964
20.346675
22.306900
24.656037
36.269412
38.963187
68.765764
87.347597
122.092672
141.788969
167.874734
219.761438
408.892375
588.891781
622.467281
621.818703
621.265859
15.967688
17.463425
17.463425
12.264819
10.769954
12.742630
18.799602
22.014063
26.243025
28.667988
35.719587
37.094956
62.642780
78.712914
111.982859
134.460437
186.976687
256.777297
540.520047
619.702109
621.224875
621.276016
621.356016
23.108928
23.687475
28.604700
31.293513
35.572100
36.519966
59.743989
71.002759
95.553528
114.359263
146.537656
252.529641
592.669594
621.239937
621.235719
621.333203
621.395891
