5.7701	146.3379	13.3296	21.1182	76.9139
6.8644	108.5449	10.3265	18.7061	70.8848
7.3654	239.5020	10.2097	31.7920	75.1981
6.9808	193.2715	11.6371	22.0166	81.2369
6.3085	44.0332	11.5944	32.0264	73.1431
7.0995	276.0645	11.5252	26.3232	81.8229
5.9569	173.4082	13.3209	32.9639	79.3513
6.8864	217.3535	10.9563	27.6709	75.4491
6.5809	178.3301	11.4213	23.4814	75.1626
6.3458	190.8105	12.8715	15.8643	81.6802
7.2775	184.6582	9.6849	17.3389	70.4815
6.4425	105.2051	11.9173	34.3311	76.7771
6.8776	308.0566	11.6858	29.0088	80.3700
6.6644	147.0410	11.4905	17.4854	76.5777
7.2863	172.7051	9.9979	21.9189	72.8471
7.0490	337.9395	10.4561	19.7607	73.7049
7.1281	216.8262	10.1333	19.2529	72.2307
6.4337	152.8418	11.5921	21.4111	74.5802
7.3346	116.6309	11.0174	29.7900	80.8078
7.1105	77.6074	11.3189	33.9502	80.4825
6.1722	196.0840	12.6576	33.4521	78.1255
7.3104	258.3105	9.8057	19.6143	71.6839
7.3082	3.6035	11.1722	31.7041	81.6487
6.4513	182.3730	11.7029	26.0205	75.4989
7.4027	227.0215	10.0585	24.8584	74.4604
7.0621	252.3340	10.8194	19.6729	76.4081
6.6930	24.6973	12.0420	25.8740	80.5970
7.0182	274.3066	10.3824	15.8838	72.8660
6.7413	44.7363	10.9814	15.9717	74.0292
7.0995	276.0645	11.5252	26.3232	81.8229
7.0577	115.0488	10.0587	24.1846	70.9915
6.0404	153.3691	12.2134	25.2100	73.7737
6.3568	184.3066	12.8825	29.1162	81.8913
6.6622	183.2520	11.3824	18.6670	75.8319
6.7545	314.9121	11.9550	17.0068	80.7503
7.3082	3.6035	11.1722	31.7041	81.6487
6.3085	44.0332	11.5944	32.0264	73.1431
6.6227	7.8223	12.0968	33.0615	80.1130
6.1722	196.0840	12.6576	33.4521	78.1255
6.5436	39.4629	11.4772	26.4307	75.1021
6.4513	182.3730	11.7029	26.0205	75.4989
7.3368	349.0137	10.4297	29.6533	76.5206
6.3458	190.8105	12.8715	15.8643	81.6802
6.9962	162.1582	11.2003	26.0889	78.3600
5.8536	129.8145	14.1997	21.8018	83.1197
7.1215	200.4785	10.3533	23.8916	73.7305
6.3942	283.2715	11.4959	32.9834	73.5069
7.0336	14.6777	10.3827	19.3115	73.0273
6.9808	193.2715	11.6371	22.0166	81.2369
7.3170	0.0879	10.2669	25.4932	75.1230
6.2140	137.5488	12.5909	32.0654	78.2395
7.0490	337.9395	10.4561	19.7607	73.7049
6.8820	326.5137	10.5594	20.9033	72.6691
7.3917	214.8926	9.8498	34.7998	72.8071
7.2511	271.1426	11.1190	31.6748	80.6250
6.7853	248.4668	11.0058	34.2236	74.6771
6.6930	24.6973	12.0420	25.8740	80.5970
7.3170	0.0879	10.2669	25.4932	75.1230
6.3832	55.4590	11.7120	31.2354	74.7599
6.8336	283.4473	11.6200	19.7510	79.4064
6.9501	311.9238	10.6259	27.3779	73.8510
7.0358	157.4121	9.8609	15.7568	69.3793
6.8468	30.6738	10.6917	28.0029	73.2041
7.0533	85.8691	11.2364	23.9600	79.2543
7.1105	77.6074	11.3189	33.9502	80.4825
6.9501	311.9238	10.6259	27.3779	73.8510
6.5677	260.0684	11.6244	32.4463	76.3462
7.0577	115.0488	10.0587	24.1846	70.9915
6.9742	132.8027	11.8229	17.8760	82.4560
6.6425	290.1270	11.6541	17.7295	77.4119
7.0336	14.6777	10.3827	19.3115	73.0273
6.8995	243.0176	11.5491	16.7627	79.6833
7.4027	227.0215	10.0585	24.8584	74.4604
7.1698	179.5605	11.1652	31.0107	80.0525
6.2799	178.5059	13.0669	22.3975	82.0587
7.3082	3.6035	11.1722	31.7041	81.6487
6.4952	109.9512	12.5012	26.6846	81.1983
7.2906	83.7598	9.6234	26.3428	70.1605
6.5458	190.1074	11.9833	22.2998	78.4401
7.2050	204.8730	9.9660	24.7705	71.8045
6.8688	129.9902	11.0091	30.7178	75.6189
6.1041	158.8184	12.3444	33.1787	75.3518
6.8007	209.0918	12.0387	18.2861	81.8711
7.3829	26.2793	10.7429	20.3174	79.3140
6.0931	92.9004	12.3676	29.7119	75.3576
5.8536	129.8145	14.1997	21.8018	83.1197
6.0536	173.2324	12.3008	16.1377	74.4637
6.5897	158.4668	11.2655	19.2236	74.2365
7.2379	80.7715	10.6019	20.7666	76.7359
6.4161	354.8145	12.0355	30.6982	77.2212
7.0819	276.5918	9.9446	27.9639	70.4270
6.6710	264.1113	11.6612	28.7842	77.7918
6.8007	209.0918	12.0387	18.2861	81.8711
7.3104	258.3105	9.8057	19.6143	71.6839
7.1259	140.3613	10.6453	26.8408	75.8566
6.1766	126.2988	11.8802	17.3096	73.3797
6.4337	152.8418	11.5921	21.4111	74.5802
5.9569	173.4082	13.3209	32.9639	79.3513
6.8907	54.4043	10.8455	34.3701	74.7335
7.1259	140.3613	10.6453	26.8408	75.8566
6.3722	237.9199	11.8036	15.3564	75.2147
7.3170	0.0879	10.2669	25.4932	75.1230
6.4952	109.9512	12.5012	26.6846	81.1983
7.3829	26.2793	10.7429	20.3174	79.3140
6.7413	44.7363	10.9814	15.9717	74.0292
6.0052	125.0684	13.3125	30.0537	79.9451
6.9127	52.1191	11.6365	32.0850	80.4397
6.9303	272.7246	10.8635	24.9756	75.2873
6.9874	356.9238	9.9572	34.8779	69.5751
6.8864	217.3535	10.9563	27.6709	75.4491
6.5919	166.3770	11.2809	22.8955	74.3626
7.2511	271.1426	11.1190	31.6748	80.6250
6.9259	259.7168	10.8962	21.0986	75.4662
6.8248	61.9629	10.4940	20.1807	71.6197
6.8644	108.5449	10.3265	18.7061	70.8848
6.5392	176.2207	12.0568	24.0674	78.8417
6.7347	28.9160	11.1232	29.0479	74.9122
6.8732	278.8770	11.0618	28.3545	76.0297
6.5612	291.0059	10.9728	31.1475	71.9943
6.3392	112.5879	12.4103	19.2432	78.6718
6.5282	120.6738	12.5439	16.9971	81.8890
7.0577	115.0488	10.0587	24.1846	70.9915
6.4821	70.9277	11.8938	16.3135	77.0962
6.9874	356.9238	9.9572	34.8779	69.5751
6.9127	52.1191	11.6365	32.0850	80.4397
7.3214	263.2324	11.1546	18.8623	81.6672
6.8336	283.4473	11.6200	19.7510	79.4064
6.7941	91.6699	12.2684	31.5186	83.3526
6.9633	357.8027	11.2602	34.6240	78.4076
7.0533	85.8691	11.2364	23.9600	79.2543
7.3082	3.6035	11.1722	31.7041	81.6487
6.6227	7.8223	12.0968	33.0615	80.1130
6.9127	52.1191	11.6365	32.0850	80.4397
7.2313	199.4238	10.4337	16.3721	75.4497
5.9569	173.4082	13.3209	32.9639	79.3513
7.2928	12.2168	10.0928	32.6514	73.6055
6.9523	253.3887	10.4533	27.5342	72.6743
6.8402	2.0215	11.1973	32.3584	76.5922
6.3392	112.5879	12.4103	19.2432	78.6718
6.4008	137.1973	11.6568	32.8760	74.6125
7.0555	101.5137	10.8563	28.4033	76.5970
6.7633	356.5723	10.9350	32.4365	73.9566
7.0819	276.5918	9.9446	27.9639	70.4270
6.4513	182.3730	11.7029	26.0205	75.4989
6.9347	12.9199	11.2214	22.8564	77.8170
6.3392	112.5879	12.4103	19.2432	78.6718
6.7589	321.7676	11.5927	33.6377	78.3540
7.3104	258.3105	9.8057	19.6143	71.6839
6.9611	172.5293	10.4782	29.6924	72.9395
6.9808	193.2715	11.6371	22.0166	81.2369
7.1281	216.8262	10.1333	19.2529	72.2307
7.1962	179.7363	10.7468	21.5283	77.3354
6.3832	55.4590	11.7120	31.2354	74.7599
7.0182	274.3066	10.3824	15.8838	72.8660
6.3304	154.0723	12.0656	28.8135	76.3805
6.5656	98.1738	10.9108	28.2471	71.6353
6.5677	260.0684	11.6244	32.4463	76.3462
6.5897	158.4668	11.2655	19.2236	74.2365
7.0072	312.2754	10.9696	17.4756	76.8663
7.2467	28.2129	11.1029	15.8057	80.4594
7.3873	253.0371	10.8200	32.6807	79.9311
6.8710	179.0332	11.6714	29.5264	80.1941
7.2906	83.7598	9.6234	26.3428	70.1605
6.4491	190.2832	13.0474	16.0986	84.1439
6.5392	176.2207	12.0568	24.0674	78.8417
7.2050	204.8730	9.9660	24.7705	71.8045
6.3085	44.0332	11.5944	32.0264	73.1431
6.9193	220.6934	10.2007	21.6162	70.5816
6.4952	109.9512	12.5012	26.6846	81.1983
7.2906	83.7598	9.6234	26.3428	70.1605
7.0336	14.6777	10.3827	19.3115	73.0273
6.9786	320.1855	10.8234	26.8018	75.5327
6.0118	195.9082	12.9046	19.2139	77.5802
6.6227	7.8223	12.0968	33.0615	80.1130
7.1434	46.6699	10.8147	25.9814	77.2540
6.8820	326.5137	10.5594	20.9033	72.6691
6.4425	105.2051	11.9173	34.3311	76.7771
7.2928	12.2168	10.0928	32.6514	73.6055
6.6644	147.0410	11.4905	17.4854	76.5777
7.1105	77.6074	11.3189	33.9502	80.4825
6.4886	307.3535	11.3149	22.6709	73.4185
7.2115	115.2246	11.2694	23.7256	81.2701
6.5106	198.5449	12.2451	26.2939	79.7230
6.4491	190.2832	13.0474	16.0986	84.1439
6.7941	91.6699	12.2684	31.5186	83.3526
6.0997	131.7480	12.6725	16.1670	77.2990
6.7897	351.4746	12.1620	20.6494	82.5760
7.0072	312.2754	10.9696	17.4756	76.8663
6.6622	183.2520	11.3824	18.6670	75.8319
6.3722	237.9199	11.8036	15.3564	75.2147
6.4513	182.3730	11.7029	26.0205	75.4989
6.5106	198.5449	12.2451	26.2939	79.7230
6.4974	218.0566	11.1543	25.9912	72.4742
6.3085	44.0332	11.5944	32.0264	73.1431
6.3304	154.0723	12.0656	28.8135	76.3805
6.4491	190.2832	13.0474	16.0986	84.1439
7.1434	46.6699	10.8147	25.9814	77.2540
6.1722	196.0840	12.6576	33.4521	78.1255
7.0555	101.5137	10.8563	28.4033	76.5970
7.0577	115.0488	10.0587	24.1846	70.9915
