6.7897	351.4746	12.1620	20.6494	82.5760
6.1898	232.8223	13.5399	34.4385	83.8093
6.7435	15.3809	11.6657	28.3350	78.6681
6.3458	190.8105	12.8715	15.8643	81.6802
6.8468	30.6738	10.6917	28.0029	73.2041
6.4667	34.1895	12.0181	33.3643	77.7170
6.8160	245.4785	11.5555	28.6084	78.7629
6.2096	26.6309	13.4341	15.2100	83.4205
5.9481	243.5449	13.9332	23.7939	82.8763
5.6888	111.0059	15.1215	28.8525	86.0237
6.6051	194.8535	11.1754	31.4209	73.8146
5.7657	215.5957	14.2217	20.6299	81.9989
6.2030	13.0957	13.0828	30.6201	81.1528
6.0404	153.3691	12.2134	25.2100	73.7737
6.6073	45.4395	10.9710	16.4893	72.4890
6.4161	354.8145	12.0355	30.6982	77.2212
6.4930	56.5137	11.7119	24.0967	76.0458
5.7614	127.3535	14.3326	17.3291	82.5750
6.6996	215.7715	10.9944	33.2666	73.6578
6.4821	70.9277	11.8938	16.3135	77.0962
5.6251	155.6543	14.4558	32.5049	81.3155
6.6644	147.0410	11.4905	17.4854	76.5777
6.6622	183.2520	11.3824	18.6670	75.8319
5.7701	146.3379	13.3296	21.1182	76.9139
6.7853	248.4668	11.0058	34.2236	74.6771
6.4337	152.8418	11.5921	21.4111	74.5802
6.0536	173.2324	12.3008	16.1377	74.4637
6.4008	137.1973	11.6568	32.8760	74.6125
6.0844	173.7598	12.6479	31.3428	76.9542
6.4667	34.1895	12.0181	33.3643	77.7170
6.4315	340.7520	12.7559	17.5830	82.0398
5.3615	157.0605	14.2632	27.7393	76.4714
5.7174	133.5059	14.7550	30.1025	84.3603
6.0118	195.9082	12.9046	19.2139	77.5802
6.0997	131.7480	12.6725	16.1670	77.2990
6.6622	183.2520	11.3824	18.6670	75.8319
6.8468	30.6738	10.6917	28.0029	73.2041
6.0052	125.0684	13.3125	30.0537	79.9451
5.6251	155.6543	14.4558	32.5049	81.3155
5.8888	42.6270	13.1493	26.4795	77.4337
5.7701	146.3379	13.3296	21.1182	76.9139
6.7303	237.2168	11.7810	30.1514	79.2900
5.6888	111.0059	15.1215	28.8525	86.0237
6.3722	237.9199	11.8036	15.3564	75.2147
6.7941	91.6699	12.2684	31.5186	83.3526
6.4843	324.4043	11.4258	19.3701	74.0876
6.8732	278.8770	11.0618	28.3545	76.0297
6.4073	111.3574	13.0262	29.5752	83.4634
6.3458	190.8105	12.8715	15.8643	81.6802
6.6820	114.6973	10.8128	30.8740	72.2509
5.6339	128.2324	15.0349	18.6377	84.7051
6.4161	354.8145	12.0355	30.6982	77.2212
6.2074	329.8535	12.7840	26.0791	79.3553
6.7633	356.5723	10.9350	32.4365	73.9566
6.5699	23.2910	11.5153	18.1396	75.6547
6.1217	61.7871	13.6808	19.1943	83.7499
6.0536	173.2324	12.3008	16.1377	74.4637
6.6820	114.6973	10.8128	30.8740	72.2509
6.8688	129.9902	11.0091	30.7178	75.6189
6.1635	334.7754	13.5018	28.7256	83.2177
6.2975	239.1504	13.1704	26.5869	82.9401
6.4139	277.4707	12.7623	24.6924	81.8565
6.1766	126.2988	11.8802	17.3096	73.3797
6.4249	318.0762	12.8685	27.6221	82.6789
6.4821	70.9277	11.8938	16.3135	77.0962
6.2975	239.1504	13.1704	26.5869	82.9401
5.9196	25.9277	13.5819	31.1865	80.3989
6.4315	340.7520	12.7559	17.5830	82.0398
6.3392	112.5879	12.4103	19.2432	78.6718
6.0096	30.4980	14.0220	33.2080	84.2672
6.4073	111.3574	13.0262	29.5752	83.4634
6.2294	273.9551	12.1638	34.9561	75.7731
6.7853	248.4668	11.0058	34.2236	74.6771
6.5128	65.8301	12.4875	29.7314	81.3288
5.6361	101.1621	13.6001	25.1318	76.6514
6.6622	183.2520	11.3824	18.6670	75.8319
5.8207	100.4590	13.3977	18.7354	77.9837
6.6095	58.0957	12.1266	16.8799	80.1504
5.8910	173.5840	13.6554	22.7979	80.4440
6.5392	176.2207	12.0568	24.0674	78.8417
6.1920	89.9121	13.6431	29.5068	84.4785
5.5262	127.7051	15.1993	24.4189	83.9950
6.1437	289.4238	13.7394	21.3721	84.4103
6.7545	314.9121	11.9550	17.0068	80.7503
6.8226	99.0527	11.6822	21.0010	79.7035
6.7941	91.6699	12.2684	31.5186	83.3526
5.4032	149.3262	14.9558	31.9971	80.8090
5.9657	14.3262	13.2677	24.4971	79.1508
6.5656	98.1738	10.9108	28.2471	71.6353
6.8776	308.0566	11.6858	29.0088	80.3700
6.4491	190.2832	13.0474	16.0986	84.1439
6.0492	221.5723	13.0244	30.0635	78.7871
6.1437	289.4238	13.7394	21.3721	84.4103
6.6644	147.0410	11.4905	17.4854	76.5777
6.4908	319.1309	12.9245	33.5400	83.8912
5.6273	172.1777	13.5507	23.0615	76.2544
5.7614	127.3535	14.3326	17.3291	82.5750
6.8160	245.4785	11.5555	28.6084	78.7629
6.2250	252.5098	12.5384	23.0322	78.0510
6.4908	319.1309	12.9245	33.5400	83.8912
6.8644	108.5449	10.3265	18.7061	70.8848
6.6820	114.6973	10.8128	30.8740	72.2509
5.8207	100.4590	13.3977	18.7354	77.9837
6.7545	314.9121	11.9550	17.0068	80.7503
6.0844	173.7598	12.6479	31.3428	76.9542
5.3153	167.0801	14.4261	17.1436	76.6791
6.2360	90.6152	13.0645	27.9053	81.4695
6.2799	178.5059	13.0669	22.3975	82.0587
6.3612	137.3730	12.4982	33.5205	79.5034
6.2096	26.6309	13.4341	15.2100	83.4205
5.9767	131.2207	13.7132	21.5674	81.9595
6.5699	23.2910	11.5153	18.1396	75.6547
6.2777	42.9785	13.4348	20.1416	84.3397
6.1591	350.4199	12.9999	15.8936	80.0669
6.1898	232.8223	13.5399	34.4385	83.8093
5.8822	42.2754	14.3459	27.5244	84.3853
6.0712	269.7363	14.1230	33.4717	85.7431
6.2008	318.4277	12.6231	29.9365	78.2734
5.9020	296.1035	14.2230	32.9541	83.9441
5.6801	203.2910	14.1322	21.8604	80.2718
5.8602	28.3887	14.7561	20.0342	86.4738
6.4315	340.7520	12.7559	17.5830	82.0398
5.7943	49.3066	13.5769	26.6162	78.6689
6.3612	137.3730	12.4982	33.5205	79.5034
6.2360	90.6152	13.0645	27.9053	81.4695
6.6930	24.6973	12.0420	25.8740	80.5970
6.1635	334.7754	13.5018	28.7256	83.2177
6.1327	240.0293	13.8871	20.9424	85.1653
6.3239	172.3535	12.6445	19.8291	79.9616
6.4249	318.0762	12.8685	27.6221	82.6789
6.6622	183.2520	11.3824	18.6670	75.8319
6.0052	125.0684	13.3125	30.0537	79.9451
6.2360	90.6152	13.0645	27.9053	81.4695
6.5612	291.0059	10.9728	31.1475	71.9943
6.8160	245.4785	11.5555	28.6084	78.7629
6.6227	7.8223	12.0968	33.0615	80.1130
6.2997	69.1699	13.5153	32.7686	85.1423
6.1722	196.0840	12.6576	33.4521	78.1255
5.6801	203.2910	14.1322	21.8604	80.2718
5.7482	171.1230	14.4381	23.3545	82.9924
6.4293	280.4590	12.2498	21.2646	78.7579
6.1041	158.8184	12.3444	33.1787	75.3518
6.4491	190.2832	13.0474	16.0986	84.1439
5.7701	146.3379	13.3296	21.1182	76.9139
6.2909	172.0020	13.1779	20.5420	82.9010
5.6801	203.2910	14.1322	21.8604	80.2718
6.1019	257.9590	13.1786	34.9854	80.4151
6.6644	147.0410	11.4905	17.4854	76.5777
6.3151	276.9434	13.3740	18.4912	84.4574
6.3458	190.8105	12.8715	15.8643	81.6802
6.4930	56.5137	11.7119	24.0967	76.0458
6.5282	120.6738	12.5439	16.9971	81.8890
6.8688	129.9902	11.0091	30.7178	75.6189
6.4008	137.1973	11.6568	32.8760	74.6125
5.6735	135.6152	14.7526	19.5947	83.6983
5.9086	75.3223	13.7589	15.6885	81.2956
5.9196	25.9277	13.5819	31.1865	80.3989
5.9657	14.3262	13.2677	24.4971	79.1508
6.3876	266.9238	12.3409	19.8779	78.8285
6.5677	260.0684	11.6244	32.4463	76.3462
6.7589	321.7676	11.5927	33.6377	78.3540
6.1964	353.2324	13.3467	23.8623	82.7019
6.6095	58.0957	12.1266	16.8799	80.1504
5.7679	109.0723	13.7537	26.3135	79.3306
5.8822	42.2754	14.3459	27.5244	84.3853
6.5392	176.2207	12.0568	24.0674	78.8417
6.8468	30.6738	10.6917	28.0029	73.2041
6.2755	6.0645	13.2461	18.6768	83.1259
5.8207	100.4590	13.3977	18.7354	77.9837
6.6095	58.0957	12.1266	16.8799	80.1504
6.4073	111.3574	13.0262	29.5752	83.4634
6.3414	104.6777	11.8886	25.6885	75.3906
6.8204	161.2793	11.1810	17.8174	76.2593
6.0052	125.0684	13.3125	30.0537	79.9451
6.5018	8.8770	11.2094	33.3545	72.8819
6.2074	329.8535	12.7840	26.0791	79.3553
5.7657	215.5957	14.2217	20.6299	81.9989
6.6227	7.8223	12.0968	33.0615	80.1130
6.0404	153.3691	12.2134	25.2100	73.7737
6.4821	70.9277	11.8938	16.3135	77.0962
5.8097	257.0801	14.5977	27.8564	84.8079
6.5436	39.4629	11.4772	26.4307	75.1021
5.8514	217.5293	14.4504	27.1924	84.5556
5.7679	109.0723	13.7537	26.3135	79.3306
6.1327	240.0293	13.8871	20.9424	85.1653
5.5043	138.6035	14.0372	20.7959	77.2646
6.1239	181.1426	11.9994	33.3252	73.4832
6.3876	266.9238	12.3409	19.8779	78.8285
6.0118	195.9082	12.9046	19.2139	77.5802
6.8644	108.5449	10.3265	18.7061	70.8848
5.7701	146.3379	13.3296	21.1182	76.9139
5.8514	217.5293	14.4504	27.1924	84.5556
5.8383	272.1973	14.6364	19.6240	85.4513
6.8468	30.6738	10.6917	28.0029	73.2041
5.6735	135.6152	14.7526	19.5947	83.6983
5.7679	109.0723	13.7537	26.3135	79.3306
6.5018	8.8770	11.2094	33.3545	72.8819
5.6251	155.6543	14.4558	32.5049	81.3155
6.4293	280.4590	12.2498	21.2646	78.7579
6.4315	340.7520	12.7559	17.5830	82.0398
