7.2906	83.7598	9.6234	26.3428	70.1605
6.7413	44.7363	10.9814	15.9717	74.0292
7.2599	332.3145	11.2293	16.9482	81.5238
6.9083	304.1895	10.2532	18.3643	70.8323
7.3434	310.1660	9.8167	30.9229	72.0875
6.9852	118.3887	11.0160	15.0342	76.9495
7.3082	3.6035	11.1722	31.7041	81.6487
6.7853	248.4668	11.0058	34.2236	74.6771
6.4908	319.1309	12.9245	33.5400	83.8912
6.1700	114.8730	12.3053	20.2295	75.9240
7.1434	46.6699	10.8147	25.9814	77.2540
6.2711	211.5527	13.0371	32.2510	81.7571
6.7633	356.5723	10.9350	32.4365	73.9566
6.5282	120.6738	12.5439	16.9971	81.8890
7.1522	246.5332	10.8274	26.7236	77.4397
6.9545	350.2441	10.6982	21.7725	74.4002
7.0072	312.2754	10.9696	17.4756	76.8663
6.2360	90.6152	13.0645	27.9053	81.4695
7.2313	199.4238	10.4337	16.3721	75.4497
6.9874	356.9238	9.9572	34.8779	69.5751
6.0118	195.9082	12.9046	19.2139	77.5802
7.1962	179.7363	10.7468	21.5283	77.3354
7.1852	37.1777	11.2314	19.4385	80.6995
6.2909	172.0020	13.1779	20.5420	82.9010
7.2863	172.7051	9.9979	21.9189	72.8471
6.9698	203.6426	11.3381	32.9248	79.0246
6.5458	190.1074	11.9833	22.2998	78.4401
6.9391	213.1348	11.6159	23.5303	80.6040
6.5721	255.4980	12.3339	34.2920	81.0600
6.9852	118.3887	11.0160	15.0342	76.9495
6.9677	21.3574	10.7172	15.4248	74.6739
5.7570	123.4863	13.9356	15.9033	80.2267
6.1722	196.0840	12.6576	33.4521	78.1255
6.5238	44.2090	12.5400	20.6104	81.8084
6.5875	207.5098	11.2281	15.5322	73.9657
7.1852	37.1777	11.2314	19.4385	80.6995
7.3434	310.1660	9.8167	30.9229	72.0875
6.5194	308.4082	12.8828	25.4639	83.9880
6.0118	195.9082	12.9046	19.2139	77.5802
6.4337	152.8418	11.5921	21.4111	74.5802
6.2909	172.0020	13.1779	20.5420	82.9010
7.2379	80.7715	10.6019	20.7666	76.7359
6.1700	114.8730	12.3053	20.2295	75.9240
6.9193	220.6934	10.2007	21.6162	70.5816
7.2928	12.2168	10.0928	32.6514	73.6055
6.9918	145.4590	11.8117	16.2354	82.5851
7.3873	253.0371	10.8200	32.6807	79.9311
6.9501	311.9238	10.6259	27.3779	73.8510
6.9083	304.1895	10.2532	18.3643	70.8323
7.2115	115.2246	11.2694	23.7256	81.2701
6.0536	173.2324	12.3008	16.1377	74.4637
6.9545	350.2441	10.6982	21.7725	74.4002
6.7743	145.9863	11.0753	32.8467	75.0276
7.2753	221.7480	9.5987	28.8330	69.8332
7.1215	200.4785	10.3533	23.8916	73.7305
6.6073	45.4395	10.9710	16.4893	72.4890
6.5458	190.1074	11.9833	22.2998	78.4401
7.2115	115.2246	11.2694	23.7256	81.2701
7.3654	239.5020	10.2097	31.7920	75.1981
6.6930	24.6973	12.0420	25.8740	80.5970
6.8644	108.5449	10.3265	18.7061	70.8848
6.9523	253.3887	10.4533	27.5342	72.6743
6.7347	28.9160	11.1232	29.0479	74.9122
6.9611	172.5293	10.4782	29.6924	72.9395
6.9874	356.9238	9.9572	34.8779	69.5751
6.8644	108.5449	10.3265	18.7061	70.8848
6.4535	231.4160	12.4385	20.2979	80.2717
6.9677	21.3574	10.7172	15.4248	74.6739
6.8907	54.4043	10.8455	34.3701	74.7335
6.5216	52.9980	12.1169	18.0420	79.0216
6.9501	311.9238	10.6259	27.3779	73.8510
6.8007	209.0918	12.0387	18.2861	81.8711
7.2863	172.7051	9.9979	21.9189	72.8471
7.0490	337.9395	10.4561	19.7607	73.7049
6.0558	139.4824	13.4563	29.4873	81.4883
7.1852	37.1777	11.2314	19.4385	80.6995
6.3392	112.5879	12.4103	19.2432	78.6718
7.1698	179.5605	11.1652	31.0107	80.0525
6.4425	105.2051	11.9173	34.3311	76.7771
7.0643	53.8770	10.7713	19.1455	76.0921
6.7435	15.3809	11.6657	28.3350	78.6681
5.9767	131.2207	13.7132	21.5674	81.9595
6.6425	290.1270	11.6541	17.7295	77.4119
7.2643	282.7441	10.4251	26.9775	75.7312
7.3126	290.6543	10.5169	34.9951	76.9060
7.2928	12.2168	10.0928	32.6514	73.6055
5.7614	127.3535	14.3326	17.3291	82.5750
6.4952	109.9512	12.5012	26.6846	81.1983
7.0995	276.0645	11.5252	26.3232	81.8229
7.3917	214.8926	9.8498	34.7998	72.8071
6.9742	132.8027	11.8229	17.8760	82.4560
6.5392	176.2207	12.0568	24.0674	78.8417
6.6425	290.1270	11.6541	17.7295	77.4119
7.1962	179.7363	10.7468	21.5283	77.3354
6.9984	191.8652	10.8788	31.0303	76.1344
6.0404	153.3691	12.2134	25.2100	73.7737
6.2360	90.6152	13.0645	27.9053	81.4695
7.3082	3.6035	11.1722	31.7041	81.6487
6.7941	91.6699	12.2684	31.5186	83.3526
6.9984	191.8652	10.8788	31.0303	76.1344
7.3522	216.4746	10.4739	18.1494	77.0057
7.2115	115.2246	11.2694	23.7256	81.2701
6.3392	112.5879	12.4103	19.2432	78.6718
7.2643	282.7441	10.4251	26.9775	75.7312
6.5721	255.4980	12.3339	34.2920	81.0600
5.7482	171.1230	14.4381	23.3545	82.9924
6.8204	161.2793	11.1810	17.8174	76.2593
6.8402	2.0215	11.1973	32.3584	76.5922
6.9149	337.2363	11.5908	22.7783	80.1495
6.7853	248.4668	11.0058	34.2236	74.6771
6.4974	218.0566	11.1543	25.9912	72.4742
7.1215	200.4785	10.3533	23.8916	73.7305
6.8380	231.0645	10.3079	31.1768	70.4858
6.6820	114.6973	10.8128	30.8740	72.2509
6.7413	44.7363	10.9814	15.9717	74.0292
6.4073	111.3574	13.0262	29.5752	83.4634
6.5677	260.0684	11.6244	32.4463	76.3462
6.7589	321.7676	11.5927	33.6377	78.3540
6.4491	190.2832	13.0474	16.0986	84.1439
6.1239	181.1426	11.9994	33.3252	73.4832
6.4008	137.1973	11.6568	32.8760	74.6125
6.9677	21.3574	10.7172	15.4248	74.6739
6.3239	172.3535	12.6445	19.8291	79.9616
6.9149	337.2363	11.5908	22.7783	80.1495
6.8204	161.2793	11.1810	17.8174	76.2593
7.2203	79.3652	10.7719	22.2803	77.7766
6.6930	24.6973	12.0420	25.8740	80.5970
6.6227	7.8223	12.0968	33.0615	80.1130
6.8776	308.0566	11.6858	29.0088	80.3700
6.9611	172.5293	10.4782	29.6924	72.9395
7.1852	37.1777	11.2314	19.4385	80.6995
6.5194	308.4082	12.8828	25.4639	83.9880
6.8204	161.2793	11.1810	17.8174	76.2593
7.0951	268.5059	10.2762	27.3975	72.9103
7.3082	3.6035	11.1722	31.7041	81.6487
7.1764	146.1621	10.0639	32.3682	72.2226
6.8688	129.9902	11.0091	30.7178	75.6189
6.7303	237.2168	11.7810	30.1514	79.2900
6.1239	181.1426	11.9994	33.3252	73.4832
6.1920	89.9121	13.6431	29.5068	84.4785
6.9633	357.8027	11.2602	34.6240	78.4076
6.5919	166.3770	11.2809	22.8955	74.3626
6.9742	132.8027	11.8229	17.8760	82.4560
6.2909	172.0020	13.1779	20.5420	82.9010
6.8468	30.6738	10.6917	28.0029	73.2041
6.1239	181.1426	11.9994	33.3252	73.4832
6.5897	158.4668	11.2655	19.2236	74.2365
7.1962	179.7363	10.7468	21.5283	77.3354
6.8732	278.8770	11.0618	28.3545	76.0297
6.9083	304.1895	10.2532	18.3643	70.8323
7.0072	312.2754	10.9696	17.4756	76.8663
7.0621	252.3340	10.8194	19.6729	76.4081
7.3654	239.5020	10.2097	31.7920	75.1981
6.9391	213.1348	11.6159	23.5303	80.6040
6.1041	158.8184	12.3444	33.1787	75.3518
6.4513	182.3730	11.7029	26.0205	75.4989
6.4535	231.4160	12.4385	20.2979	80.2717
6.4952	109.9512	12.5012	26.6846	81.1983
6.9303	272.7246	10.8635	24.9756	75.2873
7.1105	77.6074	11.3189	33.9502	80.4825
7.2731	12.0410	9.7152	20.0146	70.6592
6.7545	314.9121	11.9550	17.0068	80.7503
7.1698	179.5605	11.1652	31.0107	80.0525
6.2799	178.5059	13.0669	22.3975	82.0587
6.4073	111.3574	13.0262	29.5752	83.4634
7.0643	53.8770	10.7713	19.1455	76.0921
7.3434	310.1660	9.8167	30.9229	72.0875
6.8336	283.4473	11.6200	19.7510	79.4064
6.3392	112.5879	12.4103	19.2432	78.6718
7.1698	179.5605	11.1652	31.0107	80.0525
6.9501	311.9238	10.6259	27.3779	73.8510
6.8995	243.0176	11.5491	16.7627	79.6833
7.3104	258.3105	9.8057	19.6143	71.6839
6.5194	308.4082	12.8828	25.4639	83.9880
7.0336	14.6777	10.3827	19.3115	73.0273
6.7743	145.9863	11.0753	32.8467	75.0276
6.2711	211.5527	13.0371	32.2510	81.7571
7.1764	146.1621	10.0639	32.3682	72.2226
6.5282	120.6738	12.5439	16.9971	81.8890
6.9874	356.9238	9.9572	34.8779	69.5751
6.3260	112.0605	13.0724	24.7607	82.6968
7.0819	276.5918	9.9446	27.9639	70.4270
6.3568	184.3066	12.8825	29.1162	81.8913
6.2799	178.5059	13.0669	22.3975	82.0587
6.6227	7.8223	12.0968	33.0615	80.1130
5.9569	173.4082	13.3209	32.9639	79.3513
6.6095	58.0957	12.1266	16.8799	80.1504
6.9303	272.7246	10.8635	24.9756	75.2873
6.5238	44.2090	12.5400	20.6104	81.8084
7.3522	216.4746	10.4739	18.1494	77.0057
6.2909	172.0020	13.1779	20.5420	82.9010
6.3568	184.3066	12.8825	29.1162	81.8913
6.3414	104.6777	11.8886	25.6885	75.3906
7.3434	310.1660	9.8167	30.9229	72.0875
6.1041	158.8184	12.3444	33.1787	75.3518
6.2799	178.5059	13.0669	22.3975	82.0587
7.0336	14.6777	10.3827	19.3115	73.0273
6.0118	195.9082	12.9046	19.2139	77.5802
6.9633	357.8027	11.2602	34.6240	78.4076
6.9677	21.3574	10.7172	15.4248	74.6739
