6.5238	44.2090	12.5400	20.6104	81.8084
6.0492	221.5723	13.0244	30.0635	78.7871
6.4974	218.0566	11.1543	25.9912	72.4742
6.1766	126.2988	11.8802	17.3096	73.3797
6.5809	178.3301	11.4213	23.4814	75.1626
6.2755	6.0645	13.2461	18.6768	83.1259
6.5436	39.4629	11.4772	26.4307	75.1021
6.0690	29.6191	12.2937	20.8350	74.6099
5.8492	317.1973	13.9907	27.1240	81.8349
5.6735	135.6152	14.7526	19.5947	83.6983
6.4249	318.0762	12.8685	27.6221	82.6789
5.7460	90.9668	14.5325	25.4736	83.5036
6.0624	159.3457	14.1298	29.9951	85.6605
5.9020	296.1035	14.2230	32.9541	83.9441
6.4293	280.4590	12.2498	21.2646	78.7579
6.2250	252.5098	12.5384	23.0322	78.0510
6.2975	239.1504	13.1704	26.5869	82.9401
5.7438	219.9902	15.2032	34.2822	87.3238
6.4843	324.4043	11.4258	19.3701	74.0876
6.2777	42.9785	13.4348	20.1416	84.3397
5.5175	159.8730	15.4137	32.7295	85.0442
6.4513	182.3730	11.7029	26.0205	75.4989
6.4491	190.2832	13.0474	16.0986	84.1439
5.7504	62.6660	13.9237	17.8271	80.0661
6.5216	52.9980	12.1169	18.0420	79.0216
6.2448	305.0684	12.3350	20.0537	77.0288
5.9152	29.2676	12.8749	17.3877	76.1570
6.2074	329.8535	12.7840	26.0791	79.3553
5.9327	334.9512	13.4349	20.8154	79.7059
6.2755	6.0645	13.2461	18.6768	83.1259
6.2360	90.6152	13.0645	27.9053	81.4695
5.3153	167.0801	14.4261	17.1436	76.6791
5.6801	203.2910	14.1322	21.8604	80.2718
5.8910	173.5840	13.6554	22.7979	80.4440
5.9437	84.9902	12.9503	23.2178	76.9730
6.4491	190.2832	13.0474	16.0986	84.1439
6.5809	178.3301	11.4213	23.4814	75.1626
5.8822	42.2754	14.3459	27.5244	84.3853
5.5175	159.8730	15.4137	32.7295	85.0442
5.8097	257.0801	14.5977	27.8564	84.8079
5.7504	62.6660	13.9237	17.8271	80.0661
6.4886	307.3535	11.3149	22.6709	73.4185
5.6735	135.6152	14.7526	19.5947	83.6983
6.1920	89.9121	13.6431	29.5068	84.4785
6.5282	120.6738	12.5439	16.9971	81.8890
6.2799	178.5059	13.0669	22.3975	82.0587
6.6073	45.4395	10.9710	16.4893	72.4890
6.2096	26.6309	13.4341	15.2100	83.4205
6.1766	126.2988	11.8802	17.3096	73.3797
6.4667	34.1895	12.0181	33.3643	77.7170
5.6185	74.6191	15.0200	26.6650	84.3903
6.2250	252.5098	12.5384	23.0322	78.0510
6.0668	266.3965	12.2685	16.7041	74.4303
6.5128	65.8301	12.4875	29.7314	81.3288
6.3876	266.9238	12.3409	19.8779	78.8285
5.9657	14.3262	13.2677	24.4971	79.1508
5.9152	29.2676	12.8749	17.3877	76.1570
6.4667	34.1895	12.0181	33.3643	77.7170
6.5919	166.3770	11.2809	22.8955	74.3626
6.0052	125.0684	13.3125	30.0537	79.9451
6.1327	240.0293	13.8871	20.9424	85.1653
6.2140	137.5488	12.5909	32.0654	78.2395
6.0118	195.9082	12.9046	19.2139	77.5802
6.2294	273.9551	12.1638	34.9561	75.7731
6.2777	42.9785	13.4348	20.1416	84.3397
6.1327	240.0293	13.8871	20.9424	85.1653
5.8361	262.5293	12.8852	34.6924	75.1990
6.2360	90.6152	13.0645	27.9053	81.4695
6.1700	114.8730	12.3053	20.2295	75.9240
5.8888	42.6270	13.1493	26.4795	77.4337
6.2096	26.6309	13.4341	15.2100	83.4205
6.0844	173.7598	12.6479	31.3428	76.9542
6.5216	52.9980	12.1169	18.0420	79.0216
6.3260	112.0605	13.0724	24.7607	82.6968
5.6251	155.6543	14.4558	32.5049	81.3155
6.4491	190.2832	13.0474	16.0986	84.1439
5.7701	146.3379	13.3296	21.1182	76.9139
6.4315	340.7520	12.7559	17.5830	82.0398
5.8185	199.2480	12.8916	27.5830	75.0095
6.3458	190.8105	12.8715	15.8643	81.6802
6.0514	236.1621	13.4402	22.6318	81.3317
5.5043	138.6035	14.0372	20.7959	77.2646
5.9767	131.2207	13.7132	21.5674	81.9595
6.5018	8.8770	11.2094	33.3545	72.8819
6.5612	291.0059	10.9728	31.1475	71.9943
6.5282	120.6738	12.5439	16.9971	81.8890
5.3615	157.0605	14.2632	27.7393	76.4714
5.8536	129.8145	14.1997	21.8018	83.1197
6.3722	237.9199	11.8036	15.3564	75.2147
6.6095	58.0957	12.1266	16.8799	80.1504
6.2645	347.6074	11.6677	28.9502	73.0927
5.9086	75.3223	13.7589	15.6885	81.2956
5.9767	131.2207	13.7132	21.5674	81.9595
6.4513	182.3730	11.7029	26.0205	75.4989
6.2931	353.4082	12.3266	22.9639	77.5725
5.5262	127.7051	15.1993	24.4189	83.9950
5.7438	219.9902	15.2032	34.2822	87.3238
6.5436	39.4629	11.4772	26.4307	75.1021
6.0800	294.8730	13.3422	30.2295	81.1202
6.2931	353.4082	12.3266	22.9639	77.5725
6.5897	158.4668	11.2655	19.2236	74.2365
6.4667	34.1895	12.0181	33.3643	77.7170
5.7701	146.3379	13.3296	21.1182	76.9139
6.5018	8.8770	11.2094	33.3545	72.8819
5.9327	334.9512	13.4349	20.8154	79.7059
5.2867	182.1973	14.3873	24.6240	76.0620
6.0997	131.7480	12.6725	16.1670	77.2990
6.1239	181.1426	11.9994	33.3252	73.4832
6.1854	348.3105	12.2371	15.3857	75.6919
6.0690	29.6191	12.2937	20.8350	74.6099
5.8580	54.7559	14.6455	24.2725	85.7936
6.3876	266.9238	12.3409	19.8779	78.8285
6.1217	61.7871	13.6808	19.1943	83.7499
5.9965	249.5215	13.7295	18.8916	82.3286
6.0492	221.5723	13.0244	30.0635	78.7871
5.7987	357.6270	13.9446	16.0205	80.8606
5.9261	352.3535	13.0030	29.8291	77.0580
6.0558	139.4824	13.4563	29.4873	81.4883
5.8207	100.4590	13.3977	18.7354	77.9837
5.6559	175.1660	15.0397	21.5771	85.0629
5.7965	308.5840	13.2090	19.7021	76.5661
6.2360	90.6152	13.0645	27.9053	81.4695
5.7614	127.3535	14.3326	17.3291	82.5750
6.1854	348.3105	12.2371	15.3857	75.6919
6.0997	131.7480	12.6725	16.1670	77.2990
6.4821	70.9277	11.8938	16.3135	77.0962
6.0052	125.0684	13.3125	30.0537	79.9451
5.9701	1.4941	12.5806	17.6025	75.1076
6.1525	94.6582	13.0611	32.3389	80.3583
6.2294	273.9551	12.1638	34.9561	75.7731
6.4491	190.2832	13.0474	16.0986	84.1439
5.8822	42.2754	14.3459	27.5244	84.3853
6.0997	131.7480	12.6725	16.1670	77.2990
6.3700	60.2051	12.6793	26.8311	80.7672
6.5436	39.4629	11.4772	26.4307	75.1021
6.4337	152.8418	11.5921	21.4111	74.5802
6.1437	289.4238	13.7394	21.3721	84.4103
6.0096	30.4980	14.0220	33.2080	84.2672
5.6559	175.1660	15.0397	21.5771	85.0629
5.6888	111.0059	15.1215	28.8525	86.0237
6.2338	53.3496	12.3533	27.8369	77.0075
5.9569	173.4082	13.3209	32.9639	79.3513
6.2645	347.6074	11.6677	28.9502	73.0927
5.7504	62.6660	13.9237	17.8271	80.0661
6.1283	241.7871	11.9667	20.8057	73.3354
5.6559	175.1660	15.0397	21.5771	85.0629
5.9481	243.5449	13.9332	23.7939	82.8763
6.4513	182.3730	11.7029	26.0205	75.4989
6.1481	282.0410	12.4689	25.0146	76.6595
6.1766	126.2988	11.8802	17.3096	73.3797
6.2975	239.1504	13.1704	26.5869	82.9401
6.3414	104.6777	11.8886	25.6885	75.3906
6.5919	166.3770	11.2809	22.8955	74.3626
6.2074	329.8535	12.7840	26.0791	79.3553
5.6427	134.5605	15.2941	23.5107	86.3002
5.8273	343.3887	12.9433	22.5342	75.4244
5.8361	262.5293	12.8852	34.6924	75.1990
5.8536	129.8145	14.1997	21.8018	83.1197
6.2008	318.4277	12.6231	29.9365	78.2734
6.3832	55.4590	11.7120	31.2354	74.7599
6.5106	198.5449	12.2451	26.2939	79.7230
6.0536	173.2324	12.3008	16.1377	74.4637
6.4315	340.7520	12.7559	17.5830	82.0398
5.7482	171.1230	14.4381	23.3545	82.9924
5.7987	357.6270	13.9446	16.0205	80.8606
6.3458	190.8105	12.8715	15.8643	81.6802
6.5809	178.3301	11.4213	23.4814	75.1626
6.1151	297.6855	13.5419	31.9482	82.8102
5.7701	146.3379	13.3296	21.1182	76.9139
6.4315	340.7520	12.7559	17.5830	82.0398
6.2096	26.6309	13.4341	15.2100	83.4205
6.1722	196.0840	12.6576	33.4521	78.1255
6.5458	190.1074	11.9833	22.2998	78.4401
5.8822	42.2754	14.3459	27.5244	84.3853
6.3151	276.9434	13.3740	18.4912	84.4574
6.0668	266.3965	12.2685	16.7041	74.4303
5.7460	90.9668	14.5325	25.4736	83.5036
6.4337	152.8418	11.5921	21.4111	74.5802
5.9020	296.1035	14.2230	32.9541	83.9441
6.2777	42.9785	13.4348	20.1416	84.3397
5.7657	215.5957	14.2217	20.6299	81.9989
6.3568	184.3066	12.8825	29.1162	81.8913
5.7789	329.6777	13.3789	31.8115	77.3160
5.7482	171.1230	14.4381	23.3545	82.9924
5.9701	1.4941	12.5806	17.6025	75.1076
5.4779	108.3691	14.1920	27.7100	77.7426
5.9679	17.1387	12.4700	26.9092	74.4199
6.2008	318.4277	12.6231	29.9365	78.2734
5.8910	173.5840	13.6554	22.7979	80.4440
6.5897	158.4668	11.2655	19.2236	74.2365
5.7504	62.6660	13.9237	17.8271	80.0661
5.7789	329.6777	13.3789	31.8115	77.3160
5.7745	206.9824	14.9253	18.2373	86.1869
6.5809	178.3301	11.4213	23.4814	75.1626
5.6427	134.5605	15.2941	23.5107	86.3002
5.7482	171.1230	14.4381	23.3545	82.9924
6.3151	276.9434	13.3740	18.4912	84.4574
5.5175	159.8730	15.4137	32.7295	85.0442
6.2338	53.3496	12.3533	27.8369	77.0075
6.2360	90.6152	13.0645	27.9053	81.4695
