0.1663
0.6162
0.1222
0.7293
0.3900
0.2743
0.5350
0.8557
1.3366
0.1165
0.1829
1.0751
0.6058
0.3987
0.1117
0.5691
0.7221
1.1645
0.8747
1.0917
0.2533
0.3041
0.1044
1.3082
0.5312
0.1147
0.8307
0.2379
1.2042
1.1266
0.2388
0.9597
1.3325
0.2079
0.1899
1.2221
0.7384
0.2655
0.7602
0.3588
1.2750
1.3014
1.3102
1.4872
1.0219
1.2894
0.6536
0.8346
1.6044
0.8261
1.3014
0.9684
1.5278
1.5084
1.6146
0.9113
0.7441
1.9624
1.0564
1.9012
1.1833
0.0000
0.0168
0.0473
0.0091
0.0429
0.0878
0.0524
0.0930
0.0948
0.0100
0.0000
0.0083
0.0574
0.0145
0.0432
0.0259
