0.1815
0.2895
0.4884
0.1354
0.1190
0.4058
0.2907
0.1554
1.1090
0.3866
0.1075
0.3428
0.5016
0.1177
0.1451
1.1438
0.2977
0.2410
0.2995
0.1050
0.1112
1.0628
0.2815
1.2582
1.5102
1.1821
0.6145
1.6000
0.2307
0.7946
0.5723
1.5456
1.5530
0.2074
1.5530
0.4120
0.1329
1.5902
1.8151
1.5665
0.3984
1.5678
1.8175
1.6146
1.7047
2.0156
0.1865
1.7939
1.6427
1.8537
1.9018
0.4073
1.8239
1.7127
1.9910
0.7714
1.9855
0.2424
1.8307
1.2393
1.5082
1.8976
0.7171
0.6459
1.8447
0.9510
2.0202
1.5979
2.0852
2.3210
2.1928
2.1025
1.9675
1.9100
1.8796
2.1631
2.2779
1.6927
1.8532
1.6340
2.3730
1.0548
2.3093
2.1579
1.7670
1.8799
0.0001
0.0634
0.0645
0.0647
0.0659
0.0665
0.0429
0.0001
0.0002
0.0731
0.0003
0.0472
0.0073
0.0545
0.0867
0.0536
0.0537
0.0535
0.0002
0.0937
