0.1257
0.1103
0.1573
0.2585
0.1889
0.1386
0.2087
0.1564
0.2343
0.0956
0.4741
0.3348
0.1383
0.7355
0.4086
0.3163
0.8932
0.3782
0.2022
0.3532
0.1810
0.1884
0.9073
0.9765
0.2030
0.7931
0.1734
0.3800
0.1824
0.9251
1.0586
1.0276
0.1955
1.1881
0.1720
0.1311
1.2249
0.1191
0.4852
1.3224
0.2665
0.4961
1.0882
0.5027
0.8978
0.2534
0.5365
1.3520
0.8848
0.4461
1.1174
1.0997
1.3777
0.1124
0.4661
1.4013
0.2920
1.4802
1.4661
1.2337
0.1291
1.2987
0.1390
1.4174
0.4779
1.2136
0.3492
0.3323
1.1359
0.5635
0.6220
0.9419
1.5577
1.4115
0.3244
1.2295
0.1422
0.1750
0.1528
0.3431
1.4876
0.2172
1.4142
0.3614
1.2844
1.3337
1.5038
0.9261
1.5654
1.4630
0.8720
0.3404
1.4760
1.5226
1.1066
1.5271
0.3429
1.5202
1.4052
0.2944
0.3619
0.4864
0.3679
1.2345
1.5333
0.5493
0.1991
1.2238
0.5269
0.6475
0.6363
0.3498
1.3946
1.5791
0.6429
1.1635
1.5843
0.6250
1.0353
1.2687
0.6217
0.5335
0.6353
0.5055
1.8410
1.6548
1.2632
1.3128
1.3826
0.6434
1.7751
1.2202
1.3799
1.0123
1.9427
1.8254
1.7310
1.1532
1.6741
0.6635
0.6179
0.6088
1.7000
1.6822
1.2503
1.3524
1.6642
1.8694
0.9339
1.3820
1.9801
1.2415
1.6932
1.2665
2.0802
1.9525
1.3640
1.1510
1.7062
0.0135
0.0221
0.0237
0.0728
0.0426
0.0287
0.0333
0.0801
0.0556
0.0122
0.0601
0.0394
0.0685
0.0935
0.0509
0.0648
0.0604
0.0704
0.0882
0.0775
0.0871
0.0951
