0.2356
0.2680
0.3179
0.2274
0.2028
0.1492
0.2230
0.3170
0.1746
0.6873
0.1745
0.5602
0.3330
0.6332
0.6012
0.4551
0.9855
0.5330
0.5003
0.4811
0.1154
0.5129
0.1481
0.6967
0.9534
0.9782
0.4590
0.3078
0.8473
0.1421
0.2048
0.4824
0.3456
0.1131
0.7898
0.3577
0.6975
0.4831
0.8701
0.2795
0.9308
1.0377
0.9594
0.5978
1.5525
0.6210
0.9701
1.6231
0.2102
0.5974
0.3910
0.3031
1.0990
1.7717
0.8182
1.0752
0.8754
0.5136
1.3718
0.9404
0.8612
1.1245
0.7737
0.9597
0.9161
1.6878
1.0282
1.3332
1.6431
0.5925
1.3177
1.8423
1.1676
1.0605
1.1158
1.7273
1.2656
1.9254
1.7745
1.5263
0.9486
1.6743
0.8844
1.9161
1.3870
0.0547
0.0370
0.0856
0.0489
0.0420
0.0597
0.0826
0.0514
0.0237
0.0679
0.0930
0.0249
0.0255
0.0263
0.0293
0.0802
0.0307
0.0333
0.0291
0.0312
0.0401
