0.1263
0.1486
0.2965
0.2952
0.1747
0.3422
0.3744
0.7539
0.5892
0.1007
0.2852
0.5104
0.8424
0.4960
0.1345
0.1976
0.0999
0.9714
0.3818
0.9876
0.8175
0.4927
0.8169
0.8873
1.0104
0.8595
1.4549
0.3451
0.8137
1.0622
0.1321
0.4029
1.0971
1.3870
0.6876
0.0988
1.4851
0.1098
1.2997
1.5095
0.1973
1.4082
1.4022
1.3487
0.6331
1.4747
0.7470
0.1031
0.0972
0.1814
0.0980
0.2998
0.2702
0.8991
1.2573
1.6048
0.9946
0.2630
0.1835
0.1090
0.4689
0.3451
0.2290
0.2303
1.4571
0.2806
0.4530
0.7663
1.2459
0.8408
0.3452
0.5712
1.3579
0.5697
1.1221
0.5649
1.6060
0.5443
1.7213
1.6777
0.9506
0.5774
2.0121
0.3682
1.4759
1.0464
1.9925
0.7253
0.6908
0.6836
0.4914
1.0731
1.3034
2.1238
0.7327
1.0906
1.6003
0.7481
1.9418
0.9408
1.6079
1.5511
0.7677
1.1694
1.6604
0.0202
0.0889
0.0226
0.0449
0.0248
0.0552
0.0213
0.0002
0.0292
0.0258
0.0244
0.0000
0.0053
0.0318
0.0002
0.0314
0.0357
0.0367
0.0476
0.0076
0.0579
0.0327
0.0759
0.0880
0.0515
