0.8525
0.3908
1.5890
1.1799
0.0947
1.6815
1.7799
0.5458
0.1484
0.3691
0.7635
0.1070
0.4864
0.8084
0.7597
0.4038
0.6008
0.1334
1.5469
1.1636
0.1080
1.3324
0.8531
0.1659
2.0361
0.5930
0.5387
0.6435
0.2835
1.6815
1.6585
0.1504
0.1959
0.3809
0.2143
0.8531
0.0947
0.1253
0.1080
0.1629
0.1659
1.7415
0.3691
0.3653
1.4278
0.8370
0.0670
0.6628
1.1799
1.8304
0.2830
0.4038
0.3677
0.9859
0.6908
0.1867
0.5387
1.8304
0.0667
0.7663
0.2852
0.4417
0.3979
0.4599
1.1636
0.2852
0.2035
1.6585
0.3135
0.5760
0.6628
0.3234
2.0361
1.4920
0.1291
0.8531
0.1225
0.7905
0.1901
0.6019
0.1787
0.2421
0.2297
0.8305
0.0889
1.4278
0.0965
0.4855
0.7384
0.0917
0.9351
0.1376
0.2297
1.3324
0.7126
0.2708
0.1334
1.7799
0.1974
0.7126
0.0651
1.8304
0.1225
0.8305
0.2835
0.1248
0.8734
0.9765
0.4285
0.5458
0.1740
0.6908
0.4238
0.5405
0.3908
0.1517
0.7492
0.6773
0.1330
0.3269
0.1409
1.6585
0.2662
0.4285
0.8734
0.7881
0.7663
0.1688
1.3070
0.4599
0.8531
0.1253
0.8734
0.7607
1.7799
1.7375
1.0863
0.2887
0.3269
0.4825
0.5713
1.0256
0.9351
0.1659
0.3771
0.3269
0.2955
1.3324
1.3976
1.1799
0.6008
1.1015
0.0667
0.6435
0.3979
0.1941
0.2035
0.4855
0.4369
0.6477
0.8099
0.3383
0.7905
0.1044
0.1517
0.6019
0.0947
0.7424
0.1225
0.7905
0.6628
0.3951
1.0355
0.1253
1.3888
0.3677
0.1070
1.7375
0.8084
1.1636
0.7795
0.7720
0.1034
0.1044
0.1688
0.0956
0.2253
0.4369
0.3809
0.0651
0.1659
0.1034
0.1127
0.0947
0.3979
0.1044
1.3888
0.1080
0.5713
1.6585
