0.0961
0.2158
0.6358
0.3080
0.2061
0.1645
0.2601
0.3867
0.3355
0.2723
0.6553
0.3685
0.5298
0.8894
0.6374
0.3959
1.0750
0.3037
0.4962
0.5231
0.7953
0.8201
0.0977
0.7755
0.1039
0.9366
1.2030
0.1148
0.7252
0.2854
0.7411
1.2392
0.8627
1.1337
1.3850
1.3381
1.0826
1.3296
1.1977
0.1958
1.2256
1.2350
1.2799
0.2278
1.3403
0.1184
1.3343
0.6242
0.7109
1.2149
0.3404
0.5508
1.3897
0.5607
1.2966
0.7644
1.3715
1.3709
1.1336
1.4032
1.3333
1.0561
1.3664
1.3896
1.3430
0.9646
1.3082
0.8192
1.5740
0.5716
1.6144
1.4714
1.2138
1.0675
0.8879
2.0338
1.3409
1.7034
1.1991
1.7159
2.0336
1.7631
0.8571
1.8718
1.0923
1.1302
1.4503
2.1617
0.0000
0.0000
0.0000
0.0779
0.0000
0.0164
0.0000
0.0586
0.0000
0.0836
0.0000
0.0001
0.0000
0.0000
0.0000
0.0000
0.0000
0.0000
0.0000
0.0000
