0.1001
0.2343
0.2178
0.1717
0.1779
0.1398
0.1774
0.1861
0.2133
0.1351
0.2010
0.1890
0.2173
0.1078
0.1091
0.3610
0.2396
0.2251
0.7734
0.9587
0.1741
0.1198
2.3119
0.9296
0.3099
0.6877
0.5030
0.1825
1.2241
0.4471
0.5857
1.4528
2.5630
0.9786
0.4713
2.6881
1.1365
1.7515
1.3816
2.6310
1.6164
0.3011
0.2377
2.7508
0.4346
2.7136
2.8971
0.8901
2.8166
2.5300
1.7453
2.7150
2.8195
3.0879
2.7670
2.8225
0.8069
2.6874
0.9454
0.6894
3.1361
3.0559
1.5736
3.0048
3.2688
2.6931
2.8339
0.5894
3.0949
3.1488
2.9617
3.2445
3.1733
3.1540
3.1305
2.7659
3.1304
3.1857
3.3272
3.2188
3.1520
3.1384
3.3999
3.4504
0.0000
0.0271
0.0402
0.0000
0.0000
0.0385
0.0029
0.0491
0.0328
0.0273
0.0740
0.0688
0.0334
0.0403
0.0000
0.0893
0.0464
0.0601
0.0948
0.0395
0.0000
0.0449
0.0535
