0.8796
0.4418
0.7332
0.7625
1.1780
0.7038
1.0803
0.4807
0.4556
0.1754
0.2461
0.1724
0.6643
0.1345
0.2752
0.2375
0.5336
0.0958
0.4161
0.9299
0.1069
0.2754
0.3384
0.2257
0.4182
0.2669
0.1362
0.1749
0.2839
0.7038
0.1787
0.0963
0.1668
0.2242
0.2356
0.3384
1.1780
0.2178
0.1069
0.3165
0.2257
0.3994
0.1754
0.4434
0.5399
0.1996
0.4595
0.3173
0.7625
0.4162
0.1856
0.2375
0.1742
0.3622
0.8344
0.1332
0.1362
0.4162
0.4623
0.1222
0.8093
0.1288
0.6282
0.5910
0.9299
0.8093
0.4393
0.1787
0.1076
0.3246
0.3173
0.1398
0.4182
0.2805
0.1714
0.3384
0.0986
0.2627
0.1134
0.2684
0.3225
0.0979
0.4653
0.3047
0.3830
0.5399
0.1049
0.1643
0.2380
0.3892
0.2290
0.1397
0.4653
0.2754
0.7119
0.1160
0.0958
1.0803
0.1016
0.7119
1.0858
0.4162
0.0986
0.3047
0.2839
0.1056
0.1092
0.1005
0.1534
0.4807
0.4624
0.8344
0.1074
0.1290
0.4418
0.1041
0.1730
0.1184
0.3001
0.2823
0.3703
0.1787
0.2135
0.1534
0.1092
0.2942
0.1222
0.0997
0.3625
0.5910
0.3384
0.2178
0.1092
0.2792
1.0803
0.3466
0.3321
0.5309
0.2823
0.1019
0.6621
0.3240
0.2290
0.2257
0.6250
0.2823
0.1265
0.2754
0.2115
0.7625
0.5336
0.8348
0.4623
0.1749
0.1022
0.2454
0.4393
0.1643
0.1344
0.9736
0.7467
0.6584
0.2627
0.1738
0.1041
0.2684
1.1780
0.1165
0.0986
0.2627
0.3173
0.1265
0.6797
0.2178
0.3069
0.1742
0.1724
0.3466
0.1345
0.9299
0.1992
0.2377
0.1445
0.1738
0.0997
0.1997
0.2260
0.1344
0.2242
1.0858
0.2257
0.1445
0.1240
1.1780
0.1022
0.1738
0.3069
0.1069
0.6621
0.1787
