0.3969
0.5039
0.3156
0.2655
0.3565
0.2991
0.5297
0.3568
0.1694
0.1181
0.2847
0.1457
0.3641
0.1025
0.6015
0.2594
0.2603
0.1090
0.4213
0.7305
0.1100
0.3525
0.3239
0.1095
0.9888
0.1954
0.1306
0.2170
0.1274
0.2991
0.4630
0.1147
0.1349
0.1104
0.1504
0.3239
0.3565
0.1161
0.1100
0.1253
0.1095
0.9875
0.1181
0.2660
0.8723
0.3070
0.8712
0.3081
0.2655
0.8826
0.1179
0.2594
0.1365
0.8791
0.7765
0.1248
0.1306
0.8826
0.4311
0.1761
0.1604
0.2150
0.2269
0.2484
0.7305
0.1604
0.1266
0.4630
0.7092
0.1829
0.3081
0.2024
0.9888
0.3869
0.1394
0.3239
0.2021
0.3522
0.1294
0.2715
0.6476
0.0966
0.1517
0.3673
0.2309
0.8723
0.1408
0.1132
0.2781
0.7750
0.2558
0.5753
0.1517
0.3525
0.1905
0.1044
0.1090
0.5297
0.1831
0.1905
0.4284
0.8826
0.2021
0.3673
0.1274
0.0967
0.2164
0.2402
0.7938
0.3568
0.1837
0.7765
0.3545
0.1660
0.5039
0.3678
0.2282
0.3107
0.1325
0.2280
0.1098
0.4630
0.1387
0.7938
0.2164
0.3951
0.1761
0.1350
0.2952
0.2484
0.3239
0.1161
0.2164
0.6272
0.5297
0.4072
0.2166
0.1877
0.2280
0.3795
0.4799
0.1384
0.2558
0.1095
0.2542
0.2280
0.1211
0.3525
0.2172
0.2655
0.2603
0.3217
0.4311
0.2170
0.1106
0.1018
0.1266
0.1132
0.2038
0.3525
0.3491
0.4442
0.3522
0.1680
0.3678
0.2715
0.3565
0.2151
0.2021
0.3522
0.3081
0.6692
0.8574
0.1161
0.8306
0.1365
0.1457
0.4072
0.1025
0.7305
0.1085
0.3184
0.2953
0.1680
0.1350
0.1180
0.1592
0.2038
0.1104
0.4284
0.1095
0.2953
0.1325
0.3565
0.1106
0.1680
0.8306
0.1100
0.4799
0.4630
