0.0018
1.0161
0.0925
0.5093
0.0696
1.3118
0.0848
0.9211
0.8993
0.3647
1.2500
0.9255
0.9763
0.2469
1.1690
1.0542
0.9437
0.5453
1.2019
1.2035
0.2268
1.1663
1.6714
0.2813
0.0287
0.5171
1.0516
1.3092
0.2943
1.3118
1.4056
0.3044
0.3034
0.1249
0.3142
1.6714
0.0696
1.0109
0.2268
0.6823
0.2813
1.3706
0.3647
1.0718
0.0771
1.2153
0.0343
1.1229
0.5093
1.5764
0.5388
1.0542
0.2112
0.0281
0.8772
1.0640
1.0516
1.5764
0.0315
0.4018
0.8718
0.7781
0.2090
0.9509
1.2035
0.8718
0.1292
1.4056
0.6095
0.9777
1.1229
0.2597
0.0287
0.7626
0.6876
1.6714
1.0284
1.4105
0.8853
1.2060
0.8894
0.1908
0.3650
0.0334
0.0295
0.0771
0.3290
1.0012
0.6117
0.0381
0.4629
1.0676
0.3650
1.1663
1.1282
0.1221
0.5453
0.0848
1.0844
1.1282
0.0342
1.5764
1.0284
0.0334
0.2943
0.1171
1.1211
1.0430
0.4090
0.9211
0.5803
0.8772
0.4015
0.2026
1.0161
0.9241
0.8935
0.5902
0.9260
0.6624
0.9024
1.4056
0.3772
0.4090
1.1211
1.4461
0.4018
0.1878
0.9415
0.9509
1.6714
1.0109
1.1211
1.2032
0.0848
1.1978
0.2378
0.2999
0.6624
0.4668
1.1790
0.6475
0.4629
0.2813
0.6819
0.6624
0.2840
1.1663
0.4307
0.5093
0.9437
1.1825
0.0315
1.3092
0.7662
0.1099
0.1292
1.0012
0.7551
0.7787
0.0712
0.3804
1.4105
0.8133
0.9241
1.2060
0.0696
1.1822
1.0284
1.4105
1.1229
1.1212
0.0215
1.0109
1.1156
0.2112
0.9255
1.1978
0.2469
1.2035
0.9032
1.1716
0.9297
0.8133
0.1878
0.2551
0.6720
0.7551
0.1249
0.0342
0.2813
0.9297
1.0016
0.0696
0.7662
0.8133
1.1156
0.2268
1.1790
1.4056
