0.8055
0.2199
0.2510
0.2023
0.3754
0.1798
0.4497
0.1047
0.1017
0.1048
0.9051
0.2911
0.7058
0.7433
0.1638
0.1192
0.1764
0.4749
0.1715
0.2916
0.1291
0.2027
0.2052
0.0958
0.5430
0.1471
0.1478
0.2199
0.8031
0.1798
0.2112
0.1152
0.3726
0.1609
0.1125
0.2052
0.3754
0.1799
0.1291
0.2076
0.0958
0.4774
0.1048
0.1225
0.3000
0.1139
0.4604
1.1714
0.2023
0.1771
0.2544
0.1192
0.9003
0.2044
0.1487
0.1899
0.1478
0.1771
0.7869
0.2022
0.6782
0.5771
0.6150
0.2205
0.2916
0.6782
0.1829
0.2112
0.1038
0.2089
1.1714
0.1047
0.5430
0.1402
0.1568
0.2052
0.5804
1.4595
0.3390
0.6829
0.2408
0.2627
0.6937
0.2574
1.2960
0.3000
0.1325
0.2213
1.0819
0.8986
0.3567
0.5370
0.6937
0.2027
0.2571
0.3135
0.4749
0.4497
0.1807
0.2571
1.5298
0.1771
0.5804
0.2574
0.8031
0.1557
0.7123
0.1937
0.1216
0.1047
0.2815
0.1487
0.4427
0.1412
0.2199
0.1162
0.5653
0.2630
0.3920
0.1802
0.4300
0.2112
0.4785
0.1216
0.7123
0.9410
0.2022
0.1438
0.2681
0.2205
0.2052
0.1799
0.7123
0.1555
0.4497
1.4647
0.9379
0.1019
0.1802
0.2469
0.1780
0.6020
0.3567
0.0958
0.2277
0.1802
0.6862
0.2027
0.5419
0.2023
0.1764
0.1884
0.7869
0.2199
0.3017
0.3640
0.1829
0.2213
0.6629
0.2664
0.3851
0.1834
1.4595
0.4288
0.1162
0.6829
0.3754
0.8409
0.5804
1.4595
1.1714
0.2140
0.2752
0.1799
0.3290
0.9003
0.2911
1.4647
0.7433
0.2916
0.4167
0.1609
0.4840
0.4288
0.1438
0.2538
0.1061
0.6629
0.1609
1.5298
0.0958
0.4840
0.1010
0.3754
0.3017
0.4288
0.3290
0.1291
0.1780
0.2112
