0.1069
0.1246
0.1022
0.1130
0.3366
0.3425
0.1094
0.2210
0.1958
0.1784
0.1345
0.1055
0.3391
0.2064
0.2523
0.3053
0.2759
0.2081
0.0965
0.3224
0.1108
0.1475
0.4051
0.1632
0.6884
0.5711
0.4915
0.1521
0.2012
0.2158
0.7987
0.4699
0.6882
0.8293
0.2126
0.1497
0.2977
0.5166
0.4862
0.9095
0.5755
1.1485
0.2357
0.2687
0.9059
0.3471
1.1274
1.1364
0.5968
0.2438
1.4449
0.6556
0.3453
0.7019
0.6583
0.5671
1.6432
1.4980
0.8419
1.7850
1.6775
1.0215
1.0294
1.2922
1.5247
1.4617
1.2490
1.5199
1.3994
1.4915
1.2453
1.0832
1.1038
1.1082
1.6141
1.5164
0.0000
0.0573
0.0575
0.0000
0.0000
0.0248
0.0886
0.0000
0.0897
0.0881
0.0000
0.0644
0.0670
0.0712
0.0742
0.0721
0.0762
0.0750
0.0753
0.0746
0.0704
0.0857
