0.2485
0.1381
0.2077
0.0955
0.2839
0.1879
0.1415
0.2199
0.1983
0.3124
0.2477
0.1910
0.3246
0.2310
0.5660
0.5233
0.1787
0.1065
0.2337
0.5540
0.1245
0.1980
0.2007
0.1706
0.1823
0.1671
0.5568
0.2937
0.1411
0.2964
0.1732
0.7287
0.6728
0.1649
0.3930
0.5638
0.4314
0.6616
0.1875
0.5657
0.1405
0.9939
0.4196
0.3313
0.2863
0.2042
0.4660
0.2580
0.3839
1.2626
0.9258
0.9827
0.5953
0.3612
0.7796
0.3142
0.7173
1.0024
0.4712
0.6384
0.9418
0.2423
0.8938
0.2052
0.2509
1.6637
0.4526
0.9584
1.0739
1.5155
1.3111
1.5305
1.5594
0.6621
1.4310
1.5218
1.6314
1.1596
0.9422
0.9377
0.3086
0.9056
1.7789
0.6914
0.2334
0.6075
1.7517
1.7539
0.4770
0.8051
0.7454
0.8056
0.3361
0.7461
1.9267
0.6354
0.3152
0.7280
1.6661
1.6696
0.8075
0.6443
0.3117
2.1227
1.8139
1.8567
1.9562
0.5225
1.8799
2.2403
1.1621
1.9150
1.1481
1.0172
2.1232
2.2824
1.0344
2.1537
1.7494
2.1220
2.2923
2.2545
2.3016
2.3523
1.0003
2.2879
2.1241
2.3638
0.0288
0.0305
0.0313
0.0361
0.0000
0.0329
0.0714
0.0406
0.0357
0.0514
0.0527
0.0604
0.0655
0.0559
0.0514
0.0668
0.0690
0.0892
0.0590
0.0636
0.0449
0.0621
0.0714
0.0484
0.0763
0.0681
0.0709
0.0947
