0.2722
0.1361
0.0987
0.1031
0.1241
0.1371
0.1158
0.3121
0.2073
0.2029
0.3945
0.2597
0.1601
0.4825
0.1643
0.2454
0.2796
0.3547
0.3843
0.1278
0.3502
0.1000
0.4557
0.4583
0.3419
0.1234
0.3487
0.4853
0.4147
0.5560
0.6237
0.6057
0.4582
0.5335
0.5698
0.6432
0.5859
0.4880
0.6734
0.1109
0.6019
0.2661
0.3646
0.5912
0.1416
0.3109
0.6515
0.2821
0.6321
0.3619
0.5974
0.5999
0.4574
0.7305
0.5803
0.5408
0.6477
0.7421
0.7322
0.4903
0.6578
0.4201
0.8602
0.2741
0.7976
0.6381
0.5335
0.5253
0.4448
1.0424
0.5170
0.8731
0.6194
1.2929
1.1407
0.8778
0.4088
0.9980
0.5002
0.5716
0.7515
1.3788
0.9696
0.4783
0.5634
0.6463
1.3816
1.3181
0.4952
1.1738
1.6028
0.5532
1.1405
1.2520
1.4804
1.2092
0.7494
0.7828
1.6579
0.7941
1.7423
2.3209
1.0483
1.7028
1.3221
1.4123
1.8615
1.8233
2.3053
1.8229
1.7305
0.0615
0.0282
0.0903
0.0660
0.0655
0.0006
0.0653
0.0215
0.0735
0.0704
0.0687
0.0757
0.0850
0.0796
0.0735
0.0880
0.0010
0.0788
0.0806
0.0754
0.0820
0.0778
0.0009
0.0775
0.0778
0.0006
0.0838
0.0832
0.0859
0.0944
0.0952
