0.3500
1.2439
0.4749
0.5952
1.9332
0.1333
0.4944
0.3662
0.3178
0.1021
1.8405
0.3156
0.5333
0.3554
0.2371
1.6477
1.6927
0.2712
1.1938
0.1800
0.0979
1.1919
0.3423
0.2141
1.6703
0.2656
0.4593
1.5488
1.0917
0.1333
1.6083
0.1264
0.1463
0.0963
0.6278
0.3423
1.9332
0.1034
0.0979
0.4626
0.2141
0.3883
0.1021
0.6055
0.3638
0.2844
0.4613
0.1471
0.5952
1.8142
0.1286
1.6477
1.3525
1.7229
0.3435
0.5694
0.4593
1.8142
1.9899
1.3606
0.2877
1.6266
0.1722
0.2440
0.1800
0.2877
0.3484
1.6083
0.1129
0.1408
0.1471
0.1986
1.6703
1.5477
0.2474
0.3423
0.3270
1.9173
0.3447
0.2508
1.4176
0.1361
0.1601
1.3972
0.4460
0.3638
0.1881
0.2295
0.4292
2.0289
0.3278
0.6533
0.1601
1.1919
0.2575
0.1010
0.2712
0.4944
0.3524
0.2575
1.9619
1.8142
0.3270
1.3972
1.0917
0.1176
0.1135
1.4415
0.2466
0.3662
0.9392
0.3435
0.8370
0.1356
1.2439
0.3106
0.6132
1.3444
0.1258
0.3019
0.2409
1.6083
0.2891
0.2466
0.1135
0.4440
1.3606
0.1040
0.1419
0.2440
0.3423
0.1034
0.1135
1.4041
0.4944
1.9085
0.2968
1.1940
0.3019
0.3374
0.1309
0.3482
0.3278
0.2141
0.2098
0.3019
0.7556
1.1919
0.2615
0.5952
1.6927
0.1603
1.9899
1.5488
0.2026
0.8482
0.3484
0.2295
0.4301
1.4794
1.8005
0.1965
1.9173
0.2031
0.3106
0.2508
1.9332
0.2262
0.3270
1.9173
0.1471
0.4106
1.7381
0.1034
0.8151
1.3525
0.3156
1.9085
0.3554
0.1800
0.2048
1.4361
0.3126
0.2031
0.1040
0.1600
0.1016
0.4301
0.0963
1.9619
0.2141
0.3126
0.2531
1.9332
0.2026
0.2031
0.8151
0.0979
0.1309
1.6083
