0.1767
0.2471
0.5348
0.1975
0.3152
0.1588
1.0421
0.1220
0.8301
0.4747
0.9086
1.0142
0.5708
1.1097
0.7299
0.8805
0.5233
0.7244
0.5475
1.1843
1.2242
0.5152
0.9234
0.2221
0.6510
0.3904
0.9529
0.7014
1.1193
0.1285
1.2222
1.1478
0.5615
0.2004
1.3462
0.6869
0.8778
1.3622
0.2123
0.1554
0.4341
1.0714
1.5493
0.3212
0.7094
1.1612
0.2210
1.3447
0.6237
1.1260
1.2029
0.4983
0.7517
1.1747
1.5295
1.1667
1.1785
1.3829
0.2967
1.3211
1.6179
1.1370
1.0917
1.0024
1.5396
1.0532
1.7751
1.6268
1.4566
0.6969
1.6211
0.7433
1.6353
1.2433
0.0000
0.0096
0.0000
0.0000
0.0523
0.0771
0.0834
0.0676
0.0000
0.0271
0.0453
0.0444
0.0926
0.0597
0.0708
