1.3623
0.8709
1.8156
0.8214
1.1207
0.6663
0.7590
0.3328
0.2425
0.1901
0.6912
0.4415
0.4837
0.1450
1.2385
1.4518
0.4033
0.1436
0.5742
1.2903
0.2108
1.6517
1.1432
0.3925
1.5018
1.1068
0.5084
0.7045
0.9706
0.6663
0.1531
0.1141
0.3449
0.5243
0.1852
1.1432
1.1207
0.3854
0.2108
0.5597
0.3925
1.0151
0.1901
1.1947
1.1609
0.2568
0.0634
1.1698
0.8214
0.9893
0.2715
1.4518
0.1776
0.6332
1.2106
0.6368
0.5084
0.9893
2.3412
0.3369
0.2545
0.4804
0.1201
1.3778
1.2903
0.2545
0.1006
0.1531
0.3345
0.1374
1.1698
0.1500
1.5018
0.8866
0.2432
1.1432
0.4442
1.9332
0.5009
1.2231
0.8743
0.1216
0.1338
1.1155
1.0382
1.1609
0.1475
0.3540
0.4433
0.0932
1.0508
0.9777
0.1338
1.6517
1.0176
0.3679
0.1436
0.7590
0.2150
1.0176
2.2846
0.9893
0.4442
1.1155
0.9706
0.1156
1.1722
1.1000
0.8130
0.3328
0.1302
1.2106
0.1456
0.1308
0.8709
0.6228
0.4260
0.4338
0.4136
0.4220
0.1571
0.1531
0.3161
0.8130
1.1722
1.7539
0.3369
0.6643
0.1599
1.3778
1.1432
0.3854
1.1722
1.2984
0.7590
0.5836
1.1669
0.1754
0.4220
0.4382
0.3550
0.7327
1.0508
0.3925
0.3575
0.4220
0.9278
1.6517
1.1558
0.8214
0.4033
0.9548
2.3412
0.7045
0.1811
0.3129
0.1006
0.3540
0.5385
1.3636
2.1473
0.1658
1.9332
0.1292
0.6228
1.2231
1.1207
0.7382
0.4442
1.9332
1.1698
1.2058
1.0577
0.3854
1.4869
0.1776
0.4415
0.5836
0.1450
1.2903
0.4153
1.2520
0.3882
0.1292
0.6643
0.1329
0.8620
0.5385
0.5243
2.2846
0.3925
0.3882
0.6422
1.1207
0.1811
0.1292
1.4869
0.2108
0.3550
0.1531
