0.1073
0.1120
0.1009
0.1188
0.1504
0.1712
0.1844
0.1317
0.1254
0.1206
0.1128
0.3730
0.1487
0.3949
0.4160
0.2137
0.1411
0.4365
0.2091
0.3953
0.5559
0.1633
0.1507
0.1228
0.4820
0.5361
0.6425
0.6753
0.1984
0.6003
0.1801
0.0991
0.6743
0.2298
0.5978
0.4875
0.1864
0.5928
0.7902
0.5085
0.5537
0.6751
1.1506
0.1651
0.8141
0.8338
0.7863
0.7289
0.1083
0.6996
0.1202
0.8695
0.1705
0.6095
0.5505
0.4774
0.2277
0.3138
0.8075
0.7109
0.1062
0.6625
0.0963
0.1025
0.1620
0.7764
0.1968
1.2375
0.1865
0.7786
0.7315
0.8878
0.3745
1.3678
1.2804
0.2820
0.3826
0.9572
0.9112
0.5157
0.8586
0.1244
0.9635
0.6028
0.1548
0.1785
0.2387
0.6850
0.9756
0.1008
0.6588
0.1943
0.2100
0.1046
0.3580
0.8837
1.3015
0.2566
0.6794
0.8886
0.1435
0.6667
0.3453
0.1331
0.1061
0.1314
1.4579
1.0542
0.6527
0.7095
0.8747
0.1441
1.5448
0.6151
0.7010
0.1921
1.6119
1.5168
1.4134
0.2610
0.8741
0.2088
0.1445
0.2252
1.5089
1.0340
0.6462
0.9329
1.3825
1.6727
0.4045
0.8876
1.5828
0.6397
1.5417
0.7802
1.6248
1.5159
0.8035
0.2544
1.1272
1.5257
1.1606
0.7063
0.8545
0.8111
1.8920
0.2855
0.3593
1.0905
0.8753
0.7108
1.5608
1.6175
0.9743
1.6239
0.7604
1.6763
0.9506
0.9991
2.2465
2.4004
1.9822
1.6796
0.0283
0.0568
0.0406
0.0545
0.0749
0.0850
0.0245
0.0487
0.0133
0.0841
0.0454
0.0587
0.0741
0.0293
0.0452
0.0310
0.0103
0.0109
0.0673
0.0475
0.0653
0.0554
0.0613
0.0808
0.0268
0.0379
0.0641
0.0861
0.0792
