0.1191
0.1079
0.0965
0.1125
0.1211
0.1923
0.1405
0.1238
0.4155
0.2038
0.2591
0.3360
0.1171
0.0986
0.1111
0.1677
0.2242
0.5175
0.3188
0.4020
0.4072
0.4664
0.2409
0.2373
0.2571
0.2063
0.1531
0.2588
0.5011
0.2625
0.3921
0.2181
0.6874
0.3116
0.4413
0.1348
0.5666
0.1905
0.6675
0.6843
0.3815
0.5337
0.2154
0.4643
0.8610
0.2773
0.5224
0.9894
0.9450
0.9479
0.3461
0.8578
0.3282
0.7652
1.5613
0.8445
0.4782
0.5681
1.1254
0.8537
0.7893
0.5956
0.3319
0.9670
0.6699
1.5967
1.0768
0.9085
1.0561
1.6382
1.3737
1.3794
1.0891
1.5763
0.7167
1.0423
0.9776
1.7032
1.1383
1.5561
0.9465
1.0377
1.4820
2.2138
1.4638
2.1802
0.0748
0.0628
0.0738
0.0213
0.0887
0.0873
0.0299
0.0911
0.0696
0.0904
0.0936
0.0901
0.0601
0.0432
0.0950
0.0947
0.0531
0.0949
0.0433
0.0507
0.0914
0.0931
0.0941
0.0742
0.0734
