0.1229
0.1175
0.1477
0.1321
0.1554
0.1109
0.4518
0.1424
0.9678
0.1065
0.8118
0.1374
0.1278
0.2536
0.9773
0.4068
1.2366
0.1392
0.4399
0.3182
0.2839
0.1027
0.2869
1.1400
0.9836
0.6625
1.4134
0.2112
0.5859
0.1112
1.1342
0.6065
0.4543
1.4067
0.3877
1.6777
1.2664
0.3892
1.5367
2.3189
1.9039
0.9771
1.3815
2.0999
0.9665
1.6686
2.3363
1.5788
1.2185
1.2877
2.1046
1.3467
0.2419
1.3412
0.3509
1.2411
0.6035
2.4576
2.3468
2.0816
2.3784
2.6572
1.4282
1.1871
2.4249
1.8296
0.9115
2.1967
2.2947
2.4592
2.3854
2.4394
1.7403
2.0466
2.4325
2.8850
2.5025
2.4800
0.0238
0.0355
0.0369
0.0372
0.0348
0.0637
0.0325
0.0420
0.0523
0.0423
0.0448
0.0647
0.0428
0.0551
0.0528
0.0218
0.0363
0.0554
0.0240
0.0517
0.0594
