0.6338
0.6723
0.5243
0.2084
0.5248
0.3527
0.4968
0.7594
0.2190
0.3734
0.9620
0.4852
0.7457
0.1044
0.3848
0.1745
1.0005
0.2338
0.3190
0.3273
0.1149
0.4368
0.2929
0.1721
0.3055
0.4005
0.1138
0.4069
0.1512
0.3527
0.2415
0.1514
0.4283
0.5919
0.1109
0.2929
0.5248
0.1666
0.1149
0.5374
0.1721
0.8696
0.3734
0.8417
0.4238
0.3170
0.4990
0.1891
0.2084
0.8857
0.1152
0.1745
0.2906
0.4517
0.3772
0.1363
0.1138
0.8857
1.1146
0.7805
0.1732
0.1786
0.7271
0.2570
0.3273
0.1732
0.1329
0.2415
0.3894
0.1377
0.1891
0.1656
0.3055
0.8606
0.3615
0.2929
0.1542
0.4585
0.1751
0.3425
0.1201
0.2363
0.1650
0.9974
0.6865
0.4238
0.2162
0.1732
0.3857
1.0028
0.9640
0.1566
0.1650
0.4368
0.7668
0.1486
0.2338
0.4968
0.8042
0.7668
0.4121
0.8857
0.1542
0.9974
0.1512
0.1413
0.6986
0.1587
0.1984
0.7594
0.1507
0.3772
0.2349
0.4954
0.6723
0.3189
0.3951
0.1556
0.1063
0.1356
0.1051
0.2415
0.2681
0.1984
0.6986
0.4275
0.7805
0.1731
0.7490
0.2570
0.2929
0.1666
0.6986
0.8081
0.4968
0.3660
0.2134
0.1853
0.1356
0.1295
0.4667
0.1223
0.9640
0.1721
0.3816
0.1356
0.1378
0.4368
0.6095
0.2084
1.0005
0.3695
1.1146
0.4069
0.2179
0.1132
0.1329
0.1732
0.2519
0.3349
1.1242
0.1945
0.4585
0.3939
0.3189
0.3425
0.5248
0.1918
0.1542
0.4585
0.1891
0.2228
1.0812
0.1666
0.6352
0.2906
0.4852
0.3660
0.1044
0.3273
0.3913
0.2718
0.1072
0.3939
0.1731
0.1429
0.4288
0.2519
0.5919
0.4121
0.1721
0.1072
0.4222
0.5248
0.2179
0.3939
0.6352
0.1149
0.4667
0.2415
