0.4745
0.4434
1.2489
0.6187
0.5397
1.8150
1.7809
0.2284
0.5273
0.1866
2.0628
0.2661
0.2812
0.3061
0.7709
0.4433
0.2131
0.1920
1.7714
1.7344
0.1504
1.7150
0.6174
0.1142
0.6519
0.3135
0.1247
0.4191
0.1779
1.8150
0.3720
0.1050
0.4150
0.1895
0.2322
0.6174
0.5397
0.7057
0.1504
0.9793
0.1142
1.0788
0.1866
0.2254
0.8369
0.3779
0.7988
0.3806
0.6187
0.6741
0.2728
0.4433
0.2683
0.5769
0.6144
0.3948
0.1247
0.6741
0.5690
0.7603
0.2203
0.3895
1.1783
0.6777
1.7344
0.2203
0.8904
0.3720
0.3550
0.2382
0.3806
1.4939
0.6519
0.4140
0.3131
0.6174
0.4412
0.4614
0.5920
1.1482
0.2981
0.1527
0.5200
0.7171
0.4864
0.8369
0.0984
0.1422
0.5125
1.1085
0.4695
0.1909
0.5200
1.7150
1.7279
0.1770
0.1920
1.7809
0.2875
1.7279
2.3068
0.6741
0.4412
0.7171
0.1779
0.0970
0.2624
1.0432
0.4217
0.2284
0.2380
0.6144
1.3051
0.2440
0.4434
0.1525
0.2279
0.3323
0.1184
0.6309
0.1320
0.3720
0.4939
0.4217
0.2624
0.7523
0.7603
0.8892
1.1577
0.6777
0.6174
0.7057
0.2624
0.4524
1.7809
1.3941
0.3783
0.2956
0.6309
0.1116
0.3125
0.1745
0.4695
0.1142
0.3287
0.6309
0.2373
1.7150
1.3296
0.6187
0.2131
0.4120
0.5690
0.4191
0.1047
0.1094
0.8904
0.1422
0.4183
0.4589
0.7640
0.2892
0.4614
0.1248
0.1525
1.1482
0.5397
0.4052
0.4412
0.4614
0.3806
0.2678
1.2002
0.7057
1.0549
0.2683
0.2661
1.3941
0.3061
1.7344
0.7413
1.6837
0.8130
0.1248
0.8892
0.3022
0.9283
0.4183
0.1895
2.3068
0.1142
0.8130
0.1472
0.5397
0.1047
0.1248
1.0549
0.1504
0.3125
0.3720
