0.1040
0.1299
0.1699
0.0990
0.1680
0.1623
0.1238
0.1578
0.1068
0.1749
0.1173
0.1414
0.1090
0.2130
0.3216
0.2295
0.2116
0.1007
0.6145
0.3436
0.3921
0.0968
0.1003
0.4429
0.0955
0.1640
0.1057
0.1558
0.2738
0.2545
0.0969
0.6943
0.4983
0.5379
0.5675
0.5808
0.2660
0.2205
0.4035
0.2964
0.2409
0.3543
0.4589
0.3989
0.3827
0.1603
0.8730
0.4683
0.3940
0.2077
0.7275
0.3152
0.8776
0.9163
0.5344
0.6751
0.2874
0.6295
0.9814
0.4198
0.6183
1.1163
1.1388
1.1006
0.4611
0.9854
0.4390
0.8725
1.7849
1.0495
0.5510
0.7428
1.2019
1.0409
1.0268
0.7119
0.4590
1.1573
0.8719
1.7873
1.2400
1.0308
1.2057
1.9711
1.6300
1.6672
1.2723
1.9109
0.9373
1.2434
1.1578
2.0744
1.2806
1.8195
0.0000
0.0108
0.0423
0.0051
0.0000
0.0790
0.0073
0.0788
0.0808
0.0805
0.0145
0.0027
0.0587
0.0861
0.0878
0.0846
0.0874
0.0821
0.0465
0.0125
0.0279
