0.3661
0.5461
0.1048
0.6803
0.2197
0.2795
0.4069
0.2287
0.2194
0.3773
0.6600
0.1651
0.1196
0.4605
0.1378
0.9914
0.3224
0.1735
0.8751
0.8186
0.2696
0.7667
0.8135
0.1977
0.2410
0.9907
0.9465
0.3275
0.2241
1.0326
0.4539
0.2274
0.2749
1.2422
0.4975
1.3903
0.5002
0.2262
0.4770
1.0643
0.1013
1.3396
0.4607
1.6879
0.2847
1.2473
1.0777
0.2887
0.7143
1.2727
0.4426
0.1015
1.1812
0.3724
0.7970
0.6799
0.4356
1.3367
1.3265
0.7962
0.7800
0.2527
0.1649
1.0297
0.3426
1.3270
1.7892
0.9853
1.5169
1.1681
0.4740
1.0029
0.9801
2.0483
1.5072
2.1851
1.6519
1.5462
1.1862
1.5485
0.7091
0.4531
0.7698
1.6845
1.7594
1.5059
0.7466
1.3688
1.8616
1.1874
0.9539
1.5852
1.8640
1.7563
0.5510
1.8353
1.3416
1.9181
1.2519
1.8614
1.4202
1.7488
1.4453
1.5130
1.0075
2.5863
1.1540
1.2933
1.4353
1.5101
1.7972
1.5582
0.0369
0.0501
0.0302
0.0311
0.0428
0.0692
0.0319
0.0348
0.0590
0.0646
0.0363
0.0542
0.0570
0.0433
0.0594
0.0577
0.0831
0.0464
0.0928
0.0606
0.0553
0.0651
