0.1053
0.1871
0.1297
0.1262
0.0980
0.1287
0.1621
0.1967
0.1396
0.1489
0.2711
0.2310
0.1698
0.1911
0.2617
0.2280
0.4035
0.2274
0.1931
0.1576
0.1898
0.4205
0.5363
0.2841
0.5312
0.2981
0.1910
0.3684
0.1078
0.3562
0.1013
0.2089
0.4648
0.4808
0.1054
0.3508
0.1004
0.3649
0.0960
0.1065
0.5371
0.2818
0.7110
0.6727
0.3936
0.1250
0.1086
0.1004
0.5715
0.8216
0.1132
0.9889
0.1094
0.3066
0.1179
0.1357
0.4203
0.1601
0.1224
0.1170
0.1312
0.1435
1.3025
0.1486
0.1229
0.4689
0.3958
0.1629
1.1281
0.5959
0.3504
0.1647
0.3546
0.1598
0.1775
0.8430
1.4135
1.5645
0.9584
0.2018
0.1523
0.2142
0.4434
0.1827
0.3093
0.2737
0.2263
0.2662
0.1917
0.2972
0.5360
0.3049
0.2338
0.2768
0.5139
0.2218
0.5625
0.2328
1.6890
0.2099
0.3945
0.7498
1.4448
1.2553
0.2453
0.9156
1.3134
0.2810
1.2971
1.5501
1.2429
0.2767
0.4841
0.4885
0.6181
2.1678
0.7313
0.9254
1.3740
2.0792
0.4707
0.5103
0.5419
0.3484
0.4559
0.4417
1.0249
1.7856
0.4547
2.1924
1.2863
0.5586
2.1006
0.5205
0.5082
1.7816
2.3542
0.8324
0.5306
2.0470
1.8720
1.9894
1.4937
1.9856
1.5879
0.5815
0.5253
0.6098
0.5667
0.6718
0.8077
1.5421
2.3251
2.4905
1.8770
0.6877
0.5750
0.5306
1.0431
0.6876
0.6674
0.6532
2.1363
0.6583
0.8151
1.4373
1.8924
1.4918
1.0190
1.2399
1.8298
1.1202
1.7695
1.3372
2.3846
1.0208
2.5110
2.4138
1.5527
1.2148
2.6550
0.0617
0.0873
0.0946
0.0591
0.0823
0.0867
0.0907
0.0642
0.0598
0.0585
0.0772
0.0699
0.0764
0.0808
0.0895
0.0874
0.0878
0.0798
0.0840
